4.607877564667781645e-01 2.422781486103959825e-01 3.020321718115722698e-01 -6.911806371137863003e-03 2.891258066632501067e-01 -6.616452745974854034e-03 -4.607877564667781645e-01 -2.429892192441642229e-01
-4.342976780819146621e-01 2.327127817729197634e-01 1.405298459955309776e-01 -8.378359896206277746e-03 1.391576403934667028e-01 -8.296549286479640642e-03 4.342976780819146621e-01 -2.333429125863617226e-01
4.310239524949125434e-01 -2.030552324745598103e-01 -2.154047332711324092e-01 4.263839305054062390e-01 -1.943659840990855647e-01 3.847386777355735754e-01 -4.310239524949125434e-01 2.034738453287164295e-01
2.850836912639295173e-01 -4.612818671194023334e-01 -4.509271750885068819e-01 2.676905878155335650e-01 -3.993488258468800844e-01 2.370713672632659974e-01 -2.850836912639295173e-01 4.661894670667378060e-01
2.709420449855093338e-02 -3.207776628262222207e-01 3.008791916982975767e-01 2.147442129299156344e-01 2.822149674607504766e-01 2.014231383776464712e-01 -2.709420449855093338e-02 3.224280367792025648e-01
-3.634355135953833971e-01 -1.486746244318701837e-01 -6.895624179159554057e-02 1.454226781684528902e-01 -6.808014835892571559e-02 1.435750738037938068e-01 3.634355135953833971e-01 1.488389406968775863e-01
-4.490425326748596069e-01 -8.595566123770093103e-02 1.523466320898968496e-01 -2.169528355666635600e-01 1.472599174332726302e-01 -2.097089788871018268e-01 4.490425326748596069e-01 8.598741487363412150e-02
-8.693737190414230209e-02 4.230754003276847586e-01 -1.207275837958913245e-01 1.179234198011422929e-01 -1.190442312904357036e-01 1.162791668646323273e-01 8.693737190414230209e-02 -4.268617727342175483e-01
-2.928298998598184433e-01 3.172043351689457502e-01 -3.629071667119052602e-01 -1.599013349583157106e-01 -3.373480375894997718e-01 -1.486396701527566977e-01 2.928298998598184433e-01 -3.188001678202397327e-01
2.515606054244411416e-01 2.541025295016738905e-01 2.153608013400643006e-01 9.547249449045558389e-02 2.096227974413114314e-01 9.292875606544451217e-02 -2.515606054244411416e-01 -2.549228753212458565e-01
-4.784099335071615444e-01 -9.154166896113147267e-02 -2.926621854474711348e-01 -7.851141071282041750e-02 -2.800864144800515598e-01 -7.513775477587787688e-02 4.784099335071615444e-01 9.158002435815981723e-02
3.746900143158227170e-01 -2.481963532356864510e-01 4.237201300966493278e-01 -3.030963231300412009e-01 3.757828418903584877e-01 -2.688057271349024169e-01 -3.746900143158227170e-01 2.489608157467069760e-01
-3.539531029262156236e-01 3.598078210851118897e-03 6.529615030536617404e-03 3.653008110990502155e-01 6.133088680464510341e-03 3.431170534615678447e-01 3.539531029262156236e-01 -3.598080539917154850e-03
4.498842766933190962e-01 1.054949689503414945e-01 4.963031907727855074e-01 1.760957714778994543e-01 4.391330183829949552e-01 1.558109419630441250e-01 -4.498842766933190962e-01 -1.055536726199659686e-01
-2.102399126265777074e-01 -2.796441661702997461e-01 -4.518119825502153741e-01 1.626115758584627535e-01 -4.072896929938788491e-01 1.465875659933016106e-01 2.102399126265777074e-01 2.807375868801537111e-01
-1.647137568999790247e-02 1.650324868849502025e-01 -2.491011429587708381e-01 1.396588768752478060e-01 -2.395252038860937738e-01 1.342901142913794921e-01 1.647137568999790247e-02 -1.652572258293894258e-01
2.972677299953101482e-01 -2.715627016065227384e-01 -5.900758086073731867e-02 1.560757629834416127e-01 -5.820291387172712994e-02 1.539474090935616934e-01 -2.972677299953101482e-01 2.725640388418693605e-01
1.498599258311160698e-01 1.127390788017227363e-01 -1.534883217608747907e-01 -3.367131970469674496e-01 -1.439486598564008457e-01 -3.157856761662135026e-01 -1.498599258311160698e-01 -1.128107250493712715e-01
1.769229790876688524e-01 -2.557671293576132543e-01 1.629021023313060867e-01 -1.515503070118001672e-01 1.590136907807064570e-01 -1.479328585206620972e-01 -1.769229790876688524e-01 2.566037030278023878e-01
7.812885555396276160e-03 -5.384666185353403911e-02 4.090961741573073684e-02 -7.356946385645990460e-02 4.076543914779878763e-02 -7.331018208993260454e-02 -7.812885555396276160e-03 5.385446817370045935e-02
-4.320212717363736132e-01 -3.666261949618092597e-01 -4.799466303212087670e-01 -1.972202887708108809e-01 -4.260104798996401376e-01 -1.750567762273254890e-01 4.320212717363736132e-01 3.690901936873272060e-01
3.981273780051229894e-01 1.004472214769114302e-02 9.324472304048148086e-02 -7.028782910450936949e-02 9.261545688271313748e-02 -6.981348856580381346e-02 -3.981273780051229894e-01 -1.004477282152793638e-02
-2.842640322498771743e-01 -1.915068342743729835e-01 2.173645439409602753e-01 5.156483863239680332e-02 2.121355420537865411e-01 5.032437579686716012e-02 2.842640322498771743e-01 1.918580086636974269e-01
-1.947488134680552818e-01 -4.858958854182857667e-01 -2.059537502050622360e-01 4.460957202478091910e-01 -1.848462421913579512e-01 4.003768684151302049e-01 1.947488134680552818e-01 4.916317602912927409e-01
2.093508880590162491e-01 -2.431681337987878777e-03 -2.685070442944286206e-01 1.620480139867008784e-01 -2.562029943691804812e-01 1.546223359765800387e-01 -2.093508880590162491e-01 2.431682056923479499e-03
-2.559269865101664321e-01 -3.538202609529143006e-01 2.419720879913755951e-02 -2.582606119426259506e-01 2.342206936162204503e-02 -2.499874269180476505e-01 2.559269865101664321e-01 3.560349772413154978e-01
-1.744816036877199217e-01 3.071930522950419018e-01 1.877232429868725960e-01 -4.154765702108396130e-01 1.708085497873605418e-01 -3.780402964448184577e-01 1.744816036877199217e-01 -3.086425054095111031e-01
-2.798079309562625516e-01 -1.547444778973828816e-01 -7.059363525922368598e-02 1.959652980297595937e-01 -6.911034697905826807e-02 1.918477450971290688e-01 2.798079309562625516e-01 1.549297523267998133e-01
3.877363518856369318e-01 2.460421645970359839e-01 -3.515464134657153572e-02 -2.466705315888412242e-01 -3.411171907300524636e-02 -2.393526304021881546e-01 -3.877363518856369318e-01 -2.467868942075556460e-01
3.794629784389712546e-01 -1.077241459942338553e-01 1.337120915447778113e-01 1.666575088187383091e-02 1.325144921976972034e-01 1.651648321173155090e-02 -3.794629784389712546e-01 1.077866501917618125e-01
3.328709350690627344e-01 2.815533790096553801e-01 -3.399336736952720539e-01 6.200238798034518606e-02 -3.212933168050826072e-01 5.860246990975805093e-02 -3.328709350690627344e-01 -2.826693482796496237e-01
-1.644907514270010918e-02 8.521831251035061339e-02 -4.953517873408830319e-01 -3.487721506121016501e-01 -4.236693337527426273e-01 -2.983012647931649886e-01 1.644907514270010918e-02 -8.524925596472343603e-02
-2.546276095402499884e-01 4.239139201771675580e-01 3.975328607467154551e-01 4.091143250032147627e-02 3.691467586286007463e-01 3.799012406164021388e-02 2.546276095402499884e-01 -4.277228505854604457e-01
4.543676418541678919e-01 -2.575094611581032478e-01 -3.790472603853919376e-01 -1.694991381563226707e-01 -3.500694407698444754e-01 -1.565410826212668416e-01 -4.543676418541678919e-01 2.583632482303979128e-01
-5.452954277722887877e-02 -2.037641268808911832e-01 -1.609586853456742572e-01 -7.463183191098987646e-02 -1.584836679039806906e-01 -7.348423875509058067e-02 5.452954277722887877e-02 2.041871393683418190e-01
7.906113127686464903e-02 -4.986017576171186683e-02 1.515745248848976434e-02 1.961432749047016255e-01 1.487238932533246384e-02 1.924544477473131565e-01 -7.906113127686464903e-02 4.986637347411695953e-02
-5.772537089659368625e-02 6.334873915014271883e-02 2.764750681956982259e-01 2.183852431744170985e-01 2.607639753185129750e-01 2.059751880439077143e-01 5.772537089659368625e-02 -6.336145027341592850e-02
-4.708676179190529609e-02 -2.275276899673424058e-01 1.185527130395422901e-01 3.955872214388291841e-01 1.095765509395302539e-01 3.656355237231984634e-01 4.708676179190529609e-02 2.281166323065891288e-01
3.351063436264984929e-01 -8.640996764806196939e-02 4.383688104389515949e-02 3.689858725199862688e-01 4.109175883973495425e-02 3.458794998138217114e-01 -3.351063436264984929e-01 8.644222743776375228e-02
-7.475953591341399918e-02 -9.299513162834271984e-02 -4.807386799550069645e-01 -4.427050756230118678e-01 -4.024224953076797062e-01 -3.705848700051787570e-01 7.475953591341399918e-02 9.303534316269138071e-02
-3.806136060214466710e-01 2.964861702261811782e-01 2.116078540114456619e-01 -3.728344503570469870e-01 1.944892752684674320e-01 -3.426730183707517030e-01 3.806136060214466710e-01 -2.977892869699574341e-01
3.093405017771319043e-01 -4.158995521518571437e-02 3.101680919186103891e-01 -3.908779505474112570e-01 2.775349422391888976e-01 -3.497532217344090921e-01 -3.093405017771319043e-01 4.159355217314984754e-02
-2.327541004992559337e-01 6.129686739265249873e-02 -2.657273640707409346e-01 -6.579110221276984749e-02 -2.562974400103277262e-01 -6.345635923329957795e-02 2.327541004992559337e-01 -6.130838294688763235e-02
2.184412414969504335e-01 4.516713233860967236e-01 -2.889206142060064542e-01 2.268106537123627531e-01 -2.712040996860619058e-01 2.129027010007986664e-01 -2.184412414969504335e-01 -4.562785286166022303e-01
-6.060411021797107445e-02 3.510414395210716965e-01 -1.865668068635186749e-01 -2.622178922155373737e-01 -1.775968839082197326e-01 -2.496107498721788776e-01 6.060411021797107445e-02 -3.532043829700529658e-01
-9.725779367698761391e-02 -2.428663194420739302e-01 1.657181026943690405e-01 -1.619677914614179315e-01 1.614404187479511477e-01 -1.577869143568262078e-01 9.725779367698761391e-02 2.435825813878441659e-01
-4.198486621359700521e-01 -4.693257660279701593e-01 -6.242916791586616831e-03 -3.142504223964468490e-01 -5.955657886503487423e-03 -2.997906377680228385e-01 4.198486621359700521e-01 4.744946073186790403e-01
2.111731350688188513e-01 -2.046089321734131383e-01 2.688704763286516863e-01 4.394408141011646451e-01 2.390172672318457980e-01 3.906488504457831801e-01 -2.111731350688188513e-01 2.050372279293327937e-01
-6.962068062897008858e-03 4.606445493063154872e-01 -2.920325285964787687e-01 -3.740829781504981799e-01 -2.638298922474358599e-01 -3.379564334540910986e-01 6.962068062897008858e-03 -4.655318359803093942e-01
2.887007096788996030e-01 3.438829123970968960e-01 1.001928341903196573e-01 -4.754619990272460628e-01 9.011755108285526839e-02 -4.276500543332681370e-01 -2.887007096788996030e-01 -3.459162139526406055e-01
3.772905261480302697e-01 3.229287239730220804e-01 3.174544244835276752e-01 1.338356514419637433e-01 3.001419111720161070e-01 1.265368667395188607e-01 -3.772905261480302697e-01 -3.246125221456503951e-01
4.543378655569242364e-01 6.730335388216157622e-02 8.810899297306218347e-02 -2.373639172690449328e-01 8.541379760825770773e-02 -2.301031132579157701e-01 -4.543378655569242364e-01 -6.731859722173087757e-02
-8.119620599096410984e-02 -4.510879302898757048e-01 1.990606480692651559e-01 4.370071648760084360e-01 1.794431510901167148e-01 3.939399548574905596e-01 8.119620599096410984e-02 4.556773061292953009e-01
3.879824341571990187e-01 1.185976012519405209e-01 -2.873162570775317226e-01 1.888674348387052726e-01 -2.717041509617459938e-01 1.786048118165682597e-01 -3.879824341571990187e-01 -1.186810073337387500e-01
-4.912793266228735467e-01 -4.457323810557045629e-01 3.659222281205397609e-01 4.396365139884567119e-01 3.176318069585403192e-01 3.816180860625579263e-01 4.912793266228735467e-01 4.501602275926289698e-01
-1.307466898294861180e-01 4.800314577697052387e-01 -4.345169872223642038e-02 4.481881752760374926e-02 -4.336728456978738988e-02 4.473174745654518586e-02 1.307466898294861180e-01 -4.855621450214783752e-01
3.132100987079257104e-01 4.128481045405427707e-01 1.177123971793050394e-01 4.930708277878598222e-01 1.049926446967424376e-01 4.397906377983515358e-01 -3.132100987079257104e-01 -4.163664695211986011e-01
2.791699143813212158e-01 -1.794335041295265221e-01 -4.267553504483592164e-01 3.965961082923926684e-01 -3.687418522407751031e-01 3.426824840264452443e-01 -2.791699143813212158e-01 1.797223596152805192e-01
2.321120435346339939e-01 3.439229920815334296e-01 -3.200660418206325852e-01 1.904552848926710507e-01 -2.999383413397982423e-01 1.784782975574762121e-01 -2.321120435346339939e-01 -3.459570046661539777e-01
1.096971800763077987e-01 -6.175663045400625606e-02 -1.786307324360223436e-01 3.274079456186246295e-01 -1.673687292180038588e-01 3.067660925238197556e-01 -1.096971800763077987e-01 6.176840707723255802e-02
1.730674227044753932e-01 4.086421856624634641e-01 7.345871908775614134e-02 -1.052497891230185223e-01 7.286102519954064383e-02 -1.043934284829745873e-01 -1.730674227044753932e-01 -4.120541116338512500e-01
-4.019654655831251810e-01 2.779706664595272825e-01 3.827568898984101686e-01 -3.683576852954147940e-01 3.380234164366974214e-01 -3.253070722967725259e-01 4.019654655831251810e-01 -2.790445740434057686e-01
4.147802149668704530e-01 6.094250009570600923e-02 1.898349329455657486e-01 -4.765168793839394956e-01 1.689103634354056083e-01 -4.239927711456894510e-01 -4.147802149668704530e-01 -6.095381708237700841e-02
-7.396762687822200366e-02 -4.980193749689074689e-01 2.083839659826735025e-01 4.780971453697936413e-01 1.847653862761781951e-01 4.239088325496832566e-01 7.396762687822200366e-02 5.041953953574177527e-01
-3.846177251017852683e-01 1.049965039211075979e-02 9.733540531174489363e-02 -2.437981444788261953e-01 9.414557731569826726e-02 -2.358085116812634330e-01 3.846177251017852683e-01 -1.049970826757931110e-02
1.343590962007682466e-01 -5.132820142483562886e-02 -2.459418127317776204e-01 3.556258562527436773e-01 -2.257432919029164209e-01 3.264192883047530858e-01 -1.343590962007682466e-01 5.133496284841789631e-02
2.820277580280446950e-01 2.728627697056622559e-01 -4.824043445145758113e-01 8.201972499731946531e-02 -4.333095376934065213e-01 7.367248973698867220e-02 -2.820277580280446950e-01 -2.738785571812187292e-01
2.274125155742309223e-01 1.734281048286152593e-01 -3.528712647711809147e-01 -2.749460761823663280e-02 -3.326496998037277164e-01 -2.591900753482566377e-02 -2.274125155742309223e-01 -1.736889173509042761e-01
2.590490461966841185e-01 -1.734393091829399269e-01 1.759885568584252935e-01 -3.660311602114373342e-01 1.630536936483794330e-01 -3.391284849894451447e-01 -2.590490461966841185e-01 1.737001722580164276e-01
-4.842847679101847103e-01 -1.126113472861016707e-01 -1.886741999477580256e-01 -4.310299762398300816e-01 -1.707207313894086864e-01 -3.900149189173632847e-01 4.842847679101847103e-01 1.126827502875040882e-01
-4.447586497841762299e-01 4.976746424467652918e-01 -1.849294958964243785e-01 -2.514993282773135830e-01 -1.765280200052579407e-01 -2.400735385030861035e-01 4.447586497841762299e-01 -5.038378464564063908e-01
4.603457940240444080e-01 -4.506119642508393808e-01 -8.015563072676712419e-02 -4.391374499849036717e-01 -7.319411465400721406e-02 -4.009983649511702497e-01 -4.603457940240444080e-01 4.551868279551841701e-01
1.371704252058887352e-01 3.259211820542268212e-01 1.863562819232500445e-02 -1.732377910722333603e-01 1.835903428673595073e-02 -1.706665594113643269e-01 -1.371704252058887352e-01 -3.276522246895815504e-01
2.156432589184740234e-01 -2.245825142802154728e-01 -2.386153014535090655e-01 3.658719671025896236e-01 -2.186648403314964684e-01 3.352816637530089405e-01 -2.156432589184740234e-01 2.251488811268261003e-01
2.624463163276702371e-02 4.857074848899010089e-01 2.530094529920203783e-01 3.858071109458067749e-01 2.297371600213356790e-01 3.503198356289140003e-01 -2.624463163276702371e-02 -4.914366902915028312e-01
-3.938865507704194524e-01 1.281726382222818650e-01 -1.874411008391578815e-01 -4.857967368274984654e-01 -1.662529620284940168e-01 -4.308828004091402875e-01 3.938865507704194524e-01 -1.282779206704701691e-01
4.357337114048233095e-01 2.154936048182558572e-01 -2.297557969829412405e-01 -2.997741013666549437e-01 -2.149361377265419648e-01 -2.804381364226367079e-01 -4.357337114048233095e-01 -2.159939539642520279e-01
4.161100863895552671e-01 3.225257001276635727e-01 4.953601500928234147e-01 3.590491102765679399e-01 4.225524442323990715e-01 3.062763105154953647e-01 -4.161100863895552671e-01 -3.242032018869513421e-01
1.530874066052259064e-01 4.981612621532948149e-01 3.027654323774907619e-01 -5.551845823013734638e-02 2.893669784821626401e-01 -5.306156776845233347e-02 -1.530874066052259064e-01 -5.043425627449739101e-01
6.982504589484683777e-02 3.953421767920207719e-01 4.680868403657560961e-01 2.798561354363015008e-01 4.109465540413955731e-01 2.456935435207413254e-01 -6.982504589484683777e-02 -3.984316857014039148e-01
-6.438052755975531838e-02 -1.821372256253779298e-01 -2.703768851129723094e-01 2.096939660728736055e-01 -2.558163814777064671e-01 1.984013966136846940e-01 6.438052755975531838e-02 1.824393363588321937e-01
4.863266870997340341e-01 -9.112666920514955748e-02 -4.586088025884242914e-01 4.166554546231286960e-01 -3.898399090267317124e-01 3.541775116591970307e-01 -4.863266870997340341e-01 9.116450531641979993e-02
-8.207196207549816158e-02 -2.151537507702682150e-01 -3.377881432170548592e-03 3.468757172574754577e-01 -3.191321878207171482e-03 3.277178574001216038e-01 8.207196207549816158e-02 2.156517363522207076e-01
3.881705659558570831e-01 2.474501458665344655e-01 3.867184520813748971e-01 -4.175321311264449387e-01 3.361010647842965771e-01 -3.628815565897156592e-01 -3.881705659558570831e-01 -2.482077339709605757e-01
-1.639883128444998839e-01 5.718067350112931990e-02 2.018723230288673731e-01 -2.729422872395304012e-03 1.978798208598075425e-01 -2.675442086050652379e-03 1.639883128444998839e-01 -5.719002148175189593e-02
-3.352482592467672662e-01 3.976482232568201436e-02 -1.320951471424753887e-01 4.987037428550902263e-01 -1.173933518225409589e-01 4.431995058611849503e-01 3.352482592467672662e-01 -3.976796621424104339e-02
7.928407774406998065e-02 -3.428789680927309957e-01 3.197928740260880254e-02 3.739720842638322162e-01 2.993982230272174139e-02 3.501221777732363982e-01 -7.928407774406998065e-02 3.448945133038903710e-01
-1.714532533455370711e-02 -4.599595997803490599e-01 4.811033601766527834e-01 1.201394585833883699e-01 4.310204288918813020e-01 1.076329230925279906e-01 1.714532533455370711e-02 4.648251175899942855e-01
3.640421035462110266e-01 5.005339188089641400e-02 4.590941578296192649e-02 -2.317984547218364666e-01 4.467896266317118725e-02 -2.255858482899984196e-01 -3.640421035462110266e-01 -5.005966192423955824e-02
-4.830389584046603790e-01 2.770566250878679915e-01 2.408448020450459914e-01 3.740978613593840540e-01 2.200477578820520808e-01 3.417943626834294424e-01 4.830389584046603790e-01 -2.781199735890580449e-01
-2.773007684051853605e-01 5.958740784964244863e-02 -8.175726179722697662e-02 2.866870145154448712e-01 -7.834974453314465237e-02 2.747383395002215289e-01 2.773007684051853605e-01 -5.959798657845997299e-02
3.543073703968070420e-01 2.545044164202935333e-01 4.384405868809754248e-01 -1.788249791883503859e-01 3.962625694942951693e-01 -1.616220027599237219e-01 -3.543073703968070420e-01 -2.553286607601851221e-01
-3.786598047421912971e-01 -3.236981647000946039e-01 3.500332309257714325e-02 -3.756328709608167671e-01 3.275023204972440233e-02 -3.514541649926868350e-01 3.786598047421912971e-01 3.253940275070342780e-01
-3.207942291181443695e-01 2.489425363474995212e-02 4.060644067141291336e-01 3.006744994779505520e-01 3.624284575985922685e-01 2.683638193429244700e-01 3.207942291181443695e-01 -2.489502501290268704e-02
3.587971938450034148e-01 2.842177628053591532e-01 2.909407063306076457e-01 -4.295294518963890251e-01 2.582553772611100307e-01 -3.812745629283221804e-01 -3.587971938450034148e-01 -2.853657146075190831e-01
2.718713438712774266e-01 -8.774862120629445261e-02 -1.393807965292135354e-01 2.615142663849800986e-01 -1.336364953454475812e-01 2.507364781431682399e-01 -2.718713438712774266e-01 8.778240363801856350e-02
8.599372357212153872e-02 3.548602598149706022e-01 9.464304851644955718e-02 -4.027509179947054152e-01 8.745397728429434026e-02 -3.721580209603648215e-01 -8.599372357212153872e-02 -3.570945629911411734e-01
-1.136520760872880009e-01 -3.967415364865112259e-03 -3.648385379455357791e-01 1.146152552251221701e-01 -3.407706666932511230e-01 1.070542524268986023e-01 1.136520760872880009e-01 3.967418487297313077e-03
-2.355842966541302763e-01 5.044874926909292956e-02 -1.219264082907878244e-02 4.596538369271975233e-01 -1.107767355085208238e-02 4.176203681594721218e-01 2.355842966541302763e-01 -5.045516906490650488e-02
-2.786124567498076132e-01 -4.103777954076091028e-01 2.557143630037252979e-01 2.390474687350808702e-01 2.413545339027350911e-01 2.256235814033784592e-01 2.786124567498076132e-01 4.138333802993643395e-01
3.494364888772069078e-01 3.366149969439482526e-01 2.924967438955802246e-01 1.391982935174406188e-01 2.782617761696779546e-01 1.324239165129950102e-01 -3.494364888772069078e-01 -3.385220834221766562e-01
-1.155553386628437318e-01 -2.819100647740035992e-01 -4.355866591513802843e-01 -2.913029393774879683e-02 -3.992036396717172919e-01 -2.669714308356459925e-02 1.155553386628437318e-01 2.830302807147673794e-01
2.027634764595102057e-01 -2.639796161730287860e-01 -1.286995774269409365e-01 -1.028098418062284303e-01 -1.269882930739919258e-01 -1.014428064427126824e-01 -2.027634764595102057e-01 2.648993902888014951e-01
-5.142993610163471008e-02 -2.983354993105050701e-01 2.698998339908078581e-01 -3.209411835045383743e-02 2.604507178353728802e-01 -3.097051242704284071e-02 5.142993610163471008e-02 2.996631529959312701e-01
7.360993780103752826e-02 1.975025727168111533e-02 -2.325613237674756251e-01 3.618902704140652959e-01 -2.136334603023111456e-01 3.324364923016840945e-01 -7.360993780103752826e-02 -1.975064247345286600e-02
2.969503778553548301e-01 4.723875569848512423e-01 2.735125061786303213e-03 2.936122899882072090e-01 2.624334317168801074e-03 2.817190406844994888e-01 -2.969503778553548301e-01 -4.776582212462482380e-01
-2.301185873048372521e-01 4.270066820476197123e-01 2.103684796829448089e-01 -2.027435982741249143e-01 2.019267194041331204e-01 -1.946078126408715137e-01 2.301185873048372521e-01 -4.308995889501386345e-01
-4.630308524349618926e-01 -4.061948330615494651e-02 2.369559276576295170e-01 2.375352660058362986e-01 2.246485849584199945e-01 2.251978328351173508e-01 4.630308524349618926e-01 4.062283429659245548e-02
1.608987255118710102e-03 7.087905743906208755e-02 4.608580218726288091e-01 3.689546528833145267e-01 3.968613756924504465e-01 3.177200876669802887e-01 -1.608987255118710102e-03 -7.089686169403483507e-02
-5.357146102709897661e-02 3.770564927513559983e-01 -4.635505596980965537e-01 7.744558606803553236e-02 -4.195282054335526811e-01 7.009075291168526123e-02 5.357146102709897661e-02 -3.797368289705790323e-01
9.022037188526776941e-02 3.081806418508299394e-01 -2.596897784854673707e-01 -4.487779040224021410e-01 -2.305426913842717473e-01 -3.984079251425249879e-01 -9.022037188526776941e-02 -3.096441194199795466e-01
-4.488063343795463123e-01 -3.126778279755089152e-01 -1.272333171869854951e-01 3.306537327467562459e-02 -1.261479646695728707e-01 3.278331204325998782e-02 4.488063343795463123e-01 3.142063132663432956e-01
-6.135584747814182283e-02 1.298134197174750648e-01 1.532211332685744498e-01 -2.677685756353862523e-01 1.464119643053124198e-01 -2.558689020351563870e-01 6.135584747814182283e-02 -1.299227974149720355e-01
-1.872858801434356124e-01 4.968004162136568924e-01 2.723244504680087941e-01 -6.045355881687997091e-02 2.623097756886789145e-01 -5.823039181970553202e-02 1.872858801434356124e-01 -5.029311979841386560e-01
1.874317440662987000e-01 -4.839245784500678660e-02 -2.203268155963628017e-01 -2.231410315401013422e-01 -2.102324651272771683e-01 -2.129177467787694567e-01 -1.874317440662987000e-01 4.839812419042715391e-02
-3.427904575660554176e-01 -4.227548588821893327e-01 4.624840246344112948e-01 -4.925076932155924014e-01 3.832199902048800677e-01 -4.080979738037511795e-01 3.427904575660554176e-01 4.265326316161673903e-01
4.477517991591128954e-03 -1.122389046384355549e-01 2.861765757792082976e-01 4.027915059941665765e-01 2.565664116289521623e-01 3.611154094151863281e-01 -4.477517991591128954e-03 1.123096015209521792e-01
-4.708430034801911468e-01 1.317844051476011469e-01 1.283217507524170298e-01 -3.938118754852800718e-01 1.185547807126206277e-01 -3.638376211860079312e-01 4.708430034801911468e-01 -1.318988409887204283e-01
-4.608388260272267001e-01 3.180372770131867366e-02 -4.541983360354370225e-01 2.612636811119469771e-01 -4.023150467500782868e-01 2.314194080897066241e-01 4.608388260272267001e-01 -3.180533613842505963e-02
-1.348763506095939091e-01 7.082653450931308825e-02 2.191633552218361647e-01 2.581610447078115378e-01 2.075835306276764547e-01 2.445207186973999969e-01 1.348763506095939091e-01 -7.084429921358276205e-02
-1.421863955164510696e-01 -2.903079426077608272e-01 -3.303612572134747571e-01 1.271237563387095371e-03 -3.136865456061413981e-01 1.207072897310069570e-03 1.421863955164510696e-01 2.915312814302640776e-01
-2.170118391430088112e-01 -3.436007755274150810e-01 -3.863128394454473646e-01 8.929472553073536378e-02 -3.591144133934948135e-01 8.300791406295325581e-02 2.170118391430088112e-01 3.456290765541727428e-01
5.175136863487528327e-02 -3.646199069832279926e-01 -2.803164874715381449e-01 3.434420270675260234e-01 -2.562635808068008947e-01 3.139725545569512222e-01 -5.175136863487528327e-02 3.670436754564293524e-01
4.987614502902174562e-01 -3.876126123443612848e-01 2.718965439463109091e-01 -4.379877229386752724e-02 2.621371780503624072e-01 -4.222667344183655275e-02 -4.987614502902174562e-01 3.905244268423971321e-01
-2.053349973128902883e-01 1.808288062792993145e-01 8.573183808093787217e-02 2.097626538346759606e-01 8.361196106358860514e-02 2.045758872971089604e-01 2.053349973128902883e-01 -1.811244528531187892e-01
1.043977329026999357e-01 -4.430209838580179138e-02 -2.365906829188750837e-01 2.808393918287419577e-01 -2.220900942754199248e-01 2.636268099741002624e-01 -1.043977329026999357e-01 4.430644591889022071e-02
-1.894963860568085190e-01 1.804495159265783188e-01 -4.447403065457191662e-01 -3.269672383730789500e-01 -3.893596184925430248e-01 -2.862520831118219866e-01 1.894963860568085190e-01 -1.807433060342663877e-01
1.490723499363085791e-01 -1.648878517115071052e-01 -5.141900726762860252e-02 2.982838302965113986e-01 -4.921398255825710361e-02 2.854923889373573997e-01 -1.490723499363085791e-01 1.651120002871500902e-01
-4.679885081714959538e-01 -2.605919596001812222e-01 2.985768944093070143e-02 -4.802742476989524389e-01 2.690477223116748140e-02 -4.327752577237886644e-01 4.679885081714959538e-01 2.614767757471292420e-01
3.486075815364060304e-01 3.243303514978610469e-01 -1.490155756177127255e-01 -2.952931349598255650e-01 -1.414773329607370289e-01 -2.803551575233135806e-01 -3.486075815364060304e-01 -3.260361698503101979e-01
-4.205773586334980996e-01 2.266255231901870282e-01 -5.086760070712159632e-02 1.146016330234357339e-01 -5.047240830576334852e-02 1.137112884047683237e-01 4.205773586334980996e-01 -2.272074876501609941e-01
-3.173822393835761257e-01 2.385910396086454721e-02 -2.666472124968218838e-01 -2.696177281477387666e-01 -2.493234079384246404e-01 -2.521009321378567258e-01 3.173822393835761257e-01 -2.385978305877301323e-02
3.516715509298028453e-01 1.122200351628400705e-01 -8.845918486007875448e-02 -3.439211428559663108e-02 -8.806344313808027457e-02 -3.423825355816534355e-02 -3.516715509298028453e-01 -1.122906963949150683e-01
-2.261868070822157240e-01 -3.751212731920783305e-01 4.467402304846769256e-01 3.382221280845280065e-01 3.897285008974910592e-01 2.950591729912793726e-01 2.261868070822157240e-01 3.777605508758422048e-01
4.839396345846003200e-02 3.982618678574288973e-01 4.193856526467848456e-01 2.646620001362623986e-01 3.757220603183181740e-01 2.371071860746589988e-01 -4.839396345846003200e-02 -4.014203336896540741e-01
1.602199575582411439e-01 -3.522678256033836552e-01 -2.856123043472715839e-01 -2.630532727353499522e-01 -2.662455641503518322e-01 -2.452162106989024815e-01 -1.602199575582411439e-01 3.544535174912517017e-01
-3.969780151495995169e-01 -7.765583593161162757e-02 -1.084496135145027740e-01 4.225387215446518852e-01 -9.940305659914529246e-02 3.872917486000696519e-01 3.969780151495995169e-01 7.767925083129671726e-02
-5.500393387993118832e-02 -3.692832222984987478e-02 -1.736921134499045394e-01 6.982006283083574960e-02 -1.707264214429521643e-01 6.862792578932268295e-02 5.500393387993118832e-02 3.693084018931561130e-02
-4.441033811539866205e-01 -1.734422378717664914e-01 -3.822785583828848255e-01 -2.757854047161021338e-01 -3.457878900245096587e-01 -2.494601151572354847e-01 4.441033811539866205e-01 1.737031141618346208e-01
2.712186912395065930e-01 3.254878959474183375e-03 -2.350020362670264262e-01 -4.587554267785490802e-01 -2.088859540058041475e-01 -4.077733389045650192e-01 -2.712186912395065930e-01 -3.254880683622145363e-03
-3.606686003039002442e-01 6.991408935733800512e-03 -2.594722634920617610e-01 -1.186604173801548701e-01 -2.495149217154764842e-01 -1.141067810287973716e-01 3.606686003039002442e-01 -6.991426022666943213e-03
1.005182755578230003e-01 3.637938442015538065e-01 -2.818839739233698349e-01 3.661498564224482388e-01 -2.558857777333129468e-01 3.323798067465493777e-01 -1.005182755578230003e-01 -3.662011764988267193e-01
3.293788433534530213e-01 2.351508970634559326e-01 -2.521306827073335199e-01 -3.490067506926007868e-01 -2.315782188691649646e-01 -3.205574221703259008e-01 -3.293788433534530213e-01 -2.358010416098169360e-01
-8.124159835339961333e-02 -1.748024322506086525e-01 4.475633113391767059e-01 -3.459064039995785045e-01 3.895591495423108563e-01 -3.010769675470483242e-01 8.124159835339961333e-02 1.750694944479909698e-01
4.350166956280362429e-01 4.100773118440890208e-01 -4.248096110855370533e-02 -2.432418051545652826e-01 -4.124226749008468029e-02 -2.361491673251170653e-01 -4.350166956280362429e-01 -4.135253116298537868e-01
-1.580233939157332790e-01 -3.968685290938670507e-01 -4.629501395420523302e-01 -2.511183777489522928e-02 -4.200049438937086821e-01 -2.278235843312611045e-02 1.580233939157332790e-01 3.999939606233445799e-01
-2.713760581212950607e-01 2.185882483595986692e-01 3.501124307946772429e-01 -2.868484483671684959e-01 3.189621153689297661e-01 -2.613268762660518885e-01 2.713760581212950607e-01 -2.191104646724142124e-01
1.038523875903334392e-01 -3.800525465511964684e-01 -4.071279638740139539e-01 2.397982533689444473e-01 -3.681053997996998617e-01 2.168139743772563577e-01 -1.038523875903334392e-01 3.827972848668876327e-01
4.596899257803976901e-01 2.841798653043828837e-01 -2.516456079840264648e-01 -2.313144202758942169e-01 -2.381197704028222006e-01 -2.188813748358928724e-01 -4.596899257803976901e-01 -2.853273579652474412e-01
-2.854829803142249212e-01 1.884494496229484062e-01 -4.637500405151101512e-01 4.072218774613963754e-01 -3.946424761330319386e-01 3.465380830552646230e-01 2.854829803142249212e-01 -1.887840717261489443e-01
4.533180632750867245e-01 -3.089390825134562535e-01 7.370607304658127745e-02 4.786234444631268792e-01 6.633694111502208557e-02 4.307706806134365407e-01 -4.533180632750867245e-01 3.104133916660671288e-01
4.089945305885144267e-01 1.980975089885872453e-01 -3.405157145716829481e-01 -5.421161160683807267e-02 -3.219166887502368790e-01 -5.125056422796437500e-02 -4.089945305885144267e-01 -1.984862022823795646e-01
-2.618975577873232652e-01 2.281370987231634562e-01 -3.267283805667450247e-01 -3.968483254781589586e-01 -2.905842636937979173e-01 -3.529472348167502216e-01 2.618975577873232652e-01 -2.287307860071212950e-01
2.021119364459040835e-01 7.093096320431535595e-03 -1.443791164926671033e-01 -2.449252920785249810e-01 -1.388752761639793221e-01 -2.355885560407623147e-01 -2.021119364459040835e-01 -7.093114163830105054e-03
-9.468959261810916406e-02 -4.883804411005679968e-01 -1.091928618635812365e-01 3.596745636804387081e-01 -1.022107222483374794e-01 3.366758256969415442e-01 9.468959261810916406e-02 4.942047552627727436e-01
-1.199961146531747236e-02 2.335365952349478524e-01 2.268896849779652447e-01 -1.087794357222844344e-01 2.200312753563558044e-01 -1.054912565850820716e-01 1.199961146531747236e-02 -2.341734418387884653e-01
1.091705003056092638e-01 3.659212670402534062e-02 -1.550255660759437548e-01 -4.990949737455752100e-01 -1.373938104612111299e-01 -4.423306552633418653e-01 -1.091705003056092638e-01 -3.659457651715278259e-02
2.882617231574486905e-01 3.767315804854073358e-01 -1.616988323958108431e-01 -1.813948320061110620e-01 -1.571261716589641699e-01 -1.762651905987391299e-01 -2.882617231574486905e-01 -3.794049936792349143e-01
-3.483981717827815405e-01 5.262202372897473168e-02 -1.339078118568244324e-01 1.058131764446875733e-01 -1.319991920981514744e-01 1.043049961788027752e-01 3.483981717827815405e-01 -5.262930945175812308e-02
3.783187538109140657e-01 -1.485705002878183745e-01 -4.476481916644192705e-02 1.149619122737892685e-01 -4.442799600540954519e-02 1.140969063291341068e-01 -3.783187538109140657e-01 1.487344715582949173e-01
3.126771300225139605e-02 -3.737411430642192389e-01 2.051059290750271158e-01 3.312898987896195635e-01 1.911109784093483477e-01 3.086850632760519964e-01 -3.126771300225139605e-02 3.763513968415274080e-01
-6.158983505417947590e-02 4.143400935512359107e-01 -3.317472751219749938e-01 1.942214029997131330e-01 -3.096551996435445986e-01 1.812876000226767426e-01 6.158983505417947590e-02 -4.178967415370599126e-01
3.399518401615830854e-01 -4.968490323755643256e-01 -1.333905698267691120e-01 -9.768866694072619872e-02 -1.316039271178512937e-01 -9.638021803942671550e-02 -3.399518401615830854e-01 5.029816141701863863e-01
1.857982112085190263e-01 -8.792266701402906559e-02 -4.134243721416486217e-02 4.384716943623119256e-01 -3.783554395893475725e-02 4.012781099685581720e-01 -1.857982112085190263e-01 8.795665086295059720e-02
-3.491793155427849182e-01 -3.198785590724081418e-01 -3.888534293596656033e-01 -1.792256996351022647e-01 -3.574647390094211619e-01 -1.647583976547235540e-01 3.491793155427849182e-01 3.215150944475699268e-01
2.449792112168063252e-01 -3.677670095777086923e-01 3.745929789308783953e-01 5.921411903761164552e-02 3.502511829589821102e-01 5.536626794231631205e-02 -2.449792112168063252e-01 3.702540812993405095e-01
2.725480592039762895e-01 -2.190051272628344980e-01 2.846843685113894518e-01 6.596664251706552129e-02 2.732557790522832653e-01 6.331842660248854227e-02 -2.725480592039762895e-01 2.195303370999960035e-01
-6.274800783195910725e-02 -1.411510199683683187e-01 -4.941636532262704273e-01 -3.489328980362010890e-01 -4.228176404671271094e-01 -2.985549092204664023e-01 6.274800783195910725e-02 1.412916318651079028e-01
2.279363664643402343e-01 -3.361698629040879016e-01 1.120095914661174419e-01 -2.228591571808701266e-01 1.086799774053248124e-01 -2.162344121602592650e-01 -2.279363664643402343e-01 3.380693936849076264e-01
-4.862938103061696937e-01 3.206586546752850930e-01 3.692238235787305145e-01 2.873492933101452484e-01 3.344309145807269346e-01 2.602716315388194923e-01 4.862938103061696937e-01 -3.223071924490316653e-01
-2.915557891355335940e-04 2.370570463509994452e-01 4.930078411933080940e-01 -2.791867490203258084e-01 4.289454778891605424e-01 -2.429086993606021927e-01 2.915557891355335940e-04 -2.377231297521719966e-01
-1.995053649944544816e-02 -2.004963703520196150e-01 -4.782530937314788400e-02 -3.980956083869274797e-01 -4.439000477717632009e-02 -3.695002957574277658e-01 1.995053649944544816e-02 2.008993559717524024e-01
-1.237907181104236365e-02 -1.890417978140639388e-01 1.930132187653722520e-01 1.740369601607442140e-01 1.868075271596282283e-01 1.684413863981429338e-01 1.237907181104236365e-02 1.893795852725540796e-01
2.831979665281760816e-01 -4.472717442772283780e-01 4.928219001600760985e-01 -9.892171384322556715e-02 4.403252388772282422e-01 -8.838431746644152820e-02 -2.831979665281760816e-01 4.517456249223790743e-01
1.138561112879965531e-02 1.781244583532749504e-01 3.798307484612367668e-01 -1.556408581112926903e-01 3.513796468185488298e-01 -1.439826290400054998e-01 -1.138561112879965531e-02 -1.784070378677209689e-01
-2.385877658878327034e-01 3.374212353304419931e-01 1.460312684524738280e-01 3.657099420150546898e-01 1.358757372446017242e-01 3.402771784122944898e-01 2.385877658878327034e-01 -3.393420578450173641e-01
2.187760832244346476e-01 1.085711509254682072e-01 -2.595922343586782866e-01 -2.958241068438348664e-01 -2.415569292774135401e-01 -2.752715736353511522e-01 -2.187760832244346476e-01 -1.086351411051000165e-01
6.840144374628465140e-02 1.666234141646446565e-01 -3.062711958408667057e-01 -9.569545883018426569e-02 -2.916260655680690816e-01 -9.111953892614153838e-02 -6.840144374628465140e-02 -1.668547154741331362e-01
2.830061210921407389e-01 -2.973873721155214644e-01 -4.359807229930927619e-01 -3.209050770675707653e-01 -3.834052655132958454e-01 -2.822067348138369569e-01 -2.830061210921407389e-01 2.987024079095148554e-01
1.557870191749668454e-01 2.834790734136243273e-01 7.414721590807349383e-02 -3.100701674503972827e-01 7.064391195121169642e-02 -2.954199876529451929e-01 -1.557870191749668454e-01 -2.846180977884717467e-01
-3.642484677323247766e-01 6.948719973209682710e-02 3.967618125295613307e-01 4.204849227143747648e-01 3.434906507099675377e-01 3.640285812690953748e-01 3.642484677323247766e-01 -6.950397557828072448e-02
-5.104993170297156269e-02 1.359438858608218448e-01 -3.207512173262311306e-01 -1.686495158736680544e-01 -3.015607485052835268e-01 -1.585592555684366134e-01 5.104993170297156269e-02 -1.360695030419807328e-01
-4.164623796139882428e-01 2.091197706580695259e-01 -4.085892740400224321e-01 -2.235472275532964792e-01 -3.703874003534529114e-01 -2.026462311430545782e-01 4.164623796139882428e-01 -2.095770223131887822e-01
-1.467187482193804682e-01 -5.918369368585185697e-02 -7.618320724105809294e-02 -2.283582814407643102e-01 -7.406728000446699545e-02 -2.220158140532632052e-01 1.467187482193804682e-01 5.919405885044867061e-02
-3.430411032019403672e-01 -3.975058117814167513e-01 -4.508414333865171653e-01 3.470165612170927893e-01 -3.918614722436836173e-01 3.016191736194959727e-01 3.430411032019403672e-01 4.006463237468488314e-01
-4.626253805779312334e-02 8.677406842974000334e-02 -4.817912600057561168e-02 -3.163161819477515735e-01 -4.588743845533040794e-02 -3.012702914407192067e-01 4.626253805779312334e-02 -8.680673773389330217e-02
-4.609370838111335189e-01 3.010294468030659809e-01 3.722705962997243656e-01 2.203850590414899724e-01 3.416685678101795132e-01 2.022685869846215512e-01 4.609370838111335189e-01 -3.023933920786881502e-01
6.799111972463101061e-02 -2.396596746647808862e-01 -1.633459966091382887e-01 -4.713713231520528790e-01 -1.461670172817088054e-01 -4.217975448895302515e-01 -6.799111972463101061e-02 2.403479384214817494e-01
3.236199870200152651e-01 -4.225122135770957854e-01 -4.417214614498183867e-01 -3.041900409583530029e-01 -3.892688753150800873e-01 -2.680687389226125150e-01 -3.236199870200152651e-01 4.262834851477765863e-01
-1.679764373275758338e-01 6.678807976772083155e-02 1.467340034119660741e-01 1.309743836872402367e-01 1.439755691496411860e-01 1.285122125541086624e-01 1.679764373275758338e-01 -6.680297567210391474e-02
-4.127939464301293437e-01 -2.050070542490101122e-02 1.676042186652286770e-01 -2.706985536634320955e-02 1.652397056700173894e-01 -2.668796148979314664e-02 4.127939464301293437e-01 2.050113622562076479e-02
3.392847597397762316e-01 2.674533002669771120e-01 2.339670265801191418e-01 1.606302028042895236e-01 2.250783395932905995e-01 1.545276694079043278e-01 -3.392847597397762316e-01 -2.684098639495635652e-01
2.180371937036457153e-01 -4.818249420448910136e-01 3.246542397583563888e-01 -4.060185625272648702e-01 2.880555381752643029e-01 -3.602475532892778776e-01 -2.180371937036457153e-01 4.874178521356226645e-01
-6.940089484347800042e-02 3.335782724680425027e-01 -3.263063889289523622e-01 3.126367588672241959e-01 -2.973535252341140689e-01 2.848967887882147276e-01 6.940089484347800042e-02 -3.354342096392999295e-01
-4.258826139803995048e-01 -1.045277590235189624e-01 -6.941335599315534566e-02 4.338029485806471630e-02 -6.918198105349047944e-02 4.323569569610490049e-02 4.258826139803995048e-01 1.045848628121700957e-01
-7.127325834315856312e-03 -4.692732265873880149e-01 1.923957369597827372e-01 3.313716508716224585e-02 1.888308207748619627e-01 3.252316387274703513e-02 7.127325834315856312e-03 4.744403321692383657e-01
-4.751047456195071073e-01 -3.085161635254084489e-01 4.420923567099376283e-01 1.879776480751329526e-01 3.984947196996032615e-01 1.694399349876996863e-01 4.751047456195071073e-01 3.099844262416106000e-01
4.080891472259322583e-01 2.850383713480467707e-01 -4.495109767240501597e-01 -2.362906388023623405e-01 -4.007913915014504336e-01 -2.106806258982696634e-01 -4.080891472259322583e-01 -2.861962951679047906e-01
-4.977334667980539695e-01 2.755604496034717021e-01 2.571260471972771633e-01 5.513064326500416445e-02 2.486715520843469640e-01 5.331790683033613143e-02 4.977334667980539695e-01 -2.766066639192430454e-01
2.769745806055802229e-01 -4.274893458836332982e-01 -4.446413169650963448e-01 5.517746741744089523e-02 -4.057732711495266043e-01 5.035416321753778679e-02 -2.769745806055802229e-01 4.313954686687089257e-01
-1.879035587989237310e-01 -3.211770311030140990e-01 -2.284702727969329938e-01 1.780156525879712515e-01 -2.194509415303581013e-01 1.709881206396311470e-01 1.879035587989237310e-01 3.228335768815959184e-01
-1.621968728913212310e-01 -1.020111679765256518e-01 3.729396112421703435e-01 -1.131524347494979876e-01 3.474829459465200165e-01 -1.054287079798697929e-01 1.621968728913212310e-01 1.020642458071781555e-01
-4.176602507875192272e-01 5.984730833326301624e-02 -4.238058424597276330e-01 -1.828077293712578877e-01 -3.847965399163541522e-01 -1.659811514719968795e-01 4.176602507875192272e-01 -5.985802608941768327e-02
-3.410412554327245660e-01 -9.197167782418080861e-03 3.935883585503950899e-01 2.666038208242986762e-01 3.554666718923486513e-01 2.407814429553644386e-01 3.410412554327245660e-01 9.197206680871315362e-03
-4.166745993695949446e-01 1.101577364621708632e-02 -2.024981524016254975e-01 -4.791398994276541146e-01 -1.796469980714317238e-01 -4.250707651776817753e-01 4.166745993695949446e-01 -1.101584048291949502e-02
-2.910175765604336995e-01 1.114441460503304837e-01 -1.196889916781926910e-01 -1.720037219728864919e-02 -1.188234667491581131e-01 -1.707598857005036136e-02 2.910175765604336995e-01 -1.115133517377082800e-01
-4.646353835523160392e-01 -4.678203307747782480e-01 -2.558211760806500257e-01 -4.833969782678697591e-01 -2.244462426003925870e-01 -4.241112370713299162e-01 4.646353835523160392e-01 4.729395918597588677e-01
4.902168554955388391e-01 -4.888547934464939626e-01 -3.743141807950497446e-01 -1.262440123247128287e-01 -3.481354298992512253e-01 -1.174147701524951154e-01 -4.902168554955388391e-01 4.946960951524793093e-01
3.177239017876246630e-01 1.240663292825165964e-01 -3.372294284954199250e-01 3.322620177405076758e-01 -3.047987361022617137e-01 3.003090314921001980e-01 -3.177239017876246630e-01 -1.241618135462204536e-01
2.435767651340965401e-01 1.117189776607436791e-01 3.267097015664069959e-01 -1.830653480549824241e-01 3.059578362413221120e-01 -1.714374489435915860e-01 -2.435767651340965401e-01 -1.117886966147561972e-01
1.632903328240187246e-01 2.851757648312006621e-01 4.201018466534557350e-01 2.720080424973106981e-01 3.756793020953171913e-01 2.432452805997739886e-01 -1.632903328240187246e-01 -2.863353638769218223e-01
3.013677255285840406e-02 -2.898491082461315260e-01 -1.395517661931315878e-01 -2.998736533386039405e-01 -1.324925538056622443e-01 -2.847045740351293319e-01 -3.013677255285840406e-02 2.910666557369066543e-01
1.940339916443198920e-01 4.733626364569156753e-01 -1.467969231097587812e-01 -2.735263691997743551e-01 -1.401971454560413388e-01 -2.612290186769885558e-01 -1.940339916443198920e-01 -4.786660064833744288e-01
-4.049925048415041751e-01 -1.881889565659081720e-01 -3.691600360364938327e-01 2.484052982684634703e-01 -3.372788528102001471e-01 2.269526651137302176e-01 4.049925048415041751e-01 1.885221929452445822e-01
-4.379472799174513042e-01 -4.332458356576605052e-01 -8.368350336896079877e-02 2.831550777451796730e-02 -8.335884037788791889e-02 2.820565341759303721e-02 4.379472799174513042e-01 4.373118901559105431e-01
6.150890532636110741e-02 7.487766952033347856e-02 9.477722374029617924e-02 7.229373865413413203e-02 9.411096574385428848e-02 7.178553341694571266e-02 -6.150890532636110741e-02 -7.489866022225312447e-02
-4.228795433343135457e-01 4.809351180173525586e-01 2.703807100010205966e-01 1.768323639442634931e-01 2.572867016457573985e-01 1.682687188123367927e-01 4.228795433343135457e-01 -4.864970986970086342e-01
3.804268603564286977e-01 -4.896604583544360567e-01 3.267206282257151262e-02 3.697990631498238034e-01 3.062950658718538097e-02 3.466803703884105414e-01 -3.804268603564286977e-01 4.955306882338206820e-01
3.974519649749053141e-02 -2.445797022830920042e-02 1.070019975530208667e-01 -4.879414725411419518e-01 9.572325218799612734e-02 -4.365090904578096676e-01 -3.974519649749053141e-02 2.445870175679181260e-02
8.306646867535327772e-02 2.708847238149471037e-01 3.918133608507420318e-01 -4.505868213157607771e-01 3.364046171618476078e-01 -3.868665601238781004e-01 -8.306646867535327772e-02 -2.718785800053060697e-01
-8.151561465412304752e-02 -1.236245195310164968e-01 -2.490447917952898216e-02 -2.095169440422012253e-01 -2.436798318662999549e-02 -2.050034988858986940e-01 8.151561465412304752e-02 1.237189873425477982e-01
9.278905574762974506e-02 -1.170469644576254131e-01 -4.321128276789463207e-01 -4.701659168915901521e-01 -3.641917900889861115e-01 -3.962635588286667621e-01 -9.278905574762974506e-02 1.171271415808090022e-01
5.726111778643516725e-02 3.082735535520684245e-01 2.593538129698091943e-01 4.254042890328142423e-01 2.321372155583275865e-01 3.807623493630418188e-01 -5.726111778643516725e-02 -3.097383551679338543e-01
-2.644688081055877049e-01 -2.765093490406134169e-02 2.291721946585153491e-01 4.047415933509590502e-02 2.232076414660776886e-01 3.942075808529290487e-02 2.644688081055877049e-01 2.765199196363449588e-02
1.568796087946454643e-01 -4.043859908258172764e-01 -2.675634537985177586e-01 -3.826294939099764703e-01 -2.424398160699065274e-01 -3.467014003949518974e-01 -1.568796087946454643e-01 4.076924130392151069e-01
1.611126735260707266e-01 -2.227478459474494521e-01 1.187541873414732496e-02 2.912388300946870956e-01 1.140097128986403141e-02 2.796032388193111506e-01 -1.611126735260707266e-01 2.233004455181226700e-01
4.015894457842272836e-01 -3.730681778883371269e-02 -3.835076812260352908e-01 9.025089785537621090e-03 -3.580652260756667093e-01 8.426352254746798109e-03 -4.015894457842272836e-01 3.730941396777200797e-02
-4.632733561516289011e-02 1.021779492527464805e-01 -3.054167655047956842e-03 2.076127970458059302e-01 -2.990386470318660578e-03 2.032771509202049576e-01 4.632733561516289011e-02 -1.022312878451208940e-01
-1.927031202260661713e-01 -3.586541307532811196e-01 -2.137982166705107989e-01 3.128395441001812216e-01 -1.999268546361475940e-01 2.925423187890531240e-01 1.927031202260661713e-01 3.609608647468895426e-01
-1.553183826801628475e-01 5.467538773835634025e-02 -7.945653482777537135e-03 -4.924036547333709990e-02 -7.935788497345152084e-03 -4.917923072977790910e-02 1.553183826801628475e-01 -5.468356006316059392e-02
-1.088966133568711747e-01 5.622632739623667497e-02 -4.047630532084673938e-01 -3.615092071462032708e-01 -3.557510080747519066e-01 -3.177346940416738152e-01 1.088966133568711747e-01 -5.623521509150589126e-02
-2.944329318260675565e-01 2.604351515006153583e-02 8.461264114693989313e-02 2.422103736794372075e-01 8.195817264243181188e-02 2.346117477568560039e-01 2.944329318260675565e-01 -2.604439836988678772e-02
-3.695707177913809538e-01 -1.507358750828529104e-01 4.504384576856805822e-01 2.938229656205634255e-01 3.967078648208337555e-01 2.587742661351458695e-01 3.695707177913809538e-01 1.509071208652048857e-01
1.952355987257288206e-01 2.674266788892027957e-01 -3.151407540946706831e-01 -4.785397811438391047e-01 -2.734350554831929125e-01 -4.152098702177771661e-01 -1.952355987257288206e-01 -2.683829569610843291e-01
3.070549298435686358e-01 1.385213167188888983e-01 1.184358743790063784e-01 1.769602206220889373e-01 1.158388068718696623e-01 1.730798284567668099e-01 -3.070549298435686358e-01 -1.386542151449742244e-01
-2.623507460250507073e-02 1.656725803491697624e-01 3.760072350156808962e-01 4.834845778265385308e-01 3.206438666695502482e-01 4.122962274992693632e-01 2.623507460250507073e-02 -1.658999444604003226e-01
-3.830354466049632478e-01 -4.216711589762733858e-02 -2.374047668405134814e-01 -2.338095642458862811e-01 -2.252303674746480855e-01 -2.218195311535826608e-01 3.830354466049632478e-01 4.217086469267186666e-02
6.848528655579733115e-02 -2.912685726118476870e-01 2.527454306885629221e-01 -4.965521960107388555e-01 2.207872670893968603e-01 -4.337661101360933968e-01 -6.848528655579733115e-02 2.925040957609468806e-01
2.130864089874243694e-01 -4.418480544771773433e-01 9.703643042123732965e-02 -3.998898633520485690e-01 8.973598678337001144e-02 -3.698045294616423839e-01 -2.130864089874243694e-01 4.461611477049312047e-01
4.479230192085654760e-01 4.548149292994153603e-01 -4.236953888914825050e-01 1.127317670548088069e-01 -3.880381278856255833e-01 1.032445124211401055e-01 -4.479230192085654760e-01 -4.595190032474720798e-01
-1.371618993382803797e-01 -4.407248327059427595e-01 2.391979436449538365e-01 3.036548118041451083e-01 2.231093175667051842e-01 2.832307703197863291e-01 1.371618993382803797e-01 4.450051165420058630e-01
-1.910612355925520589e-01 -1.524277279035719523e-01 1.106006949987363708e-01 -4.345493899099461821e-01 1.009193573443764452e-01 -3.965114791060189714e-01 1.910612355925520589e-01 1.526048048125936696e-01
4.070874583424120008e-01 -2.901344024814396239e-01 2.398506613832657175e-01 -1.902038704025428295e-01 2.293457266428947372e-01 -1.818733565969048449e-01 -4.070874583424120008e-01 2.913555487546495293e-01
-1.861125109980703574e-01 2.420116347832571568e-01 -1.839898479430022160e-01 3.312066460841855964e-01 -1.720545892481885331e-01 3.097215639089943018e-01 1.861125109980703574e-01 -2.427203613950880967e-01
3.148468578537667595e-01 -1.530487147750183574e-01 -1.919855424177697722e-01 -4.858100258445189334e-01 -1.701674648434620962e-01 -4.306004475774886098e-01 -3.148468578537667595e-01 1.532279647341127093e-01
2.063506351133181926e-02 -1.734654605572717445e-01 3.912439103088374281e-01 -1.788476697971788099e-01 3.593997206005408174e-01 -1.642908703791061409e-01 -2.063506351133181926e-02 1.737264416498258413e-01
-2.389910566388709912e-01 -6.625593729442225133e-02 3.975488015365323813e-01 2.209943256271199585e-01 3.618743209762640967e-01 2.011631558611866877e-01 2.389910566388709912e-01 6.627047997317726813e-02
-1.707894354945778126e-01 1.491262549642516921e-01 2.580445359440226571e-01 1.653570460194986325e-04 2.498598772953285752e-01 1.601122499153114691e-04 1.707894354945778126e-01 -1.492920732185875898e-01
-2.615539411356967436e-01 1.746841100095737342e-01 4.683483272917259299e-01 2.417648066387111383e-01 4.143214972599161272e-01 2.138757647551323415e-01 2.615539411356967436e-01 -1.749506302577494010e-01
4.868105563430491500e-01 -4.432088773501251522e-01 2.205859348200741588e-01 -4.744964596701961579e-01 1.954457967126481399e-01 -4.204181861060928838e-01 -4.868105563430491500e-01 4.475619443954402255e-01
-6.783300288850435678e-03 1.073401405014207111e-02 1.970004685986598281e-01 -2.653567929100687506e-01 1.870500141627854107e-01 -2.519536741465260854e-01 6.783300288850435678e-03 -1.073407588829124182e-02
2.943027690004962338e-02 4.505335591845591736e-01 1.752448053515892612e-01 3.571763308756575883e-01 1.628310828773038843e-01 3.318752223093960341e-01 -2.943027690004962338e-02 -4.551060352686497334e-01
-3.139587874399442091e-01 2.591831149300968251e-01 4.926550218666811976e-01 -3.847935590289767172e-01 4.177480853197701460e-01 -3.262866821465896239e-01 3.139587874399442091e-01 -2.600536577129800575e-01
-4.197880656617629658e-01 -4.713085150734992457e-01 -1.697979774450639745e-01 -3.018791284646489270e-01 -1.604467036614530828e-01 -2.852537574071867810e-01 4.197880656617629658e-01 4.765431435434070440e-01
-2.175685739519668260e-01 3.382130134432781432e-05 4.396447266130343312e-02 4.110767809633708580e-03 4.392167485887635281e-02 4.106766127869078582e-03 2.175685739519668260e-01 -3.382130134626219363e-05
3.465414951170502356e-01 -2.773868245763655427e-02 -2.800697394767674986e-01 2.515304397609771092e-01 -2.621132211500940001e-01 2.354037030427502120e-01 -3.465414951170502356e-01 2.773974961260614741e-02
-4.375707988354705646e-01 2.865299312812585875e-02 8.982412431214459314e-02 4.951462611000440051e-01 8.023727689282894593e-02 4.422997491884444465e-01 4.375707988354705646e-01 -2.865416932491964691e-02
4.290449450991956626e-01 7.942871276398921765e-02 3.308724241293290458e-01 2.528641481902794697e-01 3.054459811005593162e-01 2.334323811734384246e-01 -4.290449450991956626e-01 -7.945376823534940069e-02
8.780374347568931093e-02 -4.966791069606240061e-01 -3.111597667689492974e-01 4.519841661170630465e-01 -2.727887246667510812e-01 3.962471932825165077e-01 -8.780374347568931093e-02 5.028053987652455481e-01
-2.330443080075151885e-01 3.587970828419417835e-02 -1.872629139418090505e-01 -2.702903524775384092e-01 -1.778924608476834257e-01 -2.567652875494528808e-01 2.330443080075151885e-01 -3.588201777753611404e-02
9.527826291858365604e-02 -1.986365308297586285e-01 -4.199692382509725430e-01 -2.820131514862267430e-03 -3.872070660986068891e-01 -2.600130558204067580e-03 -9.527826291858365604e-02 1.990284056594447959e-01
8.077482508672795269e-02 -2.638885599380925706e-01 -2.189085115953125493e-01 -3.283823131254961503e-01 -2.036242943568271069e-01 -3.054546225824943950e-01 -8.077482508672795269e-02 2.648073825908280887e-01
-1.856317896003822909e-03 -1.523849159970060985e-01 3.936945373739807463e-01 -3.250818461152475969e-01 3.506372572389137576e-01 -2.895285458119906119e-01 1.856317896003822909e-03 1.525618437427921914e-01
2.144744777406429881e-01 -6.513657214128409922e-02 -7.503066031114169476e-03 1.445685490507092608e-01 -7.425662026633232486e-03 1.430771341315122958e-01 -2.144744777406429881e-01 6.515039012586251732e-02
-2.649780856787596894e-01 4.296088906677653085e-03 -9.370196424306520555e-02 3.589636490971821470e-01 -8.785110535749936223e-02 3.365495441968057166e-01 2.649780856787596894e-01 -4.296092871190098847e-03
-3.354596431355714170e-01 2.451062919769667614e-01 -9.692259021884419568e-02 4.032997390954996542e-01 -8.952677292463952219e-02 3.725253739199927416e-01 3.354596431355714170e-01 -2.458425556686153479e-01
4.615268512174669491e-01 1.934461779943943416e-01 2.009628262656931730e-01 -2.347212171157533334e-01 1.920054172234818834e-01 -2.242591132945631338e-01 -4.615268512174669491e-01 -1.938081295646680025e-01
1.500964314948689537e-01 -1.287747147702265060e-01 -4.729477626054578998e-03 1.291914359840128368e-01 -4.690444815579100125e-03 1.281252072724023139e-01 -1.500964314948689537e-01 1.288814878560074761e-01
2.217049798495993596e-01 -3.324072162959915699e-01 5.918111862377684051e-02 -1.494200891826495958e-01 5.843132475984696983e-02 -1.475270146916244363e-01 -2.217049798495993596e-01 3.342436757088098620e-01
3.977251665270069569e-01 -5.157774241900059398e-02 3.796884796653490213e-01 -3.520423753433973291e-01 3.371717286586140561e-01 -3.126213794009156666e-01 -3.977251665270069569e-01 5.158460293831270554e-02
4.456831868184075729e-01 -2.416968660123964829e-01 -1.152141486127600256e-01 -1.370392125159625163e-02 -1.144463797579624437e-01 -1.361260048889255392e-02 -4.456831868184075729e-01 2.424028308357910055e-01
1.773766563468397450e-01 1.153023922855328509e-01 1.316118858266268621e-02 2.413639247951659961e-01 1.279275523563574296e-02 2.346072008028523004e-01 -1.773766563468397450e-01 -1.153790374849707062e-01
3.710469940649624432e-01 3.422802328551366458e-01 2.890361207816668498e-01 4.371582545608185821e-01 2.560099105054942648e-01 3.872071259612336891e-01 -3.710469940649624432e-01 -3.442852378581994777e-01
-2.361057741096750373e-01 -6.405558879914075021e-02 -1.846413538954676525e-01 1.350845199064854008e-01 -1.799910388992012056e-01 1.316823266522038072e-01 2.361057741096750373e-01 6.406873018257262797e-02
2.638007314854574625e-01 3.420963798356596586e-01 3.753455041642286272e-01 3.091981674962875903e-01 3.375485980043133605e-01 2.780622300945662650e-01 -2.638007314854574625e-01 -3.440981556578985856e-01
4.843835309944721779e-01 -4.779765117967539334e-01 3.989571644712186504e-02 1.206715567926246457e-01 3.957734476505743448e-02 1.197085860796078260e-01 -4.843835309944721779e-01 4.834364744345153175e-01
3.750939441332062918e-01 -2.485181928308097810e-01 -3.823929602992504062e-01 1.280488778281886342e-01 -3.546425387210228597e-01 1.187563156963690886e-01 -3.750939441332062918e-01 2.492856330666327891e-01
1.665156451541792704e-01 -4.025594471450625322e-01 -2.832127766608858455e-01 -2.627126957600227630e-01 -2.641860301401098288e-01 -2.450631817481570551e-01 -1.665156451541792704e-01 4.058212677610427699e-01
-8.750301761641110510e-02 2.503536447246709207e-01 2.243538209155836460e-01 2.388632498453173714e-01 2.131979944167059215e-01 2.269859528090654999e-01 8.750301761641110510e-02 -2.511382148360983280e-01
1.767623857029604340e-01 -8.169392437169620269e-02 -2.677049383653949954e-01 1.944569061945191635e-01 -2.541538874091630595e-01 1.846136232848984982e-01 -1.767623857029604340e-01 8.172118521467597319e-02
4.560994531724071877e-01 -4.830246204748936956e-01 2.522191940661999698e-02 7.438543519869467158e-02 2.514447627731779614e-02 7.415703700332254567e-02 -4.560994531724071877e-01 4.886594114217064355e-01
-2.022742816982283642e-01 -3.974840614737147337e-01 -4.075839502309377416e-01 3.479847277514813708e-02 -3.772412776338689988e-01 3.220789317628005438e-02 2.022742816982283642e-01 4.006240579495961573e-01
-2.489637508647714048e-01 5.712538413948231586e-02 4.503916111653711862e-01 3.716838321710014270e-02 4.104259705920182411e-01 3.387023509994560588e-02 2.489637508647714048e-01 -5.713470502995736389e-02
-2.123849485644593305e-01 4.043522287798605452e-01 1.335382694640387946e-01 2.927073205508733400e-01 1.271210871931507946e-01 2.786412686577565134e-01 2.123849485644593305e-01 -4.076578229062714498e-01
1.754864430044265067e-01 3.877995445109633232e-01 -2.441287787763858352e-01 -2.133792605437351275e-01 -2.322268220214590562e-01 -2.029764283003640535e-01 -1.754864430044265067e-01 -3.907155738435051928e-01
-2.692922277499620876e-03 3.633873348881486720e-01 -1.517984306119356530e-01 -2.579930127338601054e-01 -1.454230017513284401e-01 -2.471574850371124343e-01 2.692922277499620876e-03 -3.657866062197274726e-01
1.928968841165060732e-01 -4.976685017138099409e-01 -1.332334480143452238e-01 -4.479673436750736260e-01 -1.207017891284799527e-01 -4.058324741914078881e-01 -1.928968841165060732e-01 5.038314775857094530e-01
-1.977618876307564166e-01 9.921388644336426310e-02 -7.052442728144026063e-02 2.193550211473348499e-01 -6.872373548678091526e-02 2.137542555413831369e-01 1.977618876307564166e-01 -9.926271651835726073e-02
1.953505100011133644e-01 -1.931066777228103160e-01 -2.258670605028331169e-01 -2.725903604349637632e-01 -2.129190915189984046e-01 -2.569639493755256909e-01 -1.953505100011133644e-01 1.934667269481005203e-01
2.503640485122623494e-01 3.162189399436141635e-01 -3.423913385594549164e-01 -4.305931647995181466e-01 -2.999923507243601462e-01 -3.772719726425514675e-01 -2.503640485122623494e-01 -3.177999463862950513e-01
-1.377826186149501142e-01 -4.198999401318038727e-01 -3.538025893711242986e-01 -2.997228727503035151e-01 -3.209748967882962711e-01 -2.719129849137616461e-01 1.377826186149501142e-01 4.236016931783958550e-01
-3.084792130525051412e-01 -1.142279174122772245e-01 2.540684926138104816e-01 -3.861852509054612970e-01 2.306199913332869500e-01 -3.505434235493218864e-01 3.084792130525051412e-01 1.143024398033552214e-01
-1.096255087234154768e-01 1.107105115669051454e-01 1.940650447167685533e-01 3.051094659835703604e-01 1.825002387746597066e-01 2.869272540847184749e-01 1.096255087234154768e-01 -1.107783594929736687e-01
-1.012833492305287297e-01 -9.414204128382908099e-02 -1.460108823510368747e-01 1.041650991139098092e-01 -1.437175168774297851e-01 1.025289974890434552e-01 1.012833492305287297e-01 9.418375902996770077e-02
3.588670385345478220e-01 3.056853917100111895e-01 2.630877217678030400e-01 4.011050532926386802e-01 2.372085277106031065e-01 3.616494852344486199e-01 -3.588670385345478220e-01 -3.071136082522854527e-01
-3.607638827667998260e-01 2.037332014140819103e-01 1.863867407870321014e-01 -6.044512788768952039e-02 1.829085497963979234e-01 -5.931715226904337585e-02 3.607638827667998260e-01 -2.041560213277930635e-01
3.222216571750360359e-01 -1.602137598755878356e-01 2.212105105121897619e-01 2.168210556364749131e-01 2.113057363360978935e-01 2.071128207622427719e-01 -3.222216571750360359e-01 1.604193818106372793e-01
-2.138745971093624076e-01 -4.805195176777661281e-01 6.037266664842289021e-02 -6.521651041486864475e-02 6.013565643371915348e-02 -6.496048430249448669e-02 2.138745971093624076e-01 4.860670916484210458e-01
-1.343593965194881390e-01 -5.456632696111163305e-02 -1.809273016110279908e-02 -1.550177093343741985e-01 -1.787632570423918627e-02 -1.531635655487741943e-01 1.343593965194881390e-01 5.457445047948865369e-02
1.988609124663937022e-01 1.048169199096440352e-01 -2.118131923787587301e-01 -4.303184988144106438e-01 -1.909825085502136199e-01 -3.879989978725228439e-01 -1.988609124663937022e-01 -1.048744989185513149e-01
-4.862840667069686651e-01 2.796392620981638100e-01 1.628228984811607161e-01 -2.837082593000432862e-01 1.547538074874988956e-01 -2.696483955996661908e-01 4.862840667069686651e-01 -2.807326252836280789e-01
-2.675295743982798458e-01 -4.933250652669667335e-01 1.766203951820413121e-01 1.150661846578612257e-01 1.728224452137545608e-01 1.125918633207258907e-01 2.675295743982798458e-01 4.993280819510010904e-01
-2.659366598520925828e-01 3.571979103122105981e-01 8.273381467171825321e-03 -1.690965292557999877e-01 8.157304661982178046e-03 -1.667240791321650262e-01 2.659366598520925828e-01 -3.594766605807780402e-01
2.059546365480220409e-01 -1.179649101878222917e-01 -2.125359976855319966e-01 3.246862506207649490e-01 -1.981397855781514283e-01 3.026934955901433577e-01 -2.059546365480220409e-01 1.180469885210323339e-01
4.133029199647259011e-01 2.543250665544650735e-01 -3.593207269495993783e-01 -3.709179541089486776e-01 -3.192617127558536327e-01 -3.295660184315791219e-01 -4.133029199647259011e-01 -2.551475695812175926e-01
-4.172645107465966507e-01 -1.144211100211109944e-01 -1.305778887928665810e-01 4.932011693979581057e-01 -1.163142762625875015e-01 4.393265781880156817e-01 4.172645107465966507e-01 1.144960111691254168e-01
-2.123087455730070516e-01 3.612659659822257119e-01 -4.964803186977484462e-02 -1.462934295734333867e-01 -4.906596322485005240e-02 -1.445782997866865149e-01 2.123087455730070516e-01 -3.636234630065393603e-01
-6.104185827254604568e-02 -9.044903251118729948e-02 -2.583141724321347255e-01 3.628539558685872635e-01 -2.359659237637699303e-01 3.314613676892393945e-01 6.104185827254604568e-02 9.048603081222296451e-02
2.614028595817373679e-01 -4.500037536600500765e-01 3.860161455900678051e-01 -2.361706331550821325e-01 3.516824434448441172e-01 -2.151647444977551893e-01 -2.614028595817373679e-01 4.545601176784251907e-01
-3.938311476366612718e-01 -1.894107517948575570e-01 1.070584524279025729e-01 -2.143322684645573295e-01 1.041121325580724594e-01 -2.084337017750363952e-01 3.938311476366612718e-01 1.897505209011802196e-01
5.627020498289303507e-02 7.211444654480481109e-02 -4.977833088109095971e-02 1.094183408382309874e-01 -4.942252755688314458e-02 1.086362453217592783e-01 -5.627020498289303507e-02 -7.213319807997152500e-02
-3.311265516470563997e-01 -3.561373533942064906e-01 3.421381746210769847e-01 -9.149245173023179412e-02 3.225094213503522655e-01 -8.624345324260211665e-02 3.311265516470563997e-01 3.583958663447432968e-01
-2.393048638198721489e-01 -3.022655182798573703e-01 3.166849374542809459e-01 -1.921320088165068274e-01 2.969670104476395123e-01 -1.801691887470167619e-01 2.393048638198721489e-01 3.036463343238207657e-01
1.584671967481299237e-02 4.394220308927310192e-02 -2.895910062352262671e-01 4.679632391330932339e-01 -2.537099135157782070e-01 4.099813542986280868e-01 -1.584671967481299237e-02 -4.394644552708776297e-02
-3.247420432955684388e-01 -5.732400675781490484e-02 -1.326006965933480553e-01 3.927142678361561501e-02 -1.313505928994859462e-01 3.890119226036881095e-02 3.247420432955684388e-01 5.733342521179128626e-02
8.543570853972604073e-02 3.622322704573454066e-01 -6.663730240753262812e-02 5.854795239387478034e-02 -6.637667520559699386e-02 5.831896369745133424e-02 -8.543570853972604073e-02 -3.646087354349051846e-01
4.868104591813472437e-01 8.902632672277976944e-02 2.464471998422148591e-01 4.161949949075243183e-01 2.218576025862256107e-01 3.746685855537691401e-01 -4.868104591813472437e-01 -8.906160646212918364e-02
-4.358722270977910540e-01 -3.978549245475254681e-01 1.522147722993194563e-03 -5.417822994418231008e-02 1.519916908020804659e-03 -5.409882792247879685e-02 4.358722270977910540e-01 4.010037183240758862e-01
-2.897418677302878720e-01 2.958692554550050868e-01 4.825118419699181427e-02 4.639014078621862547e-01 4.372881016287055028e-02 4.204219427211205451e-01 2.897418677302878720e-01 -2.971642547167648307e-01
2.695189749791674361e-01 9.078732662142907639e-02 1.570501395672019296e-02 -4.493356108675933269e-01 1.432382979772812634e-02 -4.098185986884489984e-01 -2.695189749791674361e-01 -9.082474161609996322e-02
-1.623853323426235340e-01 3.405409088970601239e-01 -3.422889155881770895e-01 -1.686004931467668388e-01 -3.198001331526503233e-01 -1.575232433842824742e-01 1.623853323426235340e-01 -3.425155031869523414e-01
1.443446575155644673e-01 -9.338618157521261232e-02 1.524427602919167235e-01 -1.250068149356793334e-01 1.495640243351016030e-01 -1.226461806076655503e-01 -1.443446575155644673e-01 9.342690252120901262e-02
4.371343808753194171e-01 1.161056023707532914e-01 -3.609299752327679300e-01 9.218915748963718571e-02 -3.382245119553780599e-01 8.638970143557977988e-02 -4.371343808753194171e-01 -1.161838605126796764e-01
1.030358454066766516e-01 4.450579378728212188e-01 8.105453084089653260e-02 -1.380049057438182958e-01 8.003594441735351062e-02 -1.362706421324612061e-01 -1.030358454066766516e-01 -4.494657153189869359e-01
-3.114157919668684160e-01 -4.293019242340185837e-01 -2.452620499043456359e-01 2.688671811559149027e-01 -2.304741231821476610e-01 2.526559973446066976e-01 3.114157919668684160e-01 4.332579445171206300e-01
4.218051432493947761e-01 -1.625009272985334929e-01 -1.056851847895475816e-01 -1.307860707773322861e-01 -1.042220494110432105e-01 -1.289754316839631931e-01 -4.218051432493947761e-01 1.627154817527759756e-01
5.940054848846365587e-02 -1.923732743899105868e-01 4.293241458202878835e-02 4.260833426562000703e-01 3.946583801344853704e-02 3.916792555277622268e-01 -5.940054848846365587e-02 1.927292368633901076e-01
-2.547840413637725288e-02 -1.613230561728967727e-01 -2.488584450466312381e-01 -3.837831204397379459e-02 -2.413255789293132503e-01 -3.721661272377698587e-02 2.547840413637725288e-02 1.615329788358629837e-01
3.588620568468965377e-01 3.399801376258110297e-01 -3.039503073693983204e-01 -8.143988283616088175e-02 -2.899346600987466882e-01 -7.768455624520068104e-02 -3.588620568468965377e-01 -3.419449932323624375e-01
2.182417639248643848e-01 2.146835249811905877e-01 4.962164099164649844e-01 -3.942136350240188492e-02 4.442232469745576728e-01 -3.529082421548555143e-02 -2.182417639248643848e-01 -2.151782526009891894e-01
4.658868295212896804e-01 1.962131732239706938e-01 -3.342704337919012447e-01 -5.300639127979023257e-02 -3.166276868476101680e-01 -5.020872132983107000e-02 -4.658868295212896804e-01 -1.965908797498598648e-01
-1.989971834041228682e-01 -6.211179711104108936e-02 -3.399115103855020470e-01 4.025477403262238685e-01 -3.007260508328123416e-01 3.561414913036762275e-01 1.989971834041228682e-01 6.212377808956210529e-02
-3.485392064776138277e-01 3.226265541640926937e-01 -3.653673997119655237e-01 2.610501222714398661e-01 -3.333055268303148355e-01 2.381423427525103942e-01 3.485392064776138277e-01 -3.243056300838202954e-01
1.862373292730195029e-01 1.312379974049729947e-01 2.279798010335788438e-01 -1.767922312684273578e-01 2.190463263565846364e-01 -1.698645608609372915e-01 -1.862373292730195029e-01 -1.313510157096973718e-01
-3.560960792246721240e-01 -2.802585848295633397e-01 2.911887384292293213e-01 2.465053590140519058e-01 2.720611037386325703e-01 2.303128905761245571e-01 3.560960792246721240e-01 2.813592285964003348e-01
2.212738667495618428e-01 -3.338056370534931983e-01 2.214633347560728271e-01 1.429871521950439872e-01 2.141475943943069171e-01 1.382637658987100615e-01 -2.212738667495618428e-01 3.356653717928224645e-01
3.838642177332372007e-01 1.613661675387285666e-01 -2.367252786990995395e-01 -7.664681953112284507e-02 -2.297206553731800383e-01 -7.437886528941436981e-02 -3.838642177332372007e-01 -1.615762585434988297e-01
1.524186154656548275e-01 1.601225648754953657e-01 3.944714937366233798e-01 -9.577159393691714317e-02 3.655053010611393760e-01 -8.873904916026677248e-02 -1.524186154656548275e-01 -1.603278358852408825e-01
4.760292128829737290e-01 4.734665032820906116e-01 3.992161010790433728e-01 -4.146733770615629311e-01 3.459916330182047361e-01 -3.593881071202002508e-01 -4.760292128829737290e-01 -4.787733651246025013e-01
-3.592113351167535162e-01 -2.981645761258655547e-02 9.757305485120504329e-02 1.378572248180930382e-01 9.621049557159767895e-02 1.359321171003603224e-01 3.592113351167535162e-01 2.981778298565023258e-02
3.972872749318091534e-01 -2.343040483169323007e-02 -8.895776120390519459e-02 4.174418781068121032e-01 -8.181701979542947700e-02 3.839333402986648824e-01 -3.972872749318091534e-01 2.343104797740991341e-02
4.218198185756552032e-01 4.940300590714350459e-01 -5.227056610706815043e-02 -2.858935220739975414e-01 -5.019367212385561494e-02 -2.745339639123606790e-01 -4.218198185756552032e-01 -5.000588486627227658e-01
3.569753302589676602e-01 1.661944848425744858e-02 4.962679612423012143e-01 2.305004505985087659e-01 4.353542051665171830e-01 2.022079769357559009e-01 -3.569753302589676602e-01 -1.661967800388329183e-02
-3.490933055793229434e-01 -1.357754378259368178e-02 6.042594758063046800e-02 -3.481623643203680674e-01 5.697346398404790763e-02 -3.282698363602640224e-01 3.490933055793229434e-01 1.357766893339655383e-02
3.585246688775270973e-01 -1.373865836241918714e-01 4.188936247919794464e-01 2.098334427964821947e-01 3.793259049517521131e-01 1.900130626658353694e-01 -3.585246688775270973e-01 1.375162427164206835e-01
1.592053923760217149e-01 3.889698056393142700e-02 -4.030996178885009051e-01 -4.662934888955521107e-01 -3.431512631458105700e-01 -3.969470389213688999e-01 -1.592053923760217149e-01 -3.889992307207849193e-02
-4.904885169248291987e-01 1.426141119657727829e-01 2.494083547340700813e-01 2.888616808718244000e-01 2.330160586426072711e-01 2.698763256804261323e-01 4.904885169248291987e-01 -1.427591418533482592e-01
-4.320996418087086344e-01 1.185986915195360591e-01 -1.601365096497286977e-01 -4.528139167695737211e-01 -1.443500888622686051e-01 -4.081750580597259259e-01 4.320996418087086344e-01 -1.186820999016114375e-01
2.005428599226232178e-01 -3.141002081303333471e-01 1.239481604212472332e-01 2.871475973336216070e-01 1.182973814965784937e-01 2.740565793970298758e-01 -2.005428599226232178e-01 3.156496478214690371e-01
3.379915121953250834e-01 -6.865662166253805321e-02 -1.388760336940401130e-01 4.905201977493722776e-02 -1.373938107480254522e-01 4.852848790752405106e-02 -3.379915121953250834e-01 6.867280310722885528e-02
-2.980434024107678770e-01 1.436209078923661453e-01 -1.786606270390616036e-01 2.937865920545057463e-02 -1.758022266170163328e-01 2.890862854864769890e-02 2.980434024107678770e-01 -1.437690310657044335e-01
2.270420172909404233e-02 -4.538669493707937486e-01 2.949379050840418293e-01 1.469465594129434338e-01 2.801216956517988410e-01 1.395646971223391819e-01 -2.270420172909404233e-02 4.585416701966907871e-01
-1.052400278481806506e-01 6.885683221184224490e-02 -2.979251266059044223e-01 -1.810153888257981514e-02 -2.854800973703623401e-01 -1.734539527304801432e-02 1.052400278481806506e-01 -6.887315563056371770e-02
3.646079443869971737e-01 -2.343432871804973505e-02 -2.607837154940160218e-01 1.721106195054248333e-01 -2.489157874199113829e-01 1.642780888230140068e-01 -3.646079443869971737e-01 2.343497218694308437e-02
-3.012261277996569619e-01 3.754291558503760617e-01 -4.925760090758973808e-01 3.151697242110851338e-01 -4.252095126687722160e-01 2.720659601168228248e-01 3.012261277996569619e-01 -3.780749374703762378e-01
4.885254415339282952e-01 3.104530057154897271e-02 2.856178759144405443e-01 -3.986245324555568459e-01 2.564428892258154291e-01 -3.579062637165437710e-01 -4.885254415339282952e-01 -3.104679666117346817e-02
4.074744519429307488e-02 4.081151043755057994e-01 4.572996444002366268e-01 8.555794566696961478e-02 4.146244984908883380e-01 7.757368882410527189e-02 -4.074744519429307488e-02 -4.115138448966365603e-01
2.553484451475777073e-01 2.777080027103422388e-01 -1.994657217449234965e-01 1.936928510905588929e-01 -1.921760392985736310e-01 1.866141442118706417e-01 -2.553484451475777073e-01 -2.787788688567601203e-01
-3.699849869262455959e-01 -2.312912554090684747e-01 4.299637875342297022e-01 -3.561860374373536642e-01 3.754122477293720395e-01 -3.109950298163887683e-01 3.699849869262455959e-01 2.319099091516358957e-01
-1.147770528650824406e-01 -4.899661135044655058e-01 2.908206351933773082e-02 -1.505109238942983207e-01 2.874626618196231623e-02 -1.487730428303905839e-01 1.147770528650824406e-01 4.958473431667265174e-01
-7.004800207706618487e-02 -5.882802785735352646e-02 -3.374517171639429547e-01 6.376934473709106044e-02 -3.191555180859618202e-01 6.031185269589515313e-02 7.004800207706618487e-02 5.883820727357854524e-02
1.933172089324821652e-01 2.180628580650787463e-01 3.005140854088750313e-01 -2.816728138837438777e-01 2.778671378074493714e-01 -2.604457574278308263e-01 -1.933172089324821652e-01 -2.185813178842960502e-01
2.591504901990411280e-01 -1.254101525142282680e-01 2.304118565381070294e-01 1.286645937580371823e-01 2.227845927075592647e-01 1.244054431353759926e-01 -2.591504901990411280e-01 1.255087732168537196e-01
4.801224643902750611e-01 4.515221612644807481e-01 2.724699949720378322e-01 -3.370609089360507848e-01 2.499987809950174888e-01 -3.092627368519346720e-01 -4.801224643902750611e-01 -4.561248034850365896e-01
4.833243751558937706e-01 -1.162826444254039249e-02 -1.277698422607620454e-02 2.704938528380852469e-01 -1.233280000908703981e-02 2.610902957781917055e-01 -4.833243751558937706e-01 1.162834305922107875e-02
3.058675560529411364e-02 -3.870939991688830961e-01 -4.128904925293455097e-01 -4.511784688207969296e-01 -3.522371063996857510e-01 -3.849006000446552611e-01 -3.058675560529411364e-02 3.899941415560740365e-01
-3.495114714718545734e-01 -3.643339705418494612e-01 -1.868109495505211326e-01 -3.372379833366268009e-02 -1.835333463830755574e-01 -3.313211337888535835e-02 3.495114714718545734e-01 3.667520412977320898e-01
-1.039525639529734757e-01 -1.474330091557858324e-01 1.920195204781670606e-01 -8.433334822200366787e-02 1.879310501483291151e-01 -8.253772665622251259e-02 1.039525639529734757e-01 1.475932429783796129e-01
9.911866172736427671e-03 -2.646783217297145052e-01 4.377560712268423471e-01 2.739693170628269003e-01 3.889529606901814818e-01 2.434259260213304243e-01 -9.911866172736427671e-03 2.656054186127777550e-01
1.846982194425064172e-01 8.191534140274403519e-02 3.160931396505399782e-01 2.190325556485966940e-01 2.950291368805855186e-01 2.044365338431472778e-01 -1.846982194425064172e-01 -8.194282450420756203e-02
7.560289375303397286e-02 1.762373858047457942e-01 2.925090245082651030e-02 1.254831102112422547e-01 2.901107818335170799e-02 1.244542908427642564e-01 -7.560289375303397286e-02 -1.765110790825111520e-01
7.212295526306589100e-02 4.753625280725589652e-01 1.020706054001940810e-01 1.302865909730041016e-01 1.007006766017927435e-01 1.285379645950212868e-01 -7.212295526306589100e-02 -4.807334004985424070e-01
1.005073266197362702e-01 -2.032313823758741256e-01 3.360859717983832873e-02 -3.541547752752860490e-01 3.166461108211168773e-02 -3.336697798470427689e-01 -1.005073266197362702e-01 2.036510856121687418e-01
1.408748294444948090e-01 1.876298147536711314e-01 9.868090974459409193e-02 -1.674360634006943904e-01 9.686837441339435362e-02 -1.643606582243919423e-01 -1.408748294444948090e-01 -1.879600896414794220e-01
3.791551671730158946e-01 -5.633176393926120351e-02 -3.708479729405631531e-01 1.375508801735205733e-01 -3.448520148343583447e-01 1.279087432889391973e-01 -3.791551671730158946e-01 5.634070172740946597e-02
5.392302070312016138e-02 6.971010276012590268e-02 2.036945837762338396e-02 4.197961594500652094e-01 1.877833094842419961e-02 3.870044586796981267e-01 -5.392302070312016138e-02 -6.972704056686074292e-02
4.997833836496167192e-01 8.871464458258693231e-02 -2.171485717577315011e-01 -1.441634284861620374e-01 -2.101281527378578151e-01 -1.395026210623691587e-01 -4.997833836496167192e-01 -8.874955507344592376e-02
4.574421476127381592e-01 -3.498073152904815908e-01 2.292099173152076785e-01 3.409358655979052299e-01 2.120157135189003894e-01 3.153605291411529232e-01 -4.574421476127381592e-01 3.519475266577748451e-01
-4.447028425249430761e-01 -4.867340092138414676e-01 -9.256375246560200054e-02 1.890207185085273078e-01 -9.057930038696078434e-02 1.849683486795286880e-01 4.447028425249430761e-01 4.924996168159538890e-01
3.720437859531704472e-01 1.257486681034737375e-01 2.013658315037022417e-01 3.605994148701280322e-01 1.861166404985489797e-01 3.332916570810416368e-01 -3.720437859531704472e-01 -1.258480895747715045e-01
3.293047639084282219e-01 -2.716219509007478106e-02 -3.172263213388671899e-01 -4.246185559141547605e-01 -2.802889201569901401e-01 -3.751765490753963816e-01 -3.293047639084282219e-01 2.716319708286557902e-02
3.894303603588433749e-02 4.362274445050594585e-01 -4.590100777700494294e-01 -4.904745395798519869e-01 -3.810221976738221161e-01 -4.071407056718120421e-01 -3.894303603588433749e-02 -4.403780261324504175e-01
4.512786629968552621e-01 1.448454206197397065e-01 3.230684698662869003e-01 1.084774514403419321e-01 3.057983395885520150e-01 1.026786196343574403e-01 -4.512786629968552621e-01 -1.449973648845460927e-01
-1.102937106782686527e-01 -1.415373235738076607e-01 3.105660335642967951e-01 -4.946149638148082950e-01 2.681786174808660217e-01 -4.271077414965993024e-01 1.102937106782686527e-01 1.416790931174165824e-01
2.396261818511102870e-02 3.274066081578640430e-01 1.419302844061006708e-01 -2.816854343710762931e-01 1.353565434638562548e-01 -2.686386975135585664e-01 -2.396261818511102870e-02 -3.291614271512281475e-01
-4.721483585296638585e-01 3.166751096065825166e-01 -1.843636019339121024e-01 -4.201629431141877813e-01 -1.675667989911509281e-01 -3.818831846081165993e-01 4.721483585296638585e-01 -3.182629680873378941e-01
-4.003408477604015747e-01 1.241258454088502994e-01 -4.117753465649177658e-01 2.561620529562879112e-01 -3.705062848072476767e-01 2.304889094045576847e-01 4.003408477604015747e-01 -1.242214671533703740e-01
-3.682223074667212437e-01 -2.610242741637611719e-01 -2.440489705612106652e-01 -3.756668344254748826e-01 -2.227216074788019862e-01 -3.428374274528209753e-01 3.682223074667212437e-01 2.619135012738768586e-01
-4.262564963128939732e-01 7.347805992810907405e-02 4.875915341617210741e-01 3.810618866172051922e-01 4.146219994821650490e-01 3.240348330233076557e-01 4.262564963128939732e-01 -7.349789542330260883e-02
-1.643513257703272945e-01 1.667043515600197257e-02 -3.561182908358984101e-01 1.418381563768896791e-01 -3.325249621232063690e-01 1.324411825804939491e-01 1.643513257703272945e-01 -1.667066679453934816e-02
-1.976808714822475554e-02 -3.679430064890162333e-01 4.942541894829745042e-01 2.209718011672098248e-01 4.346419696455970372e-01 1.943202929567877935e-01 1.976808714822475554e-02 3.704336505249262168e-01
3.438626421168804459e-01 1.361070226517714365e-01 4.170592096031998652e-01 2.430311178019101126e-01 3.755914831797588227e-01 2.188668080987840603e-01 -3.438626421168804459e-01 -1.362330926091362970e-01
2.681795207460125896e-01 -1.394160920833233952e-01 -3.153497728685309420e-01 7.454298732505959535e-02 -2.999928913164764399e-01 7.091289805474169927e-02 -2.681795207460125896e-01 1.395515825440117874e-01
3.224646958272436859e-01 -4.727129338171039974e-01 -3.455168493928880702e-01 -4.823692562166289610e-01 -2.971467117031064697e-01 -4.148406613550084665e-01 -3.224646958272436859e-01 4.779944967581923887e-01
2.693942246513327810e-01 -2.222151330722754725e-02 1.315031376130052498e-01 -1.160542055998541322e-01 1.295260102276333813e-01 -1.143093502888402058e-01 -2.693942246513327810e-01 2.222206195156199368e-02
-2.636188736174005509e-01 3.656733757818554365e-01 3.511967481030193738e-01 9.519803265522264191e-03 3.313427858866872522e-01 8.981626829204147552e-03 2.636188736174005509e-01 -3.681182134459658473e-01
8.270560875678567569e-03 2.866252858717233121e-02 -3.294525749231215217e-01 2.076878777269545173e-01 -3.069928535912792578e-01 1.935292029652300738e-01 -8.270560875678567569e-03 -2.866370595864017531e-02
-1.460101389810286587e-02 2.414746914323703253e-01 -6.540889138756944554e-03 2.625084927257532730e-01 -6.326410714855240300e-03 2.539007321313990762e-01 1.460101389810286587e-02 -2.421787112164312250e-01
-1.527535509827682159e-01 2.556076480725114619e-01 -3.235266608029312430e-01 4.566674798066118202e-01 -2.823203668167980074e-01 3.985035733757903431e-01 1.527535509827682159e-01 -2.564426578044008975e-01
1.863692763653079787e-01 -1.472739204075985686e-01 2.044941940057354302e-01 -1.255813399003062880e-01 1.988486341487719633e-01 -1.221143614133524402e-01 -1.863692763653079787e-01 1.474336360850035665e-01
5.425970628900711468e-03 -4.280545133158042415e-01 3.684207395594658596e-01 -1.182648496989487930e-01 3.435958805494296331e-01 -1.102959491882714999e-01 -5.425970628900711468e-03 4.319761490016819083e-01
1.950420734041188320e-01 1.015322978465753589e-01 4.327992270139369158e-01 -3.141268786765825105e-01 3.816519927470016227e-01 -2.770040742666408096e-01 -1.950420734041188320e-01 -1.015846316922825038e-01
-4.977949065143431051e-01 3.680322979483626744e-01 -4.174373777908717553e-01 -2.334189872133654031e-01 -3.765837886322221384e-01 -2.105748340234699922e-01 4.977949065143431051e-01 -3.705247556935505338e-01
9.601464632640555052e-02 2.772633154811368073e-01 2.079678038256438377e-01 5.310921919935263080e-02 2.033365654379655774e-01 5.192652913785700264e-02 -9.601464632640555052e-02 -2.783290456029535176e-01
-3.648445683115236760e-01 2.578350970869409675e-01 1.578282712789486064e-01 -3.740838713626759571e-02 1.557921960126273375e-01 -3.692579747610140462e-02 3.648445683115236760e-01 -2.586921272494590029e-01
-1.894801563546123502e-01 -2.442175174122951375e-01 6.695629738452113511e-02 3.186072652942861794e-01 6.366710405585422616e-02 3.029558488867677979e-01 1.894801563546123502e-01 2.449458008619944671e-01
-2.037349865977839958e-01 -4.970664873749430779e-01 -1.220883850915339686e-01 2.843259137230199629e-01 -1.166324084560318164e-01 2.716197456385002762e-01 2.037349865977839958e-01 5.032071248015109743e-01
-3.012574162636451058e-01 6.919665682215137004e-03 3.287673045882085754e-01 -1.470317955862825432e-01 3.093184660346714465e-01 -1.383338575167533391e-01 3.012574162636451058e-01 -6.919682248508261628e-03
-3.815277351209235279e-01 9.458323216772968056e-02 1.185478231458052534e-01 2.029906258095844906e-01 1.154022021656335023e-01 1.976043474758231444e-01 3.815277351209235279e-01 -9.462553918981703172e-02
