8.396454350096671515e-02 -9.553803087523293769e-03 8.354445665487042483e-03 4.319170949080046729e-01 7.669400353284236763e-03 3.965008874210973477e-01 -8.396454350096671515e-02 9.553846688765429626e-03
-3.121455281030021123e-01 -4.193848457014293096e-01 -3.942957378713438654e-01 -1.404793914391873066e-01 -3.637186145895670020e-01 -1.295853967595222700e-01 3.121455281030021123e-01 4.230729925471830577e-01
2.765942549387567784e-01 -4.534592063701674558e-01 -1.363273861907741136e-01 1.807587288216468968e-01 -1.329622239461654420e-01 1.762968047239982794e-01 -2.765942549387567784e-01 4.581213395456613102e-01
4.030514393073972856e-01 -3.437257526966329690e-01 -2.556828047966857032e-01 -4.807105711760764066e-01 -2.245549186053506507e-01 -4.221868704428993202e-01 -4.030514393073972856e-01 3.457562677771856552e-01
4.971032627797785652e-01 -5.560848536008111687e-02 3.302670472960479442e-01 2.029262019509381343e-02 3.135479148102734426e-01 1.926534542365361535e-02 -4.971032627797785652e-01 5.561708327617705117e-02
1.309292421381573757e-01 -4.648224831789448119e-01 2.423423003217383132e-01 -7.317315889647801885e-02 2.349314984061292855e-01 -7.093553143564575170e-02 -1.309292421381573757e-01 4.698439590904476826e-01
1.476363959130116976e-01 -4.944771888818587646e-01 -2.668209369946262788e-01 -3.610259917774576444e-01 -2.434176251360543886e-01 -3.293597965763358504e-01 -1.476363959130116976e-01 5.005223626504415879e-01
3.971031932720414659e-03 -2.960394220678124189e-01 2.515666895067287800e-01 4.536059996818303519e-01 2.233133877597324735e-01 4.026617860087563505e-01 -3.971031932720414659e-03 2.973366570374015305e-01
-2.537563435803213974e-02 4.753971548028012029e-01 3.513017040233543664e-01 -3.069763264417975090e-01 3.183607301114704247e-01 -2.781916691370525108e-01 2.537563435803213974e-02 -4.807692010021912266e-01
-2.101791659000599166e-01 3.748790789887398445e-01 -5.422411507498114958e-02 -4.806085251887680654e-01 -4.881441905122348851e-02 -4.326603747375803444e-01 2.101791659000599166e-01 -3.775132478835515615e-01
1.053775013126169169e-01 2.607188416718863033e-01 3.327906127608446507e-01 1.818751953904796936e-01 3.111649500572089555e-01 1.700564376525657562e-01 -1.053775013126169169e-01 -2.616049508976123206e-01
-8.859896092260000078e-02 -3.706810481588244111e-01 -4.144281290992494204e-01 3.528940049781873478e-01 -3.639980039200986228e-01 3.099517247697899935e-01 8.859896092260000078e-02 3.732277092409362895e-01
-4.043716386991135225e-01 -1.614093029579248828e-01 -3.080492748670675685e-01 1.497484975121692319e-01 -2.914282208642145489e-01 1.416686931851831310e-01 4.043716386991135225e-01 1.616195624884724513e-01
-1.319031514705096830e-01 -1.529589617264628387e-01 -4.776525751199397485e-01 -3.907513184950242024e-01 -4.064813908387543417e-01 -3.325285943953115164e-01 1.319031514705096830e-01 1.531378965153686045e-01
1.341751566721078870e-01 1.357565624246261926e-01 1.403020353252391050e-01 1.085162340487360044e-01 1.381457996092599061e-01 1.068484993000772959e-01 -1.341751566721078870e-01 -1.358816610396375579e-01
-6.850636911963925435e-02 -1.659395992301159195e-01 1.747126226762929502e-01 8.703387359301317794e-03 1.720993228334193881e-01 8.573204660019933740e-03 6.850636911963925435e-02 1.661680644604041635e-01
-3.212429843321323863e-01 -7.145125133578289489e-02 6.118036332261611587e-02 2.721321216338382643e-01 5.893091414503043995e-02 2.621265030994090472e-01 3.212429843321323863e-01 7.146949027271054522e-02
-4.689263726069642368e-01 -3.671223639263255789e-01 3.112542685171406642e-01 4.353812021037872793e-02 2.969347141653478350e-01 4.153510678441803966e-02 4.689263726069642368e-01 3.695963800619079254e-01
-3.370478013385926896e-01 4.645995744541487893e-01 -4.616975298491954316e-01 1.847626109478683887e-02 -4.191182676597634549e-01 1.677231962970624282e-02 3.370478013385926896e-01 -4.696138295826489117e-01
-1.525299757158530278e-01 2.717537011492010546e-02 -4.327433433327781964e-01 4.329063958907081178e-01 -3.690884190232129880e-01 3.692274871608313691e-01 1.525299757158530278e-01 -2.717637356646828567e-02
-6.518377161641120132e-02 4.941781261207796039e-01 -2.132601228974650986e-01 -4.860501237170312683e-01 -1.883702415989256806e-01 -4.293225474590269819e-01 6.518377161641120132e-02 -5.002123380500763661e-01
2.776419452478613437e-01 3.026913580003992577e-01 -4.297940216307518657e-01 2.077514612639583813e-01 -3.878660577017245537e-01 1.874845535460993307e-01 -2.776419452478613437e-01 -3.040780182614897242e-01
-1.370061492120344671e-01 -2.648381966357414852e-01 2.515570486165707997e-02 6.043549054098162898e-02 2.510197813199707695e-02 6.030641440179086710e-02 1.370061492120344671e-01 2.657669745300094699e-01
3.192827337531707332e-01 -1.998721259514772974e-01 4.452743369363185710e-01 -4.734935038680259112e-01 3.733419745504851228e-01 -3.970024432290564231e-01 -3.192827337531707332e-01 2.002713591976347796e-01
2.835706727666782445e-01 6.081190382087486856e-02 4.636655912101782517e-01 -4.662855314712419652e-01 3.874106027611227132e-01 -3.895996645655314672e-01 -2.835706727666782445e-01 -6.082314820838832792e-02
-8.744670015790745321e-02 -2.112847555341218486e-01 2.541841715762984677e-01 1.229064147697246367e-01 2.446210459771168411e-01 1.182823287218049413e-01 8.744670015790745321e-02 2.117563562918093889e-01
4.840406473734805148e-01 -4.624134932093122430e-01 -2.402426513899957872e-02 -3.813087040000932015e-01 -2.244206552554327966e-02 -3.561963236385770615e-01 -4.840406473734805148e-01 4.673573001082131362e-01
-4.951752593681278958e-01 -4.259819651613552249e-01 1.850528169279954671e-01 2.050668322447180003e-01 1.783732172129230964e-01 1.976648138535816446e-01 4.951752593681278958e-01 4.298469130485820799e-01
1.865324672428712027e-01 2.388874005666246081e-01 -3.071781446395257520e-01 1.824587902077147161e-01 -2.892698853501255440e-01 1.718215773014890035e-01 -1.865324672428712027e-01 -2.395690322022471230e-01
-4.811105071618718698e-01 -3.812020347625312278e-01 3.095686175146429298e-01 3.047708898891778873e-01 2.839340673555296735e-01 2.795336267369070704e-01 4.811105071618718698e-01 3.839717532809194256e-01
-1.483152637298799092e-01 1.656633143025861843e-01 4.265913555323699313e-01 -1.787514722814190771e-01 3.871816995076635681e-01 -1.622379308203427128e-01 1.483152637298799092e-01 -1.658906402666119606e-01
-1.625842484898498697e-03 -4.015284280845987652e-01 -7.507338028657972728e-02 -3.028547280189305413e-01 -7.166580806822668570e-02 -2.891081862559954918e-01 1.625842484898498697e-03 4.047652507027011959e-01
4.388039133107717316e-01 4.370862454288305665e-01 3.490757017000689633e-01 1.642858466118694016e-01 3.256785449386314646e-01 1.532744193250568099e-01 -4.388039133107717316e-01 -4.412613890969362407e-01
3.778930732614956822e-01 -3.079978748283141998e-01 3.556710819698671866e-02 5.074192407659228188e-02 3.549901960132463563e-02 5.064478527260427715e-02 -3.778930732614956822e-01 3.094587501881798097e-01
1.207320313953527124e-01 1.851917780127232405e-02 -1.291914311885677957e-01 2.770816516537946139e-01 -1.235467519127430719e-01 2.649752987601681764e-01 -1.207320313953527124e-01 -1.851949536808366117e-02
3.510584823299549573e-01 3.756508111233913816e-02 3.157171483717987615e-01 2.083668432975328555e-01 2.952957440055305471e-01 1.948891352115255382e-01 -3.510584823299549573e-01 -3.756773158297502940e-02
3.654240312144623193e-01 1.033300064753612801e-01 4.953701497673248522e-01 -2.357087436386590129e-01 4.343096683751251907e-01 -2.066547334975812056e-01 -3.654240312144623193e-01 -1.033851696655338354e-01
-2.593497481409215988e-01 -1.194639766323782881e-01 -1.373105790487516575e-01 -4.073366736907690910e-02 -1.359235275684553823e-01 -4.032219365733825250e-02 2.593497481409215988e-01 1.195492239859825973e-01
-1.147339412117419633e-01 -3.888822790708819088e-01 -4.920113113144612971e-01 4.101484301967656121e-01 -4.143046588876699854e-01 3.453709326560147064e-01 1.147339412117419633e-01 3.918228012821200479e-01
-2.672716720227092946e-01 -4.423711088370205768e-01 4.101074350793245671e-01 1.293130766229996231e-01 3.767514775701667484e-01 1.187954387548128821e-01 2.672716720227092946e-01 4.466995375665546719e-01
-1.745771998353027321e-01 7.597595338079432548e-02 -5.556515546464158017e-02 -4.453672615769423970e-01 -5.069341905530635323e-02 -4.063191947514838698e-01 1.745771998353027321e-01 -7.599788135339469175e-02
3.157811184723946507e-01 4.059997795645866603e-01 -1.217890603523704707e-01 -4.539355350836475900e-01 -1.102224355901282454e-01 -4.108240931744235880e-01 -3.157811184723946507e-01 -4.093459449142358708e-01
-1.688357196106823332e-01 4.007952388462205917e-01 1.289905519571317161e-01 3.404610964798034933e-01 1.212072963501087952e-01 3.199177644454521685e-01 1.688357196106823332e-01 -4.040143625479648559e-01
1.058045525327033776e-02 4.695934490892916813e-02 -2.239744812752332281e-01 3.304932248871206291e-02 -2.184460142732632115e-01 3.223355058569878084e-02 -1.058045525327033776e-02 -4.696452259951387764e-02
4.600426255523176744e-01 3.593716531904720402e-01 1.081800344330248187e-01 1.449121088352156583e-03 1.075524140986857669e-01 1.440713826635740477e-03 -4.600426255523176744e-01 -3.616922594363551346e-01
1.322237729028609143e-01 -1.380052292136753067e-01 -2.602869962436145101e-01 3.869404431618383988e-02 -2.517175771444433163e-01 3.742012173390878854e-02 -1.322237729028609143e-01 1.381366477520131197e-01
-3.876647605973940758e-01 4.309043435713575398e-01 4.974129602792045635e-01 1.657409275677547145e-01 4.405353762067888423e-01 1.467889816098454925e-01 3.876647605973940758e-01 -4.349048283277949789e-01
1.702153883440082893e-01 -2.837147764680858497e-02 -1.985152044950000416e-02 -4.689048238449381456e-01 -1.797076448853103178e-02 -4.244802396012821721e-01 -1.702153883440082893e-01 2.837261951472466043e-02
-4.321035964346308100e-01 -2.145549351836916196e-01 2.552376792784039061e-02 2.504328383011004133e-01 2.475158299498033884e-02 2.428563525339439422e-01 4.321035964346308100e-01 2.150487743492803250e-01
3.768501280835176992e-01 2.463804314117105099e-01 3.876890408530160315e-01 -3.858245740746300001e-01 3.401352456860533557e-01 -3.384994737169915724e-01 -3.768501280835176992e-01 -2.471282368830255149e-01
1.076761307177875882e-01 2.553021617727033732e-01 -8.547896151686595889e-02 9.073341696026282488e-02 -8.482246517139858943e-02 9.003656529537183706e-02 -1.076761307177875882e-01 -2.561341812267647344e-01
-1.747954870285927109e-01 3.369959109683958731e-01 -2.561917975932104241e-01 4.595043362603682402e-01 -2.267291945796004182e-01 4.066603577666930702e-01 1.747954870285927109e-01 -3.389094789611565295e-01
1.180779974824545109e-01 4.070602173521389311e-01 -9.515477405077965578e-02 -9.293426107118130108e-02 -9.432407850381645253e-02 -9.212295047113774893e-02 -1.180779974824545109e-01 -4.104326709651497374e-01
1.378408620215795244e-01 -4.654502936272232327e-01 -1.208453491138821168e-01 -1.559157043236691909e-02 -1.199581390358075289e-01 -1.547710182830364101e-02 -1.378408620215795244e-01 4.704921437355338298e-01
-4.886011957225701030e-01 -2.859747660759837107e-02 3.816126715202339259e-02 -3.582252496916571438e-02 3.810910223326430951e-02 -3.577355701699270335e-02 4.886011957225701030e-01 2.859864598082057993e-02
3.273510551834774018e-01 -7.564517755984323522e-03 -3.854482928736575609e-01 1.007221355789565953e-01 -3.580780907316499784e-01 9.356998245767048084e-02 -3.273510551834774018e-01 7.564539398799176306e-03
-3.111003877606471901e-01 -1.864653035033440043e-01 2.882903516923461806e-01 4.466348346690129922e-03 2.770062448069818273e-01 4.291528926492864382e-03 3.111003877606471901e-01 1.867894669949363984e-01
-4.168903837601680706e-01 1.376272442963188958e-01 8.726924321031181986e-02 3.705816319131606251e-01 8.155837821936152976e-02 3.463309155080477320e-01 4.168903837601680706e-01 -1.377575859559851679e-01
-1.421481090159086857e-01 1.608817214813924590e-01 2.755692007196154369e-01 5.570641559110556251e-02 2.652843221243513794e-01 5.362732358867677851e-02 1.421481090159086857e-01 -1.610899259845414710e-01
-4.708531739020761497e-01 4.061529745858065699e-01 -3.133446864967545098e-01 -4.334198797440560469e-01 -2.763092901654303768e-01 -3.821923411390182324e-01 4.708531739020761497e-01 -4.095029291689439854e-01
4.403703396854395935e-01 2.090878069882572410e-01 -3.860021043837014165e-01 -2.945233322467633030e-01 -3.472368722982500100e-01 -2.649450859121861290e-01 -4.403703396854395935e-01 -2.095448490045598022e-01
4.738552412004461978e-01 -1.516136508477907707e-01 -3.666159775483098793e-01 7.149068781309841913e-02 -3.434399058040969455e-01 6.697131765122059377e-02 -4.738552412004461978e-01 1.517879057165426593e-01
2.783445107689045406e-01 4.933046142816267521e-01 3.751139059801812392e-01 1.284251271635993286e-01 3.487051033451761262e-01 1.193837299171370270e-01 -2.783445107689045406e-01 -4.993068844243304660e-01
2.183735146215615153e-03 -3.346992855033449343e-01 2.796703923195787977e-01 2.542399332480050900e-01 2.616081174643167806e-01 2.378200630020997075e-01 -2.183735146215615153e-03 3.365739966433949348e-01
-3.135909414030645381e-01 -2.466737420225800781e-01 4.915982242535164026e-01 -2.399432307157565170e-01 4.312859913184053373e-01 -2.105055490721611799e-01 3.135909414030645381e-01 2.474242214136621321e-01
3.081912920617538854e-01 -2.694874630192911624e-03 -4.178580154054045703e-02 2.604540717745943423e-01 -4.040374467670532210e-02 2.518396064696593051e-01 -3.081912920617538854e-01 2.694875608748952076e-03
4.328501164099995968e-01 -3.244098911048716172e-01 -2.429952673349966563e-01 -2.976465280665339108e-01 -2.268271036698073784e-01 -2.778420362633226559e-01 -4.328501164099995968e-01 3.261169647829295637e-01
3.666791945821435972e-01 1.244979612498555710e-01 -3.394551039589381869e-01 2.255419427047297143e-01 -3.143508532811949974e-01 2.088620890157728560e-01 -3.666791945821435972e-01 -1.245944455660126515e-01
-1.408910852067197794e-01 3.151044634317388127e-01 -3.831491941508745613e-01 -2.770198909779029162e-01 -3.463843328639857888e-01 -2.504386061390231344e-01 1.408910852067197794e-01 -3.166688125050187153e-01
4.351378963822822854e-01 -2.999390988369869948e-01 2.262073424456433335e-01 3.595635366986006387e-01 2.082005397203371688e-01 3.309411692610763622e-01 -4.351378963822822854e-01 3.012882768381778265e-01
-2.960064499916885694e-01 2.061540037626332644e-01 -4.235354538739399821e-01 -1.922094786466828076e-01 -3.840295462032823903e-01 -1.742808498922617799e-01 2.960064499916885694e-01 -2.065920755912267759e-01
-1.758372077098184771e-01 -3.959494033570543081e-02 -4.574783814746794519e-01 2.609460082090966360e-01 -4.047721660279348654e-01 2.308823438140658602e-01 1.758372077098184771e-01 3.959804410250301887e-02
-3.291490246082832138e-01 1.852707975847257549e-01 -3.468278842163083908e-01 -3.529274023148106787e-01 -3.108536420311951987e-01 -3.163204960583416714e-01 3.291490246082832138e-01 -1.855887710777636979e-01
2.493853878408158753e-02 8.702931447484985039e-02 4.297482505146191789e-01 2.934053378257613920e-01 3.812243193403958563e-01 2.602762200183983410e-01 -2.493853878408158753e-02 -8.706227291825449632e-02
4.847494372852713118e-01 -3.589153676116672020e-01 3.280176953974981435e-01 -2.619185963199334166e-01 3.024525474590841756e-01 -2.415051010826520794e-01 -4.847494372852713118e-01 3.612271458213189845e-01
1.023045990363207203e-01 -1.098814809654939939e-01 -4.913099763333867998e-01 4.406258639492578455e-01 -4.100609761872593406e-01 3.677586057845105283e-01 -1.023045990363207203e-01 1.099478160851346947e-01
1.791332192952086455e-01 -1.808454537563453091e-02 -4.612365263458839681e-01 5.417783305120693615e-02 -4.183261968735487724e-01 4.913749358645889270e-02 -1.791332192952086455e-01 1.808484110386938959e-02
-2.399690644272806095e-01 3.642739218917026012e-01 2.134274972181188224e-01 3.536770300076039764e-01 1.972599532596738536e-01 3.268853138310495732e-01 2.399690644272806095e-01 -3.666907972227875789e-01
6.263106093106984851e-03 3.150758053518654123e-01 -2.652712511270266527e-01 -2.775535044516451721e-01 -2.476463078328257905e-01 -2.591125133669215930e-01 -6.263106093106984851e-03 -3.166397276413128736e-01
-2.294264779880849092e-01 1.718430747285799587e-01 9.338023343092238804e-02 3.224482932491207210e-01 8.852528267799590622e-02 3.056838183000649689e-01 2.294264779880849092e-01 -1.720968013921412298e-01
1.568532942055742563e-01 -2.167263144157570709e-01 2.698075661208828580e-01 -2.772636615061730980e-01 2.516328211869161002e-01 -2.585866599684376599e-01 -1.568532942055742563e-01 2.172352993657792608e-01
-1.418313827379770187e-01 -2.162124506280539427e-01 4.333708535075281310e-01 1.741889411022522482e-01 3.926530209351789535e-01 1.578228286091030164e-01 1.418313827379770187e-01 2.167178237053914991e-01
-1.842380232338558521e-02 -1.701252879568406762e-01 -1.206934656766814884e-01 -4.706429018799278552e-01 -1.085580252458234196e-01 -4.233208793665456660e-01 1.842380232338558521e-02 1.703714814805072642e-01
1.687010516724644082e-01 1.799532058019762681e-01 -1.877728379503328382e-01 -1.080512256938404025e-02 -1.845371679456638825e-01 -1.061893051212933065e-02 -1.687010516724644082e-01 -1.802445784412905760e-01
-3.155678214171969698e-01 6.176117808970138512e-02 2.110647431257864914e-01 -4.578922750387512952e-01 1.884646620537076545e-01 -4.088627574371917484e-01 3.155678214171969698e-01 -6.177295731474075069e-02
1.842239682340508500e-01 -3.348997573947645190e-01 -4.447694525670103927e-01 -4.555345889645904256e-01 -3.751850644212869068e-01 -3.842659902122088633e-01 -1.842239682340508500e-01 3.367778391906994240e-01
-3.167743900556030390e-02 -2.658478760103084593e-01 8.148067558104288288e-02 4.719458108535938834e-01 7.348741510835840596e-02 4.256478909082329065e-01 3.167743900556030390e-02 2.667873171807343957e-01
2.876666877281190970e-01 -1.536021839782887310e-01 -1.937208813973757549e-01 -3.272791903010928705e-01 -1.810681572592262867e-01 -3.059032122383957830e-01 -2.876666877281190970e-01 1.537833856401754906e-01
1.312191816977066328e-01 -3.239644515239561429e-01 -3.031597314322986847e-01 3.879652580846493226e-02 -2.899210812353172351e-01 3.710232443280785802e-02 -1.312191816977066328e-01 3.256645030248462303e-01
-3.108502135453680149e-01 3.089634813124420010e-02 -3.750950530492376256e-01 7.923390206605440689e-02 -3.502389894470450127e-01 7.398338518188418700e-02 3.108502135453680149e-01 -3.089782278972989099e-02
2.037528074280633428e-01 -3.487410207692642761e-02 1.665075642125268818e-02 -3.134928962760229476e-01 1.588631086132828718e-02 -2.991002616975623196e-01 -2.037528074280633428e-01 3.487622277629729567e-02
4.721791107298494161e-01 1.425864062397809162e-01 -1.803962611778483494e-01 1.813449244602832744e-01 -1.747693687803268670e-01 1.756884415037508196e-01 -4.721791107298494161e-01 -1.427313516186557163e-01
-4.636340399878244867e-01 2.847788445757889475e-01 -4.188748616363711097e-01 4.884776797646084301e-01 -3.522486733997947650e-01 4.107804751287861822e-01 4.636340399878244867e-01 -2.859336084137389933e-01
3.959828118067932889e-01 3.246842296949982165e-01 -3.882012744081070332e-01 3.238298191015573924e-01 -3.464473044719256212e-01 2.889994838538915145e-01 -3.959828118067932889e-01 -3.263956378185597362e-01
-6.953118170750949290e-02 4.177487359855984739e-01 -2.903422184838407860e-01 -4.355235115178682781e-01 -2.572343722454649706e-01 -3.858605808981740992e-01 6.953118170750949290e-02 -4.213938862652344963e-01
2.669540514384631802e-01 1.154586310533649574e-01 4.716566666028099153e-02 -3.550846737861471647e-01 4.440294869140862938e-02 -3.342856714990389277e-01 -2.669540514384631802e-01 -1.155355882459476874e-01
4.338601754254034493e-02 1.384901892241859889e-01 2.889194253627275222e-01 5.797331917683323788e-02 2.771372266164452980e-01 5.560915426246115095e-02 -4.338601754254034493e-02 -1.386229980785224081e-01
4.788777962169427083e-01 4.743046815770382008e-01 2.637234691918560747e-01 -4.339161504738585640e-01 2.351458059625823049e-01 -3.868960287684076182e-01 -4.788777962169427083e-01 -4.796397775744271619e-01
6.228338396163346502e-02 4.178501082011500944e-01 -1.083396490831373127e-01 -4.937398728944453197e-01 -9.668880774785801324e-02 -4.406431075949765463e-01 -6.228338396163346502e-02 -4.214979127554978611e-01
-2.499832314043242132e-01 -8.117291609423216148e-02 -3.062829944755292022e-01 -3.438780158067723525e-01 -2.782022133402746178e-01 -3.123504302951088940e-01 2.499832314043242132e-01 8.119965868314951707e-02
4.291271120490336433e-01 5.842885196866831610e-02 -2.242016301698288583e-01 2.228805884166673579e-02 -2.187189204123368980e-01 2.174301839038100120e-02 -4.291271120490336433e-01 -5.843882557136719641e-02
-2.206376317712667179e-01 2.447911570524001768e-01 -1.034095668357198905e-01 3.782165670386287148e-01 -9.627344163020867818e-02 3.521164598650438071e-01 2.206376317712667179e-01 -2.455245845351203826e-01
-1.844110767018136698e-02 -1.716627312707693642e-01 9.231001581054087968e-02 2.722166117416519038e-01 8.871768404674329478e-02 2.616230442678910695e-01 1.844110767018136698e-02 1.719156599398933560e-01
