4.054003208000718228e-01 2.993050539876128679e-01 9.001275323917401483e-02 -2.123635068269468240e-01 8.770987784536340981e-02 -2.069304245489761163e-01 -4.054003208000718228e-01 -3.006456939324126387e-01
5.509275319711792740e-03 3.584071488088783619e-01 -1.545068322580642750e-01 -7.106657201993837880e-02 -1.523197748726906053e-01 -7.006061863316649652e-02 -5.509275319711792740e-03 -3.607091205871013617e-01
-4.274307558375822769e-01 3.231665195322287465e-01 -4.688179219989607738e-01 2.191532098996505917e-01 -4.163664090164040377e-01 1.946342721738740233e-01 4.274307558375822769e-01 -3.248540401483594464e-01
-2.763615195482072018e-01 -1.412653748453441827e-01 -3.521798212600454336e-01 1.679463861398267088e-02 -3.321397948932858779e-01 1.583897624968186313e-02 2.763615195482072018e-01 1.414063287733372254e-01
-3.682151230069569126e-01 2.318930834422993081e-01 -1.077790008357765172e-01 8.907904782056208504e-02 -1.067405884428811874e-01 8.822080283325578476e-02 3.682151230069569126e-01 -2.325165790385219644e-01
-2.174335976716312846e-02 2.863193424937855447e-01 2.983542760931409132e-01 4.342988202411338650e-01 2.639548161146804128e-01 3.842253133981697877e-01 2.174335976716312846e-02 -2.874929478111331593e-01
-1.763890441763216188e-02 4.357780041764939272e-01 2.731425951214192516e-01 4.340743976947658567e-01 2.430429539054332344e-01 3.862404682197613237e-01 1.763890441763216188e-02 -4.399157701212894622e-01
2.906135259730081577e-01 1.774716014907203876e-01 4.156979245340342022e-02 -2.706124248145431732e-01 4.009423019079916273e-02 -2.610067602614722371e-01 -2.906135259730081577e-01 -1.777510852713616862e-01
5.148280673048544198e-02 4.381454496248549102e-01 1.746996465970152013e-01 2.732792157092556184e-02 1.720309200376666792e-01 2.691045793245379347e-02 -5.148280673048544198e-02 -4.423510201606058456e-01
1.734901437201955554e-01 1.979980445233677777e-01 2.229083490535483936e-01 2.611122973496388111e-01 2.108293739129469824e-01 2.469631236556828757e-01 -1.734901437201955554e-01 -1.983861526241054718e-01
4.111216648007268715e-01 -1.782693355133261326e-01 2.954978729020554251e-01 4.083417255947481284e-01 2.638729438433698449e-01 3.646399622730354673e-01 -4.111216648007268715e-01 1.785526050951248833e-01
-5.239522287162701186e-02 3.002165553338793647e-01 -2.186843780258597159e-01 -3.919041658671433837e-01 -1.995132877872918820e-01 -3.575476645178736201e-01 5.239522287162701186e-02 -3.015694809417240885e-01
4.739682557652591388e-01 -2.832747038478110602e-01 -4.249655640586691430e-02 2.803285254063051513e-01 -4.088494838251439251e-02 2.696975534187251999e-01 -4.739682557652591388e-01 2.844112665156882103e-01
-3.635154867444562177e-01 -4.566136664069755380e-01 4.224634469046897323e-01 1.413228004976969654e-01 3.859043122991645536e-01 1.290930103843035415e-01 3.635154867444562177e-01 4.613737734777443866e-01
1.045272392745598689e-01 4.636986510872876943e-01 2.456297151566768644e-01 -6.079029859185924867e-02 2.381245032488706059e-01 -5.893285201793922734e-02 -1.045272392745598689e-01 -4.686837927240499191e-01
3.109665739550673269e-01 -2.217741017820878957e-01 4.191635581524023602e-01 4.542856257909073658e-01 3.565479514084673451e-01 3.864234046108792620e-01 -3.109665739550673269e-01 2.223194859056449313e-01
1.480564419758134687e-01 4.076733746613317999e-01 -1.021409800718835470e-01 -3.275511290648823737e-01 -9.661243313236758667e-02 -3.098218906059189703e-01 -1.480564419758134687e-01 -4.110610910846007604e-01
3.419721853830142155e-01 -3.578678201476265253e-01 -4.484003628872286207e-01 3.250836433749690890e-01 -3.922572570401308689e-01 2.843807204744557837e-01 -3.419721853830142155e-01 3.601594155809413889e-01
-2.086575404536206158e-01 1.129303162280624884e-01 -1.216990326250799725e-02 3.929557795200007142e-01 -1.132604884571540571e-02 3.657084413120064714e-01 2.086575404536206158e-01 -1.130023276915392699e-01
1.645489927793860607e-01 2.655397701329820226e-02 -2.551053217881589230e-01 -6.957011090623632654e-02 -2.466289899539278185e-01 -6.725851920108479043e-02 -1.645489927793860607e-01 -2.655491319194093827e-02
1.526147399155839413e-01 -1.371023319526305517e-01 2.148068875531423672e-01 -3.544248794758475540e-01 1.984399251574474887e-01 -3.274198856390239110e-01 -1.526147399155839413e-01 1.372311879181430383e-01
-4.005996305839344407e-01 5.217784791402002575e-03 -1.714231101704908333e-01 -2.398023911070449321e-01 -1.644282218017769914e-01 -2.300172988013682585e-01 4.005996305839344407e-01 -5.217791894184110706e-03
3.392884106018829726e-01 1.532102653121092395e-03 4.646029790750422217e-01 -1.042952826218683793e-01 4.194757789864739239e-01 -9.416501161813761733e-02 -3.392884106018829726e-01 -1.532102832939272706e-03
4.489558069066826862e-01 -1.409579368534794597e-01 4.625555941413042049e-01 9.023261020396111665e-02 4.184182670262422965e-01 8.162256141531437637e-02 -4.489558069066826862e-01 1.410979725022842024e-01
5.473168619571033844e-03 -2.810123640664637934e-01 -1.655710791147073646e-01 -1.518042625672645363e-01 -1.615455753745157763e-01 -1.481134692837455802e-01 -5.473168619571033844e-03 2.821219125647651538e-01
4.156819164973003522e-01 -4.107147469169833975e-01 -2.439454932726541347e-01 3.882475826917741735e-02 -2.368272521632101835e-01 3.769186588953835071e-02 -4.156819164973003522e-01 4.141788506968360761e-01
3.449385308721757415e-01 4.852582595144502298e-01 -2.750457314278448306e-01 4.664379980636258471e-01 -2.418631008043018449e-01 4.101650294987945200e-01 -3.449385308721757415e-01 -4.909715829817322685e-01
9.522498396765799455e-02 -1.482272515830751480e-02 -3.171658361825500094e-01 1.241467945231792269e-01 -3.002292631337434292e-01 1.175173880286953521e-01 -9.522498396765799455e-02 1.482288799571238394e-02
-2.669267243185102778e-02 4.438708527150638794e-01 -3.735709067607244638e-01 -4.833170932703132472e-01 -3.187968015475141637e-01 -4.124516676201100407e-01 2.669267243185102778e-02 -4.482434540889045360e-01
3.821058642385888326e-01 3.164818567114298098e-01 -1.143424449139689436e-01 -1.005628189028149322e-01 -1.130394280546620361e-01 -9.941683108920480738e-02 -3.821058642385888326e-01 -3.180668099652015357e-01
3.479789975469744778e-01 -3.103208583689149869e-01 2.949531048374576248e-01 -1.578525707973643666e-01 2.797159444917241000e-01 -1.496979696327108700e-01 -3.479789975469744778e-01 3.118150383311338314e-01
3.017393462865423093e-01 -4.511553531364939085e-01 3.226195766159523082e-01 -1.805133669753702375e-01 3.026034052288828491e-01 -1.693138404961165577e-01 -3.017393462865423093e-01 4.557467871668842707e-01
5.238382150549725225e-02 3.862414106406841796e-01 3.043345413637544850e-01 -3.228922957379016800e-01 2.781801472422595345e-01 -2.951430553011105129e-01 -5.238382150549725225e-02 -3.891224321987202805e-01
5.652110587174408174e-02 -4.631556488471459954e-01 -1.115588919420471559e-01 -1.712256400801109857e-01 -1.092998589009382404e-01 -1.677583738524495438e-01 -5.652110587174408174e-02 4.681232978230264741e-01
1.139703292233636978e-01 -3.689164070263570849e-01 1.597132796610571948e-01 -2.350547802237128447e-01 1.536301947590437700e-01 -2.261021233891691573e-01 -1.139703292233636978e-01 3.714268705476691523e-01
-1.234069988701166354e-01 -3.648972844584209563e-01 7.168733442719654736e-02 2.929277712713741488e-01 6.863424397729933624e-02 2.804522762885530707e-01 1.234069988701166354e-01 3.673265886443016770e-01
3.885029188507571618e-02 3.430116626352046616e-01 -4.275072348528583532e-01 -3.571837773491992607e-02 -3.928806184757157038e-01 -3.282531192781928953e-02 -3.885029188507571618e-02 -3.450295488068081950e-01
-1.863208468966456310e-01 1.087346200633497739e-01 1.291943395649465254e-01 2.840177782847242982e-01 1.233302075735311365e-01 2.711262093090346936e-01 1.863208468966456310e-01 -1.087988997170346306e-01
-3.122743058025780893e-01 4.769540907158765775e-01 -3.301803373024195798e-01 1.244675067242717592e-02 -3.135099804933034195e-01 1.181833113503533844e-02 3.122743058025780893e-01 -4.823790906626488906e-01
-7.979639541227256938e-02 -2.503480184729478530e-02 9.426397503281058743e-02 3.551660765525528340e-01 8.847943480921034720e-02 3.333711919727181394e-01 7.979639541227256938e-02 2.503558636451195737e-02
1.181987467472570552e-01 3.876876759100302827e-01 -3.285053547984745359e-01 -1.244073663518132644e-01 -3.099392687192180085e-01 -1.173762545637015708e-01 -1.181987467472570552e-01 -3.906011824080337647e-01
2.524395454076741041e-01 4.333448202710715735e-01 -7.032125161930502522e-02 -7.287101610781421268e-02 -6.996342004240202472e-02 -7.250020998585342269e-02 -2.524395454076741041e-01 -4.374136623469132013e-01
3.209557821191579841e-01 2.613943984676820875e-01 1.362927283467180173e-01 4.411482246964870679e-01 1.237396058830281947e-01 4.005166535449677934e-01 -3.209557821191579841e-01 -2.622874136332404849e-01
-9.967156707819158079e-02 -2.617678627728359242e-01 -2.703050463631643252e-01 -3.577390613081530280e-01 -2.466465508050889044e-01 -3.264278885913184935e-01 9.967156707819158079e-02 2.626647110658235640e-01
-6.445637648938018494e-03 4.240399429415923072e-01 -4.013613288135475798e-02 -1.513925665606586923e-01 -3.965272653348556747e-02 -1.495691689774393818e-01 6.445637648938018494e-03 -4.278522713604055450e-01
-4.216201922843401118e-01 -5.904177420819500810e-03 9.375112375996241809e-02 4.300302985960424706e-02 9.325638053700899266e-02 4.277609436554045269e-02 4.216201922843401118e-01 5.904187711597351333e-03
-3.250219278988277782e-01 -9.746834994003528152e-03 4.025132375195437096e-01 1.250659094036407071e-01 3.709116742820692814e-01 1.152469075014250083e-01 3.250219278988277782e-01 9.746881291855920282e-03
9.643261088906196488e-02 -3.422183467530094392e-01 -4.175843157296603714e-01 2.686821265452840057e-01 -3.740127520254228344e-01 2.406473083014475378e-01 -9.643261088906196488e-02 3.442222644057159053e-01
2.644910965444714490e-01 2.368929549064959783e-01 -8.121929076810419090e-02 2.408679826656219269e-01 -7.871601771652332602e-02 2.334441511559741111e-01 -2.644910965444714490e-01 -2.375576560714111884e-01
1.037265473927618809e-01 3.366171179121102419e-01 -1.889055353760289435e-01 -9.070153422073057303e-02 -1.848897028718762825e-01 -8.877336325117651805e-02 -1.037265473927618809e-01 -3.385242404394917526e-01
-3.309711894092476347e-01 2.068087789035255586e-02 1.073505073701975787e-01 1.037169824936046147e-02 1.067315670253715931e-01 1.031189916085915870e-02 3.309711894092476347e-01 -2.068132014959265033e-02
-4.812172380222878854e-02 -8.514029112077792227e-02 -3.968634528685953677e-01 -2.716686032393943462e-01 -3.576501286229146204e-01 -2.448255443757078875e-01 4.812172380222878854e-02 8.517114966235850293e-02
2.939423249595677357e-01 -1.036741488595779304e-01 -4.147226146291149718e-03 4.881654718750620958e-01 -3.726840410990797745e-03 4.386823249224979238e-01 -2.939423249595677357e-01 1.037298650533496486e-01
4.711752036309947433e-01 1.023576972742445967e-01 -3.984977273750053284e-01 1.063050583794283854e-01 -3.683953466617241324e-01 9.827481097961385248e-02 -4.711752036309947433e-01 -1.024113178564934057e-01
-1.457290183221759960e-02 -4.132685096835952976e-04 -3.557908386981756266e-02 -3.363400996393909326e-01 -3.370358154213437540e-02 -3.186103952412965845e-01 1.457290183221759960e-02 4.132685132127195560e-04
-2.776509222326943860e-01 3.421527494842581119e-01 2.759610655910339494e-01 -1.399936746850561908e-01 2.636279975469867920e-01 -1.337371706672549898e-01 2.776509222326943860e-01 -3.441555150099901983e-01
-2.277437206822794380e-01 7.686629607023776067e-02 -2.443433952759271888e-01 3.665092097460188603e-01 -2.236106555451875533e-01 3.354105993415824605e-01 2.277437206822794380e-01 -7.688900401700467235e-02
2.916144787696052232e-01 2.707848020733805150e-02 -1.068687973091666521e-01 1.876899823819110358e-01 -1.044601152339121319e-01 1.834596971382184138e-01 -2.916144787696052232e-01 -2.707947296411742158e-02
-1.578021878041463433e-01 -1.030581027184948040e-01 -2.011281288109889598e-01 3.199909026504360599e-01 -1.881389966126030544e-01 2.993254484378462532e-01 1.578021878041463433e-01 1.031128315824237501e-01
-3.757223194846714964e-02 -3.336639271211263580e-01 3.134067400560106575e-01 -4.138555842852501554e-01 2.781582467123039915e-01 -3.673097256820579970e-01 3.757223194846714964e-02 3.355212943358606426e-01
-3.266549773253449862e-01 4.476342311364114313e-01 1.900807813052596273e-01 2.230480739911622212e-01 1.824093358035425994e-01 2.140461058167037467e-01 3.266549773253449862e-01 -4.521189980333421010e-01
-3.832627312199837766e-01 -2.064047914552009644e-01 -5.595117695311069284e-02 -1.350856015038476299e-01 -5.536251843555718699e-02 -1.336643751015733905e-01 3.832627312199837766e-01 2.068444639812004604e-01
-2.703162761673137959e-01 3.637586029541693966e-01 -4.785768924126270196e-01 2.042562512649250817e-01 -4.245419032709540352e-01 1.811941592705146598e-01 2.703162761673137959e-01 -3.661652357136987446e-01
9.321585958912281811e-02 -4.276588387526600865e-01 2.519012323367361139e-01 1.272599441357702421e-01 2.424314357441222090e-01 1.224758238908078556e-01 -9.321585958912281811e-02 4.315696095306867375e-01
-2.525455504488733904e-01 -1.721710125868456398e-01 4.885983209859285914e-01 4.359782483400596043e-01 4.087572192665755999e-01 3.647357119291608218e-01 2.525455504488733904e-01 1.724261946270799484e-01
4.552350409343727256e-01 -4.586779101503545286e-01 -3.697645024792860502e-01 -1.893697766317650188e-01 -3.414701414986225925e-01 -1.748792109259698357e-01 -4.552350409343727256e-01 4.635028675095697048e-01
2.533193424431563479e-01 -3.306199547977939357e-02 -1.175405617488538557e-01 3.116635243353375051e-01 -1.115168562488319803e-01 2.956914270630248143e-01 -2.533193424431563479e-01 3.306380247577795500e-02
-4.761601959911411219e-01 7.860970507200826241e-02 -1.123580058485017519e-01 -4.097004391807184120e-01 -1.034129511253695927e-01 -3.770833344102382245e-01 4.761601959911411219e-01 -7.863399344955078474e-02
-2.139553305048103038e-01 1.625497405911240367e-01 -3.086943615451854805e-01 -4.319459542491418391e-01 -2.726508067320646544e-01 -3.815113833021573919e-01 2.139553305048103038e-01 -1.627644884520596802e-01
-4.103446860000881102e-01 -2.844412788696936145e-01 3.881777121227841798e-01 6.738057755116555469e-02 3.611585126268906931e-01 6.269053685550707300e-02 4.103446860000881102e-01 2.855919411376390826e-01
4.796933083190054736e-01 1.149723628557594024e-01 3.564516986630377193e-01 1.178276255107144621e-01 3.337098795643985150e-01 1.103101566524162663e-01 -4.796933083190054736e-01 -1.150483517937492123e-01
4.055032454117168950e-02 4.114248010823352564e-01 -2.378603210619107955e-01 3.792820127265716934e-02 -2.312468717689718511e-01 3.687364860591031690e-02 -4.055032454117168950e-02 -4.149069024348224222e-01
4.613877717570741277e-01 4.932920579228444735e-01 4.331221598505694548e-01 -1.604626005222168361e-01 3.932046095438915256e-01 -1.456739923131706305e-01 -4.613877717570741277e-01 -4.992938697397780179e-01
-3.848406537947557382e-01 2.254548992187836998e-01 3.102102318791745139e-01 4.968809102163779245e-01 2.676692883531843203e-01 4.287407247279424460e-01 3.848406537947557382e-01 -2.260278918484318889e-01
-2.020271834056963645e-02 -4.212521424281989724e-02 -4.006947879529715317e-01 3.764914602231219654e-01 -3.511218188069981649e-01 3.299128669833371608e-01 2.020271834056963645e-02 4.212895187338192710e-02
-4.310157254598772081e-01 -9.827254300991916658e-02 -1.314039846455228311e-02 -1.670001462150061400e-01 -1.295981914032226165e-02 -1.647051797700256615e-01 4.310157254598772081e-01 9.831999632830294711e-02
-4.269665456666704717e-02 -1.671530523646491684e-01 -3.272324786828049170e-01 -4.936476611088749245e-01 -2.815566842156039251e-01 -4.247432870724591192e-01 4.269665456666704717e-02 1.673865663732349851e-01
3.613926874133444045e-01 1.882073117838670706e-01 1.004454889941378548e-01 9.032915206539005037e-02 9.954134748312495895e-02 8.951607089216104263e-02 -3.613926874133444045e-01 -1.885406456804504804e-01
7.988277245087238576e-02 2.795240160795580131e-01 3.896637908473593592e-01 -1.102565054415974855e-01 3.611724473071525887e-01 -1.021947967381840461e-01 -7.988277245087238576e-02 -2.806160280188107481e-01
-4.449151678942140364e-01 -2.831308912516141696e-01 3.715131658292007977e-01 2.938274788022280370e-01 3.357532631606814921e-01 2.655451916325327066e-01 4.449151678942140364e-01 2.842657237714193430e-01
-4.143051939866132516e-01 3.196769342290588511e-01 1.925584781822404778e-01 2.042303088510875053e-01 1.853934700098770483e-01 1.966309974846077169e-01 4.143051939866132516e-01 -3.213103769469629056e-01
-3.581730543939385392e-01 2.185622826896694848e-01 -3.326537457920845098e-01 -2.594517486283223207e-01 -3.064958626843459766e-01 -2.390500288263759376e-01 3.581730543939385392e-01 -2.190843129254312904e-01
2.100334933361196477e-01 -2.912459992374418771e-01 2.011040756308565269e-01 2.550615580740038801e-01 1.912677048655850309e-01 2.425860274547786966e-01 -2.100334933361196477e-01 2.924812351489071149e-01
2.693629573321973947e-01 3.862315530080787651e-01 -2.586654109116179878e-01 1.640686436024506589e-01 -2.473228113718125010e-01 1.568741566594031023e-01 -2.693629573321973947e-01 -3.891123539839107526e-01
3.641325543825191247e-02 -4.902519118135264531e-01 -4.771867365306401432e-01 4.765143449264739317e-01 -3.956313814888585689e-01 3.950739074459044819e-01 -3.641325543825191247e-02 4.961434390825676943e-01
4.958282939543164902e-01 4.370642210249209292e-01 -2.163918059894788248e-01 4.374501662283820647e-01 -1.944677123564492183e-01 3.931291793022795300e-01 -4.958282939543164902e-01 -4.412387335790208809e-01
4.767308840392514568e-01 2.668570066940046948e-01 3.118949933760134519e-01 2.753084233455438401e-03 2.977477382459985389e-01 2.628206996333006668e-03 -4.767308840392514568e-01 -2.678071865852956202e-01
-1.457125781568575640e-01 1.744566964419230759e-01 -2.306679388251958729e-01 7.420478727583279532e-02 -2.241805327806662418e-01 7.211781936881436761e-02 1.457125781568575640e-01 -1.747221771316269379e-01
1.531451248641150231e-01 9.480519905917139667e-02 -2.062574257826128576e-01 -4.895882266242064240e-01 -1.821483087888648433e-01 -4.323610029756136952e-01 -1.531451248641150231e-01 -9.484780463777868487e-02
1.234966034572850813e-01 4.215631833851313237e-01 2.380791740783091415e-01 -1.232117014842788461e-01 2.299597377069009518e-01 -1.190096977840917475e-01 -1.234966034572850813e-01 -4.253090993516517315e-01
-4.036342964072765493e-01 3.021235101795353151e-01 3.632668613717974226e-01 -3.148484148809821415e-01 3.274013513429857580e-01 -2.837632811068008243e-01 4.036342964072765493e-01 -3.035023809640324810e-01
1.306562657571644914e-01 -2.231584012591011357e-01 3.855002490576716623e-01 -1.496925706857851202e-01 3.562401135219408488e-01 -1.383306457125465794e-01 -1.306562657571644914e-01 2.237140620190244955e-01
-5.436364512940605742e-03 -2.538149174709775080e-01 1.929863091448880130e-02 -1.295072799988434831e-01 1.913529479464560687e-02 -1.284111806589376681e-01 5.436364512940605742e-03 2.546324808581303389e-01
-2.203085031123253046e-01 3.270615796249878304e-01 -1.120278676463485334e-01 -4.602799159399216800e-01 -1.012425366650853004e-01 -4.159670914460076863e-01 2.203085031123253046e-01 -3.288108566581576242e-01
-4.872191854093913532e-01 -5.414309218534718582e-02 -5.486368892626269922e-02 4.548715030943727422e-01 -4.987776870360004916e-02 4.135335422248559434e-01 4.872191854093913532e-01 5.415102813986607394e-02
7.673197499743422689e-02 3.562438232834657104e-01 -4.764791231963574347e-01 9.056263460751379224e-02 -4.287155813080929523e-01 8.148439385990187411e-02 -7.673197499743422689e-02 -3.585043624369574355e-01
-3.912639281310250627e-01 3.713419867534361041e-01 -4.801684144935246534e-01 -1.945945626832376041e-01 -4.263443874695942437e-01 -1.727816681145263600e-01 3.912639281310250627e-01 -3.739022945237878148e-01
1.615750646567037929e-02 -1.916021891242336572e-01 -1.092966360517199087e-01 4.545559783338299908e-01 -9.901069480943439083e-02 4.117775703848525759e-01 -1.615750646567037929e-02 1.919538883437678645e-01
-3.069819197334023864e-01 3.536599380006537618e-01 3.218133377892007374e-02 2.600934784721379289e-01 3.113001530161592020e-02 2.515965938612464425e-01 3.069819197334023864e-01 -3.558716450578598423e-01
-3.122342856812275746e-01 4.256518081742914905e-01 -2.105877258429897925e-01 1.222024947100942560e-01 -2.046103212102014790e-01 1.187338511550419529e-01 3.122342856812275746e-01 -4.295077764502957529e-01
-4.076306765239415819e-01 -1.560950008038002323e-01 -4.786865231829980916e-01 -2.071046758313280778e-01 -4.244260078432177119e-01 -1.836287560056304446e-01 4.076306765239415819e-01 1.562851686059658629e-01
-1.058948581904320951e-01 -4.959667618821484991e-01 -4.603667261704272873e-01 -3.584712854890292899e-01 -3.976311224524060606e-01 -3.096212899695789389e-01 1.058948581904320951e-01 5.020667321980215592e-01
3.679877251490248913e-02 -1.115725860683330906e-01 -4.790399368344480102e-01 4.749518046709619856e-01 -3.971289043125296181e-01 3.937398018141066713e-01 -3.679877251490248913e-02 1.116420313114440538e-01
