3.638367270431518419e-01 -2.174721287687785276e-01 -6.675844532584562785e-02 -3.462614606645811888e-01 -6.295855325120092161e-02 -3.265522512347917017e-01 -3.638367270431518419e-01 2.179863864903559267e-01
4.969130231917586737e-01 -2.998262688456654335e-01 -1.687710601140560707e-01 3.318909289670524121e-02 -1.663285630806997650e-01 3.270877203550305590e-02 -4.969130231917586737e-01 3.011739248330328467e-01
2.166839523021432123e-01 -2.474989025561334932e-01 3.414352649802814277e-01 -4.132148591372438728e-01 3.009292117356350271e-01 -3.641932588445532248e-01 -2.166839523021432123e-01 2.482569385661338168e-01
1.596387129554248663e-01 1.101603011595380099e-01 -2.074082291081617013e-01 -1.830156030943188572e-01 -1.999016447181769240e-01 -1.763918443590999641e-01 -1.596387129554248663e-01 -1.102271425303401470e-01
-4.880236425779254095e-01 2.762020053728750923e-01 4.243919852863902165e-01 -3.493505826960929816e-01 3.719083544977630496e-01 -3.061471584239770505e-01 4.880236425779254095e-01 -2.772555440568553187e-01
-2.272542933242197583e-01 -1.351170359687841049e-01 -4.857714948807971833e-01 -1.733223621932596936e-01 -4.317304415140983398e-01 -1.540406152739047518e-01 2.272542933242197583e-01 1.352403749433166436e-01
-8.046582206636676560e-04 1.453981556959499377e-01 -1.710346731845618917e-01 4.909147504142384877e-01 -1.517537858680432783e-01 4.355735040545608006e-01 8.046582206636676560e-04 -1.455518460806150827e-01
-7.499712275185621557e-02 -1.635020869253197562e-01 3.034485869220800991e-01 -8.469966500771541895e-02 2.894248914972850639e-01 -8.078532051628638244e-02 7.499712275185621557e-02 1.637206314374079763e-01
-4.422896597839370836e-01 -3.852868916387515164e-01 -1.415057062552522726e-01 -7.794861722176904539e-02 -1.396944463588635776e-01 -7.695088216154420679e-02 4.422896597839370836e-01 3.881466063201236549e-01
-4.824656852569351173e-01 -3.428635379957266638e-01 4.372535626951281618e-01 -9.663590906302799155e-02 3.990680850710938699e-01 -8.819666772109441277e-02 4.824656852569351173e-01 3.448788111109441501e-01
3.572744718510953987e-01 -1.993608444764604082e-01 4.438745057870491229e-01 5.786407625551048817e-02 4.051372013489291657e-01 5.281422926336161450e-02 -3.572744718510953987e-01 1.997570217858572750e-01
-1.536874253687974257e-01 1.518729740250149840e-01 -2.222277391274559699e-01 2.028679329960132449e-01 -2.128028084824096500e-01 1.942640737023959285e-01 1.536874253687974257e-01 -1.520481245715852303e-01
-3.115068048117570765e-01 -2.981627585268619152e-01 3.633625043945926114e-01 -3.810276779199949226e-01 3.215201581616211057e-01 -3.371511308600918522e-01 3.115068048117570765e-01 2.994881073524285342e-01
2.546590847056995344e-02 -1.398825413064432865e-01 4.851926309419537509e-01 3.141772885621806344e-01 4.200653600014117028e-01 2.720053591249383951e-01 -2.546590847056995344e-02 1.400193962675306547e-01
-3.716640830993913625e-01 7.353559634913942045e-02 -7.997794744702935166e-02 -5.435630350575870740e-02 -7.960660964932149419e-02 -5.410392706100514842e-02 3.716640830993913625e-01 -7.355547847691802643e-02
-1.385407514064557200e-01 8.521108245154462857e-02 -9.717058908612286050e-02 -3.882481535014991048e-01 -9.021367646244075889e-02 -3.604515896891512527e-01 1.385407514064557200e-01 -8.524201803070820260e-02
1.307421009778592103e-01 -3.486120775558562146e-01 1.077054256413655375e-01 6.617363835511691494e-02 1.068550687972512625e-01 6.565118365109311183e-02 -1.307421009778592103e-01 3.507304254795226561e-01
1.588476927089473856e-01 -3.728223705101204599e-01 -4.164046235432069532e-01 4.895009282453672839e-01 -3.503029963688363835e-01 4.117957203034910973e-01 -1.588476927089473856e-01 3.754134211131932020e-01
3.596008386557211223e-01 1.298662501930475388e-01 -4.351079590170676692e-01 -4.979598662130582110e-01 -3.629325235532068761e-01 -4.153585957866454126e-01 -3.596008386557211223e-01 -1.299757614860029831e-01
4.233831863416182006e-01 -6.090770936747502695e-02 8.770682736773627308e-02 4.703397636781088131e-01 7.911758318936157330e-02 4.242787762011358543e-01 -4.233831863416182006e-01 6.091900698335486058e-02
9.050780402837654837e-02 3.066822888726432605e-01 2.259459454866833417e-01 9.797914234215898688e-02 2.193906934193315117e-01 9.513652450269148575e-02 -9.050780402837654837e-02 -3.081245240759370452e-01
2.762920242617205036e-01 4.587863745783862246e-01 6.475455284457476424e-02 -4.763295287978442927e-01 5.836152701435407680e-02 -4.293029206671297171e-01 -2.762920242617205036e-01 -4.636147556473073639e-01
-1.542894058076753616e-01 -1.493968072487837917e-01 -3.848588906266176002e-01 -3.274261816367133315e-01 -3.434974844566565100e-01 -2.922371614030752074e-01 1.542894058076753616e-01 1.495635296487087540e-01
2.964808960053527676e-01 -1.242891068529526910e-01 -3.790606670548020141e-01 -3.789266353215126060e-02 -3.542278338953420702e-01 -3.541025827820434152e-02 -2.964808960053527676e-01 1.243851064048461241e-01
-2.478465470000197346e-01 -1.347441985265926956e-01 -1.225035907522780132e-01 -4.468104955947516110e-02 -1.214751906548608984e-01 -4.430595854836691383e-02 2.478465470000197346e-01 1.348665193035243348e-01
1.136733190422102302e-01 3.215624027792836070e-01 -1.137114405589854105e-01 -1.254687144559752943e-01 -1.121154737613523911e-01 -1.237077315554942908e-01 -1.136733190422102302e-01 -3.232249186495900206e-01
-1.669043005163614035e-01 -7.118297694003572484e-02 1.726729856547264408e-01 5.601592963714552287e-02 1.698963157791169853e-01 5.511516485458289177e-02 1.669043005163614035e-01 7.120101120492321189e-02
-9.075003880643239818e-02 -1.755823148331915329e-01 1.623661451747848705e-02 4.686698964046751570e-01 1.470045160109671560e-02 4.243285520864782390e-01 9.075003880643239818e-02 1.758529675029567030e-01
-1.562694342202213260e-01 -1.248643882361571977e-01 3.713757531462177353e-01 4.792466022320106545e-01 3.175663191341910885e-01 4.098075281949446480e-01 1.562694342202213260e-01 1.249617269907838113e-01
3.305530687908154741e-01 2.653704051447791645e-02 -3.213726456969011602e-01 -3.884241715504898051e-01 -2.869680348818867688e-01 -3.468413466515010146e-01 -3.305530687908154741e-01 -2.653797490293935066e-02
1.898584792392357112e-01 3.161224137380107546e-01 1.871780644058965715e-01 2.707030236181093841e-01 1.777964963595661807e-01 2.571350938263283203e-01 -1.898584792392357112e-01 -3.177019728103307461e-01
-1.467791963274408529e-01 1.016274212007348687e-01 4.403882278046108434e-01 -1.684567560596438307e-01 3.983302935977477421e-01 -1.523688074821412108e-01 1.467791963274408529e-01 -1.016799022755436738e-01
-1.534713702094097076e-01 -3.233548352698550898e-01 -4.803099845505275356e-01 -1.311704396795457805e-01 -4.299630517692567544e-01 -1.174209247374072007e-01 1.534713702094097076e-01 3.250453076636651839e-01
-4.433137336727825950e-01 4.780205748671164656e-01 -4.063804748430372982e-01 -3.278369016686643045e-01 -3.602326715282394010e-01 -2.906083589750672602e-01 4.433137336727825950e-01 -4.834820476516600296e-01
3.713771844166463554e-01 2.261525835202982115e-01 3.335319171290915818e-01 4.170692415434376077e-01 2.942074606767337563e-01 3.678954732040648490e-01 -3.713771844166463554e-01 -2.267309121131089178e-01
-1.151949625854516990e-01 -2.837556326529155903e-03 -4.591123440364310859e-01 2.121536101730655544e-01 -4.096942691910157586e-01 1.893177550224889594e-01 1.151949625854516990e-01 2.837557468890445234e-03
1.137055535512614401e-01 -1.190059226008410853e-02 3.961703164950458600e-02 -4.432879285206692277e-01 3.619429865845306959e-02 -4.049898492777345149e-01 -1.137055535512614401e-01 1.190067653061522776e-02
-4.003988560835367583e-01 3.185389976988246552e-01 1.482452236506228704e-01 -4.570714802575523983e-01 1.336198298080382707e-01 -4.119782877191245363e-01 4.003988560835367583e-01 -3.201550590048818368e-01
-1.297469568787827932e-01 -3.834334201725242419e-01 -2.681634310262961396e-01 -4.903884276784465923e-01 -2.340818247628647653e-01 -4.280636534006252991e-01 1.297469568787827932e-01 3.862520620145057926e-01
-1.685534367290685287e-01 -8.121505768173198359e-02 7.898332386614193013e-03 -2.896988115126015728e-01 7.586181204002543157e-03 -2.782495811955659204e-01 1.685534367290685287e-01 8.124184194318193053e-02
-2.308235276453951546e-02 2.279170750490164821e-01 -1.158463497378455775e-01 2.357280316558568733e-01 -1.120458878576236772e-01 2.279947245604227457e-01 2.308235276453951546e-02 -2.285090462685681056e-01
3.170886825696691558e-01 -2.451373660792832698e-01 3.060239517453572367e-01 -2.099852192468931733e-02 2.925691821832098194e-01 -2.007529264138966166e-02 -3.170886825696691558e-01 2.458739098327011319e-01
1.071513282276902457e-01 -3.260740858782442686e-01 -2.071901614324987984e-01 -4.880104355712366893e-01 -1.830546110489346401e-01 -4.311621741769716132e-01 -1.071513282276902457e-01 3.278075659792823449e-01
2.283094463286277076e-01 -8.687609782918492840e-03 2.114000056651721415e-01 -3.974240272456586176e-01 1.927693252241504118e-01 -3.623990515939307655e-01 -2.283094463286277076e-01 8.687642567596408003e-03
-1.563010230267852796e-01 3.843087815767881610e-01 1.908684584611236579e-01 6.003700423421887145e-02 1.871587537627791287e-01 5.887012963127039034e-02 1.563010230267852796e-01 -3.871467720246214439e-01
-4.179681661028560313e-01 7.816057317013436201e-02 2.113725983299100664e-01 2.436773837249514019e-01 2.011652354424536548e-01 2.319099952233237560e-01 4.179681661028560313e-01 -7.818444761108622743e-02
-8.041034957793469218e-02 -1.307795686390791357e-01 4.258169003898885085e-01 3.403784793258146646e-01 3.738722088010488775e-01 2.988562778446882673e-01 8.041034957793469218e-02 1.308914067199490883e-01
4.430409501658720828e-01 9.834337195874520710e-02 -2.792882262712000907e-01 -3.361362457979885088e-01 -2.559167215538956097e-01 -3.080075632566192101e-01 -4.430409501658720828e-01 -9.839092795560647198e-02
3.343715027909192061e-01 2.771952027084975123e-01 -2.919264623570579920e-01 -4.081536337037745543e-01 -2.609180826105406692e-01 -3.647996233594582027e-01 -3.343715027909192061e-01 -2.782601475983876860e-01
1.417193905198542714e-01 1.031517850295653460e-01 -3.248307695271290818e-01 3.652167818162922464e-01 -2.918363115998713342e-01 3.281201429741405495e-01 -1.417193905198542714e-01 -1.032066632787948385e-01
-4.795836705717704262e-03 1.975293346552234874e-01 4.459481392610553652e-01 4.748627313623026147e-01 3.736575892402146382e-01 3.978849731605038631e-01 4.795836705717704262e-03 -1.979146930347020217e-01
-3.900436529420248100e-01 4.521436579857198712e-01 -4.155614024832714470e-01 -3.783862514813490785e-01 -3.622672995964364429e-01 -3.298597143753852490e-01 3.900436529420248100e-01 -4.567653322702657226e-01
3.650713425760195863e-01 -1.873860847128530072e-01 3.462468562224836344e-01 2.574974613764147158e-02 3.270922328986018979e-01 2.432525179469450377e-02 -3.650713425760195863e-01 1.877150741963515002e-01
-4.434466114320310126e-01 1.628555932315771670e-01 -4.919696522744683165e-01 3.281675098406480195e-01 -4.234627137621134185e-01 2.824700744104979289e-01 4.434466114320310126e-01 -1.630715555797756233e-01
-4.170004349931071275e-01 2.492597710919031151e-02 -3.778037337510229410e-01 -1.908162849013627094e-01 -3.479223752779676548e-01 -1.757241899794214357e-01 4.170004349931071275e-01 -2.492675144007172605e-02
4.622533159682722381e-01 -2.773643000667149749e-01 1.779135912969550537e-01 4.511418601743893975e-01 1.600824085041847589e-01 4.059266918693829052e-01 -4.622533159682722381e-01 2.784311950903943234e-01
-1.111659248050227422e-01 -3.949659947976530416e-01 -3.568737081592876503e-01 -2.258028685384984025e-01 -3.287593993195095932e-01 -2.080142462952323246e-01 1.111659248050227422e-01 3.980466927669106258e-01
3.355923926055615070e-01 -3.118349896840750812e-01 2.690884667559882981e-01 3.294729502815416655e-01 2.476152003095568044e-01 3.031810005239812256e-01 -3.355923926055615070e-01 3.133511479435107661e-01
-4.934551683163999058e-01 4.915622056737879442e-01 -2.249173341574683960e-02 -2.616167715466866106e-02 -2.247835927050107624e-02 -2.614612076941049551e-02 4.934551683163999058e-01 -4.975010980775191882e-01
1.721389956550616329e-01 -3.926642422148718392e-02 -2.241486572783575326e-01 -1.684739709793642293e-01 -2.158244681216251737e-01 -1.622173677971444350e-01 -1.721389956550616329e-01 3.926945137236279720e-02
-2.685699252535145298e-01 -1.735941804410333633e-01 -2.481911053578720328e-01 -2.387358378063256792e-01 -2.346659311947329463e-01 -2.257259284437093116e-01 2.685699252535145298e-01 1.738557429471428994e-01
3.268608055726962558e-02 -2.435567868584344042e-01 -1.128964352578963881e-01 4.869101591457036804e-03 -1.121824607777542754e-01 4.838308641532814217e-03 -3.268608055726962558e-02 2.442791751730685190e-01
-4.428638715714982022e-01 4.107707864330646386e-01 3.619423610177984196e-01 3.570764663459456978e-01 3.226352323035708292e-01 3.182977763246595537e-01 4.428638715714982022e-01 -4.142363083737421459e-01
4.407708554803533296e-01 -2.019166350256010878e-01 5.804638630458580639e-02 -1.430253003894661479e-01 5.736700690318277673e-02 -1.413513211954089410e-01 -4.407708554803533296e-01 2.023282453924863111e-01
2.284856176227669788e-01 1.676949286513058635e-01 -4.180497346387468394e-01 6.523222910672132890e-02 -3.850057486663085449e-01 6.007606541386296267e-02 -2.284856176227669788e-01 -1.679307210451513044e-01
-2.861716159882843336e-03 -2.519440924013321981e-01 -3.567442440709134299e-01 -5.171076648591732550e-03 -3.359994232052526675e-01 -4.870376467606294009e-03 2.861716159882843336e-03 2.527437103660515327e-01
-3.790586017410031427e-01 3.959038419424560917e-01 4.254587590585656720e-02 1.993834633584542493e-01 4.168833076380823455e-02 1.953647349443031200e-01 3.790586017410031427e-01 -3.990065374233533468e-01
1.944834491879061655e-01 2.702134809051034425e-01 -4.378751438746464331e-01 4.907272037051426672e-01 -3.658438236333955151e-01 4.100016159305190366e-01 -1.944834491879061655e-01 -2.711999671650381361e-01
3.565401868284167053e-01 2.454928528254485265e-02 4.660007326846993259e-02 -7.960704171427079867e-02 4.640307309596077012e-02 -7.927050574231414570e-02 -3.565401868284167053e-01 -2.455002503525118354e-02
-1.338984646225860331e-01 3.210865021202872205e-01 1.269889491579686558e-01 -3.254558521402932669e-01 1.198837359689555182e-01 -3.072461320945579777e-01 1.338984646225860331e-01 -3.227416475203540580e-01
1.210368017439222843e-02 -1.130351233596742500e-01 8.098127106604735559e-03 -6.175639100207086507e-02 8.082464598458474758e-03 -6.163694857242998232e-02 -1.210368017439222843e-02 1.131073355041137402e-01
-3.036518250881380387e-01 -3.988756219808462511e-01 -3.728089298433201471e-01 -3.766649352039964649e-01 -3.294086286034350053e-01 -3.328157396892174602e-01 3.036518250881380387e-01 4.020487126908689479e-01
-3.898949478294727600e-01 -8.344441202420938009e-02 -1.827380457910416922e-01 -2.526907923078476337e-01 -1.744524233736746144e-01 -2.412334054000207506e-01 3.898949478294727600e-01 8.347346307066369486e-02
-2.893691436993737209e-01 1.528494901453386623e-01 -3.928750948518618946e-01 3.350269215440120352e-01 -3.490887125488096876e-01 2.976877848545964600e-01 2.893691436993737209e-01 -1.530280410222813470e-01
2.093760578262340299e-01 2.529466153345463209e-01 -1.030818859702741230e-01 -1.883815050672371649e-01 -1.007843175375727623e-01 -1.841827130556895065e-01 -2.093760578262340299e-01 -2.537558167278355925e-01
4.659574252781374382e-01 5.895680868286623522e-02 -1.299981318539034092e-02 2.648379904137752039e-01 -1.256558446486010297e-02 2.559916893104320912e-01 -4.659574252781374382e-01 -5.896705509702555165e-02
-4.609253944446777274e-01 -4.981019380543509900e-01 1.657944538499640519e-01 1.176373371241379306e-02 1.635507037301596744e-01 1.160453128848674617e-02 4.609253944446777274e-01 5.042810305874237953e-01
-3.459834446522356277e-01 -4.564858338380228808e-02 1.496096564849963562e-01 -7.836770867110021133e-02 1.475204726544423195e-01 -7.727336386983632566e-02 3.459834446522356277e-01 4.565333949410452230e-02
8.062885674849551432e-02 4.647872408519443388e-01 2.304714444348824331e-01 4.738598737283428175e-02 2.243449462047429899e-01 4.612635120191982407e-02 -8.062885674849551432e-02 -4.698075746817798048e-01
1.671035088709226235e-01 -4.543154841210576000e-01 -4.875454140303230322e-01 4.762048937863256892e-01 -4.028789662233138169e-01 3.935078247032500753e-01 -1.671035088709226235e-01 4.590040780494006878e-01
3.929616473916475172e-01 2.565571618925887032e-01 -2.107385140170188187e-01 1.836746612479622787e-02 -2.061760056068458191e-01 1.796980877649973635e-02 -3.929616473916475172e-01 -2.574015117459935720e-01
2.071324852404784478e-01 -3.048735749619824187e-02 4.146893296176302757e-01 3.368753591046014240e-01 3.657588865839365710e-01 2.971264208251390704e-01 -2.071324852404784478e-01 3.048877436407600172e-02
-2.333061162783464093e-01 4.811922936461503486e-01 -4.710535070087107368e-01 -8.990771727285762349e-02 -4.247389938742062165e-01 -8.106788890819993654e-02 2.333061162783464093e-01 -4.867632017519253895e-01
-3.051027380173023662e-01 8.315083480168650176e-02 -1.464753072551941981e-01 1.965242725938518564e-01 -1.422642411320268752e-01 1.908743325308606409e-01 3.051027380173023662e-01 -8.317958030025206229e-02
2.943365640947773754e-01 -4.993381424619358633e-03 1.192429309977391938e-01 3.109240312787997507e-01 1.131349006316309802e-01 2.949974400023768761e-01 -2.943365640947773754e-01 4.993387649832540381e-03
3.831059257561211240e-01 -1.955900159326359189e-01 1.993995392457581506e-02 4.435846597542680847e-01 1.822414463118296121e-02 4.054147279434014983e-01 -3.831059257561211240e-01 1.959641351787563823e-01
-2.719888961697320973e-01 -3.904350583380459261e-01 1.781059730743922431e-01 4.792415865196806291e-01 1.585816978984259662e-01 4.267063208603493196e-01 2.719888961697320973e-01 3.934109452707775789e-01
-4.850882855169039720e-01 3.233786410728182181e-01 9.005877575663434609e-02 -3.394149712360068349e-01 8.497195804698370880e-02 -3.202436903464074835e-01 4.850882855169039720e-01 -3.250694868584364516e-01
4.912314042992842467e-01 3.590916717691716720e-01 -1.829950017838815057e-01 -2.302993130634211072e-01 -1.755574957560528115e-01 -2.209392075282060330e-01 -4.912314042992842467e-01 -3.614068583841425486e-01
4.391915186366176505e-01 -2.206959306508100571e-01 -1.478438268511681475e-01 2.160705793386175078e-01 -1.430233450094005598e-01 2.090255486029714838e-01 -4.391915186366176505e-01 2.212333991067301220e-01
-6.767416274523585518e-02 -4.936575520549716378e-01 -1.532340123888278338e-01 7.285266691245806392e-02 -1.510748570581960659e-01 7.182613095178877471e-02 6.767416274523585518e-02 4.996727144987078151e-01
3.184580927554561125e-01 -9.557703382548354831e-02 -3.220149464592166888e-01 -4.486652046420011031e-01 -2.818848644328080244e-01 -3.927517395601581307e-01 -3.184580927554561125e-01 9.562068848942599508e-02
2.749984858573738533e-01 -1.093059475654079016e-02 2.471398145971274163e-01 -1.061162289093623423e-01 2.386583964104390665e-01 -1.024745003791301678e-01 -2.749984858573738533e-01 1.093066005476709887e-02
4.124014188975034800e-01 -4.091510379749906390e-01 -7.153239091233820623e-02 2.839730094869978849e-01 -6.864933136465546648e-02 2.725276895998294813e-01 -4.124014188975034800e-01 4.125757256922321092e-01
1.719770812804666260e-01 -1.173586077093856650e-01 -4.178711925390271587e-01 -2.497831840711541851e-01 -3.757129661518187058e-01 -2.245830357723312687e-01 -1.719770812804666260e-01 1.174394269657526024e-01
3.824915310910881328e-02 5.880143120233483067e-02 -2.163682551753172145e-01 -3.524934848061611614e-01 -1.999413839558952799e-01 -3.257318645495098641e-01 -3.824915310910881328e-02 -5.881159681819733004e-02
4.902743208427962074e-02 -2.659321441337438863e-01 -7.271131560567256624e-02 -1.171405156852688423e-01 -7.202993580905446558e-02 -1.160427885971463957e-01 -4.902743208427962074e-02 2.668724789359936400e-01
-2.517165692083579431e-01 1.113861376864285768e-01 2.208273462885212979e-03 -2.328794841258229331e-01 2.150718524867887248e-03 -2.268098715983706548e-01 2.517165692083579431e-01 -1.114552353622259573e-01
-7.783153966212108532e-02 -2.237295173917185354e-01 3.036142793984548671e-01 4.419530781314835455e-01 2.675764414804142066e-01 3.894949611132804135e-01 7.783153966212108532e-02 2.242894552886303960e-01
2.821125612271673244e-01 9.984892436222658763e-02 -4.325677135810584995e-01 -2.162120250794041798e-02 -3.969376026055267404e-01 -1.984028862880504382e-02 -2.821125612271673244e-01 -9.989869809095525133e-02
-3.982092353719944855e-01 3.762687587332083083e-01 3.690844945944234956e-01 -1.400850971170927162e-01 3.433014109061793273e-01 -1.302991921675641651e-01 3.982092353719944855e-01 -3.789323310132217126e-01
-3.656433963654180941e-01 -1.210017021603091436e-01 -3.490387540847416092e-01 -3.557241260919146164e-01 -3.123937864307811951e-01 -3.183772729364431897e-01 3.656433963654180941e-01 1.210902839485610977e-01
-3.086210496334312881e-01 -4.864753875005776163e-01 -3.422474576561522763e-01 -6.292749192244428968e-03 -3.238023755120458813e-01 -5.953607810280328594e-03 3.086210496334312881e-01 4.922318094747720751e-01
