3.895200639461449121e-01 3.361857276979363096e-01 -2.342147752833589891e-02 -4.196375123681935770e-01 -2.159194216225028551e-02 -3.868581256328791351e-01 -3.895200639461449121e-01 -3.380855274239213948e-01
4.938520114212728851e-01 -5.429780291320507324e-02 -3.254362861162664045e-01 1.128277893009871358e-01 -3.076954108341884986e-01 1.066770807791161124e-01 -4.938520114212728851e-01 5.430580709188112531e-02
1.257886201294436956e-01 4.885723617902970606e-01 3.405134753618568322e-01 -3.958203074714418124e-01 3.018452840135508741e-01 -3.508715565517139257e-01 -1.257886201294436956e-01 -4.944035450587755398e-01
2.974049390325935738e-01 -1.602608517501262764e-01 2.032941537203996063e-01 4.464566627870004689e-01 1.825155570142061034e-01 4.008245441398362585e-01 -2.974049390325935738e-01 1.604666550547814707e-01
1.542419346310835992e-01 1.803914838039583080e-01 -2.431465127148435545e-01 -9.349544889760452726e-02 -2.352938387136833953e-01 -9.047591440958142883e-02 -1.542419346310835992e-01 -1.806849905562538383e-01
4.567475933072475680e-01 3.317835829644307788e-01 -4.353493350552143371e-01 1.539239101965452772e-01 -3.952463027535719209e-01 1.397449163505473935e-01 -4.567475933072475680e-01 -3.336097255436740738e-01
3.614007965823308188e-01 4.127308102741941154e-01 1.186351410071623258e-01 -1.129354676067328977e-01 1.170750489177298931e-01 -1.114503281435532678e-01 -3.614007965823308188e-01 -4.162461772989572428e-01
-3.660457918283089862e-01 -3.678703816137507410e-02 -2.028292061021524928e-01 -3.370621586383084622e-01 -1.887497543965732660e-01 -3.136648852597583303e-01 3.660457918283089862e-01 3.678952733088632771e-02
1.152545734642762554e-01 3.232138906409891543e-01 4.767732687444159456e-01 -1.977995918168484746e-02 4.302937747627994525e-01 -1.785165792401810503e-02 -1.152545734642762554e-01 -3.249021534575300407e-01
-2.537464110322101840e-01 4.006979568746575904e-01 -4.668630766211878669e-02 -6.777679988347062867e-02 -4.652899603026257325e-02 -6.754842288118496907e-02 2.537464110322101840e-01 -4.039147370852775865e-01
5.277996013144459209e-02 4.903937285006211289e-01 -1.432249785499692951e-01 -4.166102798060571377e-01 -1.310697601778414434e-01 -3.812533959832458130e-01 -5.277996013144459209e-02 -4.962903700297495724e-01
-3.019728881838303902e-01 9.480102257983791247e-03 -4.806139182701524293e-01 1.201356906993448215e-01 -4.306634555119212560e-01 1.076499238164162625e-01 3.019728881838303902e-01 -9.480144857931900246e-03
-1.587900408457478818e-01 1.438936007559868946e-01 1.736933743788346973e-01 6.353134326567366763e-02 1.707968299158683367e-01 6.247188224006400975e-02 1.587900408457478818e-01 -1.440425692562473381e-01
-1.315967699679877478e-01 4.864786207905855697e-01 -3.921204130657279796e-01 3.442225249535854070e-01 -3.476431186760031711e-01 3.051781751370694629e-01 1.315967699679877478e-01 -4.922351575432816762e-01
-2.884024165838602327e-01 -8.743672687308245983e-03 2.749964549109705780e-01 -3.242580069459277681e-02 2.650238050459772232e-01 -3.124989041958969871e-02 2.884024165838602327e-01 8.743706110789298269e-03
3.465614853574680021e-01 6.254835339333797428e-03 2.877663456138178644e-01 3.896609520124899584e-01 2.589816111375199958e-01 3.506838888137474020e-01 -3.465614853574680021e-01 -6.254847574719038863e-03
4.645510800892551639e-01 -3.985118434539286492e-01 7.985285689047805224e-02 -4.146721181327218675e-01 7.356260387768688569e-02 -3.820071310304772871e-01 -4.645510800892551639e-01 4.016762604086329680e-01
1.529069507012145168e-01 2.115508048155300136e-01 -1.092379745565513760e-01 1.504586230029228977e-01 -1.073973449417583437e-01 1.479234368790096343e-01 -1.529069507012145168e-01 -2.120241893332293071e-01
7.027420975071907439e-02 4.013201122064953275e-01 3.705106007648173438e-01 -2.346341479241964567e-02 3.473459250203225213e-01 -2.199645974605111617e-02 -7.027420975071907439e-02 -4.045518995762532044e-01
4.403975501846133511e-01 1.895994928160810167e-01 -2.349637674728497494e-01 -1.601049459395051944e-01 -2.260059527832423976e-01 -1.540010668093690360e-01 -4.403975501846133511e-01 -1.899402786380390284e-01
8.361170216741875549e-06 -4.127443847938970789e-01 -2.211756834025025986e-01 1.812390540806411154e-01 -2.126525811131970978e-01 1.742549273765533480e-01 -8.361170216741875549e-06 4.162600986863078667e-01
6.086833512638833987e-03 -2.812531952022430115e-01 2.609607187295761577e-01 -2.643274548027856330e-01 2.446300638687391449e-01 -2.477861130420704328e-01 -6.086833512638833987e-03 2.823655988371534531e-01
3.248904812066794046e-01 3.927781993958104900e-01 -3.179144616348001939e-01 -1.848754078189103200e-01 -2.983766348374265465e-01 -1.735136607675635545e-01 -3.248904812066794046e-01 -3.958079866131126168e-01
-2.464517327750770370e-01 2.206473235416404055e-01 -1.762366490870185265e-01 -2.783459021905704267e-01 -1.673868611555245356e-01 -2.643686606874672274e-01 2.464517327750770370e-01 -2.211844369520313824e-01
-2.392799802805479770e-01 3.680902504100880268e-02 4.595108930694833393e-01 4.537998099991555900e-01 3.860094464628464062e-01 3.812118844291054742e-01 2.392799802805479770e-01 -3.681151867636918429e-02
-3.319468794095146169e-01 1.143392207659897908e-01 2.493386932244817666e-01 -1.109040616726032491e-01 2.405429506706198706e-01 -1.069917784965155189e-01 3.319468794095146169e-01 -1.144139612126121863e-01
-3.355809138298799787e-01 -6.926204473824304486e-02 4.789061753822561052e-01 -3.132468288293465131e-01 4.156591170545315683e-01 -2.718776808158951952e-01 3.355809138298799787e-01 6.927865803910061848e-02
8.268488852903455033e-02 3.159795485724871122e-01 1.367722605778523004e-01 1.508013172746959230e-01 1.340229875818404470e-01 1.477700447959439389e-01 -8.268488852903455033e-02 -3.175569670626504082e-01
-6.325273697320099586e-02 4.389688839704706247e-01 -2.945939872656692105e-01 4.858998346319036710e-01 -2.561314764009783307e-01 4.224602246040616849e-01 6.325273697320099586e-02 -4.431982104773765085e-01
4.804850789987784587e-01 -1.392937064094625921e-01 -4.394528277729455867e-01 -1.966202545818590552e-01 -3.959551415673266961e-01 -1.771584930571625249e-01 -4.804850789987784587e-01 1.394288403645530250e-01
1.575123876590439620e-01 -1.194337210442084629e-01 -4.600464788240561376e-01 2.888400763783033343e-01 -4.042544996659966916e-01 2.538110950403682509e-01 -1.575123876590439620e-01 1.195189036446778763e-01
-2.512657111073697269e-01 -3.703298519706835767e-01 4.342182304429377249e-01 -2.274116015558058645e-01 3.898983707362277951e-01 -2.042001157866563388e-01 2.512657111073697269e-01 3.728692815212248934e-01
-4.744490581503072457e-01 4.919252374110122394e-01 -4.749791799759904842e-01 3.698982156963921408e-01 -4.069279199590738472e-01 3.169021250942291035e-01 4.744490581503072457e-01 -4.978772976237912373e-01
2.290008018214769736e-01 3.919155777344646152e-01 -1.291453725820940202e-01 -3.638503610152753476e-01 -1.204776355366166674e-01 -3.394301344897167061e-01 -2.290008018214769736e-01 -3.949254466540574326e-01
-1.130996569876318025e-01 4.406689578647158267e-01 4.751069314166164181e-01 4.744129191001166257e-01 3.944468198630802780e-01 3.938706317818563285e-01 1.130996569876318025e-01 -4.449476139513804940e-01
3.550999869224471528e-01 4.459771445389442146e-01 1.054035416997008978e-01 4.404450253327685250e-01 9.601594255555788437e-02 4.012174882293574885e-01 -3.550999869224471528e-01 -4.504122894263565824e-01
-1.764714851799558115e-01 3.543546853419349274e-01 2.262129746825055632e-01 -3.132313932797856637e-01 2.110101818576648192e-01 -2.921804699852560416e-01 1.764714851799558115e-01 -3.565794523864822541e-01
-1.726058163534591738e-01 5.088286268506303500e-02 -3.336481841522087599e-01 -3.077514406805594849e-01 -3.038150888867210964e-01 -2.802338982990736360e-01 1.726058163534591738e-01 -5.088944963882605088e-02
4.634430408445728844e-01 -3.974501338432379072e-02 -3.370153895650563891e-01 -8.907394411555058511e-02 -3.182346556540443516e-01 -8.411015286258294310e-02 -4.634430408445728844e-01 3.974815257681613839e-02
-2.678817485638360640e-01 1.748476010454057539e-01 2.332517022566393816e-02 -5.694621564953439297e-02 2.328112981763411429e-02 -5.683869512348050518e-02 2.678817485638360640e-01 -1.751148703221989400e-01
-2.791620849385381131e-01 -2.831905105590430960e-01 -3.932913721403957785e-01 -3.661893822732362747e-01 -3.464385752788023409e-01 -3.225652451680986466e-01 2.791620849385381131e-01 2.843260601201051951e-01
-1.884705966570153768e-01 -1.089980377575597847e-01 -1.000696493197851256e-01 -2.623027065000033131e-01 -9.634486192849384123e-02 -2.525392885154894018e-01 1.884705966570153768e-01 1.090627857106123699e-01
2.663842385283332614e-02 1.442743144075572248e-01 -2.987180620328564462e-01 2.584135395012860936e-01 -2.778309861752364940e-01 2.403446515155112373e-01 -2.663842385283332614e-02 -1.444244684614879037e-01
1.775848402279094351e-01 3.122540830404698653e-01 -3.208779873063554167e-01 4.359153970116604881e-01 -2.821910241102932315e-01 3.833588378585829348e-01 -1.775848402279094351e-01 -3.137763624815371188e-01
4.431707226672082500e-01 -2.446306975939304129e-01 -2.426413072764022072e-01 -1.900220172657232087e-01 -2.318787843710459762e-01 -1.815934593408572995e-01 -4.431707226672082500e-01 2.453626837469952415e-01
-2.333741073702053637e-01 -4.346008653559019219e-02 8.182728984183940124e-02 -4.920716175469881382e-01 7.322282396676900451e-02 -4.403283244542130492e-01 2.333741073702053637e-01 4.346419086079393590e-02
-8.324655980466288963e-02 3.958538507864122202e-01 4.330973092437726546e-01 -1.683074347417190531e-01 3.927683066377966048e-01 -1.526350423499126530e-01 8.324655980466288963e-02 -3.989553710747542614e-01
-2.541888360958692861e-01 -3.863660753045184970e-01 -2.747795791481922878e-01 5.044108210170472617e-02 -2.646460283732253171e-01 4.858087375504941546e-02 2.541888360958692861e-01 3.892498874296265732e-01
1.196414637099646461e-01 -2.139377184116185715e-01 -4.963012733190830250e-02 -4.399472960239817487e-01 -4.538128137255890288e-02 -4.022833126427342587e-01 -1.196414637099646461e-01 2.144273078989790415e-01
-4.034690843393874404e-01 -2.569488424525057102e-02 -3.091395477129326164e-01 2.178439247690788783e-01 -2.891525573977670738e-01 2.037595268109748670e-01 4.034690843393874404e-01 2.569573246816572384e-02
1.357812126574642342e-02 -4.360749039200052524e-01 -1.733063752576815553e-01 3.511911013000021953e-01 -1.613727347873296913e-01 3.270085613728370699e-01 -1.357812126574642342e-02 4.402211329272959217e-01
1.018171214054673923e-01 -1.776182039333795704e-01 4.362808605548839092e-01 2.420699676863024008e-01 3.903872021927496938e-01 2.166059205525399101e-01 -1.018171214054673923e-01 1.778983808986225879e-01
-1.594642564532489093e-02 -3.421867133319670407e-01 3.908615623178063325e-01 4.308318619285417261e-01 3.378561338128681091e-01 3.724059903240716229e-01 1.594642564532489093e-02 3.441900753314303674e-01
2.007523466071562401e-01 -7.262253058204548584e-02 -4.814615011791566479e-01 2.257803446771435851e-01 -4.250941681485872481e-01 1.993470040071123328e-01 -2.007523466071562401e-01 7.264168125936770748e-02
4.613901971756730891e-01 3.165558714646763416e-01 3.181094217496508447e-01 -2.106772934895763116e-01 2.972104669955829004e-01 -1.968363478170736813e-01 -4.613901971756730891e-01 -3.181419369846831269e-01
4.367810722341859409e-01 -5.025786002756071902e-02 -3.975630336306020807e-01 -1.477813439571794563e-01 -3.660026149314349886e-01 -1.360497675864552336e-01 -4.367810722341859409e-01 5.026420722461678869e-02
-1.246185627462501611e-01 -4.831330384642162912e-02 -4.054435395433095835e-01 3.236828026438454131e-01 -3.598927091193394601e-01 2.873176395165877306e-01 1.246185627462501611e-01 4.831894243251559640e-02
2.442558911563786905e-01 -1.189945148935249719e-01 -3.585119877003496436e-01 3.932223228030616857e-01 -3.164930535395286681e-01 3.471352086777818036e-01 -2.442558911563786905e-01 1.190787611928730838e-01
-3.295228665162293069e-01 3.986993194285377573e-01 2.592627558464896120e-01 2.471283469880256600e-01 2.440786773548168920e-01 2.326549367755486597e-01 3.295228665162293069e-01 -4.018682044909969719e-01
-3.242758067432693903e-01 -1.647839074947992088e-01 -8.980386250011263005e-02 3.390379458764325449e-01 -8.474282189593076997e-02 3.199309190440745576e-01 3.242758067432693903e-01 1.650076324322518329e-01
-3.799602078225859936e-01 -4.124935551506538900e-01 4.945513275148214483e-01 2.638919794739624791e-01 4.313972151238988362e-01 2.301930228570434611e-01 3.799602078225859936e-01 4.160028633147644372e-01
4.379131190646037286e-01 -3.629293064431641236e-01 8.558968593287219484e-02 -4.256021159461946812e-01 7.851066296501872654e-02 -3.904010619744215371e-01 -4.379131190646037286e-01 3.653195167823710121e-01
4.643668363057484871e-01 -4.869980422411279708e-01 2.382068609150509442e-01 -1.803871741649893945e-01 2.282359720710345763e-01 -1.728365080944316845e-01 -4.643668363057484871e-01 4.927730377434508813e-01
3.131817161798929883e-01 -2.148146795095858819e-01 3.895819112284482078e-01 2.896722189696708805e-01 3.504653300424950269e-01 2.605872267149921817e-01 -3.131817161798929883e-01 2.153103144009010650e-01
3.006773534326545594e-03 8.658448549203923150e-02 2.914470323613471692e-02 -4.420094507883985946e-01 2.664733531534303063e-02 -4.041342933664115455e-01 -3.006773534326545594e-03 -8.661694113716823795e-02
-4.966645552009227860e-01 -3.449124313993801039e-03 -4.491152934097930594e-02 1.883531773265177955e-01 -4.409253359672158507e-02 1.849184145181383410e-01 4.966645552009227860e-01 3.449126365612020101e-03
1.293597228295821910e-01 -2.049791969079273191e-01 -3.260979459958813775e-01 -1.038241422954997439e-01 -3.085306267230303878e-01 -9.823100109871957253e-02 -1.293597228295821910e-01 2.054098220337428615e-01
1.622020192683257811e-01 -1.991182866170109200e-01 -2.807191686074710368e-01 -2.660288306206078923e-01 -2.618204054616046217e-01 -2.481190602090946606e-01 -1.622020192683257811e-01 1.995130196249946530e-01
2.089911722935778871e-01 6.557901650510167268e-02 3.111398698335536839e-01 -4.189785047388699946e-01 2.758367942985425203e-01 -3.714396605262815232e-01 -2.089911722935778871e-01 -6.559311798530394200e-02
3.486845142673233866e-01 1.043469372958427677e-01 4.224811374351783444e-01 -4.020895139764132376e-01 3.649454715864104415e-01 -3.473308848506573843e-01 -3.486845142673233866e-01 -1.044037452467011101e-01
-3.930543156900170310e-01 4.536915489132353763e-01 1.745451027902100716e-02 8.923124807753268772e-02 1.738280741078990221e-02 8.886468743958167438e-02 3.930543156900170310e-01 -4.583608520853132973e-01
-3.872237847619285356e-01 -3.650531679176446387e-01 -4.174141652060864294e-01 3.401712679043807919e-01 -3.675196492159686912e-01 2.995097806320119460e-01 3.872237847619285356e-01 3.674855868167951622e-01
9.187906853578364785e-02 1.218425942287253427e-01 6.312738690512698092e-02 4.028208593905713286e-02 6.295112772040313553e-02 4.016961355623436397e-02 -9.187906853578364785e-02 -1.219330356578167546e-01
-1.131101146792375944e-01 4.661141753860624792e-01 2.577139778984488538e-01 3.443565152028081888e-01 2.367441102546822274e-01 3.163366514571286925e-01 1.131101146792375944e-01 -4.711776301778750065e-01
2.623352442240588500e-01 4.476249676938953703e-01 4.849930426685167273e-01 -3.646044045643971332e-01 4.146368699699684579e-01 -3.117125727289519199e-01 -2.623352442240588500e-01 -4.521094561702915793e-01
2.573324981095792552e-02 1.310114149919070492e-01 -4.255368275834837677e-01 3.466656687751333843e-01 -3.730399396831423076e-01 3.038988209421694120e-01 -2.573324981095792552e-02 -1.311238489283689801e-01
-6.761090455515261777e-02 3.401458554502245768e-02 -4.115580310343186499e-01 2.977385598370726472e-01 -3.669322481457272800e-01 2.654543730956331893e-01 6.761090455515261777e-02 -3.401655327524108485e-02
-5.864508064515328023e-02 2.455532583314522510e-01 1.910556395190344814e-01 -1.119529342092159263e-01 1.865368866817048443e-01 -1.093050791635402225e-01 5.864508064515328023e-02 -2.462935572386047434e-01
-1.069871187287441128e-02 2.680937337729781822e-01 3.461625000071701930e-01 -1.150190459124079689e-01 3.252025746694618413e-01 -1.080547138004993024e-01 1.069871187287441128e-02 -2.690571855763939091e-01
-4.582022901846899421e-01 -1.658570201888429629e-01 4.489179993614693664e-01 7.062776434051698526e-02 4.086961426219181681e-01 6.429970482145176691e-02 4.582022901846899421e-01 1.660851445049817132e-01
-1.913910738597852657e-01 -4.596886595176455925e-01 -4.582122177353551429e-01 6.274297206326195919e-02 -4.158877063307151456e-01 5.694747920238349415e-02 1.913910738597852657e-01 4.645455842575965111e-01
-4.109498037022456529e-01 3.134368490482173364e-01 -2.914501413851795508e-01 -2.597573800522029464e-01 -2.714934941063171236e-01 -2.419708509836435706e-01 4.109498037022456529e-01 -3.149764925118478387e-01
-3.378165523560610062e-01 4.098260960467660086e-01 -4.419839196371451173e-01 -2.740851616557428150e-01 -3.921243765446664198e-01 -2.431660256387523089e-01 3.378165523560610062e-01 -4.132677629182412438e-01
-2.259407474639463231e-01 3.268086103496061767e-01 -2.459433018861006959e-01 -8.795810929543490531e-02 -2.379598486296690407e-01 -8.510294125996056835e-02 2.259407474639463231e-01 -3.285538315303679902e-01
1.923992458812310291e-01 1.475791280051264032e-03 1.635825751903960956e-01 -2.287932937505996467e-01 1.574726230037424846e-01 -2.202476642187494449e-01 -1.923992458812310291e-01 -1.475791440761975697e-03
1.089301489343915685e-01 -2.568177305664165466e-01 -1.543667786944533660e-01 -7.766647344331545355e-02 -1.521123573140351071e-01 -7.653220763979778907e-02 -1.089301489343915685e-01 2.576646556897547180e-01
4.705803133771735425e-01 1.779434434790585495e-01 -1.568308020994757523e-01 -2.141536725835710975e-01 -1.515816426925445104e-01 -2.069859048369143972e-01 -4.705803133771735425e-01 -1.782251623739317670e-01
4.790778009037666152e-02 -1.756049359832199119e-01 6.628623411616652028e-02 -2.921721829780810076e-02 6.611299675679405130e-02 -2.914085985304789780e-02 -4.790778009037666152e-02 1.758756932750845936e-01
-3.654200546550664397e-01 1.477694778943420273e-01 3.441509411190785128e-01 -4.916952748564041853e-01 2.950848545306553605e-01 -4.215935838577581918e-01 3.654200546550664397e-01 -1.479308112700169764e-01
6.997665199255020951e-02 -3.058900389812149179e-01 -1.606092223891797399e-02 -3.510073262082276102e-01 -1.515272985101938710e-02 -3.311590150703719870e-01 -6.997665199255020951e-02 3.073211258896516584e-01
4.831383610430722841e-01 4.292290834384104858e-02 9.116422321607320356e-02 -3.241332570413699710e-01 8.639806935231246487e-02 -3.071872565060557725e-01 -4.831383610430722841e-01 -4.292686235078044948e-02
4.985032604111037102e-01 4.320506005232922497e-01 -3.602778919299227667e-01 5.864633122777385132e-02 -3.384361540508588617e-01 5.509091519215723876e-02 -4.985032604111037102e-01 -4.360830955800223396e-01
3.440920891688767913e-01 2.250322462207532404e-02 -1.285326915306812534e-01 -4.043949325350248980e-02 -1.273815233669588487e-01 -4.007730790877727517e-02 -3.440920891688767913e-01 -2.250379439823015776e-02
4.032961504890154592e-01 -6.647702086110984787e-02 -2.067241674128127427e-01 1.322126751580831039e-01 -2.007678944532838572e-01 1.284032764225279122e-01 -4.032961504890154592e-01 6.649170960470190961e-02
-1.048492415324961957e-01 -2.439785835527592539e-01 -6.749797039589078285e-02 -3.686723902509730921e-01 -6.320446663937299980e-02 -3.452213696768299256e-01 1.048492415324961957e-01 2.447047315121054223e-01
-2.197317122298012571e-01 -1.558149334002710829e-01 3.543417343178004719e-01 2.728828749859857350e-02 3.338833335520504653e-01 2.571276119788731829e-02 2.197317122298012571e-01 1.560040794342802406e-01
-5.542905824929078573e-02 -3.874645316922584737e-01 5.387291569962149307e-02 -2.680116584603987606e-01 5.196611879557339053e-02 -2.585255596672592637e-01 5.542905824929078573e-02 3.903730102409149194e-01
-4.122124451150055435e-01 1.844813301525406457e-01 -4.166320041149109699e-01 -2.255489636784426821e-01 -3.765141401716525227e-01 -2.038306545998654351e-01 4.122124451150055435e-01 -1.847952561394955728e-01
1.440206047122061239e-02 1.004095494951700029e-01 -4.092064960143293462e-01 -3.394506468759029838e-01 -3.613132737908287262e-01 -2.997215970609915514e-01 -1.440206047122061239e-02 -1.004601663388092897e-01
-1.821015098046563363e-01 -1.008177826924707698e-01 -3.073536581737617013e-01 3.067608930522425226e-02 -2.936639069268244251e-01 2.930975439867846213e-02 1.821015098046563363e-01 1.008690194253828304e-01
-2.914975054744775029e-01 3.021410944492819439e-03 -1.511453310110149051e-01 4.226361758764536347e-01 -1.378919612092061320e-01 3.855767874517809224e-01 2.914975054744775029e-01 -3.021412323604378333e-03
-1.287649011056235526e-01 2.202579498312028372e-01 -1.767684343070009545e-01 3.955472445492468347e-01 -1.621998608693700217e-01 3.629477643147825949e-01 1.287649011056235526e-01 -2.207922247435933627e-01
3.063352144105170316e-01 -3.956411087712260466e-01 2.003775126869206114e-01 1.474684213712845748e-01 1.944498278411687375e-01 1.431059242284274113e-01 -3.063352144105170316e-01 3.987376312367681419e-01
7.670966045295124491e-02 -3.460366096054725560e-01 1.317201622209832612e-01 -4.456360124317553240e-01 1.194526773748218751e-01 -4.041326242090867993e-01 -7.670966045295124491e-02 3.481083538883639750e-01
4.729106898748248744e-01 -1.861317958974253450e-01 -2.238447973239906519e-01 3.512209482986310416e-01 -2.066390372244966966e-01 3.242244603275641901e-01 -4.729106898748248744e-01 1.864542231237973358e-01
-1.424817676447679426e-01 6.666347189739441070e-02 6.665445186917606790e-02 -4.613517331914623876e-01 6.041328461751301754e-02 -4.181532183444129358e-01 1.424817676447679426e-01 -6.667828458246510825e-02
-2.162441925347453608e-01 2.987126238028706693e-01 4.047349421426053029e-01 -9.969843845784687186e-02 3.735793562272124446e-01 -9.202387680878242049e-02 2.162441925347453608e-01 -3.000453186977148912e-01
-3.894168522038389257e-01 3.421465667798018195e-02 4.949487819054583237e-01 2.588867438570384705e-01 4.321095830125988857e-01 2.260182205214973650e-01 3.894168522038389257e-01 -3.421665933493787948e-02
-4.977282038262675901e-02 -2.564492616998652608e-01 -4.284580126728059213e-01 7.330474750129623018e-02 -3.929402345111998041e-01 6.722802193441586305e-02 4.977282038262675901e-02 2.572925466771187608e-01
1.933338285892228781e-01 -4.297423264967051848e-01 4.314150208726028612e-01 -3.355181506208784192e-01 3.785665944956324580e-01 -2.944171100373589312e-01 -1.933338285892228781e-01 4.337105342037542721e-01
-3.978620517688065128e-01 -3.376903999827970404e-01 -4.387811711055252806e-01 -4.729180057141973981e-01 -3.687132120761562049e-01 -3.973988138465406328e-01 3.978620517688065128e-01 3.396158229493634884e-01
-3.155601343530847203e-01 3.125176994222678140e-01 3.321709215829121709e-01 3.207180142960941449e-01 3.015753539940215222e-01 2.911773500001025861e-01 3.155601343530847203e-01 -3.140438376120834874e-01
-1.992469299966458385e-01 -1.969537719059494263e-01 -2.762624341536648043e-01 -2.056460991797786075e-01 -2.612054550519287699e-01 -1.944378832412295421e-01 1.992469299966458385e-01 1.973357715091786091e-01
1.626352006348812385e-01 1.252204719376199815e-01 3.807517152847169628e-01 1.701617172448443016e-01 3.514158496366394102e-01 1.570512279807102229e-01 -1.626352006348812385e-01 -1.253186458306572715e-01
-3.133728544135198080e-01 1.411773094303422349e-01 2.845627794160681123e-01 3.829783494176839387e-01 2.568272458398794256e-01 3.456505270966326315e-01 3.133728544135198080e-01 -1.413179999088657601e-01
-4.511319137706486515e-01 -5.798466484961184442e-02 -3.890688588060452480e-01 3.632552803412234521e-01 -3.434452158533384258e-01 3.206586323806751015e-01 4.511319137706486515e-01 5.799441271354072863e-02
4.139154771651319953e-01 -3.869486464105139634e-01 -1.433820215679915133e-02 1.796608722146830761e-02 -1.433441575988475547e-02 1.796134278165115172e-02 -4.139154771651319953e-01 3.898455230372345759e-01
-4.179050777249752047e-01 -2.223469274125100537e-01 -2.743283985293791805e-01 2.190453708521489240e-01 -2.588421976229320354e-01 2.066799699719323313e-01 4.179050777249752047e-01 2.228965485181299278e-01
-4.722557020139124262e-01 4.155751306731022554e-01 -4.243492934770062286e-01 -1.652509171415744715e-01 -3.861903883920310143e-01 -1.503910030110655605e-01 4.722557020139124262e-01 -4.191636778054023127e-01
-8.026453869317928813e-02 -5.739890408697523316e-02 3.364316822527514406e-01 1.545350357774698535e-01 3.155032169349962778e-01 1.449218474029662918e-01 8.026453869317928813e-02 5.740835950657001419e-02
-2.331727248971333655e-01 -2.667356411774486347e-01 -2.051775487020679467e-01 -3.957827311445907270e-01 -1.873988894158571394e-01 -3.614881098622050870e-01 2.331727248971333655e-01 2.676845252440275269e-01
-4.203545229909390057e-01 3.509320488288052431e-01 2.242438157483649386e-01 -5.535065882824041772e-03 2.188066411583311499e-01 -5.400858749968146313e-03 4.203545229909390057e-01 -3.530929708740572770e-01
3.539752926394887922e-01 -2.594357555884373445e-01 -4.071695362623163339e-01 -1.540128826934572537e-01 -3.733290424934597729e-01 -1.412126323482205681e-01 -3.539752926394887922e-01 2.603088465576205990e-01
-3.188497705913535540e-01 -1.192828283891843588e-01 4.602641195016774489e-01 6.068057547610439251e-02 4.174698714393405563e-01 5.503864187871411462e-02 3.188497705913535540e-01 1.193676885380938191e-01
-6.400509785799624041e-02 -3.029797409402721353e-01 1.276310734226936416e-01 1.101197106678578619e-01 1.258554424215987677e-01 1.085877015195380324e-01 6.400509785799624041e-02 3.043703683143235694e-01
4.542886365563276740e-01 4.116280842532149542e-01 4.053251013139050896e-01 -2.762631134918474007e-01 3.639032260688296883e-01 -2.480306250898693388e-01 -4.542886365563276740e-01 -4.151153496289221589e-01
4.334523058390271633e-02 7.874770447052481526e-02 3.031589867972328545e-01 1.973423663143769602e-02 2.900684615601579752e-01 1.888210447006777315e-02 -4.334523058390271633e-02 -7.877212098755038971e-02
4.038461648748865596e-01 -3.974299599887556322e-01 -3.672468014845375883e-01 -3.753964485501282144e-02 -3.445208008598887317e-01 -3.521661307100411309e-02 -4.038461648748865596e-01 4.005686744860560422e-01
3.125055814922135244e-01 3.935934929285727080e-01 7.831656269773323853e-02 3.860556741253849955e-01 7.286688487235375156e-02 3.591918923891631032e-01 -3.125055814922135244e-01 -3.966421862116097374e-01
1.966211158111946800e-01 8.143752908845980354e-02 -1.332680739667382319e-01 6.791893546623206657e-02 -1.318018052335373225e-01 6.717166413182917850e-02 -1.966211158111946800e-01 -8.146453406279524634e-02
-2.920249836169723778e-01 4.032549715047770711e-01 -1.807204986216695008e-01 1.464220734822493375e-01 -1.760218775536780134e-01 1.426151902314292397e-01 2.920249836169723778e-01 -4.065337282355565574e-01
2.130072935469810025e-01 -5.958774893863050259e-02 2.570037251649800458e-01 -3.911501643028792996e-01 2.327709461436943128e-01 -3.542687708926998136e-01 -2.130072935469810025e-01 5.959832784911267556e-02
-2.759986819872978225e-01 -3.730515436720229783e-01 2.837014145265061016e-01 -3.796409427816423987e-01 2.563668915534197956e-01 -3.430626828906632730e-01 2.759986819872978225e-01 3.756473753536067051e-01
4.000439379152620489e-03 -4.169715011076328137e-01 2.653961069359148661e-01 -2.566688020059610942e-01 2.489690576175414838e-01 -2.407819409750348028e-01 -4.000439379152620489e-03 4.205963434618497088e-01
-4.905496258621007133e-01 -2.235053719051304233e-01 4.228900617161985842e-01 8.000538695964587443e-02 3.884408566245852734e-01 7.348803828367637958e-02 4.905496258621007133e-01 2.240636285506600878e-01
-4.207618292992003628e-01 4.413393459469506785e-01 -4.607706945581956370e-01 -2.960322069892574737e-01 -4.041312282919883869e-01 -2.596429435237155303e-01 4.207618292992003628e-01 -4.456375590673185560e-01
1.409386397788642276e-01 -2.758895718811148479e-01 4.777412921273238577e-01 3.708098829491840442e-01 4.087984948063361212e-01 3.172983464208081750e-01 -1.409386397788642276e-01 2.769395393900367930e-01
-3.377014014976861267e-01 -3.630376515132434090e-01 2.800699914779801736e-01 -4.140960526600638847e-01 2.505107592299296582e-01 -3.703914010871297013e-01 3.377014014976861267e-01 3.654300031357736733e-01
-4.124374909988771654e-01 -3.073221709775386667e-02 -9.676170692750951652e-03 -1.787570327831832229e-01 -9.524751081769597741e-03 -1.759597154121194384e-01 4.124374909988771654e-01 3.073366837932912932e-02
2.316932617519518178e-02 -5.026105569080940860e-02 -2.607306032287964870e-01 -1.116135165418163933e-02 -2.522812828226723147e-01 -1.079965327614793545e-02 -2.316932617519518178e-02 5.026740409870856380e-02
4.247882362767179121e-01 -4.077044319236212688e-01 3.025280225021714786e-01 -2.335030973358522832e-01 2.825949606420024574e-01 -2.181179715374538808e-01 -4.247882362767179121e-01 4.110929226521521374e-01
-2.095732570650116200e-01 -2.135527209319099118e-02 3.752321536374092492e-02 -1.733308655899125084e-01 3.694669735490632712e-02 -1.706677578436601728e-01 2.095732570650116200e-01 2.135575904426956564e-02
-2.929501617466857555e-01 -2.840838071904084883e-01 4.671928129805215102e-01 -3.853643364178788167e-01 3.996204204309781738e-01 -3.296271985777278757e-01 2.929501617466857555e-01 2.852301366225576396e-01
4.147663899350051420e-02 2.928425281034132688e-01 -2.273613263788086813e-01 -1.635928270951658714e-02 -2.216750504976884029e-01 -1.595013927168949935e-02 -4.147663899350051420e-02 -2.940981892223361593e-01
3.765618684233270619e-01 -3.397876016751427697e-01 3.823524553851979091e-01 -1.095681792025982038e-01 3.552813155414708546e-01 -1.018105841882602502e-01 -3.765618684233270619e-01 3.417491209884760961e-01
-2.405195955957228904e-01 4.414564868631499772e-01 3.517730994059979910e-01 2.870737877217088840e-01 3.203029535377972525e-01 2.613917387253693048e-01 2.405195955957228904e-01 -4.457581234055049135e-01
-4.915516364211802713e-01 -4.879488020391440362e-01 2.087192638539780987e-01 1.265752270866683515e-01 2.027657645853487567e-01 1.229648007753994798e-01 4.915516364211802713e-01 4.937576869579329286e-01
-4.552330379469751165e-01 4.303874086023284917e-02 -4.493579203020318102e-01 2.063933109768123497e-02 -4.098049631753944433e-01 1.882263545007729563e-02 4.552330379469751165e-01 -4.304272696469384901e-02
1.365634181845816197e-01 -1.663282303541607776e-01 -1.167631021045664186e-01 -4.561650578894684838e-01 -1.056378978850752159e-01 -4.127015892478804737e-01 -1.365634181845816197e-01 1.665583045458803868e-01
1.530205132311011074e-01 -2.928528182417611259e-02 1.958544411747162872e-01 7.477673755852798365e-02 1.916873555232138926e-01 7.318575464143226017e-02 -1.530205132311011074e-01 2.928653761766700572e-02
4.888620933197065366e-01 -5.376277480013258447e-02 3.468417761533425514e-01 -3.942150047159710402e-01 3.070833897029547899e-01 -3.490262368695347672e-01 -4.888620933197065366e-01 5.377054469299660105e-02
4.331863793300605447e-02 4.143371626793040940e-01 -1.474335551222731855e-01 -4.505943853443631353e-01 -1.332197829201010042e-01 -4.071534878936375335e-01 -4.331863793300605447e-02 -4.178937351908533770e-01
4.738676214571739820e-01 1.244473303634984207e-01 9.718067012656383952e-02 -9.849407712331570419e-02 9.626354813021120727e-02 -9.756456012654461663e-02 -4.738676214571739820e-01 -1.245436970126672788e-01
-1.749431963898701037e-01 -1.234532649966906259e-01 -1.448645635539882459e-01 4.678882977127910570e-01 -1.300971915678203472e-01 4.201921574643539548e-01 1.749431963898701037e-01 1.235473407588039557e-01
6.285739891572017513e-02 4.088287728057496961e-01 -4.331540843419399156e-01 4.150141675927142559e-01 -3.714457886034541190e-01 3.558901331780788824e-01 -6.285739891572017513e-02 -4.122453745957619375e-01
2.481850276686758949e-01 -3.281950049731112706e-01 4.848298418897138973e-01 -1.563455710161709700e-01 4.320058051719595227e-01 -1.393111323936920554e-01 -2.481850276686758949e-01 3.299625313566615370e-01
-3.738398913709785054e-01 -1.017398974275905976e-01 1.134315483437879912e-01 -3.043814863166481866e-01 1.078826432622022879e-01 -2.894915901561541660e-01 3.738398913709785054e-01 1.017925529457324868e-01
-4.265016152855634068e-01 -3.455858547263601643e-02 3.310791968302008170e-01 -2.578135820526984423e-01 3.052904540259748778e-01 -2.377317157722171337e-01 4.265016152855634068e-01 3.456064913136182304e-02
-2.796983448803490591e-01 4.575816821532360246e-01 9.482388969283950253e-02 -2.587531902067753409e-01 9.141611780449898639e-02 -2.494541427783121823e-01 2.796983448803490591e-01 -4.623721275676553888e-01
2.079711706189207865e-01 -1.127708814947503413e-01 -2.417856889997038738e-02 3.009014216724624768e-01 -2.314691336601592750e-02 2.880625056006539397e-01 -2.079711706189207865e-01 1.128425883918150879e-01
3.362491954172746045e-01 3.027722584149070695e-01 3.075714190297947903e-01 1.725199085044654135e-01 2.900632082865186590e-01 1.626993766584479140e-01 -3.362491954172746045e-01 -3.041600308125587127e-01
2.757979112215489526e-01 -4.320218389730895447e-01 4.493265061054368958e-01 -4.957486798945811568e-01 3.734466706462965524e-01 -4.120293182536728938e-01 -2.757979112215489526e-01 4.360535287554729300e-01
2.196875377244112970e-01 4.197103875078359581e-01 -3.210439819955164253e-01 6.306320177590363230e-02 -3.051277169489033936e-01 5.993674343859289877e-02 -2.196875377244112970e-01 -4.234071296442286636e-01
4.515101483457323317e-01 -4.109738079514880793e-01 -1.841719758037496657e-01 -2.878127504105334467e-01 -1.742787747523138753e-01 -2.723522581583775470e-01 -4.515101483457323317e-01 4.144444708857265014e-01
3.806220661656807280e-01 -2.813282385969417820e-01 2.462805298929433562e-01 2.100618468868742372e-02 2.390852984338681653e-01 2.039247656903667855e-02 -3.806220661656807280e-01 2.824415328971532912e-01
2.780081598084682692e-01 4.916711272492545470e-01 4.005556371818462802e-01 3.572438680408259737e-01 3.529339629406018086e-01 3.147714883529103558e-01 -2.780081598084682692e-01 -4.976139683914532763e-01
-4.657245203903548347e-01 4.720334777264444392e-01 4.700233373007056681e-01 -1.159557405066907743e-01 4.230553118274998914e-01 -1.043686303747562438e-01 4.657245203903548347e-01 -4.772922989510672287e-01
3.508505040045016843e-01 -5.531817775774039436e-02 -1.757375802867963133e-01 -4.229300148626236044e-02 -1.729351832492474761e-01 -4.161857668832940477e-02 -3.508505040045016843e-01 5.532664171771449479e-02
-2.791187781392558964e-01 -8.616494874778812818e-02 -3.868552145255201857e-01 1.922364682577953898e-01 -3.551355273195913043e-01 1.764742905392177041e-01 2.791187781392558964e-01 8.619693489313767776e-02
7.615435405606885144e-02 3.621554198393550639e-02 -1.674894462026658148e-01 8.446352052733852034e-02 -1.646182890801106968e-01 8.301562011297625165e-02 -7.615435405606885144e-02 -3.621791693667294337e-02
-7.579368153385945828e-02 1.834748925206054482e-01 -4.236632597956953017e-01 2.845663007045816650e-01 -3.773590749927470678e-01 2.534646881104886673e-01 7.579368153385945828e-02 -1.837837086179075485e-01
-4.477772726158397720e-01 3.046885442904179175e-02 -2.387203133751257811e-01 -4.990981838102123147e-01 -2.088831580021263679e-01 -4.367169400602248230e-01 4.477772726158397720e-01 -3.047026871875313514e-02
3.389025945590006250e-01 -4.245002892376459336e-01 -2.733931598465979551e-01 -4.671130605915077005e-01 -2.404355726088660272e-01 -4.108025096875760895e-01 -3.389025945590006250e-01 4.283250473620056620e-01
3.332124901226042324e-01 -3.801193529767363799e-01 -4.812133590858614918e-01 2.076261992723557048e-01 -4.262240508303103415e-01 1.839002971165950573e-01 -3.332124901226042324e-01 3.828655389742700588e-01
1.684270460160577354e-01 4.061733781533665155e-01 7.597434264429159256e-04 8.450529076175006260e-02 7.570449338482759544e-04 8.420514087773442458e-02 -1.684270460160577354e-01 -4.095238376284733861e-01
5.895079469727670940e-02 1.504323300302244926e-01 -4.835363720553831346e-01 4.427800644336163938e-01 -4.043729952018558227e-01 3.702892092886538311e-01 -5.895079469727670940e-02 -1.506025433535750635e-01
6.714412762770927134e-02 -2.713158790977454604e-02 1.298960406438772752e-01 -2.227726107463250393e-01 1.257810911606170312e-01 -2.157154438386104101e-01 -6.714412762770927134e-02 2.713258651915368552e-02
-5.037499494225450292e-02 1.335751503771460680e-01 5.808641222981703045e-02 2.775239656833028423e-02 5.796642341376719021e-02 2.769506857923699147e-02 5.037499494225450292e-02 -1.336943149113314355e-01
4.019151566713086154e-02 -3.605829067438391933e-01 1.171837122570895673e-01 4.068291643585986161e-01 1.079110166519737235e-01 3.746369515355004176e-01 -4.019151566713086154e-02 3.629270568089771332e-01
5.686016624325329616e-02 2.334519729310137182e-01 8.147518427927569196e-02 2.719885705374369689e-01 7.837718423068058826e-02 2.616465183874963074e-01 -5.686016624325329616e-02 -2.340881274989675132e-01
3.160191519243940039e-01 9.957921171262029691e-02 3.725120571151360194e-01 1.225012179661792988e-01 3.468010292665991146e-01 1.140461031143272935e-01 -3.160191519243940039e-01 -9.962858318240566668e-02
9.208457766637634379e-02 2.980387872206990973e-02 -1.568444635502629358e-01 2.672052847800763242e-01 -1.498180513262939995e-01 2.552348623833293750e-01 -9.208457766637634379e-02 -2.980520241840621185e-02
-5.542573523624227949e-02 -3.810520588890069504e-01 4.626562838855122761e-01 -2.329148607301325669e-01 4.108160854385176641e-01 -2.068169711692245949e-01 5.542573523624227949e-02 3.838185096319559064e-01
-2.306112024036988117e-01 4.673533021650559949e-01 -1.655123284882923373e-01 -6.789721058533415565e-02 -1.629256949191687787e-01 -6.683611014795917682e-02 2.306112024036988117e-01 -4.724572467584527424e-01
-3.147560250869018139e-01 9.850467178276289815e-02 3.769214190538994202e-02 4.499749325465696170e-02 3.762737561122145302e-02 4.492017419721812399e-02 3.147560250869018139e-01 -9.855246216335601661e-02
-2.926201265487371472e-03 1.820678611558009807e-01 -9.781610792237493968e-03 4.841831489925074727e-01 -8.803588408658859568e-03 4.357716994343165395e-01 2.926201265487371472e-03 -1.823696268564755363e-01
-2.003453263254768579e-01 -5.371503254618814616e-02 -4.233143778176684524e-01 3.119199687401313925e-01 -3.746747784154193517e-01 2.760797915099196254e-01 2.003453263254768579e-01 5.372278175803903155e-02
1.404067252149148182e-01 3.152703162348695631e-01 -4.674339952425388134e-02 3.125309070001862644e-01 -4.457090876291208009e-02 2.980054228676216610e-01 -1.404067252149148182e-01 -3.168371367577163533e-01
3.816522357485485628e-01 1.756232219129830741e-01 -2.484360517727302042e-01 -3.073631999492465461e-01 -2.310465693514162089e-01 -2.858490641209821548e-01 -3.816522357485485628e-01 -1.758940637963947451e-01
1.793260135812208000e-01 -4.191102115474620859e-01 1.649415914488057133e-01 -2.177282892738722220e-01 1.591125630745315322e-01 -2.100337813883126903e-01 -1.793260135812208000e-01 4.227911175883645178e-01
-1.130287749770317873e-01 -2.258825117956546613e-01 -4.954718746506855398e-01 -4.045337032646429964e-01 -4.173899150598753827e-01 -3.407827904732766422e-01 1.130287749770317873e-01 2.264587709393827142e-01
2.306802005261155974e-01 -1.898250511999846069e-01 4.873342434505040233e-01 1.002635703372664056e-01 4.363132409069676032e-01 8.976656967303692225e-02 -2.306802005261155974e-01 1.901670547242666487e-01
-2.796937929294402991e-01 -1.025896707255705698e-01 -7.432799224135755445e-03 -7.180492350667511126e-02 -7.413507712661938746e-03 -7.161855690858277834e-02 2.796937929294402991e-01 1.026436566959435942e-01
1.233847142958386378e-01 9.395606423746971636e-02 -4.894115676110055713e-02 1.602779435893117999e-01 -4.826806354201274712e-02 1.580736230513662965e-01 -1.233847142958386378e-01 -9.399753523222377505e-02
-4.371945619441606201e-01 1.733429161633879279e-01 -4.901768096933893926e-01 -4.090868864184704634e-01 -4.131513875937554148e-01 -3.448037757557739225e-01 4.371945619441606201e-01 -1.736033445375815276e-01
-4.727976341051504106e-01 -1.411384032550683232e-01 -3.974154805799912094e-02 2.477634593522842765e-01 -3.854651047589863905e-02 2.403131545738923236e-01 4.727976341051504106e-01 1.412789774496059914e-01
9.374037019561598516e-02 3.531998120617397818e-01 -7.345393379513187604e-02 -1.510967443387888354e-01 -7.243873047942374355e-02 -1.490084434416133474e-01 -9.374037019561598516e-02 -3.554028977833401659e-01
-4.812418532292351836e-01 3.819108131958838248e-01 -6.353598219966050120e-02 -3.055791056246267567e-01 -6.065047698664682158e-02 -2.917011411745449867e-01 4.812418532292351836e-01 -3.846960098773483661e-01
4.095299099914621044e-01 2.609386716147177321e-02 1.255413817104741314e-01 -2.895604658669321818e-01 1.197204589678377284e-01 -2.761345414572393686e-01 -4.095299099914621044e-01 -2.609475551400637292e-02
3.560417349765632178e-02 -3.188785516844196977e-01 7.535459321037496494e-03 7.751557577211809491e-02 7.512709791489777592e-03 7.728155647663691175e-02 -3.560417349765632178e-02 3.204997865347967156e-01
1.017637200942210773e-01 3.880904844629406991e-02 9.904036450234665612e-02 -2.062172056967174205e-01 9.654622994177110284e-02 -2.010240355958408942e-01 -1.017637200942210773e-01 -3.881197104365456674e-02
-2.550058615858302735e-01 -3.520108479404027157e-01 4.727510194643017583e-01 5.088747325502052110e-02 4.269455858270027049e-01 4.595692274707247060e-02 2.550058615858302735e-01 3.541917599620973411e-01
-1.693016444824835265e-02 2.533868293420831197e-01 2.155395748580899440e-01 2.900386574989354260e-01 2.027105837413527845e-01 2.727754548457148598e-01 1.693016444824835265e-02 -2.542002629576027850e-01
-1.131073488814406947e-01 -3.019043718505661777e-01 -4.788844583171985025e-01 8.307555157142554325e-02 -4.307058540876239627e-01 7.471766053779711758e-02 1.131073488814406947e-01 3.032802444143181675e-01
-3.307745534158220702e-01 -2.617260921807875729e-01 4.561787972184321305e-01 4.743507549737538964e-01 3.810620293336484110e-01 3.962416982297731760e-01 3.307745534158220702e-01 2.626225112090106451e-01
2.862285167515534745e-01 -3.281436580495544764e-01 2.163218078301123448e-01 -4.097166344860483367e-01 1.962783643121517874e-01 -3.717540624085286516e-01 -2.862285167515534745e-01 3.299103549612148467e-01
4.671131315122962757e-01 2.189916241768496974e-01 3.831293534666796452e-01 1.397822289784612648e-01 3.547604766903909579e-01 1.294320305571601826e-01 -4.671131315122962757e-01 -2.195167368722261148e-01
1.263439592010263679e-01 3.016017808841441328e-01 3.581534369975184484e-01 -1.971044048583167063e-01 3.315206747072940718e-01 -1.824474611613501052e-01 -1.263439592010263679e-01 -3.029735205881547433e-01
-2.961239193280940096e-01 -1.279246311077932852e-01 2.998744622693800821e-01 -1.676348161923939539e-01 2.836047538570727888e-01 -1.585397783603595678e-01 2.961239193280940096e-01 1.280293035902474175e-01
-7.245403670388994577e-02 1.249123981609252532e-01 -2.538035909890656860e-01 -9.586839414928205461e-02 -2.449486740472489876e-01 -9.252365554952832194e-02 7.245403670388994577e-02 -1.250098492379703441e-01
-3.030356796499614758e-01 -4.457055107148872874e-01 -7.674831220573841151e-02 2.482167790943914376e-01 -7.428215776605909260e-02 2.402408263447651793e-01 3.030356796499614758e-01 4.501325565208462165e-01
2.771029994696446730e-01 3.240401408913062831e-02 -2.890133002597866652e-01 3.378589320032542309e-01 -2.640875404385452652e-01 3.087205131657665413e-01 -2.771029994696446730e-01 -3.240571533248347291e-02
3.051315402557015499e-01 -3.787612063061051026e-01 4.708656283837974188e-01 -1.270600596035688090e-01 4.232153908788818253e-01 -1.142019496619277180e-01 -3.051315402557015499e-01 3.814780614124015923e-01
3.031758724580767561e-01 4.249360588910812142e-01 3.312495028531043939e-01 2.037183910465463210e-01 3.087270430716521075e-01 1.898670818987022446e-01 -3.031758724580767561e-01 -4.287726079972880577e-01
-9.736207686685260931e-02 -8.023103985605939403e-02 2.608453487966738704e-01 1.751560429436733735e-01 2.488511172200176258e-01 1.671019904148136059e-01 9.736207686685260931e-02 8.025686229549082451e-02
-4.347134956131218919e-01 -3.669022555683709719e-02 2.081286399706053780e-01 -3.522325364975490425e-01 1.926303607374978133e-01 -3.260035744171945193e-01 4.347134956131218919e-01 3.669269512574803438e-02
2.902438025940452526e-01 -4.828592378216909342e-01 -9.320054925001630686e-02 -2.298080876985253429e-02 -9.277409777310463568e-02 -2.287565703073306950e-02 -2.902438025940452526e-01 4.884882428669027887e-01
3.812352971212314978e-01 -5.652746264674535226e-02 -3.728132545746641879e-01 -4.762497226757447244e-01 -3.190048091854189027e-01 -4.075122062924349531e-01 -3.812352971212314978e-01 5.653649390953331688e-02
2.022642408197249386e-01 3.304730511913849256e-01 -2.807218336712689055e-01 -4.919130084143759074e-01 -2.442645435965409562e-01 -4.280283614499511002e-01 -2.022642408197249386e-01 -3.322776395648718850e-01
4.885097007841643357e-01 -2.720472050506766992e-01 -3.461836134761753225e-01 -1.335127996834797326e-01 -3.245626869478492327e-01 -1.251742466145999988e-01 -4.885097007841643357e-01 2.730539114043676885e-01
-3.728400282987225367e-01 -2.095417289369332359e-01 1.706971739440269475e-01 -1.400663876152108411e-01 1.666821437121177307e-01 -1.367718352347842559e-01 3.728400282987225367e-01 2.100017540844284769e-01
-8.553994486708849099e-02 -3.180484222695825203e-01 -2.210799480313268006e-01 2.297843407317143871e-01 -2.106309447453619532e-01 2.189239377293184796e-01 8.553994486708849099e-02 3.196570284794695294e-01
6.337611033903511881e-02 4.571495206696137847e-01 -4.201142342622254944e-01 7.675945154155128236e-02 -3.863557613679150515e-01 7.059141044006797538e-02 -6.337611033903511881e-02 -4.619264059386634647e-01
-2.859014253032099440e-02 -3.988900016233499768e-01 -1.906643906577600855e-01 4.636931178737602188e-01 -1.704424325077928959e-01 4.145135999169846652e-01 2.859014253032099440e-02 4.020634355197129084e-01
3.929058830787157675e-01 -3.945755417283470790e-01 -4.144653187098714664e-01 4.421235515722158338e-01 -3.544569349874076014e-01 3.781106690997597108e-01 -3.929058830787157675e-01 3.976471122340141107e-01
1.235631845621307789e-01 1.196329894539212013e-01 -3.538689181621026414e-01 9.275881318452394719e-02 -3.323295371778594576e-01 8.711274676194975808e-02 -1.235631845621307789e-01 -1.197185991332112565e-01
-3.686053945205561844e-01 2.599185932484052719e-01 4.227803485581097531e-01 -1.281313921245517129e-01 3.867244303113736015e-01 -1.172039802544412451e-01 3.686053945205561844e-01 -2.607965680423724453e-01
1.536118514130061508e-01 3.013751894047731472e-01 -2.862678441343666780e-01 2.595833152800487431e-01 -2.670236151749647568e-01 2.421329419473557398e-01 -1.536118514130061508e-01 -3.027438396933372355e-01
5.696873266665847257e-02 -9.943711126579823922e-02 -3.449791999042928214e-01 9.803732477067284012e-02 -3.247271952587378885e-01 9.228204341677015421e-02 -5.696873266665847257e-02 9.948627167643545044e-02
5.061920577141054700e-03 -2.188265375013057623e-01 -3.897063750176998909e-01 -2.998002495869056538e-01 -3.497197889469546572e-01 -2.690386576483769776e-01 -5.061920577141054700e-03 2.193504635242412848e-01
2.698596569927019795e-01 4.518259480303292719e-01 -4.402200649696186296e-01 -2.244935590003654946e-01 -3.946628926592365416e-01 -2.012613336572149081e-01 -2.698596569927019795e-01 -4.564378865569630461e-01
-1.509983593161405846e-01 -4.392181714954548344e-01 -8.720278041662565816e-02 2.542368644442035697e-01 -8.421397881105201211e-02 2.455231107655195810e-01 1.509983593161405846e-01 4.434547075146714756e-01
-2.528227610026466676e-01 -1.663534232248079503e-01 6.792868369498850090e-02 -2.622907939719845150e-01 6.556472220722639466e-02 -2.531629071675172149e-01 2.528227610026466676e-01 1.665836019767812370e-01
-5.353189166644845010e-02 -2.670772954393346721e-01 -1.361163027891327815e-01 3.828383474715544299e-01 -1.261042942774397713e-01 3.546787463440860821e-01 5.353189166644845010e-02 2.680298303758261169e-01
-4.637997195674259387e-03 1.635888616183324151e-01 -4.235997663903985355e-01 -3.502603872236222937e-01 -3.712191372778271270e-01 -3.069486082953087336e-01 4.637997195674259387e-03 -1.638077542764258820e-01
-3.052056715041407964e-01 -1.352585257295810806e-01 -3.861800962862815823e-03 -3.832819720795154206e-01 -3.605980107334158438e-03 -3.578918696508792685e-01 3.052056715041407964e-01 1.353822525785781938e-01
3.223124686177458731e-01 -4.334093387171371603e-01 6.781170453177831625e-03 3.601785291132568734e-01 6.379824998941172921e-03 3.388612629611416072e-01 -3.223124686177458731e-01 4.374799984294813204e-01
-1.854183765396677508e-02 -3.224179260417969761e-01 -3.293265200793231706e-01 -4.082664718337635223e-01 -2.916407466450566810e-01 -3.615473744630791075e-01 1.854183765396677508e-02 3.240937467181875253e-01
1.614813267154413534e-01 -1.759668044622609839e-01 4.118584240014496745e-01 2.216842213124454730e-01 3.730670146612790061e-01 2.008046110579329024e-01 -1.614813267154413534e-01 1.762392390516039076e-01
1.084421578050496215e-01 4.887424438770977542e-01 4.073682661518651660e-01 -1.183803473332089018e-01 3.750187955839918152e-01 -1.089796603380107226e-01 -1.084421578050496215e-01 -4.945797191302775397e-01
4.949502599677931824e-01 -1.554359984585736987e-01 8.854978509336153270e-02 -3.264526025871585801e-01 8.388118365351940331e-02 -3.092410747571167073e-01 -4.949502599677931824e-01 1.556237678618635767e-01
9.125735265354584236e-02 2.816743571026431026e-01 3.301312363540420680e-02 1.861244012684947213e-01 3.243865865748098848e-02 1.828856301892560210e-01 -9.125735265354584236e-02 -2.827917655226825366e-01
7.920196006823609913e-02 -1.410798663479073678e-01 -4.254842209628461047e-01 4.238636184531243689e-01 -3.647562272835131458e-01 3.633669281550175878e-01 -7.920196006823609913e-02 1.412202657062703592e-01
7.617486671961382072e-03 4.882552417240599851e-01 -1.482908774929204698e-01 1.634310960720660733e-01 -1.448067545847898929e-01 1.595912507939722669e-01 -7.617486671961382072e-03 -4.940750777365199298e-01
4.638896996429120456e-02 1.117843348998258657e-01 2.200092019711090696e-01 -5.728172495052463731e-02 2.145349015339327314e-01 -5.585643287578655192e-02 -4.638896996429120456e-02 -1.118541762852639510e-01
-9.372495695204918764e-02 -2.685252741036489033e-01 2.636850541506520207e-01 3.335651920874527221e-01 2.426599821878511198e-01 3.069681891192173606e-01 9.372495695204918764e-02 2.694933858956763961e-01
2.775879083055335927e-01 -2.113116483359777087e-01 3.487979759362573873e-01 -1.480709631063702458e-01 3.261667781471028205e-01 -1.384636159195182514e-01 -2.775879083055335927e-01 2.117834291958223536e-01
-2.457733098494632173e-01 -2.164533363415318545e-01 -3.619974134412332623e-01 3.616054301954563233e-02 -3.401850159111889926e-01 3.398166518794299568e-02 2.457733098494632173e-01 2.169604004338911429e-01
-2.991576562245545912e-01 4.031454513461755207e-01 -3.464551964589794864e-01 -1.389722189499574823e-01 -3.245783537820445264e-01 -1.301968465453679502e-01 2.991576562245545912e-01 -4.064215373663674358e-01
4.167146119578825081e-01 1.342387758439178569e-01 -3.997824147025207386e-01 4.341984517753436634e-01 -3.442878357634523434e-01 3.739265154141664382e-01 -4.167146119578825081e-01 -1.343597253094360178e-01
1.784215098218826512e-01 -9.954579394123752589e-02 -1.582653660377674187e-01 -3.882126020592291393e-01 -1.459577329417404146e-01 -3.580229377693253667e-01 -1.784215098218826512e-01 9.959511572201133756e-02
-3.148198058504673158e-01 -1.324837916424100870e-01 -3.881893296101004420e-01 3.102125430800808381e-01 -3.476352557441952373e-01 2.778046909661762154e-01 3.148198058504673158e-01 1.326000591201845491e-01
2.483739993410363223e-01 2.231258901913889536e-01 4.743510099518712941e-01 -1.210733165975842462e-01 4.260368836386855818e-01 -1.087416225808570253e-01 -2.483739993410363223e-01 -2.236813081306148199e-01
-1.275794848636209178e-01 1.329369814435787944e-01 -3.819438034688358297e-01 -4.135594310004098162e-04 -3.568039584577776258e-01 -3.863386202324717322e-04 1.275794848636209178e-01 -1.330544461625078057e-01
3.411229480199079456e-01 -3.418605041825041324e-01 -1.037642629015556039e-01 -2.150858257471012225e-01 -1.009263035798468322e-01 -2.092032144599615950e-01 -3.411229480199079456e-01 3.438581421822997086e-01
2.487778782768544916e-01 -3.784014899665396614e-01 -4.586019947596451374e-01 -3.710333861944234979e-01 -3.949971510875318059e-01 -3.195736873799869260e-01 -2.487778782768544916e-01 3.811106116833431479e-01
3.331612447339762362e-01 4.026319203789856527e-01 -1.733803311078981890e-01 -5.295595450769241541e-02 -1.705996093178846484e-01 -5.210663223642009872e-02 -3.331612447339762362e-01 -4.058955029999404274e-01
-4.047119477391962761e-01 4.329852707799103362e-01 -2.219896770585668699e-01 -4.783723916675779453e-01 -1.963572940102417952e-01 -4.231363800410924969e-01 4.047119477391962761e-01 -4.370439934089892509e-01
3.482014089963038073e-01 2.310953818190946141e-01 -3.093998754722826483e-01 1.937724724984379865e-01 -2.906379211125619810e-01 1.820221436412060578e-01 -3.482014089963038073e-01 -2.317124651347603204e-01
-8.533174289336309393e-02 4.553948002739871548e-02 2.737530777368020196e-01 -1.268640776536271719e-01 2.620834644533592273e-01 -1.214560846622137341e-01 8.533174289336309393e-02 -4.554420211681874109e-02
2.055030249067997250e-01 -3.941373490844973793e-01 -5.169337564862119816e-02 -3.563722122251865576e-01 -4.863606718333002982e-02 -3.352952411905107954e-01 -2.055030249067997250e-01 3.971986976279070491e-01
3.002583511325868093e-01 -1.991431309892379709e-01 -2.054963173168808943e-01 -4.426849063470428280e-01 -1.846753275607188605e-01 -3.978318499973942379e-01 -3.002583511325868093e-01 1.995380117704517453e-01
-2.853642536000463581e-01 -4.472501689360731669e-01 2.063106382787371906e-02 -5.446238711550288603e-02 2.059616443863637042e-02 -5.437025885383898333e-02 2.853642536000463581e-01 4.517234021838886782e-01
-2.167412561788791825e-01 -7.488515767942849344e-03 1.518393007874765388e-01 4.313160302649947653e-01 1.380877380175966340e-01 3.922532221969685651e-01 2.167412561788791825e-01 7.488536764942939350e-03
1.433114272482352014e-01 -5.735648607196963678e-02 -4.487135498029261038e-01 4.396715925214863541e-01 -3.799581779701324824e-01 3.723016995431972509e-01 -1.433114272482352014e-01 5.736592054427579884e-02
-2.704259712556548179e-01 3.555429798971551092e-01 4.126258822700575868e-01 -4.948671630995147286e-01 3.468603607286322443e-01 -4.159937853658687845e-01 2.704259712556548179e-01 -3.577902037109369493e-01
-2.811792136706272593e-01 2.395346252398133924e-01 -2.829665822274106679e-01 -3.177688818578372487e-02 -2.721486983264920223e-01 -3.056204972528306363e-02 2.811792136706272593e-01 -2.402218121934980022e-01
-1.428650663004392696e-01 -2.303877939843087530e-01 -3.146311151258739391e-01 -4.960110696562716193e-01 -2.712922226388778113e-01 -4.276879783066033225e-01 1.428650663004392696e-01 2.309992263207441554e-01
-3.578765004095341151e-02 -4.137335613808766910e-01 -4.743187482885680151e-02 4.218291191745139335e-01 -4.366107271360750858e-02 3.882939881977959806e-01 3.578765004095341151e-02 4.172746130113467733e-01
7.200881296698580236e-02 -2.861200405455608387e-01 -3.102196937977139690e-01 4.283781856612265404e-01 -2.742254715935758536e-01 3.786742503200031251e-01 -7.200881296698580236e-02 2.872911967892945451e-01
1.211338327692949024e-01 -2.612345048835333916e-01 1.929346471147287412e-01 -3.801470083471092387e-02 1.893091745982825036e-01 -3.730035919023057950e-02 -1.211338327692949024e-01 2.621258822932118204e-01
-2.226364699362459731e-02 3.714989029295775458e-01 2.080392172175308252e-01 -3.016949644416500043e-02 2.035894828301454129e-01 -2.952420346732529191e-02 2.226364699362459731e-02 -3.740624577620210167e-01
1.438419341481950164e-01 2.274746734599567555e-01 4.727938174864260157e-01 -3.600998762279014054e-01 4.064338256522176951e-01 -3.095572845903341030e-01 -1.438419341481950164e-01 -2.280632042045841468e-01
4.411158736336222574e-01 -1.807110675894318952e-02 4.830781213557580056e-01 2.554242297164609488e-01 4.239148834643221009e-01 2.241420751375271803e-01 -4.411158736336222574e-01 1.807140182840131365e-02
-1.192074162837919449e-01 -5.955521304844269004e-02 -4.037085229942337650e-01 2.724262302324831353e-02 -3.742339290848888944e-01 2.525365027459251441e-02 1.192074162837919449e-01 5.956577463960800733e-02
-4.328556292630453273e-01 1.248875697828197850e-01 9.520582826388079845e-02 3.629115111312869457e-01 8.913837168350052798e-02 3.397832019041862606e-01 4.328556292630453273e-01 -1.249849627614375985e-01
-1.271071159882738444e-01 2.476308375644231674e-01 2.061830349266727813e-01 -3.304531249925627412e-01 1.921238252126169499e-01 -3.079201858174855366e-01 1.271071159882738444e-01 -2.483900864865916380e-01
-4.489428512452398046e-01 -2.233265836495402779e-01 -2.683650795503071951e-01 2.628648510106790237e-02 -2.591103004618749983e-01 2.537997515935194390e-02 4.489428512452398046e-01 2.238835016707007297e-01
-3.655732401768609918e-01 -1.586269086234147752e-01 -4.466989782148519383e-01 -1.674119398591270569e-01 -4.031738942056871666e-01 -1.510997943162262491e-01 3.655732401768609918e-01 1.588264810722070375e-01
2.936374544415770727e-01 -1.498946225739044014e-01 -4.869351387586506874e-02 1.599716391664057769e-01 -4.802668256328837537e-02 1.577809141677473381e-01 -2.936374544415770727e-01 1.500630171748818520e-01
-6.490757360933496756e-02 -2.354844038633967518e-01 -3.767475975005852851e-01 3.741692284726741979e-01 -3.327487334320065604e-01 3.304714819404256376e-01 6.490757360933496756e-02 2.361373185708937339e-01
5.246090121703961273e-03 4.297370841390666385e-01 -3.688621606133659636e-01 3.852233178475236164e-01 -3.254651105059142013e-01 3.399013590990609401e-01 -5.246090121703961273e-03 -4.337051466253012966e-01
-2.037950461874699082e-01 -3.548443695024503519e-01 -2.193403941479249442e-01 -2.004707421210562002e-01 -2.102541414337650849e-01 -1.921661713565911977e-01 2.037950461874699082e-01 3.570783725420041965e-01
-4.020396041137414000e-01 1.323109198339633696e-01 7.850529008344742099e-02 4.728728227187880551e-01 7.079240390936672456e-02 4.264146254104355105e-01 4.020396041137414000e-01 -1.324267327696329044e-01
2.367470562871129003e-01 8.326447943455883571e-02 4.072002945028561083e-01 7.941690872275619650e-02 3.761163451564924487e-01 7.335455758669721937e-02 -2.367470562871129003e-01 -8.329334295617721318e-02
1.216451687086950173e-03 4.093094685462463911e-01 2.086797565914606523e-01 -8.204367583523708429e-02 2.036235962599430016e-01 -8.005581661024220586e-02 -1.216451687086950173e-03 -4.127381361044484276e-01
-4.869826633054493703e-01 -3.766239798828163732e-02 5.144568996359510926e-03 3.491528100977481230e-02 5.141368094118666313e-03 3.489355705169338434e-02 4.869826633054493703e-01 3.766506911142016023e-02
-3.982551890366179403e-01 1.957269476972889333e-01 4.266612943989904760e-01 7.651063275106306794e-02 3.914663623838669504e-01 7.019933488210380879e-02 3.982551890366179403e-01 -1.961018532516741464e-01
4.785835876003030620e-01 3.821899512654824971e-02 -3.477394147840094929e-01 4.434712722573022070e-01 -3.029450503843050257e-01 3.863451228312071994e-01 -4.785835876003030620e-01 -3.822178643478332805e-02
2.046274991204591887e-01 -2.998036562078266742e-01 -2.849504220234395646e-01 -3.796669379904565877e-01 -2.574188457634090654e-01 -3.429839628171940102e-01 -2.046274991204591887e-01 3.011510073010436606e-01
-2.401125912074542068e-02 -2.453734897694083150e-01 2.649501817329513731e-01 2.994765065743996146e-01 2.460122865319363528e-01 2.780707665987673938e-01 2.401125912074542068e-02 2.461121639569514574e-01
4.966247787870914365e-02 -4.276746768864884141e-01 8.222768420304571446e-02 3.413980731773891275e-01 7.758316032424127096e-02 3.221146466961715138e-01 -4.966247787870914365e-02 4.315858821809983037e-01
-1.336575983249795874e-01 -3.498721036401035711e-01 -3.306388324725924033e-01 -3.697855535139159544e-01 -2.961991377808652071e-01 -3.312682944575821020e-01 1.336575983249795874e-01 3.520135044031534877e-01
2.157305877709652098e-01 4.800861831735325769e-01 -4.334080262899762115e-01 -3.409082272859230711e-01 -3.795316572955292900e-01 -2.985303839318855790e-01 -2.157305877709652098e-01 -4.856187621988247161e-01
-3.742186174469124271e-01 -2.203398892766594841e-02 1.627363461417664636e-01 -2.329917298461169350e-01 1.565374550517603658e-01 -2.241166973630229486e-01 3.742186174469124271e-01 2.203452379907637482e-02
-3.450644833066479622e-01 6.941144318033709570e-02 1.602197691937965462e-01 4.228702439294811377e-01 1.459871302033728113e-01 3.853058437813265957e-01 3.450644833066479622e-01 -6.942816421807172789e-02
-7.041138094358623256e-02 -1.320666860136747722e-01 2.956853436169737392e-01 -3.236680449903520662e-01 2.708051445081013364e-01 -2.964332645780666797e-01 7.041138094358623256e-02 1.321818587923060118e-01
-3.272497685884889762e-03 -4.894878127055107830e-01 -5.405070722119464932e-02 -3.649895849600236497e-01 -5.070907289363169729e-02 -3.424244458710181682e-01 3.272497685884889762e-03 4.953518355550646235e-01
1.290094571685603819e-01 -4.713212476165900000e-01 4.820499721840054708e-01 -7.528948623286435549e-02 4.332360665779124709e-01 -6.766543460715569724e-02 -1.290094571685603819e-01 4.765563003432066180e-01
-2.524491243774594773e-01 2.755212317418915813e-01 3.836965141073493957e-01 -4.234032138598067263e-01 3.331465528319966785e-01 -3.676221074969664437e-01 2.524491243774594773e-01 -2.765669994284484789e-01
3.578395184395138928e-01 -8.297347863583415251e-02 1.068531894491114853e-01 3.658369185220874398e-01 9.984734768528590043e-02 3.418507785131182364e-01 -3.578395184395138928e-01 8.300204058873866808e-02
-4.694105168056806887e-01 1.127589268331601335e-01 2.311387540894749293e-02 3.499081452524877012e-01 2.181165894538845268e-02 3.301946121724914640e-01 4.694105168056806887e-01 -1.128306109280403230e-01
3.792869554171544033e-01 -3.013739357005332797e-01 3.617310473093796608e-01 -2.638944142699684026e-01 3.301464125538888794e-01 -2.408524090267679107e-01 -3.792869554171544033e-01 3.027425689086382654e-01
-4.041266853072278398e-01 -6.425325400652981411e-02 -2.218369224562868336e-01 3.663134550023940950e-01 -2.039241068837965576e-01 3.367344954291851544e-01 4.041266853072278398e-01 6.426651742232446229e-02
4.404504935420885392e-01 -2.099174570167228193e-02 4.622424982296733376e-01 -1.742495663300069886e-02 4.195324712829884284e-01 -1.581493511790734580e-02 -4.404504935420885392e-01 2.099220820586503861e-02
3.320168996345008727e-01 4.213247498180932027e-01 -3.787146826039624603e-01 -3.320680578863539623e-01 -3.382333041143745778e-01 -2.965728068356907610e-01 -3.320168996345008727e-01 -4.250643133771352944e-01
-1.136242749054391377e-01 -3.154957354308096651e-01 -4.704915097945705504e-01 -4.243732222807178323e-01 -3.974314477741521801e-01 -3.584746177486795027e-01 1.136242749054391377e-01 3.170659192009778193e-01
-2.779141258419859373e-02 -3.737673517726315398e-01 -4.410269007676287378e-01 -3.434837306526862255e-01 -3.849619216954853762e-01 -2.998188019665989912e-01 2.779141258419859373e-02 3.763781547229078095e-01
-1.123609508332805706e-01 -3.514087020590961341e-01 -4.531474693944410603e-01 2.935848805458568522e-01 -3.987369822304288047e-01 2.583334503749342703e-01 1.123609508332805706e-01 3.535784412823846368e-01
5.097790532441925926e-02 -3.034827816942285983e-01 -3.769026538850426267e-01 -1.084274807874812119e-01 -3.508824489351525244e-01 -1.009419795759374933e-01 -5.097790532441925926e-02 3.048803471989422476e-01
3.551196608041905511e-01 -6.779701472007293450e-02 4.842164375946953481e-01 3.260994010532997089e-01 4.181734874424919424e-01 2.816222523728303950e-01 -3.551196608041905511e-01 6.781259594933544688e-02
-2.825975736949740691e-01 2.949981810298437646e-01 1.152140783059646401e-01 -3.728849239558574835e-01 1.073295925107116688e-01 -3.473671579899100803e-01 2.825975736949740691e-01 -2.962817760356085128e-01
2.388708492176713216e-01 -5.078789095305347168e-03 4.648365327076297016e-01 -1.920463813702663058e-01 4.152719033223732370e-01 -1.715688434668849183e-01 -2.388708492176713216e-01 5.078795645444700822e-03
3.852636744104891431e-01 4.243194361012293525e-01 -3.547395844501697315e-01 -4.099619567094020534e-01 -3.118586465009102193e-01 -3.604057357580233156e-01 -3.852636744104891431e-01 -4.281393078342465852e-01
-1.467861082144814588e-01 1.726223918786632394e-01 2.599896313102090240e-03 -1.157434849960566892e-01 2.582645917014887802e-03 -1.149755232313381254e-01 1.467861082144814588e-01 -1.728795862111074388e-01
3.451131155747015899e-01 2.289064751309809465e-01 -4.783815434814628897e-01 2.158897918750206646e-01 -4.235858590596224826e-01 1.911609346131207809e-01 -3.451131155747015899e-01 -2.295061892007476678e-01
-5.198528347591035992e-02 4.407954115625158931e-01 -3.211446579144099367e-01 -3.790509025540119703e-01 -2.876073350449590005e-01 -3.394663969749133203e-01 5.198528347591035992e-02 -4.450777520963039580e-01
-1.124765741267185204e-01 7.985072535648263248e-02 -4.629153470880020826e-02 4.196718349112371627e-02 -4.620143388526587458e-02 4.188549948955079538e-02 1.124765741267185204e-01 -7.987618232005357088e-02
-1.272285743807728409e-01 -1.216633231991433028e-01 -1.130171740241026068e-01 -1.776429334417398698e-01 -1.105924778942600217e-01 -1.738317415859055581e-01 1.272285743807728409e-01 1.217533660069377854e-01
4.120187774422990890e-01 -1.605644570726234566e-01 -1.971329139259099250e-01 1.337567260936559643e-01 -1.917664159067134777e-01 1.301155015444891705e-01 -4.120187774422990890e-01 1.607714322434573573e-01
-4.343363337936224644e-01 -5.518312836114869224e-02 1.557249640502378352e-01 4.059793416903645369e-02 1.537467878453900316e-01 4.008221809339647390e-02 4.343363337936224644e-01 5.519153048262160494e-02
-4.975175737319035285e-01 -4.980760575337651597e-01 -1.773604466037542737e-01 1.905418307460400307e-01 -1.716403362565951385e-01 1.843966032249789999e-01 4.975175737319035285e-01 5.042541869517984665e-01
-2.797101133921789939e-01 -4.920660626639438151e-01 2.954197769653921224e-02 2.188892199036824859e-01 2.884670989164801747e-02 2.137376816756034748e-01 2.797101133921789939e-01 4.980232360949444770e-01
3.261508194397967353e-01 2.019773406356792922e-01 -3.413716828806844239e-01 -2.503865540669742984e-01 -3.143609497087849203e-01 -2.305749389246068148e-01 -3.261508194397967353e-01 -2.023893223623308979e-01
-4.897499606004090955e-01 -5.771494452106984419e-02 3.560614939178770033e-01 -1.933581295475205186e-01 3.300025826811651686e-01 -1.792069157239398192e-01 4.897499606004090955e-01 5.772455698784968725e-02
-1.116658178852408811e-01 -4.884991053004559269e-01 -9.239584339688267089e-02 3.099009625530303458e-01 -8.791332615407085327e-02 2.948663424106397479e-01 1.116658178852408811e-01 4.943276659811398077e-01
2.133215621574106047e-01 3.635941806630227369e-01 -3.681640789915112677e-01 3.271442874149221858e-01 -3.302792579243107318e-01 2.934804850531581022e-01 -2.133215621574106047e-01 -3.659975514358878579e-01
8.555544987757857101e-02 -3.199200754128438406e-01 7.927310018238664657e-02 -2.623338300064101958e-01 7.645409516751269785e-02 -2.530050617274137159e-01 -8.555544987757857101e-02 3.215572480777806885e-01
2.985856540990808883e-01 2.464716071236887629e-01 -4.435888456905474619e-01 1.421611014312088583e-01 -4.021043266263841232e-01 1.288661663132514568e-01 -2.985856540990808883e-01 -2.472202431024879132e-01
8.978199147176380013e-02 -2.033636213720579899e-02 8.949721381170527845e-02 3.334223111377021542e-02 8.909181266603875826e-02 3.319119871715238423e-02 -8.978199147176380013e-02 2.033678266025528564e-02
3.752688098046625953e-01 -2.091442209456504386e-01 -4.288805078765356438e-02 -2.374859280709862297e-02 -4.283660534755698301e-02 -2.372010569271133795e-02 -3.752688098046625953e-01 2.096016330051394816e-01
9.701654887125477078e-02 -2.973494941962843141e-01 -3.503772611630528999e-01 -2.665347201270533706e-01 -3.206780396192768778e-01 -2.439422902533637805e-01 -9.701654887125477078e-02 2.986640275700657154e-01
-6.491635014117236313e-02 -1.741091502479655828e-01 2.187416581258435633e-01 4.502328431730447944e-01 1.956048697693199556e-01 4.026107208352059930e-01 6.491635014117236313e-02 1.743730474539162967e-01
2.857978625217290070e-01 1.333846356842829373e-01 -3.077672803135284019e-01 -4.548517722513812922e-01 -2.697626811829778037e-01 -3.986844654128369747e-01 -2.857978625217290070e-01 -1.335032910617160173e-01
9.674530897859578982e-02 -1.906027194617623266e-01 -9.439943287699481544e-02 2.241085486329086329e-02 -9.395823088618242280e-02 2.230611150329234182e-02 -9.674530897859578982e-02 1.909489435518116618e-01
4.259015965084992361e-01 -2.719218069450546338e-01 -4.431271352105294881e-01 2.202843796946674093e-02 -4.050503798077435547e-01 2.013559192637726092e-02 -4.259015965084992361e-01 2.729271218392416709e-01
-2.069767681805602111e-01 2.628614787935029673e-01 -3.588179496672561086e-01 -2.352968466562711525e-01 -3.297442508658341431e-01 -2.162316085461023774e-01 2.069767681805602111e-01 -2.637696146943417363e-01
2.853351478166734623e-01 -3.598158168326126560e-01 -4.456041631152943827e-01 1.297991080040872269e-02 -4.069942485341300209e-01 1.185525064514610961e-02 -2.853351478166734623e-01 3.621450381433919397e-01
-6.333012027297002522e-02 -4.026091007400559585e-01 5.483473572410613173e-02 -3.891133628935636857e-01 5.103575868180273284e-02 -3.621554007010648335e-01 6.333012027297002522e-02 4.058721284902780946e-01
-4.015313705785823473e-01 1.682635046582717786e-01 2.304973148993376686e-01 4.369770497018804489e-01 2.066531708943528667e-01 3.917732966580961262e-01 4.015313705785823473e-01 -1.685017035822624076e-01
-1.537620905448535691e-01 3.577763335707875303e-01 -2.220924761433763495e-01 3.907850423645667925e-01 -2.025698210345627803e-01 3.564337588981184579e-01 1.537620905448535691e-01 -3.600661719590252940e-01
-2.939023648294163404e-01 -1.949469720356500346e-01 2.568297787825465361e-01 -1.440393295621996694e-01 2.463705386341250025e-01 -1.381734134451116924e-01 2.939023648294163404e-01 1.953174134096408998e-01
-2.487170782927906609e-01 -3.585642959197613555e-01 4.777073190895146926e-01 1.925287134562103653e-02 4.309839193051470674e-01 1.736979447212250519e-02 2.487170782927906609e-01 3.608692969917696725e-01
-2.739879993957641258e-01 -2.570409098960680927e-01 -4.265920182875204691e-01 1.547869520518219133e-01 -3.884632327357966930e-01 1.409520975585738245e-01 2.739879993957641258e-01 2.578900449192483846e-01
-1.207894330583625386e-01 -4.376796329509002881e-02 4.237278685548937496e-01 1.591260211157542459e-01 3.860269115924699901e-01 1.449678698141964317e-01 1.207894330583625386e-01 4.377215546635708499e-02
-1.583863473288903423e-01 -3.310524415820609301e-01 2.172544240447256136e-01 9.104651344006697844e-02 2.114666001313013632e-01 8.862096473126905571e-02 1.583863473288903423e-01 3.328665381014374036e-01
1.941525454251833427e-01 -1.174722001638975888e-01 3.015171578227175964e-01 4.650563182919886795e-02 2.883945017971743519e-01 4.448160966690468954e-02 -1.941525454251833427e-01 1.175532543245445816e-01
-6.467760738172312340e-02 3.461077117521705881e-01 -5.427007803172401168e-03 -6.361268288658805670e-02 -5.415981188307609356e-03 -6.348343439825963885e-02 6.467760738172312340e-02 -3.481807333773860313e-01
-1.827166425089526980e-01 -4.254220909194581512e-01 2.894837855239513758e-01 2.362912007735751274e-01 2.711698927776719503e-01 2.213424819704669366e-01 1.827166425089526980e-01 4.292718195568146489e-01
4.537422269448666556e-01 3.754213432262467620e-01 4.795599539218002860e-01 1.887414660944438660e-01 4.262795411489025965e-01 1.677717768227794670e-01 -4.537422269448666556e-01 -3.780669596747344152e-01
1.144872533820318061e-02 -4.250968109721149357e-01 6.963130089047253612e-02 1.810475523454919689e-01 6.835714765953883332e-02 1.777346410423339129e-01 -1.144872533820318061e-02 4.289377157919242456e-01
1.981993545703530923e-01 4.552651256131351465e-01 2.248740856147610767e-01 -3.839465489696989309e-01 2.054537285473864161e-01 -3.507885305373235618e-01 -1.981993545703530923e-01 -4.599831823059769009e-01
-3.602365009522343620e-01 1.383619375735661849e-01 8.552633366785900026e-02 -1.489194847762889129e-01 8.429239939881444377e-02 -1.467709435292439968e-01 3.602365009522343620e-01 -1.384943777984848079e-01
-1.343394358511343922e-01 -3.082899612683299706e-01 4.700764270058823691e-01 -3.933650218154780553e-01 4.007793711009416948e-01 -3.353764983717055781e-01 1.343394358511343922e-01 3.097549967867949672e-01
-3.221251541769976079e-02 -4.737837541122669194e-03 6.019172436099706758e-02 -8.868528213610649136e-02 5.984893013126804662e-02 -8.818021597791138311e-02 3.221251541769976079e-02 4.737842858659403918e-03
-3.440554875389856271e-01 -2.010658830375352535e-01 2.509283014593133299e-02 -3.955936069627929985e-01 2.332704381876211583e-02 -3.677556238326311622e-01 3.440554875389856271e-01 2.014723124795078091e-01
1.995206197905481371e-01 -3.022738392489843218e-02 4.742208642138580066e-01 4.506695760686705299e-01 3.968426156275457473e-01 3.771341728022225004e-01 -1.995206197905481371e-01 3.022876485498164276e-02
2.407019109377186439e-01 3.983439647098155900e-01 -2.007912842791700347e-01 -1.668646869923391396e-01 -1.942792893889410955e-01 -1.614529880087170188e-01 -2.407019109377186439e-01 -4.015043841829441518e-01
3.262498284341579513e-01 -3.017474252475740304e-01 3.367095439764890008e-01 1.788311444062752331e-01 3.146194575920881475e-01 1.670987908130200095e-01 -3.262498284341579513e-01 3.031211531624787847e-01
4.341367486942813159e-01 -7.089615019633110915e-02 -9.727573672830647222e-02 -2.470764668940582665e-01 -9.401762936691378247e-02 -2.388010049681021651e-01 -4.341367486942813159e-01 7.091396733510399453e-02
2.923302193062579102e-01 4.137639863570067300e-01 2.072908114399099055e-01 2.897513845283142819e-01 1.952686295610241429e-01 2.729467619776994591e-01 -2.923302193062579102e-01 -4.173058192463177107e-01
-3.244009290911781251e-01 -1.316942358806313385e-01 -2.489406918969123694e-01 -4.462452675122129397e-01 -2.216766978491577500e-01 -3.973724688364149715e-01 3.244009290911781251e-01 1.318084369852352278e-01
4.261612869249199465e-01 9.940007790515925645e-02 2.700354300209137914e-01 -1.177076139898014517e-01 2.590306089416237745e-01 -1.129106463047551689e-01 -4.261612869249199465e-01 -9.944918340981899474e-02
-1.626317057035416846e-01 3.208176492808416658e-01 -2.985362905014239399e-01 -5.850702225045578686e-03 -2.860563941243302044e-01 -5.606121717331886967e-03 1.626317057035416846e-01 -3.224686404915440008e-01
-4.039092998229690812e-01 -1.994365614565697387e-01 -2.859010440767401073e-01 1.447877834177091483e-01 -2.722616556460552006e-01 1.378804395693182250e-01 4.039092998229690812e-01 1.998331903402553733e-01
-4.740737681721086672e-01 3.189155413922887261e-01 -1.815074880924607559e-01 3.134910891003128697e-02 -1.785046171365940182e-01 3.083046733977121145e-02 4.740737681721086672e-01 -3.205373404947280402e-01
1.680993356251909709e-01 1.574379737614736152e-01 4.555219019503373712e-01 3.218348050466827148e-01 3.978277044734060963e-01 2.810727676609647840e-01 -1.680993356251909709e-01 -1.576330922753461372e-01
-7.187767240261055957e-02 -3.972507245129052178e-01 2.617781810034895962e-01 -1.691980119387940240e-01 2.499190131371842871e-01 -1.615329436793406515e-01 7.187767240261055957e-02 4.003851943731350782e-01
4.520107050830011186e-01 -2.858530976799104062e-01 3.038763880498134284e-01 -2.695668742291357223e-02 2.906520968118205817e-01 -2.578356868348156972e-02 -4.520107050830011186e-01 2.870209790022202889e-01
3.410170007333723774e-02 -1.312241582392130734e-01 1.168999775150803000e-01 1.586863933237013802e-01 1.146934555562784813e-01 1.556911402973554792e-01 -3.410170007333723774e-02 1.313371407940596147e-01
1.192709663506636986e-01 2.093619334838240365e-01 -2.648924561805371392e-01 1.952079310379957189e-01 -2.516204811846343148e-01 1.854273777633020370e-01 -1.192709663506636986e-01 -2.098207754853904650e-01
-8.566905263377733171e-02 -3.216457150406851762e-01 4.099279438019557409e-01 -3.662348086849793738e-01 3.592310538762548133e-01 -3.209415661442058809e-01 8.566905263377733171e-02 3.233095234487147751e-01
-3.385334371083232874e-01 5.054544081481970874e-02 4.206489383923579517e-01 1.589043675704103764e-01 3.836472900819332121e-01 1.449266227404769070e-01 3.385334371083232874e-01 -5.055189759453147108e-02
-1.491280986983595236e-01 8.417800012396670084e-02 4.989014321048791389e-01 2.064805401275744412e-01 4.389967946313458325e-01 1.816877832707822493e-01 1.491280986983595236e-01 -8.420782411879884632e-02
4.297904230651626856e-01 3.377738135504521066e-01 2.004471816280890550e-01 2.861348931544553942e-01 1.892314921147289775e-01 2.701246898954581810e-01 -4.297904230651626856e-01 -3.397006636769899224e-01
4.820787088866881342e-01 1.453939109129911422e-01 -8.658354759545394685e-02 -2.469324223975739585e-01 -8.376329173278670992e-02 -2.388891782560513544e-01 -4.820787088866881342e-01 -1.455475878374453691e-01
-3.216901722222798021e-01 4.531483167760261832e-01 1.360091011696337171e-01 4.826268848231727304e-01 1.215808507361387236e-01 4.314283878087612489e-01 3.216901722222798021e-01 -4.578008675115380344e-01
2.413134504488367860e-02 -1.219508389046719543e-02 -1.727474439698689634e-01 3.139605523036432810e-01 -1.626213670027017999e-01 2.955568720857436604e-01 -2.413134504488367860e-02 1.219517457315435517e-02
3.673815371565234411e-01 -4.263390028740779991e-01 1.371711710463979772e-01 -3.107913918387078533e-01 1.298811486237949619e-01 -2.942742461588053193e-01 -3.673815371565234411e-01 4.302136771524388004e-01
4.831534453572127186e-01 -4.944276827335342128e-01 2.626648292081757985e-01 -4.629319931897669660e-01 2.318665090389919470e-01 -4.086516855223973343e-01 -4.831534453572127186e-01 5.004710409887975775e-01
4.420816014810213801e-02 -1.964142022509413055e-01 1.635207170549483058e-01 3.049258102060067310e-01 1.545319563667591212e-01 2.881639883099288424e-01 -4.420816014810213801e-02 1.967930708975122733e-01
-4.083635878876971104e-01 -3.390455303877417670e-01 -3.129511570586590574e-01 -1.680625907950075160e-01 -2.948981099088016089e-01 -1.583676533988157553e-01 4.083635878876971104e-01 3.409942263028127862e-01
-1.151301027777170694e-01 -2.039576577218760178e-02 -3.054405836978310029e-01 3.797232965344042865e-01 -2.745724707665639919e-01 3.413481027138844381e-01 1.151301027777170694e-01 2.039618999112502440e-02
-4.564988139402843537e-01 -1.368413464203119823e-01 -2.427633636038012410e-01 -2.068571190484636002e-02 -2.358636208826326852e-01 -2.009778921326350887e-02 4.564988139402843537e-01 1.369694679220199163e-01
-3.826109524346832380e-02 4.422592926414501413e-01 2.630792691990626597e-01 4.609389179517933144e-01 2.323793884576501878e-01 4.071499217557897898e-01 3.826109524346832380e-02 -4.465844399669887110e-01
-2.103245093379837449e-01 2.820653268312545148e-02 -4.627808859895677918e-01 1.479139146198304999e-02 -4.199496541674287431e-01 1.342242066854694091e-02 2.103245093379837449e-01 -2.820765475096362329e-02
-4.342893239410182682e-01 -3.186644811810168676e-01 3.189385422102166689e-01 4.869024113144417854e-01 2.756448241454104719e-01 4.208087508416734623e-01 4.342893239410182682e-01 3.202824531061597702e-01
3.946109457432667167e-02 4.004915752987145972e-01 1.639109688369074780e-01 -4.610884299200139758e-01 1.472279015464221241e-01 -4.141582619281830024e-01 -3.946109457432667167e-02 -4.037033876105995955e-01
-7.880899769373006514e-03 -2.568175235272714962e-01 2.656756461096179134e-01 -2.784060825534948602e-01 2.479494316606977167e-01 -2.598304773164577530e-01 7.880899769373006514e-03 2.576644466023105262e-01
3.634347309606855703e-02 -3.202942906308998694e-01 -6.567649324340163464e-02 2.065376131774172563e-01 -6.418633682519009342e-02 2.018514106309781120e-01 -3.634347309606855703e-02 3.219372150933996757e-01
-1.762494177438534981e-01 -2.414675552067873099e-01 3.834646552185980717e-01 -4.259994644374531791e-02 3.577600192724794681e-01 -3.974436092951742078e-02 1.762494177438534981e-01 2.421715125756672415e-01
2.778752509221438238e-03 3.162209207933815991e-01 2.921599611029503940e-01 4.802879987469439449e-01 2.546754853662600016e-01 4.186664686519647738e-01 -2.778752509221438238e-03 -3.178019569473365391e-01
2.336697980969766331e-01 4.861605088352760617e-03 -4.323581386387501668e-01 1.353642824857832494e-01 -3.938254685679756228e-01 1.233003318618540733e-01 -2.336697980969766331e-01 -4.861610833604170651e-03
-1.993882161416337118e-01 -5.930537569571858736e-02 -1.080506164108520073e-01 -3.866402168855134214e-01 -1.002721136308062644e-01 -3.588062062910176153e-01 1.993882161416337118e-01 5.931580492436267643e-02
1.424524189027922549e-01 -2.999041083856635037e-02 -3.841710842322836328e-01 -4.617638242129584736e-02 -3.582850530144898737e-01 -4.306494763106131357e-02 -1.424524189027922549e-01 2.999175954444329578e-02
-1.764586824653011643e-01 -2.572808796564212130e-01 -3.109532187922682267e-01 4.902543488546655670e-01 -2.689197239232545278e-01 4.239835968195795890e-01 1.764586824653011643e-01 2.581323951219330892e-01
-4.718236881792314819e-02 -2.286440609878793717e-01 -3.446817449456439642e-01 3.845081321091281534e-01 -3.062595392077582246e-01 3.416464175668715852e-01 4.718236881792314819e-02 2.292417149178545832e-01
-3.127134552981022386e-01 -2.643499698817808330e-01 -1.957861747034674860e-01 -4.530551776936594388e-01 -1.755671250531213035e-01 -4.062676803332940789e-01 3.127134552981022386e-01 2.652736206592212764e-01
2.417550388834489583e-01 -3.903873335724347138e-01 -2.993241969335379560e-01 -8.973728758156462870e-02 -2.857000583790965109e-01 -8.565277569767421051e-02 -2.417550388834489583e-01 3.933621293673921770e-01
-1.622803792938430911e-01 -3.688183033718926973e-01 -9.208266372366014085e-02 -6.637773769755184183e-02 -9.149508325645135109e-02 -6.595418063967137257e-02 1.622803792938430911e-01 3.713267646497121488e-01
4.351535633514883594e-01 -4.624485776888116462e-01 2.406628813443978387e-02 1.748232400910252338e-01 2.370007932599596176e-02 1.721630122202217894e-01 -4.351535633514883594e-01 4.673935099704371043e-01
-2.143962660890976757e-01 -5.016612481249160815e-02 -2.779045205874149937e-01 3.500726193974900147e-01 -2.537140298925828485e-01 3.196001807910559545e-01 2.143962660890976757e-01 5.017243731650642552e-02
-4.953364772649501147e-01 -2.389835707964256262e-01 -3.447312283173765701e-01 -3.165969033287718837e-02 -3.257633777979289103e-01 -2.991770636276482043e-02 4.953364772649501147e-01 2.396660259882213984e-01
-2.345565284213309010e-01 2.239434568998367459e-01 -3.019865118262570203e-01 -5.478630046320753788e-02 -2.886952963293717977e-01 -5.237501221947121061e-02 2.345565284213309010e-01 -2.245050026412619415e-01
-2.034872492053709792e-01 4.822646644021353346e-01 7.577373184420221897e-02 3.289197449972225407e-02 7.551652483392387594e-02 3.278032569719765282e-02 2.034872492053709792e-01 -4.878729010513623843e-01
-2.402552472528629579e-01 4.892276317622744619e-01 -2.972391118807127253e-01 -3.285087844072610563e-01 -2.717637399357356043e-01 -3.003533932239975668e-01 2.402552472528629579e-01 -4.950823087437778991e-01
3.759400724240312686e-01 -1.937457870138709071e-01 1.382620192617469712e-01 1.745834937517920515e-01 1.349558941204919149e-01 1.704088485309071810e-01 -3.759400724240312686e-01 1.941094229596230514e-01
-8.552075047461082935e-02 4.893351845665071531e-01 3.955238779970862151e-01 4.907615633336184224e-01 3.346031657451284391e-01 4.151718312153755974e-01 8.552075047461082935e-02 -4.951937237094758970e-01
8.000417887780664206e-02 -4.052793730872139566e-02 -7.014572389506279482e-02 -7.213927354422033922e-02 -6.979330261634868193e-02 -7.177683641168758344e-02 -8.000417887780664206e-02 4.053126569333957707e-02
