1.045388286317110449e-01 3.241501738055362347e-01 -1.307305866103302128e-01 8.536158333648502516e-02 -1.291657238954096176e-01 8.433979369632978174e-02 -1.045388286317110449e-01 -3.258531507985525932e-01
2.913426756488137759e-01 -1.131197357927070657e-01 -4.461473767697305970e-01 -3.670351702752527867e-02 -4.072080190162627455e-01 -3.350006575836548400e-02 -2.913426756488137759e-01 1.131921102217498393e-01
-2.870980295277915095e-01 4.296476447885176908e-01 -4.852618096075128618e-01 -2.911948601744792642e-01 -4.223224467327125753e-01 -2.534263430380865323e-01 2.870980295277915095e-01 -4.336132302224854906e-01
4.587006814026300949e-01 1.809679020715648790e-02 2.154613111763625799e-01 -4.084683307763714577e-02 2.104600101421098268e-01 -3.989869390869873328e-02 -4.587006814026300949e-01 -1.809708653650042229e-02
2.026618234804864471e-01 -1.472225838046636870e-01 2.873707760144172951e-01 2.033327742463038046e-01 2.710651635520273106e-01 1.917955349217437822e-01 -2.026618234804864471e-01 1.473821325196655874e-01
4.133012440268775123e-01 2.367238044020447685e-01 1.903501188598211158e-02 -2.372325516233719789e-02 1.902621311243203953e-02 -2.371228928791094259e-02 -4.133012440268775123e-01 -2.373870827183065801e-01
2.373998988360687123e-01 -2.506444340699974793e-01 -2.660652431242485072e-01 -3.567356790387248289e-01 -2.430807018077473514e-01 -3.259184033297489180e-01 -2.373998988360687123e-01 2.514317412263578633e-01
-4.128669427405540215e-02 -1.494693296248886805e-01 2.173554306827294447e-01 -1.613816169388803123e-01 2.098033788848590042e-01 -1.557743849202540276e-01 4.128669427405540215e-02 1.496362949411491061e-01
4.891802777531344404e-01 2.423335870866194508e-02 -3.815846345320158539e-01 5.938254556334210399e-02 -3.559636960050867605e-01 5.539539196289150480e-02 -4.891802777531344404e-01 -2.423407026753239893e-02
-1.916639699994679980e-01 2.622246836774553280e-01 4.617001960528150928e-01 2.802309754154712618e-01 4.062373237972868312e-01 2.465675398692311338e-01 1.916639699994679980e-01 -2.631262355399480168e-01
1.688547064212764237e-01 4.088152539422492682e-01 8.043527346977108472e-02 3.117735474229278436e-01 7.656431768862326237e-02 2.967694134933117067e-01 -1.688547064212764237e-01 -4.122315168100843530e-01
-3.970836338280800959e-01 -3.448467559385067771e-01 2.635797516334329460e-01 1.350168724642306639e-01 2.527299510672125216e-01 1.294591384947829660e-01 3.970836338280800959e-01 3.468972024224476480e-01
2.494856954349746747e-01 4.798242248598794113e-02 1.050341740485561948e-01 3.683330957527614080e-01 9.808564320602634889e-02 3.439660371325889976e-01 -2.494856954349746747e-01 -4.798794601342340482e-02
-2.734966766868554000e-01 -3.787128738498330982e-01 -4.677451607748051021e-02 -1.945924049887249874e-01 -4.586499455950270726e-02 -1.908085928958510591e-01 2.734966766868554000e-01 3.814286890223442250e-01
-2.892996741310950304e-01 -9.516421035760391778e-02 -7.315503519459665149e-02 3.259191768630768093e-01 -6.938647810867321075e-02 3.091295598512268650e-01 2.892996741310950304e-01 9.520730179184876130e-02
2.120243742497532891e-01 3.948655555762267122e-01 3.857320068725723639e-01 3.546899876203336577e-01 3.416643872039676899e-01 3.141687366060809117e-01 -2.120243742497532891e-01 -3.979439038933840211e-01
3.445585328061180341e-01 -3.643164747615139643e-01 -2.082940090436018465e-01 2.650396785255009213e-01 -1.973812273152782681e-01 2.511539207239484317e-01 -3.445585328061180341e-01 3.667341971776316156e-01
4.847168031598662052e-01 4.879351995970453437e-01 1.735161650983056969e-01 -1.349737415940353014e-01 1.694696020843459716e-01 -1.318260247788282380e-01 -4.847168031598662052e-01 -4.937435987303310791e-01
-2.758369743185401513e-01 3.884176962928098664e-02 -3.784808356042116406e-01 -2.497376874100737387e-01 -3.446984054013016996e-01 -2.274466089714562711e-01 2.758369743185401513e-01 -3.884469962528940001e-02
2.967787559433180400e-01 -9.122866876453061824e-02 -4.336727151942189051e-01 -1.487100487841701568e-01 -3.942175102753170957e-01 -1.351805246921330972e-01 -2.967787559433180400e-01 9.126663206978469223e-02
-9.359862934839147108e-03 2.550654114298184227e-01 -4.933809095683127088e-01 2.823937890008870744e-01 -4.289180853008464078e-01 2.454975474934566748e-01 9.359862934839147108e-03 -2.558951183502245486e-01
2.990792682807419389e-01 -5.677620211176237497e-02 -1.558097883675478856e-01 -2.219198108154974980e-01 -1.503795003929351004e-01 -2.141854541192609596e-01 -2.990792682807419389e-01 5.678535312153207282e-02
-7.104922028429250247e-02 3.500714273442252500e-01 2.863766762658370713e-02 2.249439032215030387e-01 2.792862488960689074e-02 2.193744957234438353e-01 7.104922028429250247e-02 -3.522164900895415340e-01
1.298397030328184432e-01 -2.979736241296933041e-01 1.412376526322721704e-01 -4.873145277290538147e-01 1.259533435145033520e-01 -4.345788319668000832e-01 -1.298397030328184432e-01 2.992964524183715502e-01
-2.239169150223414562e-01 4.281877693571258803e-01 1.408422676587468558e-01 -4.114531124981949395e-01 1.291571053050467321e-01 -3.773163686044803122e-01 2.239169150223414562e-01 -4.321130686722649550e-01
-1.993510927919261988e-01 -5.566576184919302950e-02 1.548835275831856872e-01 2.032942563254203083e-01 1.500602648455148513e-01 1.969634242051984119e-01 1.993510927919261988e-01 5.567438636010710318e-02
-2.222784702685793867e-01 -3.242309752946881396e-02 -1.663897830197628158e-01 4.058730810121589094e-01 -1.523745020861485000e-01 3.716857339855607067e-01 2.222784702685793867e-01 3.242480178029159832e-02
2.582172334756304144e-01 -3.520649715308815653e-01 -1.491868942719296598e-01 -1.255266413233178113e-01 -1.464296880505059351e-01 -1.232067134362192506e-01 -2.582172334756304144e-01 3.542468896886642460e-01
-3.547052236238094070e-01 -2.211542535928149311e-01 1.640850357804277682e-01 -4.818934622290826919e-02 1.617369907790555117e-01 -4.749976016175452148e-02 3.547052236238094070e-01 2.216950775167342014e-01
4.257839646040150194e-01 3.245535551065343860e-01 4.941712537094130608e-01 3.231270496066118714e-02 4.428425253087931446e-01 2.895643920387067083e-02 -4.257839646040150194e-01 -3.262628977073152581e-01
-4.242825538277332775e-01 -1.720677085845736531e-01 5.406457325468450037e-02 1.212234108635463770e-01 5.359451797233127923e-02 1.201694544334667575e-01 4.242825538277332775e-01 1.723224315664829420e-01
-3.679656295425164370e-01 -4.974082321308602728e-01 4.453659840726624797e-01 -2.890250719368587795e-01 3.933618898566663136e-01 -2.552764525781400229e-01 3.679656295425164370e-01 5.035615437598400801e-01
-2.011660850361685071e-02 3.126661586821748440e-01 -8.059456002714571188e-02 2.180815924842541831e-01 -7.850079937948434283e-02 2.124160654788451452e-01 2.011660850361685071e-02 -3.141944728478833215e-01
-3.549970371445332340e-01 -2.234592685418076430e-01 -2.096088601191548051e-01 -3.518545884484660657e-01 -1.939710951968515174e-01 -3.256046516000757896e-01 3.549970371445332340e-01 2.240171797969766065e-01
-4.901545592003114793e-01 -4.391463246936899711e-01 -3.898767228156292397e-01 -5.665696809495324171e-02 -3.627405518530996131e-01 -5.271353397213619091e-02 4.901545592003114793e-01 4.433807820299493496e-01
-4.860677320657518230e-01 -2.802733078945831569e-01 2.076712230464456965e-01 -1.343955023738750976e-01 2.015950438883538642e-01 -1.304632717138630993e-01 4.860677320657518230e-01 2.813741251337268379e-01
2.207140306231447635e-01 -2.872374858595139191e-02 -3.167944407446023902e-01 -4.728266436766970227e-02 -3.016960796853703775e-01 -4.502918183562901189e-02 -2.207140306231447635e-01 2.872493351775097514e-02
2.100658900630637538e-01 1.780710785110295458e-01 1.251930268329348728e-01 -3.842500588558755981e-01 1.160727518172641748e-01 -3.562575555974488162e-01 -2.100658900630637538e-01 -1.783534040536715604e-01
1.190649512332331295e-01 -3.114472706795512469e-01 -4.444916335864957935e-01 1.826604441900938625e-01 -4.006319336457331848e-01 1.646366352635194319e-01 -1.190649512332331295e-01 3.129577806365166359e-01
4.726011139048933440e-01 5.284801052957588396e-03 -4.733542769242287118e-01 -4.453309547879020780e-01 -3.968970645211501447e-01 -3.734001303298932206e-01 -4.726011139048933440e-01 -5.284808432950300824e-03
-3.524559907804385439e-01 -1.221104112178726941e-01 4.622835988281289721e-01 1.031326608527453059e-01 4.177890257706607935e-01 9.320619206917585275e-02 3.524559907804385439e-01 1.222014503451136769e-01
-1.852338638486832334e-01 4.155936365522566733e-01 -6.359848880681862049e-03 1.937057408186114715e-01 -6.243666417130163022e-03 1.901671016788084589e-01 1.852338638486832334e-01 -4.191826631081697063e-01
-3.165757579004176980e-01 -3.810333512827858149e-01 -7.458659799885836161e-02 4.306147579900487798e-01 -6.834493497638768900e-02 3.945794341652808512e-01 3.165757579004176980e-01 3.837993945921901462e-01
3.397085104160708635e-01 -4.943959101008013057e-01 1.189780544469472012e-01 -4.924813084574336530e-01 1.061334198656161548e-01 -4.393140039938009389e-01 -3.397085104160708635e-01 5.004381033662982370e-01
-2.663181401786767211e-01 -2.457481702072228380e-02 9.622989633574052792e-02 4.566765500242793152e-01 8.720062478125339966e-02 4.138264926122974807e-01 2.663181401786767211e-01 2.457555908390185798e-02
-1.961457271689619475e-01 2.353849778369909718e-02 -1.154693848274170875e-01 -4.584864550191523058e-01 -1.043895997087348343e-01 -4.144927036968329426e-01 1.961457271689619475e-01 -2.353914987173643530e-02
-1.952579232147788613e-02 -9.266248208998895119e-02 -4.841409152041369346e-01 4.579487688130794432e-01 -4.028763040250055161e-01 3.810805937242931485e-01 1.952579232147788613e-02 9.270226364836675614e-02
-2.083953427073703679e-02 2.222995061422634588e-01 1.765494282198708520e-01 1.373232240028122719e-01 1.722923544764728976e-01 1.340119978087909169e-01 2.083953427073703679e-02 -2.228487756598549474e-01
-3.090799413334063273e-01 1.025018362665696126e-01 2.032630463479654370e-01 -3.567090027612919156e-01 1.880327277487310322e-01 -3.299811156372877141e-01 3.090799413334063273e-01 -1.025556836917128067e-01
-3.402689174942237216e-01 -1.617108604853833009e-01 -4.140183552278446921e-01 2.137957380688534359e-01 -3.752778476037215150e-01 1.937904525155031144e-01 3.402689174942237216e-01 1.619223006890817551e-01
-3.242701367868183748e-01 4.413775238322021899e-01 6.241910153000862493e-02 -1.391524713297016547e-01 6.170560415706846658e-02 -1.375618537094826233e-01 3.242701367868183748e-01 -4.456768524947328225e-01
-8.406753944397171718e-02 -3.189722023019022634e-01 1.621354847096090346e-02 -1.923212368820994556e-01 1.591975141036572339e-02 -1.888362863675843994e-01 8.406753944397171718e-02 3.205948659806420187e-01
4.133302078407228297e-01 4.748719943295544033e-01 2.003949143906647024e-02 3.994568237801093824e-01 1.860646267213590666e-02 3.708915719440439851e-01 -4.133302078407228297e-01 -4.802262570550038245e-01
-3.283247023228351713e-01 1.790600463725244840e-01 -4.980096760335006589e-02 1.630649372785487605e-01 -4.909251219555545859e-02 1.607452185623022833e-01 3.283247023228351713e-01 -1.793471020112180903e-01
-4.655075258268781546e-02 -3.551212283160731786e-02 2.441060223707304244e-01 -2.219732613732575688e-01 2.318142659321947852e-01 -2.107959817708570383e-01 4.655075258268781546e-02 3.551436206780976546e-02
-3.810015087887963503e-01 -3.821478441086541000e-01 -3.587967358484366320e-01 -8.126658327486901978e-02 -3.367329671543704550e-01 -7.626919361998878155e-02 3.810015087887963503e-01 3.849382298618289067e-01
-3.710448124887248955e-01 -4.663951156961220201e-01 3.992540627139221643e-01 4.843021268455887096e-01 3.381624481140871330e-01 4.101969350736743292e-01 3.710448124887248955e-01 4.714677316733595913e-01
-2.569202319372652088e-01 3.896943709637243902e-01 -2.607037613649543228e-01 3.938696462267559095e-01 -2.357308154341103135e-01 3.561406724385638989e-01 2.569202319372652088e-01 -3.926533535002671438e-01
-1.192467520797153568e-01 4.203924096472426708e-01 1.166514448576362328e-01 3.804022399708363311e-01 1.083869705185963872e-01 3.534516560788918960e-01 1.192467520797153568e-01 -4.241072025106058518e-01
-2.233154727074342372e-01 2.832485179204603520e-01 -4.171643631603914049e-01 -2.210710532851591914e-01 -3.772350105326740533e-01 -1.999109906769106493e-01 2.233154727074342372e-01 -2.843847654257486424e-01
4.665594515992091962e-01 -1.410289203755618059e-01 -3.858690056314187933e-01 1.096809311091729855e-01 -3.581276494080333217e-01 1.017956183828159222e-01 -4.665594515992091962e-01 1.411691676881506041e-01
-1.524187848475080376e-01 -3.016540094506239278e-01 -5.096291513904671611e-03 -2.138860403011881850e-01 -4.983511973451405785e-03 -2.091528005976267812e-01 1.524187848475080376e-01 3.030264619130817461e-01
4.559500306879225029e-01 1.571595535584476844e-01 -1.273489278673097802e-01 3.046403556625404407e-01 -1.209274568118038351e-01 2.892791016733091136e-01 -4.559500306879225029e-01 -1.573536387335204012e-01
3.281605969166585535e-01 -1.584203250015303599e-01 -4.026321740701683805e-01 -3.667641388862260543e-01 -3.535905727674173438e-01 -3.220913535755556278e-01 -3.281605969166585535e-01 1.586191187413967252e-01
-5.940392768444990867e-02 4.544203487034548239e-02 7.519695796353864647e-02 4.428376579465428398e-01 6.859483889717477023e-02 4.039575353457001139e-01 5.940392768444990867e-02 -4.544672671167099276e-02
4.954259870583566094e-02 3.081373489964045476e-01 -3.960070394507460012e-01 2.998012285033290203e-01 -3.546676004404746285e-01 2.685047782732838395e-01 -4.954259870583566094e-02 -3.096002098893646526e-01
4.186916511095970517e-01 -1.167387415774248094e-01 1.501577792943158407e-01 6.996299130518779386e-02 1.481389088894550787e-01 6.902233932401587169e-02 -4.186916511095970517e-01 1.168182869694433523e-01
-1.061843938296480605e-02 3.946122235831154290e-01 -2.620883786485217470e-01 -4.920249723863401314e-03 -2.535227328951502601e-01 -4.759444745138048313e-03 1.061843938296480605e-02 -3.976846508173383365e-01
-2.739855857333831635e-01 2.743068332414703159e-01 8.073533520425946186e-03 -2.712262772719220560e-01 7.791777833900095408e-03 -2.617608374167135765e-01 2.739855857333831635e-01 -2.753388336842069739e-01
-3.008570807314374651e-01 2.951565509935791809e-01 -2.714800114033094625e-01 2.519924915355225004e-01 -2.545769771539722615e-01 2.363027997126024016e-01 3.008570807314374651e-01 -2.964422144057918818e-01
3.295774770865355086e-01 -2.938623012828656123e-03 2.410307833711357040e-01 4.423010699620617547e-01 2.152638894903751432e-01 3.950177952962246053e-01 -3.295774770865355086e-01 2.938624281653373291e-03
-4.390518576392602457e-01 1.249183517697680657e-01 -2.759829070789246996e-01 4.969961617890303884e-01 -2.399242108483343461e-01 4.320608590364038437e-01 4.390518576392602457e-01 -1.250158167816968757e-01
4.449670331340194185e-01 -2.965824601867659283e-01 -3.540365015595833276e-01 1.187114620116925812e-01 -3.316678722613836117e-01 1.112110696072671073e-01 -4.449670331340194185e-01 2.978868469845429301e-01
4.941317250227038604e-01 -3.910850472232366704e-01 -8.113640918389930512e-02 3.862535481368466472e-01 -7.547083418017719314e-02 3.592823219088889242e-01 -4.941317250227038604e-01 3.940758215131650033e-01
2.465772369939375208e-01 1.471614622041748088e-01 3.939740569094636324e-01 -2.840516143418680972e-02 3.664244949064839885e-01 -2.641886375186097008e-02 -2.465772369939375208e-01 -1.473208122847452228e-01
-3.996030503389327304e-01 -8.245968454664753811e-02 2.531660375830983023e-01 1.779531101559905792e-02 2.453867051440703495e-01 1.724849343466345816e-02 3.996030503389327304e-01 8.248771918844963191e-02
4.797054384180903241e-01 -3.076364398200395200e-01 3.070974623251824243e-01 3.100579200115263223e-01 2.814631883243161048e-01 2.841765284248449763e-01 -4.797054384180903241e-01 3.090921782082314828e-01
3.790754936966431732e-01 1.280914971659115054e-01 6.727477999370856665e-02 -3.965290281968593122e-01 6.241570186090762001e-02 -3.678887928796668039e-01 -3.790754936966431732e-01 -1.281965797901220006e-01
8.485539946468756423e-02 4.223859832244358792e-02 -3.015258409270485940e-01 -2.240909322344684096e-01 -2.822643983325074934e-01 -2.097760243847106854e-01 -8.485539946468756423e-02 -4.224236621489257243e-02
3.444142564877196167e-01 4.144151137496887571e-02 6.502187282844174021e-02 1.091130875011373513e-01 6.450361988243176470e-02 1.082434081673090270e-01 -3.444142564877196167e-01 -4.144506995519892795e-02
-3.465053630216272662e-01 -1.273114600225815352e-01 -3.578482036154437829e-01 -2.189779135267430066e-01 -3.299848110921879685e-01 -2.019274784627289321e-01 3.465053630216272662e-01 1.274146345528877899e-01
4.092915357900761553e-02 2.029418706201848721e-01 3.433121258779646690e-01 7.587522755550557552e-02 3.238764432329500620e-01 7.157975782918640784e-02 -4.092915357900761553e-02 -2.033597827550244486e-01
-4.067313268346584021e-01 -3.094369495206659160e-01 -2.908237905186482619e-01 -1.710557034889853556e-01 -2.755616724816758456e-01 -1.620788851451681611e-01 4.067313268346584021e-01 3.109183978807829041e-01
-1.544005512623387588e-01 1.309669182005747112e-01 -4.006962768915198758e-01 -3.303431925991346940e-01 -3.556046745602559067e-01 -2.931686423660337382e-01 1.544005512623387588e-01 -1.310792376145639704e-01
3.659777198314928537e-01 4.209517457842940624e-01 -3.976911150414905727e-01 1.506655129767677792e-01 -3.659712686103583912e-01 1.386484304890379937e-01 -3.659777198314928537e-01 -4.246813860875143787e-01
1.575396497051276823e-01 -3.450736655817283616e-01 1.919781498708071910e-01 -1.808248861304220245e-01 1.856310393193287833e-01 -1.748465206575771091e-01 -1.575396497051276823e-01 3.471281623194555910e-01
2.021693819198128184e-01 1.012417294305694160e-01 -2.777125036112850776e-01 -3.388586062668569321e-01 -2.543703724496850227e-01 -3.103770581555440611e-01 -2.021693819198128184e-01 -1.012936152488255886e-01
-3.114222534029323919e-01 3.699700540182780939e-01 -2.417301894708782095e-01 -8.156078843005865053e-02 -2.342279009191944872e-01 -7.902948453854019562e-02 3.114222534029323919e-01 -3.725020891273123635e-01
-2.562974720070199108e-01 1.600276742336608216e-01 3.459413821942647349e-01 4.984767861493832886e-02 3.265690926636978242e-01 4.705627026584130457e-02 2.562974720070199108e-01 -1.602325805210998433e-01
-3.348069033502264480e-01 -2.683492428292033605e-02 -1.759348837179129932e-01 4.272758871695554461e-01 -1.597088155007084787e-01 3.878692183710248931e-01 3.348069033502264480e-01 2.683589049202822832e-02
-2.918016194616724901e-01 -2.514557357872350130e-01 -4.666261778479630085e-02 3.913396775472647304e-01 -4.341273774289902687e-02 3.640843055162992781e-01 2.918016194616724901e-01 2.522507129332382525e-01
2.487217639408884073e-01 4.195401264406627417e-01 -5.415524998900511644e-02 -2.637480898532573725e-01 -5.229290342753883936e-02 -2.546780486599984350e-01 -2.487217639408884073e-01 -4.232323715048924018e-01
-4.431471444013530547e-01 9.294046547052414731e-02 -3.471155602442020927e-01 -4.807210556348289199e-01 -2.985746221970035363e-01 -4.134966103718802355e-01 4.431471444013530547e-01 -9.298060613283561093e-02
4.941264815471441141e-01 1.120123587787984487e-01 1.078637342700446977e-01 -4.905749404469090802e-01 9.638768421196822200e-02 -4.383807288158538817e-01 -4.941264815471441141e-01 -1.120826284356427477e-01
1.090424627612779362e-01 -1.944570260358576830e-01 3.908269611917544184e-01 -2.991390564584938128e-01 3.506578201343997225e-01 -2.683935855779686630e-01 -1.090424627612779362e-01 1.948246814136119220e-01
9.125654030574459341e-02 2.147066912898085711e-01 -2.377621950484104518e-01 -8.144536425456183615e-02 -2.305911460015553638e-01 -7.898892368549019494e-02 -9.125654030574459341e-02 -2.152015790837450981e-01
-2.015505291108206087e-01 -1.425401153927305931e-01 -4.636319184729897902e-01 2.553660892374390867e-01 -4.097699584695175812e-01 2.256991971691541810e-01 2.015505291108206087e-01 1.426849196473604642e-01
6.968388641337341927e-02 -4.123738774319010147e-01 2.081111445466827803e-01 4.499133067460292512e-02 2.035484043835866508e-01 4.400491665094596189e-02 -6.968388641337341927e-02 4.158801319908060901e-01
-3.906950919204543737e-01 1.341071275571921184e-01 -2.064469461629135916e-01 -1.711782873965308482e-01 -1.994007559243539673e-01 -1.653358431263454442e-01 3.906950919204543737e-01 -1.342277215252900280e-01
2.645027771966663721e-01 3.075824662986498259e-01 1.208041041166674212e-03 -2.985462877047861951e-01 1.157554800410102004e-03 -2.860694932545840841e-01 -2.645027771966663721e-01 -3.090374386117024641e-01
-2.450980244537608321e-01 2.489759982104228220e-01 4.287728437182543040e-01 3.778406063289818650e-01 3.722679874098030472e-01 3.280477393578027367e-01 2.450980244537608321e-01 -2.497476874616955944e-01
-3.228923693798058103e-02 1.417459659677577921e-02 1.342099281595090510e-01 -4.340469807582063577e-01 1.221904724843022733e-01 -3.951749798732930308e-01 3.228923693798058103e-02 -1.417473899419818481e-02
1.473568514731891099e-01 3.350458408904217755e-01 3.001093079695165144e-01 1.066362648991858730e-01 2.859562916687657386e-01 1.016073479169686544e-01 -1.473568514731891099e-01 -3.369263814201104434e-01
