-4.216690913669111085e-01 -6.022161688092064757e-02 7.119542747278673200e-02 -4.579692319194824668e-01 6.459499767876178411e-02 -4.155115366656195741e-01 4.216690913669111085e-01 6.023253699660694599e-02
-2.311716987417596902e-01 2.518630636281118385e-01 4.951675732757100379e-01 2.833581075456166332e-01 4.300957565458595200e-01 2.461209623077983411e-01 2.311716987417596902e-01 -2.526619103356887441e-01
1.533158921740503944e-01 -4.723386591415621449e-01 3.389129035757489916e-01 2.361529685049014171e-01 3.132407433093791216e-01 2.182647240890855933e-01 -1.533158921740503944e-01 4.776076868392862829e-01
4.207996703472000055e-01 -8.608449396563933043e-02 -1.252459649523740559e-01 -3.361847285492229886e-01 -1.178889737495228823e-01 -3.164371215791298431e-01 -4.207996703472000055e-01 8.611639059537104512e-02
3.699565431352531686e-01 8.218170928866319613e-02 -1.493174023521841587e-01 -4.828295895243972513e-02 -1.475120650229085895e-01 -4.769918889756611519e-02 -3.699565431352531686e-01 -8.220946136707639462e-02
4.656015630530149219e-01 -4.376342733649618566e-03 -3.983835123931456224e-02 6.830157478448950492e-02 -3.971439353680142337e-02 6.808905328134155777e-02 -4.656015630530149219e-01 4.376346924517634900e-03
4.331743865118548031e-01 -2.229738929585530771e-01 -2.231567738143880320e-02 -4.616217338441308549e-01 -2.025692927204406427e-02 -4.190345044464879321e-01 -4.331743865118548031e-01 2.235281765897913497e-01
3.997274088109544765e-01 -4.134430641875804779e-01 2.386394023492758310e-01 2.145408646923179230e-01 2.272265181505552789e-01 2.042804884907252760e-01 -3.997274088109544765e-01 4.169766621553899211e-01
-3.152570219700089327e-01 -3.859040995816016562e-01 4.680964676495056320e-01 2.884217492943256245e-01 4.101848432783842258e-01 2.527389933669697553e-01 3.152570219700089327e-01 3.887775795972465698e-01
3.319583886612909041e-03 4.235006141703396843e-01 -8.271060446558708978e-02 2.370547685507208291e-01 -8.022084035013210546e-02 2.299189186805794816e-01 -3.319583886612909041e-03 -4.272984145870384887e-01
9.194501106922314815e-02 2.460319184418540139e-01 4.353359370779501525e-01 3.617855381598351627e-01 3.788530168185169078e-01 3.148454581837611399e-01 -9.194501106922314815e-02 -2.467765550159129739e-01
8.684087946666174673e-02 -3.236664359967812432e-01 8.947305199413158050e-02 4.815720080134737735e-01 8.035186103333839813e-02 4.324788995460034369e-01 -8.684087946666174673e-02 3.253618001701815698e-01
-1.007324900998483042e-01 -2.194790403607966844e-01 2.917640032431678687e-02 -1.335347224927388998e-01 2.890761259308103140e-02 -1.323045332061563162e-01 1.007324900998483042e-01 2.200076671429118946e-01
-3.371697559710225001e-01 -7.985087405231194868e-02 3.638806309239375203e-01 4.684714425362336288e-01 3.129613697768329761e-01 4.029163739361422691e-01 3.371697559710225001e-01 7.987633115809893158e-02
2.723685844218962648e-01 4.148914075688292513e-03 -1.596871988097398054e-01 -1.288153315199236371e-01 -1.564288245354660545e-01 -1.261868893812607140e-01 -2.723685844218962648e-01 -4.148917646552426411e-03
-4.605776882425018925e-01 -2.553631425937862298e-01 -4.457229400385361862e-01 4.582139616468124954e-01 -3.755490588612075964e-01 3.860735147234021780e-01 4.605776882425018925e-01 2.561957583923795689e-01
-4.203338946101021767e-01 -4.519573713307657448e-01 4.247169745933778717e-01 1.662680984379671933e-02 3.908742107613661920e-01 1.530193414425091471e-02 4.203338946101021767e-01 4.565733354728223614e-01
-2.493572448609554515e-01 3.404089924556721325e-01 4.479343785139565659e-01 2.589411734990146874e-01 3.978385653741854378e-01 2.299818677077635487e-01 2.493572448609554515e-01 -3.423812929192904808e-01
1.030481766016063672e-01 -3.868926296072495719e-01 -2.761285227642154005e-01 -7.280639134644106836e-02 -2.655146105368291209e-01 -7.000783710942108662e-02 -1.030481766016063672e-01 3.897882483129586073e-01
-3.264811323649930985e-01 4.317155112272751394e-01 1.101722097881983053e-01 -4.828444010107814099e-01 9.872772765134874007e-02 -4.326874319087814502e-01 3.264811323649930985e-01 -4.357386310057300149e-01
-4.431687985879162461e-01 -3.825454972427625444e-01 4.337123253610222218e-01 4.856745637040300601e-01 3.634535202581641866e-01 4.069981864848833952e-01 4.431687985879162461e-01 3.853446028724295536e-01
4.082469303665603455e-02 8.212923388360515720e-02 1.402962456789583756e-01 -4.060114386319269020e-02 1.388234037261243115e-01 -4.017490959209465973e-02 -4.082469303665603455e-02 -8.215693283443525896e-02
4.351028741172144887e-01 9.047451255115690483e-02 2.779344873799447502e-01 -2.218589074032673025e-02 2.677228750062919382e-01 -2.137075722256819715e-02 -4.351028741172144887e-01 -9.051154212893784690e-02
1.960214862457457796e-01 -4.562265353888466102e-01 -9.381196797485269467e-02 -2.151124041688217137e-01 -9.133069859894103748e-02 -2.094228121864223358e-01 -1.960214862457457796e-01 4.609745454289906896e-01
4.617179609714254784e-01 1.705831355515391445e-01 -2.322803669794001324e-01 -6.205896455989434735e-02 -2.258445404422354530e-01 -6.033948763561795825e-02 -4.617179609714254784e-01 -1.708313221252700798e-01
-3.354362091430519444e-01 -1.924370419527364762e-01 1.686950250424280595e-01 -4.034819728863657806e-01 1.545609493739368567e-01 -3.696763242952842976e-01 3.354362091430519444e-01 1.927933585250554416e-01
4.666123172928160479e-01 -2.983679283749957056e-01 1.957053924860141514e-02 4.341211642012723360e-01 1.794900267775858399e-02 3.981516216665905161e-01 -4.666123172928160479e-01 2.996960150552946400e-01
-3.724078450479605396e-01 2.213625533575391824e-01 3.348138520798793483e-01 2.161366281357854913e-01 3.110257145010514868e-01 2.007803702809241864e-01 3.724078450479605396e-01 -2.219049068876019770e-01
-3.673656822555387835e-01 -7.108977609056588154e-02 -4.421557636079638254e-01 9.181466053783782222e-03 -4.043755388030300657e-01 8.396951002526013841e-03 3.673656822555387835e-01 7.110773961062924475e-02
4.453893286742516278e-01 -3.738351019679090337e-01 -1.209722637131844802e-01 1.042752325160273275e-01 -1.194583091214312387e-01 1.029702394355632988e-01 -4.453893286742516278e-01 3.764473249015496958e-01
-1.082628148158848447e-03 1.733877037246260855e-01 -2.495278895490096183e-01 -2.427158440665647676e-01 -2.356580946677828137e-01 -2.292246909224754936e-01 1.082628148158848447e-03 -1.736483340159090116e-01
1.521132931754831663e-01 2.111561501180115874e-01 3.134662369461546083e-01 3.188364322948696872e-01 2.861640219637485161e-01 2.910664851913378204e-01 -1.521132931754831663e-01 -2.116268902338300506e-01
-1.963462602128004386e-01 -1.418820849136946949e-01 -2.095717078007836021e-01 -8.848253981018394665e-02 -2.043508758792817459e-01 -8.627827057372912389e-02 1.963462602128004386e-01 1.420248929637971946e-01
-4.288097056792771200e-01 -2.827491466343805548e-01 2.112287526884729649e-01 -2.453400260784555087e-03 2.066679430001509554e-01 -2.400426924833362011e-03 4.288097056792771200e-01 2.838793950655800202e-01
2.425485752222045210e-01 3.159873933222046016e-02 1.984050624654072337e-01 1.229382469998818728e-01 1.932119168446646551e-01 1.197204046167495289e-01 -2.425485752222045210e-01 -3.160031686820013314e-02
-2.089815022036725090e-01 4.153343596641595470e-01 4.386252323968068412e-01 -3.462585237027338003e-01 3.828945529767641132e-01 -3.022637387345109006e-01 2.089815022036725090e-01 -4.189166731393275112e-01
4.138481640926123806e-01 -2.557004054996923070e-01 4.532038586164506277e-01 -1.743086201428889481e-01 4.076838465728130356e-01 -1.568009790728485398e-01 -4.138481640926123806e-01 2.565363246112355444e-01
-4.070415517735954669e-01 3.451744224969298669e-01 -1.945423649954769463e-01 3.302647677768505430e-01 -1.816549911145107776e-01 3.083865226853523267e-01 4.070415517735954669e-01 -3.472307194172507550e-01
-4.961129313413944475e-01 -3.467407665516544224e-01 -7.975583806740194071e-02 2.240397336633248582e-01 -7.759191490924814694e-02 2.179611219934058930e-01 4.961129313413944475e-01 3.488251840926042124e-01
8.626870029438260534e-02 -3.500660143435487814e-01 4.859260406682812672e-01 -1.041765141377437587e-01 4.351519917524996339e-01 -9.329118801397610905e-02 -8.626870029438260534e-02 3.522109775859152969e-01
9.903967139721869817e-02 -3.272860452805650411e-01 3.163423013368165115e-01 -3.647366604506754317e-01 2.848768709754760931e-01 -3.284576173345946648e-01 -9.903967139721869817e-02 3.290389264254704460e-01
-4.175527033050974168e-02 -1.578024155569205389e-01 1.037923601213353031e-02 4.380588322687616332e-01 9.506631593440629732e-03 4.012302957330943221e-01 4.175527033050974168e-02 1.579988922070681145e-01
-2.483971689659070226e-02 3.674587510331677187e-01 -4.203066408738476145e-02 -5.008226908428059510e-02 -4.194111453087238234e-02 -4.997556496520442343e-02 2.483971689659070226e-02 -3.699395740810916267e-01
3.413234965408010746e-01 4.967014400738831714e-01 -8.608345534620165385e-02 8.750630331117181804e-02 -8.544215307380303992e-02 8.685440114324689820e-02 -3.413234965408010746e-01 -5.028285583194740394e-01
3.071774143576966321e-02 4.733777564755258238e-01 -1.300252560342104458e-01 -2.514729686231587102e-02 -1.288997857859543461e-01 -2.492962734713219039e-02 -3.071774143576966321e-02 -4.786816347145598227e-01
-3.309723710222387538e-01 -1.433402784787741746e-01 2.487449289800022223e-01 -4.382043300794842278e-01 2.221382218872755554e-01 -3.913323222560536330e-01 3.309723710222387538e-01 1.434875350676196315e-01
3.803733819800643179e-01 -4.222500052332920362e-01 -2.878708232442973580e-01 -1.112638351923678215e-01 -2.750686950848112988e-01 -1.063157342990729975e-01 -3.803733819800643179e-01 4.260142598802837965e-01
4.939147012278790605e-01 -4.324541017034584378e-01 -2.492615571866422242e-01 1.140005757933577613e-01 -2.403949430480131211e-01 1.099454012668487357e-01 -4.939147012278790605e-01 4.364979054118878765e-01
4.685052507178072423e-01 1.483397350990078856e-02 4.487962753647894987e-01 1.162674543594454102e-01 4.071669366952126445e-01 1.054827453512327678e-01 -4.685052507178072423e-01 -1.483413671829871341e-02
-2.652555731683881035e-02 -3.348040326463919136e-02 -4.658963190510048147e-01 -1.901096405733250227e-01 -4.161777933745258728e-01 -1.698219270634952205e-01 2.652555731683881035e-02 3.348227973645313826e-02
3.657150341901540536e-01 -3.544897660287311680e-01 2.049382597077302748e-01 -2.367678049882180336e-01 1.955736173268277922e-01 -2.259487133057375974e-01 -3.657150341901540536e-01 3.567170782996911815e-01
-4.022691203441367547e-01 -6.789007861425333523e-02 -1.564245209760043442e-01 1.781604526459005244e-01 -1.522052882522834938e-01 1.733549374543800203e-01 4.022691203441367547e-01 6.790572409595742320e-02
2.646597349887024331e-01 2.880366208560187768e-01 -2.241566677437851762e-01 -3.210340035415027993e-01 -2.087270875151478466e-01 -2.989359773546302335e-01 -2.646597349887024331e-01 -2.892314701359984253e-01
-9.381047752750848456e-02 -3.972034405547579805e-01 2.349337983341268643e-01 -1.245006695654096163e-01 2.270454241871309731e-01 -1.203203095233577602e-01 9.381047752750848456e-02 4.003367912791971350e-01
1.541643526502889383e-02 3.703092576602008412e-01 2.452294141627621160e-01 4.094256101209026166e-01 2.213169205142632434e-01 3.695022292533414188e-01 -1.541643526502889383e-02 -3.728482635757686126e-01
2.840654404306419689e-02 -1.142609640364316004e-01 3.130052559757406927e-01 -5.651074963791369310e-02 2.982807880512204912e-01 -5.385235747181363331e-02 -2.840654404306419689e-02 1.143355511251609308e-01
2.728868930536355597e-01 -3.539580258485166553e-01 2.204071231453446078e-01 -3.267845867286697237e-01 2.050527315277309304e-01 -3.040195397209863315e-01 -2.728868930536355597e-01 3.561753301371510250e-01
-4.428527383491116520e-01 3.524805663215161422e-01 3.706127630309976606e-01 6.176068273418600096e-02 3.469329431646917539e-01 5.781456433824917751e-02 4.428527383491116520e-01 -3.546702205343331693e-01
4.322773435409096310e-01 -4.590631552831963003e-01 4.633941614823831046e-01 -8.074400583533747344e-02 4.193219566546852461e-01 -7.306465495098432572e-02 -4.322773435409096310e-01 4.639002803505561934e-01
1.500659237024757342e-01 2.759528373384900757e-01 -1.696108640646281085e-01 -4.675811275827345126e-01 -1.518625906862034747e-01 -4.186529075380073794e-01 -1.500659237024757342e-01 -2.770035273311360902e-01
4.254786361604153688e-01 4.411402783232782898e-01 -1.114145837132547445e-01 3.899137572515591899e-01 -1.032481728969616985e-01 3.613340523465380927e-01 -4.254786361604153688e-01 -4.454326778954049715e-01
-3.599225547686087934e-01 4.741563183607080401e-01 -1.316990652919785010e-01 -3.422196373218334697e-01 -1.236483441344865680e-01 -3.212998618580670818e-01 3.599225547686087934e-01 -4.794864094458596293e-01
4.911570533257683113e-01 -2.464083899342106587e-01 -4.796691027288935150e-01 -1.337420268598366047e-01 -4.293779917014225456e-01 -1.197197871875670117e-01 -4.911570533257683113e-01 2.471564500106733508e-01
-4.275203669730789358e-01 -1.489834775782760135e-01 -4.388446008915994900e-01 -3.792838198478748479e-01 -3.796084724110810882e-01 -3.280873256049384179e-01 4.275203669730789358e-01 1.491488200122344232e-01
-2.705946100180478542e-01 -8.029922540128864306e-02 1.651003135442088432e-01 -1.568675525324846332e-01 1.609784656948291814e-01 -1.529512414718739721e-01 2.705946100180478542e-01 8.032511373344354555e-02
-4.216292654233974035e-01 -4.970555706013950470e-01 -2.408137965337713293e-01 2.481163888610751211e-01 -2.275930680464839095e-01 2.344947465067157566e-01 4.216292654233974035e-01 5.031958034474228736e-01
-3.708413047005909569e-01 -5.004356719765867823e-02 4.967162864983228898e-01 6.956905014891900940e-02 4.439983556933435049e-01 6.218548638906384179e-02 3.708413047005909569e-01 5.004983354959768871e-02
-2.047034283011813782e-01 1.720185763977167825e-01 -3.386634114819992991e-01 -1.456522648413459686e-01 -3.177582225784105763e-01 -1.366613670723210716e-01 2.047034283011813782e-01 -1.722730812412427426e-01
-1.493117270981831890e-01 3.872823929811917143e-01 -3.614117232204794306e-01 -9.900845546187775348e-02 -3.384305909460335049e-01 -9.271279246848355970e-02 1.493117270981831890e-01 -3.901867718187211342e-01
-2.472309729018300484e-01 3.983364019741345574e-01 4.382677832253060179e-01 1.801507063316620805e-02 4.013543571113688535e-01 1.649773807027308734e-02 2.472309729018300484e-01 -4.014966414448120635e-01
-3.490683923516446630e-02 1.764943463947795665e-01 -4.076643418089497262e-01 -4.864854173680582816e-01 -3.441880804026579699e-01 -4.107361492663224589e-01 3.490683923516446630e-02 -1.767692385834973012e-01
-2.986333888146882609e-01 2.032959249448790251e-01 1.569365404478594295e-01 -2.133997181235403051e-01 1.517043344066607014e-01 -2.062850506842701104e-01 2.986333888146882609e-01 -2.037160281783871874e-01
-1.335805446725267798e-01 -4.308729724889150958e-01 1.086094801496961804e-02 -4.668012823931653177e-01 9.841023663380462499e-03 -4.229651463017647384e-01 1.335805446725267798e-01 4.348725835683812657e-01
-4.879898743705912700e-01 -3.635371698558549358e-01 4.842700486538458193e-01 4.925872401742182882e-01 3.984500527240170120e-01 4.052933117878807501e-01 4.879898743705912700e-01 3.659394102754420786e-01
2.599568696076388630e-01 5.284930562082934546e-02 4.667620986299003683e-01 2.473627462932189713e-01 4.127156548405410130e-01 2.187205818964938764e-01 -2.599568696076388630e-01 -5.285668615611650162e-02
-3.983565679484165623e-01 -4.016733014998341567e-02 -2.135521138596018220e-01 -8.710286294060187728e-02 -2.080895254078748979e-01 -8.487480214264368772e-02 3.983565679484165623e-01 4.017057047744994336e-02
4.691310570839594130e-01 2.878817311107315646e-01 4.663129692211741562e-01 -4.701976327867564143e-01 3.887921515603440792e-01 -3.920310207435737659e-01 -4.691310570839594130e-01 -2.890746538606974170e-01
-4.812873655722704758e-02 3.209117578349458544e-01 1.616648513214227201e-01 4.920616854927154504e-01 1.435527183249556415e-01 4.369335199251093149e-01 4.812873655722704758e-02 -3.225642023757007149e-01
-4.576156466050707028e-01 -2.113760396580325329e-01 1.463462010631452204e-01 -2.284878034771377076e-01 1.412392395212124507e-01 -2.205143923692200469e-01 4.576156466050707028e-01 2.118482519354278892e-01
-4.282668032652330314e-01 -1.653644353675670642e-01 -1.969305477008085337e-01 -4.822420097122104288e-02 -1.930035782538817024e-01 -4.726256771509382976e-02 4.282668032652330314e-01 1.655905331700446015e-01
2.558340308597274460e-01 -2.949853457953492963e-01 4.085596451747025570e-01 -4.174405845879184396e-01 3.527867925731718590e-01 -3.604553867861058913e-01 -2.558340308597274460e-01 2.962687732625276515e-01
-2.543796040087401567e-01 3.033390138595871699e-01 -3.169576385472789859e-01 -4.006912557090286375e-01 -2.822545738517974190e-01 -3.568203629502476049e-01 2.543796040087401567e-01 -3.047345941136370695e-01
3.981350678596518033e-01 -8.607368024973127696e-02 -1.439805360733216189e-01 3.984072067466662981e-01 -1.325752386693472562e-01 3.668477140210770759e-01 -3.981350678596518033e-01 8.610556486065157333e-02
-4.037887064808686199e-01 3.765309559556544450e-01 3.020335479790496880e-01 -1.133618080906173553e-02 2.891163192060907106e-01 -1.085136035814800344e-02 4.037887064808686199e-01 -3.792001003274790283e-01
-3.459886653188906092e-01 -1.039685368809628585e-01 3.904993463832451273e-01 9.941279602240160607e-02 3.621993120988795667e-01 9.220821152873773241e-02 3.459886653188906092e-01 1.040247290506398498e-01
3.133641454655881065e-01 -2.298963211366141790e-01 -4.902068173653355565e-01 -3.610123540107701423e-01 -4.187152815132946793e-01 -3.083624790283996386e-01 -3.133641454655881065e-01 2.305038488156285759e-01
-4.760955779454834058e-01 2.436307583175478797e-03 3.643246405143307776e-01 -1.670392173937064184e-01 3.381744550907652136e-01 -1.550496179483159542e-01 4.760955779454834058e-01 -2.436308306222190277e-03
-9.871150026405484113e-02 7.496947153170374634e-02 -4.803877013056913059e-01 2.070894683741592024e-01 -4.256625080299543673e-01 1.834980834337404387e-01 9.871150026405484113e-02 -7.499053953379206106e-02
2.177736874735560768e-01 8.221445676220384691e-02 -1.072914066189051274e-01 -1.321962612596147002e-01 -1.057693735857915956e-01 -1.303209286227156316e-01 -2.177736874735560768e-01 -8.224224202948531015e-02
-9.519370405766380827e-02 1.825987913939274288e-01 -1.473016899161504467e-01 -1.326622485819991537e-01 -1.444900295622075781e-01 -1.301300224750532863e-01 9.519370405766380827e-02 -1.829032047480280976e-01
-1.884414785289699745e-01 -1.578278988872684474e-01 -3.659075703090997056e-02 -1.933157057049608163e-01 -3.590246526241617359e-02 -1.896793335783908963e-01 1.884414785289699745e-01 1.580244707391522396e-01
2.652292638228666011e-01 -4.034009628808806758e-01 2.893091715657339913e-01 -1.736372278893679733e-01 2.741251666932416620e-01 -1.645241102510660025e-01 -2.652292638228666011e-01 4.066832819498029661e-01
-2.293983891325257485e-02 4.320753044927537756e-01 3.805097718108578775e-01 -2.838033864405277162e-01 3.437470010754972161e-01 -2.563838571601646521e-01 2.293983891325257485e-02 -4.361084913040891298e-01
-3.322803827685437694e-01 -2.895589854555591369e-01 4.577595946200344601e-01 -4.282235121343223039e-01 3.878595506131694570e-01 -3.628336378536765605e-01 3.322803827685437694e-01 2.907728805132738237e-01
-1.573449972667438912e-01 -9.286175315671152397e-02 -4.663166237565806727e-01 1.268794906780550402e-01 -4.198581518545265734e-01 1.142386647835649943e-01 1.573449972667438912e-01 9.290179191865231834e-02
2.799301053613983958e-01 -1.985022824393061214e-01 -1.080267915967365600e-01 -2.898489534672255008e-02 -1.073573631371381731e-01 -2.880527959069779237e-02 -2.799301053613983958e-01 1.988933632606978696e-01
3.172564608803590813e-01 4.112288802044002933e-01 -4.295616049635453404e-01 1.561508820113534091e-01 -3.906871626588579449e-01 1.420195481504242796e-01 -3.172564608803590813e-01 -4.147060093855569618e-01
1.859688543643086556e-01 -1.188361858624652490e-01 3.437048136304872159e-01 -2.433554349204355427e-01 3.167611586621874586e-01 -2.242783530375906664e-01 -1.859688543643086556e-01 1.189200963254512383e-01
4.400056276176091963e-01 4.710098011942602803e-01 1.971137587921654166e-01 -2.101078352496786872e-01 1.894099914633140258e-01 -2.018962223889101959e-01 -4.400056276176091963e-01 -4.762344828970576094e-01
3.153957701031741001e-01 4.082398416593965296e-01 1.737894986213261994e-01 -2.758336206492036924e-01 1.652302768238654018e-01 -2.622486735893271859e-01 -3.153957701031741001e-01 -4.116416995308549431e-01
1.234512639946268031e-01 1.482280222665307567e-01 1.914217075886723851e-01 -2.588248271409224754e-01 1.822128216421283198e-01 -2.463733223283315066e-01 -1.234512639946268031e-01 -1.483908622113526699e-01
6.740410189910428507e-02 3.693939831526271700e-01 -3.773859598654907277e-01 1.971754061500397004e-01 -3.472209721292165985e-01 1.814149000874115125e-01 -6.740410189910428507e-02 -3.719142089682694885e-01
2.806962434491587777e-01 -2.152597476645834451e-01 -3.201928212308891020e-01 -8.935550723561780373e-03 -3.049312607427738797e-01 -8.509649707611382022e-03 -2.806962434491587777e-01 2.157584696166993943e-01
-1.144192756447827142e-01 -1.374142812102512323e-01 -3.935760484648659352e-01 4.984026145206849057e-01 -3.322402716327638728e-01 4.207304298031084300e-01 1.144192756447827142e-01 1.375440187373859757e-01
4.198007246232732248e-01 3.456336779510260637e-01 2.924023450342418950e-01 3.532384136960218246e-01 2.657899463427295106e-01 3.210891452032021975e-01 -4.198007246232732248e-01 -3.476981935215626152e-01
4.219918453011972659e-01 2.370270318110557772e-01 -7.539421784687028172e-03 -5.185388888605690916e-02 -7.529092672960724722e-03 -5.178284834381860491e-02 -4.219918453011972659e-01 -2.376928622395030888e-01
-2.717875206454545278e-01 -3.468391944656010750e-01 1.329496903599903801e-01 2.293150415983644663e-01 1.285116437090629005e-01 2.216601847151536686e-01 2.717875206454545278e-01 3.489253875962852192e-01
1.830213508992105664e-01 -9.474263641104185840e-02 4.426171626481519850e-01 2.367028189174414932e-01 3.955822608647751593e-01 2.115494927946575121e-01 -1.830213508992105664e-01 9.478515769809421621e-02
3.218465055048731482e-01 -1.772054539375259585e-01 -7.359919177800688939e-02 2.889856404985100546e-01 -7.052988167655518947e-02 2.769340605269264843e-01 -3.218465055048731482e-01 1.774836822086314492e-01
2.181617935879924808e-01 1.289845615076595786e-01 -1.901918660506830561e-01 4.056809852363622015e-01 -1.735663939011823087e-01 3.702187014821672340e-01 -2.181617935879924808e-01 -1.290918574254787676e-01
-8.960131932923165454e-02 4.919042428877085094e-01 -1.813485549977474909e-01 1.310927369493719574e-02 -1.784232742197614241e-01 1.289781181505822785e-02 8.960131932923165454e-02 -4.978555410619237009e-01
3.070794822453757345e-01 6.278102490467774022e-02 3.901173646050426491e-02 2.755301027334066122e-01 3.758365264929850597e-02 2.654439052217475448e-01 -3.070794822453757345e-01 -6.279339734045812083e-02
-1.539799939270680706e-02 -1.099384719427284329e-01 -2.183747323149231034e-01 -3.648255269069010653e-01 -2.009633849300269393e-01 -3.357374363731788214e-01 1.539799939270680706e-02 1.100049103317569249e-01
-7.366142389263707901e-02 4.619448484613394301e-01 1.292012705104930159e-01 3.732068451188397251e-01 1.201689636951208673e-01 3.471163994336584069e-01 7.366142389263707901e-02 -4.668736393073676383e-01
1.115088735479918824e-01 -1.955612275130732547e-01 2.075290517712083949e-01 3.469365194376364814e-01 1.924013721259302812e-01 3.216468335912113230e-01 -1.115088735479918824e-01 1.959351815863970281e-01
5.152187229400095880e-02 2.409975673688160569e-01 -3.235990300763785799e-01 -4.666852808250522289e-01 -2.813892392513322460e-01 -4.058115257952426003e-01 -5.152187229400095880e-02 -2.416974222255822147e-01
2.747702399200641077e-01 -3.176631014955789700e-01 3.500513221276363440e-01 1.683547600254367005e-01 3.262998256253707430e-01 1.569316422106554476e-01 -2.747702399200641077e-01 3.192658682289916117e-01
-1.702340676284086474e-01 -1.178139582744008873e-02 -3.248333305688462236e-01 4.466279557014153356e-01 -2.843521110251257533e-01 3.909685062925434273e-01 1.702340676284086474e-01 1.178147759108564251e-02
-2.272713451008259167e-01 -4.659525497867146315e-01 4.898673963473753057e-01 -4.145793408533821056e-01 4.122729651937619977e-01 -3.489104509427206624e-01 2.272713451008259167e-01 4.710107391293132939e-01
-3.785754951232107590e-01 -3.009222981309828127e-01 6.921101225109671518e-02 -2.990761456465858004e-01 6.616366617289042018e-02 -2.859078868698657905e-01 3.785754951232107590e-01 3.022847874735009044e-01
-2.501009861198855155e-01 -4.661467964338343872e-01 -6.786128073047770215e-02 4.019505437568908768e-01 -6.284073156879768640e-02 3.722132260438586471e-01 2.501009861198855155e-01 4.712113143992390230e-01
-2.997691902245270823e-01 -1.360622502885949769e-01 -1.833271389839347121e-01 -6.225958469100356663e-02 -1.799847990995175895e-01 -6.112449528605615190e-02 2.997691902245270823e-01 1.361881958748597243e-01
-3.327569685435545210e-01 4.516981752335076372e-01 4.459223568357505441e-01 1.900693497692362843e-02 4.072039536887163136e-01 1.735660693271421848e-02 3.327569685435545210e-01 -4.563062022075261015e-01
1.694029462121012797e-01 -1.052014641478958845e-01 1.600133174943304537e-01 -1.301400511684484007e-01 1.567146587082895726e-01 -1.274572268265443398e-01 -1.694029462121012797e-01 1.052596792088972139e-01
3.488176972685786970e-01 -8.603795407812309115e-03 3.618342450924033615e-01 -2.806599620974725706e-02 3.401275106031854123e-01 -2.638229397270553875e-02 -3.488176972685786970e-01 8.603827252737148573e-03
2.800447843497628764e-01 3.037093182760725041e-01 -1.961311335977716785e-01 4.597571913785686304e-01 -1.754359596583281999e-01 4.112449798242191479e-01 -2.800447843497628764e-01 -3.051100157815260783e-01
4.362624562662403838e-01 -4.661596149751013884e-01 -3.512494107866018789e-01 2.407307089440507974e-01 -3.231695709005824035e-01 2.214860367674939545e-01 -4.362624562662403838e-01 4.712245507585727800e-01
-2.427176832718179744e-01 4.723334424284509891e-01 -1.656111180516735004e-01 3.123735436879755412e-01 -1.561393629447513365e-01 2.945080420084881245e-01 2.427176832718179744e-01 -4.776022955478184673e-01
-4.503600133078413670e-01 2.585819477390588483e-01 1.277568571379489315e-01 2.665346725708681586e-01 1.225171920018900823e-01 2.556033420520493205e-01 4.503600133078413670e-01 -2.594464469705731746e-01
-1.658037782050529874e-01 -4.638744628653675983e-01 4.380234264729093718e-01 1.297935268984361512e-01 3.984154048240343138e-01 1.180570203269205032e-01 1.658037782050529874e-01 4.688652770156942484e-01
5.636718028973675132e-02 -4.021050522820528439e-01 3.825800161408505762e-01 -1.888088015390604335e-01 3.518929457746227674e-01 -1.736642860543332334e-01 -5.636718028973675132e-02 4.053558398779288363e-01
-3.555697560148485259e-01 4.000244915916351118e-01 2.345076031591903920e-01 -8.578604783915710907e-02 2.275215254798221287e-01 -8.323044628962641966e-02 3.555697560148485259e-01 -4.032250794258253612e-01
3.094783498903616037e-01 3.460747259362296768e-01 1.227462306299980099e-01 -2.434422790836132666e-02 1.217963137353816894e-01 -2.415583113839248064e-02 -3.094783498903616037e-01 -3.481471549095855877e-01
3.879452010333056533e-01 -3.941265171447354554e-01 3.658778177046103641e-01 9.984729761440824802e-04 3.436013900716970437e-01 9.376810671509810610e-04 -3.879452010333056533e-01 3.971876132931480563e-01
4.484521320074918993e-02 3.971567287302255611e-01 4.098201226670760144e-01 -4.491027342508109310e-01 3.501782307251617987e-01 -3.837439700869424430e-01 -4.484521320074918993e-02 -4.002889741219642916e-01
-3.285801776549232001e-01 -5.215728866468627434e-02 -1.846016056347005163e-01 -1.098698243562898913e-01 -1.804839863985338022e-01 -1.074191300587605674e-01 3.285801776549232001e-01 5.216438305413308163e-02
-4.572431588858456575e-01 -2.295558290746572139e-01 4.771534656026628074e-01 1.572117256440263011e-01 4.263714544966845099e-01 1.404801535751501740e-01 4.572431588858456575e-01 2.301606613804126067e-01
-1.095796739034593514e-01 -4.906205776714177569e-01 -1.663473533448002195e-01 4.761209117135929425e-01 -1.485266389100405870e-01 4.251143003461235192e-01 1.095796739034593514e-01 4.965254060942770886e-01
2.892197289772628910e-01 -3.094449369753804469e-02 4.181950495115304145e-01 4.931544411002183326e-01 3.511779463955634339e-01 4.141248541409419115e-01 -2.892197289772628910e-01 3.094597526062240964e-02
-3.375371070432855447e-01 2.529562734841250826e-02 -2.071740038878349122e-01 2.148818682631925547e-01 -1.985191104199182377e-01 2.059049713402961446e-01 3.375371070432855447e-01 -2.529643664250148111e-02
4.845633049818427462e-01 -2.563735369645143702e-01 1.550136877831713722e-01 -1.324037560755140230e-01 1.518895523746667531e-01 -1.297352997056925306e-01 -4.845633049818427462e-01 2.572160751428430592e-01
-4.209704949078962866e-01 -3.252003050245646509e-01 1.658444357435031602e-01 3.583252259487287317e-01 1.542554512768679054e-01 3.332859446553491645e-01 4.209704949078962866e-01 3.269198868136519720e-01
-3.329837545464841009e-01 -1.991098680134061327e-01 -1.582045301795632630e-01 3.949349530198991154e-01 -1.455772614735480197e-01 3.634127850546736149e-01 3.329837545464841009e-01 1.995045509562710373e-01
-2.579765944331035010e-01 4.421655314089314448e-01 -5.699035796317153402e-02 -2.107772498050355381e-01 -5.567857412036601727e-02 -2.059256538402601533e-01 2.579765944331035010e-01 -4.464879284575473117e-01
-2.907928722384314213e-01 1.806121348512459424e-01 -3.068034186726997792e-02 2.805730894296211142e-01 -2.952678607460518939e-02 2.700237704560057850e-01 2.907928722384314213e-01 -1.809067199552366889e-01
4.475496408939312332e-01 3.746449333774379831e-01 1.213663221512800705e-01 -1.027485469946465280e-03 1.204821646058099882e-01 -1.020000205377092793e-03 -4.475496408939312332e-01 -3.772741695301973230e-01
-2.377524002545661208e-01 -5.344877046264118192e-02 6.816187846303911613e-02 -4.111798645951603159e-01 6.291587449672790544e-02 -3.795338588046482386e-01 2.377524002545661208e-01 5.345640500768429615e-02
3.615519219185254762e-01 4.310639350696423566e-01 3.270095174780760505e-01 -4.716361985467075746e-01 2.836197615444948639e-01 -4.090564311374740858e-01 -3.615519219185254762e-01 -4.350688663802955713e-01
-4.143963248819892975e-01 -2.031180544804065402e-01 -3.310754743218425888e-01 8.176515796558236904e-02 -3.133554310788516095e-01 7.738886842650394282e-02 4.143963248819892975e-01 2.035370559909286670e-01
3.120136902857684191e-01 3.889865605569701179e-01 8.372405315080744259e-02 -4.492052643354607078e-01 7.615070032480826534e-02 -4.085718999666710372e-01 -3.120136902857684191e-01 -3.919294489670152593e-01
4.007191200468985803e-01 3.989354243552256651e-01 2.603533938104826140e-01 3.405503313865956283e-01 2.392939414399155862e-01 3.130039131177508316e-01 -4.007191200468985803e-01 -4.021099424787039633e-01
1.621318071483643930e-01 -4.948499902392609062e-01 -3.706647984082876990e-01 -2.033979985163125725e-02 -3.474939234886648687e-01 -1.906832503050949826e-02 -1.621318071483643930e-01 5.009088472386907798e-01
7.723048223613659946e-02 -2.176394283301391619e-01 -1.635552840069975922e-01 -2.539330752122581636e-02 -1.613599771426422469e-01 -2.505246801458139647e-02 -7.723048223613659946e-02 2.181548738079795435e-01
-4.423223078232322303e-01 3.570517243331762236e-01 -1.587921460135316432e-01 -8.090814685371960913e-02 -1.563289635836014047e-01 -7.965310036199127475e-02 4.423223078232322303e-01 -3.593276779586320191e-01
-1.756726456250768953e-01 -2.643803623959732896e-01 1.401469894622816570e-01 1.204536286723977279e-01 1.378135598978761922e-01 1.184480910624747113e-01 1.756726456250768953e-01 2.653043317885090957e-01
-3.146585754964994486e-01 -9.505498214936525248e-02 3.368135926262568747e-01 -1.984105936264145553e-01 3.136972504584953914e-01 -1.847931884135961822e-01 3.146585754964994486e-01 9.509792537453654049e-02
-2.629831745401485232e-01 1.000269751987267197e-01 2.296863421464068189e-01 -2.230061900625771587e-01 2.187501297691519242e-01 -2.123880443201008883e-01 2.629831745401485232e-01 -1.000770156724407056e-01
-4.305513828810896282e-01 -1.644402798312811775e-01 5.278132504004495740e-02 3.580668774911911489e-01 4.963058758034188944e-02 3.366923719604098530e-01 4.305513828810896282e-01 1.646626080691195315e-01
-1.489692734405780872e-01 -2.043303452401261655e-01 -1.695468245654850881e-01 -2.366367207301330877e-01 -1.627894363731487160e-01 -2.272054253541622160e-01 1.489692734405780872e-01 2.047568939283717360e-01
-6.488386927647993296e-02 -2.161122856328363540e-01 -2.309190713387274663e-01 -4.102513319111246171e-01 -2.089248013980726792e-01 -3.711762633805975597e-01 6.488386927647993296e-02 2.166169566611812203e-01
2.984463416580114270e-01 2.735936536540112263e-01 -4.462226909103602646e-01 -1.707476582298038670e-01 -4.026287894848466498e-01 -1.540663985513204548e-01 -2.984463416580114270e-01 -2.746176256082389910e-01
4.624854610291890822e-01 3.036879731787510694e-01 -4.749977428529326140e-01 -4.761985927360489201e-01 -3.941397407246624573e-01 -3.951361721155527973e-01 -4.624854610291890822e-01 -3.050883753762748674e-01
9.001002771770072464e-03 -2.632260832840321862e-01 3.994156629259774105e-01 1.950342476755125842e-01 3.649844942388020819e-01 1.782215442569778374e-01 -9.001002771770072464e-03 2.641380033442445319e-01
-3.649117470490625958e-01 -1.575731012021526212e-01 9.701035701312521464e-02 -2.467512034329937265e-01 9.377043164673388997e-02 -2.385102742394027975e-01 3.649117470490625958e-01 1.577687225521734737e-01
-2.746504605486350670e-01 4.481159757070461991e-01 3.818856337431716375e-01 -4.241697185638886314e-01 3.316663596313513818e-01 -3.683899418865093645e-01 2.746504605486350670e-01 -4.526152377292347317e-01
-4.849958436500997339e-01 -3.489641299643209127e-02 7.488673280663304954e-02 -4.228174872891270475e-01 6.881115775285390201e-02 -3.885142231220479747e-01 4.849958436500997339e-01 3.489853776859851153e-02
-3.908460237116627711e-01 -1.142553531385470666e-01 -4.198159412382707067e-01 4.130715521606452834e-01 -3.617391521770741969e-01 3.559277730767559378e-01 3.908460237116627711e-01 1.143299292397972206e-01
1.840462123134094519e-01 3.822608392846064129e-01 -8.805610261409879680e-02 3.018407251266236324e-01 -8.400167405597031012e-02 2.879428620639941649e-01 -1.840462123134094519e-01 -3.850537009907864516e-01
-1.350612407244592417e-01 3.573459520846179460e-01 3.771149644732428863e-01 -1.031294909861933951e-01 3.512263599220133981e-01 -9.604974379705585874e-02 1.350612407244592417e-01 -3.596275368327893629e-01
1.020371552059446962e-01 1.479804042569469180e-01 -2.059116860467151700e-01 -3.814357544762463359e-01 -1.889262738813674292e-01 -3.499715688888893617e-01 -1.020371552059446962e-01 -1.481424294816978127e-01
6.117528717914821890e-02 -2.514214263706732178e-01 -2.651857783648958744e-02 -3.920182696304158609e-01 -2.468172672233873502e-02 -3.648645059641272281e-01 -6.117528717914821890e-02 2.522160781534792950e-01
4.697427120239980880e-01 1.364023123688818950e-01 1.505641354680553601e-01 -3.978297059131873370e-01 1.385504624955611885e-01 -3.660864493220545302e-01 -4.697427120239980880e-01 -1.365292046494208655e-01
-2.394825532642691490e-01 -1.982952704659821652e-01 1.822652230495934722e-01 3.080214271848727980e-01 1.716051957972050401e-01 2.900063788219884864e-01 2.394825532642691490e-01 1.986851290241556101e-01
-4.428017969498574402e-01 2.579729186471818592e-01 3.019637655828099065e-01 1.704057361889352862e-01 2.853008901943823727e-01 1.610024571494480250e-01 4.428017969498574402e-01 -2.588313238790880821e-01
-4.638729476130116769e-01 1.635104607881547878e-01 9.107988966086000282e-02 4.121196105989729519e-01 8.391206169435598550e-02 3.796865182731541388e-01 4.638729476130116769e-01 -1.637290388806491859e-01
-1.791023295554985406e-01 -9.820093997510015438e-02 -4.797805662283793904e-02 -2.940186320566174905e-01 -4.598104085789409684e-02 -2.817805406303633964e-01 1.791023295554985406e-01 9.824828964317398883e-02
-4.708410390948570834e-01 -4.117075187160383898e-01 3.517159178815333354e-01 7.931904597095196241e-02 3.308671481614629539e-01 7.461722714562071812e-02 4.708410390948570834e-01 4.151968033600272889e-01
2.738116106450123599e-01 -4.458950100545274742e-01 -3.482496221122610702e-02 4.870174892101024611e-01 -3.129395043305326779e-02 4.376372636079426393e-01 -2.738116106450123599e-01 4.503277049649018204e-01
1.739414257284876975e-02 1.744224999145695953e-01 -2.156595566496944949e-01 -4.524602263342051289e-01 -1.927969925650917793e-01 -4.044938802978804704e-01 -1.739414257284876975e-02 -1.746878245184637912e-01
4.960667286203040982e-01 1.242874598958799703e-01 3.514002819274674172e-01 5.068274681647944035e-02 3.311487307377315448e-01 4.776184921229875702e-02 -4.960667286203040982e-01 -1.243834556315488865e-01
-5.489448252371631476e-03 -3.957117503277419734e-01 1.779220747282024284e-01 -4.106921428415567510e-01 1.623979470790369861e-01 -3.748582686035164535e-01 5.489448252371631476e-03 3.988099317378734354e-01
1.783747232389688575e-01 1.926258617614576840e-01 -4.525555420514200122e-01 -4.020809961434257396e-01 -3.871425797900017729e-01 -3.439636899061839226e-01 -1.783747232389688575e-01 -1.929832282199562266e-01
1.265742980151152164e-02 -4.641171952007483448e-01 1.436757421934692358e-01 -6.363683072449999312e-02 1.419340839346801830e-01 -6.286541580015429787e-02 -1.265742980151152164e-02 4.691158481054560347e-01
3.756659420813518446e-01 -4.588404179615004352e-01 -1.728470004666271542e-01 -1.170177703055730323e-02 -1.703101340149869580e-01 -1.153003065663554989e-02 -3.756659420813518446e-01 4.636705055291427402e-01
4.027199837468352639e-01 1.550271484205558714e-01 -2.768584711805168741e-01 -2.796175389939463685e-01 -2.576306624372055598e-01 -2.601981131113788592e-01 -4.027199837468352639e-01 -1.552134400238135425e-01
2.434196294659989324e-01 6.092532166501152258e-02 7.701378164490413347e-02 -2.662959096008339355e-01 7.421503987762670396e-02 -2.566185055215043920e-01 -2.434196294659989324e-01 -6.093662908430623470e-02
-3.882587238244052941e-01 -4.801938514093541110e-01 4.438899192383692904e-01 -2.276454985431120015e-02 4.056273953807340571e-01 -2.080228602682120120e-02 3.882587238244052941e-01 4.857301536200681613e-01
1.656275378248543984e-01 -2.653919676164820940e-01 -3.192341345736655622e-01 2.244463807819307988e-02 -3.040443409535448782e-01 2.137667765866788430e-02 -1.656275378248543984e-01 2.663265838655081152e-01
-1.367092019694919891e-01 -3.411206223154036321e-01 9.933950999733931475e-03 -2.130392764783698434e-01 9.715456945380250564e-03 -2.083535461727159810e-01 1.367092019694919891e-01 3.431053180222293775e-01
2.358077421638622440e-01 -9.018097665166890931e-02 6.396165099220474382e-03 -2.096964731237992430e-01 6.259888584145166177e-03 -2.052286859204362213e-01 -2.358077421638622440e-01 9.021764698075646072e-02
-1.577325807805671776e-01 -1.953196930510241458e-01 3.915031896891433272e-01 2.753946650164709187e-01 3.531333199836092507e-01 2.484041890955177301e-01 1.577325807805671776e-01 1.956922632413542751e-01
-4.738761271489102533e-01 -1.440854145042580470e-03 2.523649863222190426e-01 2.457053542337487295e-01 2.380315398360356161e-01 2.317501515029644077e-01 4.738761271489102533e-01 1.440854294607611403e-03
-3.584447400991985777e-01 3.788298701730072882e-01 -1.013644274877717466e-01 8.150969459371049108e-02 -1.005176857559362258e-01 8.082880819527461791e-02 3.584447400991985777e-01 -3.815482031254646134e-01
1.169898372733321201e-01 2.221004272770344956e-01 4.361002769281652203e-01 -8.388025424129963437e-02 3.985653124996286212e-01 -7.666071661252073233e-02 -1.169898372733321201e-01 -2.226482224316250758e-01
-2.433493451797537066e-01 -4.544930207615056617e-01 -2.874642258329113131e-01 1.439965710118075171e-01 -2.736674107997625338e-01 1.370854708569926028e-01 2.433493451797537066e-01 4.591871134406203536e-01
2.710361133392682476e-01 -7.743984459653829866e-02 2.942306236679670395e-02 -3.234015177741120795e-01 2.798449562390450604e-02 -3.075896127361203436e-01 -2.710361133392682476e-01 7.746306466108567046e-02
-5.257141517319674495e-02 4.525895231110724781e-01 -4.164195708880624736e-01 1.703381986943215409e-01 -3.797545372491482052e-01 1.553402105550988621e-01 5.257141517319674495e-02 -4.572248833738116192e-01
-3.000750361631250307e-01 -2.138074000670179275e-01 1.439753241650068016e-01 2.129134723023160536e-01 1.394430999196954457e-01 2.062111321136872732e-01 3.000750361631250307e-01 2.142960954114220551e-01
3.672957198561003223e-01 1.465376114632676030e-01 -8.382408314930389626e-02 2.940160111476963767e-02 -8.349530263230243998e-02 2.928628015625742848e-02 -3.672957198561003223e-01 -1.466949435596007212e-01
1.394894283138792268e-01 2.939454702179936652e-01 -1.268074271855514912e-01 2.127110065461028654e-01 -1.230892908972635036e-01 2.064740807609904694e-01 -1.394894283138792268e-01 -2.952153725486811320e-01
-4.858824472023857144e-01 3.556249495892858103e-01 3.816996318575249791e-01 -2.458628004923083532e-01 3.475540215621081841e-01 -2.238687122850559486e-01 4.858824472023857144e-01 -3.578737280397142895e-01
-1.754172566921184950e-01 -1.597245034457503987e-01 -2.913029734223938627e-01 2.643475591775954481e-01 -2.710836762272280653e-01 2.459992333811462095e-01 1.754172566921184950e-01 1.599282473594970388e-01
-1.356711994318540171e-01 3.122909096065455969e-01 -6.044661172083243272e-03 2.848975320017163027e-01 -5.813240792636593414e-03 2.739902051752353684e-01 1.356711994318540171e-01 -3.138137277140966019e-01
1.427248852452113193e-01 5.936611317317153080e-02 2.887624424201740148e-02 -4.675210942968638372e-01 2.614964901410078008e-02 -4.233761295301048388e-01 -1.427248852452113193e-01 -5.937657447786244547e-02
-4.055557466428427738e-02 9.247201775986080285e-02 2.976724524238675285e-01 1.213119132869231453e-01 2.833915024461775567e-01 1.154919277583949244e-01 4.055557466428427738e-02 -9.251155451351758541e-02
-3.750196748264218449e-01 2.268076168347649135e-01 2.620557478862622913e-01 -4.961643692372049719e-01 2.285363070616002745e-01 -4.327001928239842532e-01 3.750196748264218449e-01 -2.273909852478248339e-01
-1.083261889863164074e-01 4.516334410590199244e-01 4.960474100705142275e-01 -2.118864024325817219e-03 4.443778445491121665e-01 -1.898157734335750553e-03 1.083261889863164074e-01 -4.562394871478535618e-01
3.585361195870657713e-01 4.703103794247777136e-01 2.148489616089711562e-01 -1.459593053453703826e-01 2.079488871749087808e-01 -1.412716863609226603e-01 -3.585361195870657713e-01 -4.755118206401575676e-01
-4.154575404779865533e-01 -9.970302450262436000e-02 3.494659079004611701e-01 -4.139375370142129862e-01 3.072744967055413556e-01 -3.639623936930697079e-01 4.154575404779865533e-01 9.975258036098540171e-02
-5.075802709160193160e-04 -1.328395228193650635e-01 3.709337611397440782e-01 -2.196288158763549658e-01 3.406319570486868731e-01 -2.016872046005645513e-01 5.075802709160193160e-04 1.329567293808020523e-01
-4.985553868287404544e-01 4.839638450510221901e-01 2.563490141819125823e-01 3.416178171980122080e-02 2.481838339940466709e-01 3.307366712661312380e-02 4.985553868287404544e-01 -4.896315699188619752e-01
-4.524630103077079690e-01 -4.940345329524306051e-01 -4.140191028968752684e-01 -1.850937629334252765e-01 -3.770560200563972120e-01 -1.685688343861835026e-01 4.524630103077079690e-01 5.000634863333356384e-01
-2.948050455087017907e-01 4.956472787043713080e-01 -3.127255573370150143e-01 4.507739558071628405e-01 -2.741736135620420067e-01 3.952037863989364963e-01 2.948050455087017907e-01 -5.017354684961133904e-01
1.774958221035816130e-01 -1.813745382703724207e-01 4.662479731475404066e-01 -3.472349562462416772e-01 4.030839517311742282e-01 -3.001939877573381321e-01 -1.774958221035816130e-01 1.816728696688133249e-01
-2.808797229953492458e-01 -1.096779745092189007e-01 3.500264372752551756e-01 2.177439396585847398e-01 3.236091078689095624e-01 2.013102856038402333e-01 2.808797229953492458e-01 1.097439417423402980e-01
-1.272130216721117923e-01 -4.302386861360165682e-01 1.423688097574226097e-01 -1.646443871376110923e-01 1.391116205853581977e-01 -1.608775654865798599e-01 1.272130216721117923e-01 4.342206597713130223e-01
-1.776604076450599701e-01 -5.932431646209401777e-02 -8.763694794035870039e-02 1.108063477263032670e-01 -8.677528327785241635e-02 1.097168767159468067e-01 1.776604076450599701e-01 5.933475568649363568e-02
-2.397171457940499018e-01 3.567602646578915682e-02 4.656088283209627310e-01 2.632202656950061170e-01 4.105705616825447990e-01 2.321057629477120687e-01 2.397171457940499018e-01 -3.567829685041170457e-02
4.221787585605100146e-01 2.592224587445561834e-01 -1.798254453761488625e-01 2.738660960972406633e-01 -1.708876525612512132e-01 2.602542381044972153e-01 -4.221787585605100146e-01 -2.600933980309678151e-01
-1.349802126005440472e-01 3.760185791539054634e-01 1.608114737413394169e-01 1.008310416675114451e-01 1.579906722880121683e-01 9.906235973046444154e-02 1.349802126005440472e-01 -3.786768419703435695e-01
9.715305817654673604e-03 5.918803316193765873e-03 -2.576368479619443042e-01 -4.269091179008964732e-01 -2.305639575071666558e-01 -3.820488276337841160e-01 -9.715305817654673604e-03 -5.918813683638518390e-03
-4.773397815331315019e-02 2.410376405388523491e-01 2.264387456274081778e-01 4.668907761433228609e-01 2.009903407726853219e-01 4.144190780630765403e-01 4.773397815331315019e-02 -2.417378445700932577e-01
3.960905447485095765e-01 4.010806363793596452e-01 -1.648721405241471150e-02 2.622684867456137603e-02 -1.647930855167713954e-02 2.621427308896627159e-02 -3.960905447485095765e-01 -4.043066417820603276e-01
1.781169710862006150e-01 -1.609701331580145611e-01 -1.449247935873523296e-01 1.647567440696743324e-01 -1.415570128494275937e-01 1.609281059506446621e-01 -1.781169710862006150e-01 1.611786811027940414e-01
3.740560234987376775e-01 -3.216699011133039576e-02 -4.137687288716647149e-01 -1.538855427364922424e-01 -3.785249860992470072e-01 -1.407779729610078578e-01 -3.740560234987376775e-01 3.216865429509567498e-02
4.408788806763205281e-01 3.975474578588954477e-01 -3.017286502659255465e-01 -4.391241761883357686e-01 -2.662906926334874802e-01 -3.875491469777308517e-01 -4.408788806763205281e-01 -4.006889570076886398e-01
-2.905798482056008991e-01 -4.496341122615303831e-01 1.674182002970238115e-01 -5.804693735006172250e-02 1.648501942726380565e-01 -5.715656291915971465e-02 2.905798482056008991e-01 4.541792574555092443e-01
-1.913296510934955341e-01 -2.259459600402452528e-01 3.396377977065511145e-01 2.155552020098402410e-01 3.150989735643392464e-01 1.999813429435753076e-01 1.913296510934955341e-01 2.265227049174884655e-01
-1.849950182028872181e-01 2.166995976063906815e-01 4.502760772194791539e-02 -3.468862345653200840e-02 4.495504621417045071e-02 -3.463272311120889346e-02 1.849950182028872181e-01 -2.172083943451523502e-01
1.993890857347482282e-01 -7.074009110853773930e-02 1.604793255998656631e-01 1.199100347743551342e-01 1.573529376900102139e-01 1.175740000135684499e-01 -1.993890857347482282e-01 7.075779084698710641e-02
4.410353975379160962e-01 2.656930886880163323e-01 4.321301815781664057e-01 -4.114810855142353452e-01 3.710874267533563753e-01 -3.533552241676386485e-01 -4.410353975379160962e-01 -2.666308898724149556e-01
5.499234590716151061e-02 -3.952153702694984894e-01 -7.998929218373274086e-02 1.507752235392351148e-01 -7.884904317565905041e-02 1.486259196213081668e-01 -5.499234590716151061e-02 3.983019072402156913e-01
2.917995013694747453e-01 -5.424762259781357177e-02 -1.979401950471111338e-01 4.521580395307780442e-01 -1.774961287716397274e-01 4.054573230595513444e-01 -2.917995013694747453e-01 5.425560460536433399e-02
9.790905863836818490e-02 -9.969296407130490145e-02 3.538179843707554006e-01 2.914770504561029485e-01 3.216333044081635117e-01 2.649631478288703157e-01 -9.790905863836818490e-02 9.974250493003054829e-02
-1.163660489251349128e-01 1.015736344330223639e-01 -2.873677856909828687e-01 -2.569036816514569388e-01 -2.681374684081885285e-01 -2.397119867041741792e-01 1.163660489251349128e-01 -1.016260322243933700e-01
2.527034890007584522e-01 2.311712936624412684e-01 7.986274511158530931e-02 -1.842841511789914399e-01 7.829911540293858774e-02 -1.806760586545783920e-01 -2.527034890007584522e-01 -2.317889852895444192e-01
-2.671003670985683254e-02 2.750987741667987319e-01 3.563063349736776964e-01 -3.949897212535400381e-01 3.145684119187548977e-01 -3.487204047274009011e-01 2.671003670985683254e-02 -2.761397387887504218e-01
9.089601234752442416e-02 1.620134393776331283e-01 2.797818195901304872e-01 -4.587468732955050088e-01 2.464558326495765173e-01 -4.041036075863085886e-01 -9.089601234752442416e-02 -1.622260686874762436e-01
-7.882194072998804923e-02 3.773878250358242425e-04 -2.878853565276019433e-01 1.241855461684461259e-01 -2.747002643566145985e-01 1.184978728102551032e-01 7.882194072998804923e-02 -3.773878277232325896e-04
1.657523438415871020e-01 5.145559866808002702e-02 8.409629106802329890e-02 -4.010605227214606439e-01 7.781619176262748183e-02 -3.711103325504408468e-01 -1.657523438415871020e-01 -5.146241056254043100e-02
-1.072756033378606810e-01 -7.954229488644481982e-02 2.503998043506872051e-02 -1.753253998830650584e-02 2.502829006605529830e-02 -1.752435460402725770e-02 1.072756033378606810e-01 7.956745799866914159e-02
-2.900042619575450287e-01 -3.727180176474010898e-01 -6.944575513322570615e-02 -1.676783124588874241e-01 -6.832952851108825554e-02 -1.649831585799695910e-01 2.900042619575450287e-01 3.753068931566807542e-01
3.997000161562014320e-02 1.090447631844140286e-01 -2.197822346847315700e-01 4.506859938925589226e-02 -2.144512497151721542e-01 4.397542629322353375e-02 -3.997000161562014320e-02 -1.091095944418888075e-01
-2.826183429827371363e-01 -4.388857131730228289e-01 -1.245626685353631302e-01 4.084724658558748223e-01 -1.145544615304233960e-01 3.756530261138370519e-01 2.826183429827371363e-01 4.431126361623092813e-01
-4.984694242930312047e-01 2.581688340723229391e-01 -1.105119256058206823e-01 -2.124338306111361874e-01 -1.074735528825719322e-01 -2.065932559140093439e-01 4.984694242930312047e-01 -2.590291965163833976e-01
-1.489011427328190695e-01 -1.476718056757420072e-03 4.723652008412303482e-01 1.731636744949294204e-02 4.270596664159940214e-01 1.565551842800302559e-02 1.489011427328190695e-01 1.476718217771094254e-03
3.278123360964413369e-01 3.509360509849660525e-01 -3.445862861778222763e-01 3.308934580816684790e-01 -3.109267629744293382e-01 2.985714636294479751e-01 -3.278123360964413369e-01 -3.530970469628737507e-01
3.304189119093419169e-01 -2.740049236750582429e-01 -1.402561104552583204e-01 -2.904541966951867948e-01 -1.334843306883119474e-01 -2.764306233476814811e-01 -3.304189119093419169e-01 2.750335203235289017e-01
2.175535009543265730e-01 2.425636194872448081e-01 1.991748234047717725e-01 -1.984306963962154668e-01 1.917408250091883204e-01 -1.910244717869628017e-01 -2.175535009543265730e-01 -2.432772065992540589e-01
-1.878584631937145755e-01 2.561100522010076874e-01 -2.241179718949438682e-01 3.479664463416166642e-01 -2.070812836891068875e-01 3.215152170970735912e-01 1.878584631937145755e-01 -2.569499953233121969e-01
-2.650547115741713755e-01 3.566996193364668777e-02 -4.540286864670882716e-01 7.315922368986149671e-02 -4.124987170571842721e-01 6.646735506470026478e-02 2.650547115741713755e-01 -3.567223116064479477e-02
1.706534957643146555e-01 -3.790942557177419125e-01 4.730270078226592734e-01 1.921145946807476523e-01 4.212951979793135293e-01 1.711043024230128606e-01 -1.706534957643146555e-01 3.818182840206799655e-01
2.483358272644883291e-01 -3.097979768401257772e-01 4.737129405945070815e-01 3.768254037302219972e-01 4.052528799328944942e-01 3.223673389667136568e-01 -2.483358272644883291e-01 3.112846165736850579e-01
-4.955684994047422354e-01 1.942001785004503489e-01 2.148622365745163076e-01 -4.814973595504457027e-02 2.098355905993209980e-01 -4.702328544282902839e-02 4.955684994047422354e-01 -1.945663789546365485e-01
-2.185574061295113557e-01 -4.918354642854120273e-01 -4.924405919229768447e-01 -4.122908620679538449e-01 -4.143453428162101049e-01 -3.469064114240544838e-01 2.185574061295113557e-01 4.977842664571205944e-01
4.709420683125342677e-01 -1.353677205614015611e-01 3.142973054505557862e-01 -2.239075492088304919e-01 2.932218009568807182e-01 -2.088932157173178095e-01 -4.709420683125342677e-01 1.354917473081452550e-01
-2.355236957626877237e-01 -1.027793582084211010e-01 4.925389922690199818e-01 4.520456449140177746e-01 4.094636632888781769e-01 3.758002282978225583e-01 2.355236957626877237e-01 1.028336441917182681e-01
-1.300107536339287773e-01 3.185178477720660428e-01 2.963727810632625914e-01 4.248286570102123294e-01 2.631628271477235992e-01 3.772246224200793141e-01 1.300107536339287773e-01 -3.201335871962581181e-01
2.912429604745681022e-02 3.801423227550131401e-01 3.668421903478661372e-01 -4.608777973623544577e-01 3.160810478820278990e-01 -3.971046432737593279e-01 -2.912429604745681022e-02 -3.828890066206095399e-01
4.246908436497370820e-01 -1.855844800111248194e-01 -2.169668097611929802e-01 -1.129251186864959067e-01 -2.107540258644931830e-01 -1.096915395059725046e-01 -4.246908436497370820e-01 1.859040713252338717e-01
1.345032297852499781e-01 -1.254281966007564364e-02 -9.893319787581733582e-02 -4.127690057856219230e-01 -9.106898420846755438e-02 -3.799579400720458078e-01 -1.345032297852499781e-01 1.254291832335320891e-02
-1.286674342321751929e-01 3.394577827386691116e-02 -3.101035840129857668e-01 -8.757726574773028183e-02 -2.951582319011191724e-01 -8.335650487597096037e-02 1.286674342321751929e-01 -3.394773408680560461e-02
7.375168656287245383e-02 1.255933546889487218e-01 -2.783878957880786542e-01 -8.872003389073812585e-02 -2.672152431664214234e-01 -8.515939733203713169e-02 -7.375168656287245383e-02 -1.256924082257545594e-01
-3.539087513470502433e-01 -1.458588334611321535e-03 -2.651025285778016993e-01 7.608095991389896007e-03 -2.562439104735249606e-01 7.353865233011360435e-03 3.539087513470502433e-01 1.458588489767191892e-03
-3.846116512970023660e-01 7.648022771663720576e-02 -2.733717891284042079e-01 9.483903050213349228e-02 -2.625994626871510640e-01 9.110185996526776186e-02 3.846116512970023660e-01 -7.650259522052109407e-02
1.235820536184045748e-01 -3.750049839098450466e-01 -1.921048527285806884e-02 3.218221947774274616e-01 -1.828377559939209016e-02 3.062975613910099426e-01 -1.235820536184045748e-01 3.776418077905905335e-01
-2.317357446070553717e-01 -4.338852636733764312e-01 3.788747867398994940e-01 -7.720693093432995369e-02 3.533783121647381953e-01 -7.201127099471836546e-02 2.317357446070553717e-01 4.379693480389743043e-01
2.612766711569551870e-01 -4.425128268124300934e-02 4.097955029103057534e-01 -2.023255976192243066e-01 3.727157515457278358e-01 -1.840184595439377235e-01 -2.612766711569551870e-01 4.425561527127068462e-02
3.294242301078947888e-01 3.716615192230761089e-01 1.781854780028524488e-01 -2.899059900494052044e-01 1.686863706716440203e-01 -2.744510374555947374e-01 -3.294242301078947888e-01 -3.742284419655254601e-01
-4.839499091587147195e-01 -3.433201568936513626e-01 7.516228842847627600e-02 5.425157284742132546e-02 7.484143483637090144e-02 5.401998314480036673e-02 4.839499091587147195e-01 3.453434924396968086e-01
4.176298978365624581e-01 -2.290148246180576663e-01 -4.743357331765553075e-01 4.058012893108325914e-01 -4.023742185322382037e-01 3.442371410062924353e-01 -4.176298978365624581e-01 2.296153906882762441e-01
3.706401565678568710e-01 1.699423205716924512e-01 1.625921391383269299e-01 2.922006809574458908e-01 1.541994424818884102e-01 2.771178381393545886e-01 -3.706401565678568710e-01 -1.701877206161975242e-01
-2.992800336959222651e-01 -4.327536983373221346e-01 7.295062202695479225e-02 -3.168011289592299606e-01 6.937665233244906526e-02 -3.012805260825727194e-01 2.992800336959222651e-01 4.368059122988698362e-01
-1.193491272923097313e-02 3.686338516643511420e-01 -2.277223295633483691e-01 2.614349182288235873e-01 -2.151576209398996520e-01 2.470100984149786461e-01 1.193491272923097313e-02 -3.711385512638430417e-01
-2.305174628327307795e-01 -3.375699390421337265e-01 4.566791376165555416e-01 -3.038837336111125387e-01 4.003953471748248338e-01 -2.664313365726047600e-01 2.305174628327307795e-01 3.394933022326341865e-01
-5.612541087457090239e-02 1.090897387810815244e-01 -2.074974461698859685e-01 -1.246536798150561509e-01 -2.016731571780553123e-01 -1.211547497388585082e-01 5.612541087457090239e-02 -1.091546502907537047e-01
2.083029421730151487e-01 2.544200229048418915e-01 4.710337800117430085e-01 -2.535743962597492018e-01 4.153386946941010072e-01 -2.235917320998577484e-01 -2.083029421730151487e-01 -2.552434475597792907e-01
3.099071090557381503e-01 -2.441064002422050905e-01 1.161942774045421345e-02 -1.262304983010945625e-01 1.152718084792286705e-02 -1.252283515972239247e-01 -3.099071090557381503e-01 2.448336900533373273e-01
-2.611496618326432095e-01 4.943100264489024287e-01 -3.323111141473130692e-01 4.747661002430053623e-01 -2.875204218389026400e-01 4.107745531380788129e-01 2.611496618326432095e-01 -5.003490714147902363e-01
-8.001817990262660718e-02 -2.579862074122911686e-01 -9.822505595932773392e-02 3.836087828279245437e-01 -9.132557607225079421e-02 3.566635084701959002e-01 8.001817990262660718e-02 2.588447453061819004e-01
-3.876607593918405259e-01 1.414891062879845007e-01 -1.704211118247866974e-01 2.320307588704275670e-01 -1.637694541186754948e-01 2.229744326396604637e-01 3.876607593918405259e-01 -1.416307309917594626e-01
4.985434027271720137e-01 4.690022504173835260e-01 3.154355514074091982e-01 2.795761166891976846e-01 2.906700170263605831e-01 2.576259848822610166e-01 -4.985434027271720137e-01 -4.741604101183485298e-01
-1.672245300607666518e-02 -1.599482014562193521e-01 -7.072863064713075243e-02 3.663031381667765096e-01 -6.626725382557215049e-02 3.431976953591158175e-01 1.672245300607666518e-02 1.601528026141984251e-01
3.686534699556087702e-02 -3.749404556652403686e-01 -2.571335349771838308e-01 -3.948203882433685141e-01 -2.326071051215754248e-01 -3.571608330294820943e-01 -3.686534699556087702e-02 3.775759186013544211e-01
1.365662142278737390e-01 -3.376858607294219716e-02 -5.862411851483539937e-02 -2.276245743309406322e-01 -5.706879465176527277e-02 -2.215855934260337057e-01 -1.365662142278737390e-01 3.377051141826487718e-02
2.691979877499107721e-01 -1.841943167804371839e-01 -4.589051862389813552e-01 2.357262745041479590e-01 -4.078293958441039369e-01 2.094901234468590778e-01 -2.691979877499107721e-01 1.845067798412905191e-01
4.755243364597250277e-02 -4.177742826388620712e-01 -1.315641961992031206e-02 2.885547857306594022e-01 -1.263967461934403617e-02 2.772212126745896565e-01 -4.755243364597250277e-02 4.214201016967160651e-01
-7.043598662987293757e-02 -1.732554828362670163e-01 -2.361248437735931072e-01 -2.943696996096778484e-02 -2.297110921242591641e-01 -2.863738694538480248e-02 7.043598662987293757e-02 1.735155173327666833e-01
-3.969173265634093895e-01 -4.095345665028512494e-01 4.238486071146426726e-01 -2.097396129356621230e-02 3.901697956998022576e-01 -1.930738017197928397e-02 3.969173265634093895e-01 4.129688939148222770e-01
-6.812462757639248245e-03 -4.133846327968730971e-01 4.281380315341097864e-01 3.332108880553534824e-01 3.763232226002687919e-01 2.928845044416424348e-01 6.812462757639248245e-03 4.169167327794787159e-01
-2.710322568805531018e-01 3.954224436848312596e-01 -2.415521182403710387e-01 9.614858574712303874e-02 -2.337804550948334170e-01 9.305511496413078343e-02 2.710322568805531018e-01 -3.985138347786655877e-01
-4.456367856935685712e-01 -1.425103017478622780e-01 9.495912579029497369e-02 1.006912588457328228e-01 9.406247078615764812e-02 9.974047796642800112e-02 4.456367856935685712e-01 1.426550151598608984e-01
-3.045751767868128956e-01 1.514467630424698452e-02 1.852031733533527902e-01 -1.393767603602295013e-01 1.804199490366451830e-01 -1.357770903477344970e-01 3.045751767868128956e-01 -1.514484998431893902e-02
-3.257212932581993181e-01 -1.544186083854801605e-01 3.868591836153453256e-01 -1.356021145663768301e-01 3.579501700738031977e-01 -1.254689096890204136e-01 3.257212932581993181e-01 1.546027147945002178e-01
-4.464718904498869989e-01 -3.396301985614718077e-01 -3.258595473537309051e-01 1.451734025261446348e-01 -3.069152354108724556e-01 1.367335386473797210e-01 4.464718904498869989e-01 3.415889931764074516e-01
-2.701638883301669125e-01 1.801120511368797805e-01 3.224704952550130344e-01 -4.888007784224499552e-01 2.782697369458376757e-01 -4.218012687423419171e-01 2.701638883301669125e-01 -1.804041960444726922e-01
-9.749165685464000752e-02 2.451355205576088991e-01 2.334669589470429463e-01 4.453235887081395949e-01 2.085840527230425068e-01 3.978610049355318923e-01 9.749165685464000752e-02 -2.458720476758978479e-01
-2.453687820039291978e-01 -4.824044680760746218e-01 3.239320625623833827e-01 -3.040125182702467788e-01 2.960345244804273301e-01 -2.778304826336779332e-01 2.453687820039291978e-01 4.880175834534558610e-01
2.605956534456344009e-02 1.007105661073729452e-01 -4.954076855611877495e-01 -2.066120937267135194e-02 -4.438424890546391333e-01 -1.851065872031746121e-02 -2.605956534456344009e-02 -1.007616395480352839e-01
3.499728064514989745e-01 6.061310538203135145e-02 -4.433637648062728198e-01 1.201688650119038249e-01 -4.028895247972279492e-01 1.091987680617583500e-01 -3.499728064514989745e-01 -6.062423985354479378e-02
-3.015694594572748688e-01 -3.627175185387738754e-01 3.032246394601074702e-01 3.800250478190322356e-01 2.727038532101135893e-01 3.417739898747311211e-01 3.015694594572748688e-01 3.651035468875771794e-01
3.387899276190960984e-01 -1.317859917265440384e-01 4.234715546093518190e-01 -2.740982920830236091e-01 3.780908567761578354e-01 -2.447249572409965490e-01 -3.387899276190960984e-01 1.319004317008613814e-01
3.671300327291778798e-01 4.296743621349224940e-01 3.029528968222370278e-01 -2.054832789890931322e-01 2.844905519057093768e-01 -1.929608597910296708e-01 -3.671300327291778798e-01 -4.336406874065892869e-01
-8.622626605816008372e-02 2.007553473427388102e-01 -1.451144288888179812e-01 -1.337145105765561448e-01 -1.423691295916552635e-01 -1.311848768611691973e-01 8.622626605816008372e-02 -2.011598965648316584e-01
-3.321278651594007369e-01 -9.005012009776902637e-02 1.528752479280113263e-01 1.675541479240459930e-01 1.490883972640127397e-01 1.634036883504943749e-01 3.321278651594007369e-01 9.008663102760643138e-02
4.179413986516765656e-01 -4.878212199276236172e-01 3.781960964073020071e-01 -3.182675345786769583e-01 3.390391611896179103e-01 -2.853153667700282781e-01 -4.179413986516765656e-01 4.936255495567459239e-01
1.290826229475894316e-02 4.130020780535239577e-01 2.359994993434966215e-01 1.196802760797287535e-01 2.281472877231542351e-01 1.156982555365782817e-01 -1.290826229475894316e-02 -4.165243810715181794e-01
3.601293168804773348e-01 -2.594874654984812290e-01 -3.530057244810469452e-02 1.381844682445297900e-01 -3.494693261320652028e-02 1.368001413300774238e-01 -3.601293168804773348e-01 2.603610786368769081e-01
2.992245236761097438e-01 2.607584968894403055e-01 3.725309720419945902e-01 -1.915696187867482747e-01 3.436015290946219936e-01 -1.766929970477203182e-01 -2.992245236761097438e-01 -2.616450105071017607e-01
1.567535314830237336e-02 -4.825071998079589752e-01 3.212265405683516484e-01 1.748881636219095093e-01 3.016813674750481455e-01 1.642470147806204539e-01 -1.567535314830237336e-02 4.881239020170044518e-01
3.004197540719200088e-01 1.448404950347714770e-02 1.605992281065216076e-02 -4.229057600304493292e-01 1.478995345949000485e-02 -3.894636719207619224e-01 -3.004197540719200088e-01 -1.448420143224152072e-02
-2.765830587241069338e-02 2.377391709279333964e-01 4.423400588410991707e-01 -4.168347088845818504e-01 3.779972044977462087e-01 -3.562018667466076427e-01 2.765830587241069338e-02 -2.384110207954878713e-01
2.403370816092278428e-01 2.373766356421411761e-01 1.356645641709021133e-01 -1.213661623143929003e-01 1.334713234190278430e-01 -1.194040787392657427e-01 -2.403370816092278428e-01 -2.380454166248442416e-01
4.283659924741071157e-01 1.662931923237463971e-01 -4.248058145894244575e-01 -3.845969348402782373e-01 -3.685786214428073970e-01 -3.336917791286935775e-01 -4.283659924741071157e-01 -1.665231211466048356e-01
9.229209907537594404e-02 1.529450335619364498e-01 -2.940767782722488732e-01 -3.728351231829889478e-01 -2.656478746072202246e-01 -3.367925160033913290e-01 -9.229209907537594404e-02 -1.531239194748648946e-01
2.164335552866722967e-01 -4.042704140853896622e-01 2.899835066091950297e-01 8.744169614915475730e-02 2.775328434224500485e-01 8.368732018494499936e-02 -2.164335552866722967e-01 4.075740021034834348e-01
2.445137283483996837e-01 -4.313100022058646843e-04 2.955724000540730367e-01 1.600274181566262444e-01 2.801701058972828617e-01 1.516883805227026982e-01 -2.445137283483996837e-01 4.313100062176584027e-04
6.910503764257558412e-02 1.796493114856542173e-01 -1.633360110738295568e-01 4.574080725040452489e-01 -1.469231188968462554e-01 4.114452176165382946e-01 -6.910503764257558412e-02 -1.799392104578437790e-01
2.980337227620271090e-01 -2.449165185648525256e-01 4.227496973329869512e-02 3.384411765232662184e-01 4.001170743040535771e-02 3.203221533423072920e-01 -2.980337227620271090e-01 2.456510734249680028e-01
1.286087835235114607e-01 1.865824250903330705e-01 3.180962791933252820e-01 7.114783461431040124e-02 3.024353037593333626e-01 6.764498166393292933e-02 -1.286087835235114607e-01 -1.869071998011850311e-01
3.638092279224773851e-01 -3.985104048439821467e-01 4.638335785301904712e-01 -3.712467294052117506e-01 3.987666120938734293e-01 -3.191679244201408028e-01 -3.638092279224773851e-01 4.016747875285987535e-01
2.288781293548347584e-02 3.258385009623434581e-01 -4.834828465335176961e-01 -2.780890096468108252e-01 -4.222454291684361039e-01 -2.428665547645291189e-01 -2.288781293548347584e-02 -3.275682265167807472e-01
4.364948375724903018e-01 -3.294484915988143969e-01 3.878379849739932439e-03 3.063731345921294480e-01 3.708220856405695411e-03 2.929314021712199345e-01 -4.364948375724903018e-01 3.312363477566886982e-01
3.914335415047048850e-01 1.159002347453252924e-02 -2.526375221418108996e-02 -1.587259499204314306e-01 -2.494363213125830661e-02 -1.567147140667958516e-01 -3.914335415047048850e-01 -1.159010131813947332e-02
-6.597832844024387189e-02 4.314399127573798065e-01 4.740499529691171166e-01 2.501314140774120176e-01 4.178169600080707813e-01 2.204601991367620695e-01 6.597832844024387189e-02 -4.354553326179720907e-01
-1.301458576693814706e-01 4.628278031931037928e-01 1.951526574709784301e-01 -2.827048718221941703e-01 1.845662486213298370e-01 -2.673690347617005414e-01 1.301458576693814706e-01 -4.677849105535672458e-01
4.282627623271035855e-01 9.673852100157087630e-02 4.845724749462779757e-01 9.053606057246466055e-02 4.346322103141476156e-01 8.120537206350481041e-02 -4.282627623271035855e-01 -9.678378660709449632e-02
-1.514022797895195893e-01 -1.312798087502573541e-01 2.666118906160755975e-01 4.840987015379832892e-01 2.333469591278864996e-01 4.236981316197737102e-01 1.514022797895195893e-01 1.313929351095033948e-01
1.216203340783854614e-01 -1.470355639803169190e-01 -2.214123052071208519e-01 -1.173498671812156502e-01 -2.147717346459341314e-01 -1.138303244320726798e-01 -1.216203340783854614e-01 1.471945054335155323e-01
-3.785084135376972636e-01 3.346280992758841055e-01 -3.928498031357604559e-01 2.409053577244479882e-02 -3.655545723679777259e-01 2.241672372524576226e-02 3.785084135376972636e-01 -3.365016144895826011e-01
3.279349143368132102e-01 -1.040386426998626268e-01 1.611970153359373326e-01 2.559661967584128117e-01 1.542923860792032587e-01 2.450022735915359795e-01 -3.279349143368132102e-01 1.040949486170766047e-01
-1.743736374862421279e-01 -1.318209853156110389e-01 4.970025741854904311e-01 3.199399995239626815e-01 4.278510518979644073e-01 2.754244594505320665e-01 1.743736374862421279e-01 1.319355164770609767e-01
1.779012177239420733e-01 -4.098190438506676969e-01 4.925875783148390141e-01 8.342306448490688364e-02 4.406538940191201403e-01 7.462774100403048172e-02 -1.779012177239420733e-01 4.132605330548914102e-01
2.654860836738596186e-01 1.255575194917911697e-01 -4.278885863092232178e-01 2.133151610535798381e-01 -3.860351587320093314e-01 1.924499850943741097e-01 -2.654860836738596186e-01 -1.256564882647893955e-01
4.450384171904426811e-01 2.450287495747649480e-01 3.733893687423824881e-01 2.812694678747340582e-01 3.382544004239425028e-01 2.548027426007706819e-01 -4.450384171904426811e-01 -2.457643147091251867e-01
-3.414531628347808878e-01 3.133945796819735952e-01 4.363004179740621602e-01 3.772677840916616177e-02 3.996569170629264423e-01 3.455822485739605543e-02 3.414531628347808878e-01 -3.149336003313669696e-01
2.049647480974103875e-02 1.393972811928555489e-01 -2.154034092345000762e-01 -1.372437838615284678e-01 -2.087036113118788672e-01 -1.329750231150023110e-01 -2.049647480974103875e-02 -1.395327168172842414e-01
-2.894494173411720217e-01 -2.885887006138844191e-01 4.443262641133398638e-01 -4.011366604590259621e-01 3.812398656445454281e-01 -3.441824147930429567e-01 2.894494173411720217e-01 2.897904335733987868e-01
-2.373226643125907476e-01 1.131520003976994593e-01 3.258998515665657569e-01 -3.264152251175510555e-01 2.959355629299787460e-01 -2.964035513662941490e-01 2.373226643125907476e-01 -1.132244367734516338e-01
-1.431150750461185339e-02 5.135450750565362377e-02 -4.407777835634630881e-01 -3.308506676936566748e-01 -3.860317265630954231e-01 -2.897579216715360784e-01 1.431150750461185339e-02 -5.136127933040272181e-02
4.633904733310290069e-02 1.031061091865740353e-01 7.477299688654603926e-02 -2.608293837771797907e-01 7.216371629225908080e-02 -2.517274742931682185e-01 -4.633904733310290069e-02 -1.031609145674418360e-01
1.122942199379403094e-01 -2.262689486756752633e-01 -1.163069707572729206e-01 -2.560510466178264055e-01 -1.119636431262275716e-01 -2.464891641399978572e-01 -1.122942199379403094e-01 2.268481704521337072e-01
2.361484085983349690e-01 2.460970820224422928e-01 3.708931550410892175e-01 1.066586088835287383e-01 3.460194894718789937e-01 9.950563091295341889e-02 -2.361484085983349690e-01 -2.468423104226180609e-01
-3.905533516581700670e-01 -1.069237670497609205e-01 -6.061929540740107480e-02 2.935876466667530771e-01 -5.806625978303497221e-02 2.812229414062145660e-01 3.905533516581700670e-01 1.069848883743556578e-01
-2.802379626628652698e-01 1.416160927041709705e-02 -2.939038593754483841e-02 -1.471949025911689635e-01 -2.906479279684430483e-02 -1.455642451805582160e-01 2.802379626628652698e-01 -1.416175127678755662e-02
1.956778106391275918e-01 1.040736411748279799e-01 -4.502043404902317247e-01 -2.619958699605587915e-01 -3.992833956114198446e-01 -2.323624878429835783e-01 -1.956778106391275918e-01 -1.041300039348891371e-01
-2.612265194270080304e-02 1.479175171269755396e-01 3.651652979657393772e-01 4.087611533555590704e-02 3.427586329109955643e-01 3.836794320045666673e-02 2.612265194270080304e-02 -1.480793358722558850e-01
-1.384615539117770577e-01 -3.429053923862140918e-01 1.512883220778427074e-01 7.680953017183711484e-02 1.491566053543380566e-01 7.572725126396745443e-02 1.384615539117770577e-01 3.449214036230069946e-01
-4.498237527811518310e-01 -1.237066577901878572e-01 -4.322073909052382978e-01 4.729992955045617675e-01 -3.639156938992115231e-01 3.982622011087283420e-01 4.498237527811518310e-01 1.238013140249765720e-01
-5.400185248038746888e-02 -4.896756258627157354e-01 3.311246549235500325e-01 2.997366246254270505e-01 3.023388820230908935e-01 2.736795181003639499e-01 5.400185248038746888e-02 4.955464012600206414e-01
-4.720793656055306542e-01 4.035293671930828552e-02 4.836186734643598273e-01 2.105899151358422428e-01 4.277575525592723915e-01 1.862654021336322130e-01 4.720793656055306542e-01 -4.035622217370505443e-02
4.873587145179246738e-01 1.844390215609567063e-01 -3.797233499442165261e-01 -1.972993911147651325e-01 -3.491029186288640007e-01 -1.813894070300938743e-01 -4.873587145179246738e-01 -1.847527316119048080e-01
2.689382819374911415e-01 2.734292382674907707e-01 -2.783692766284123765e-01 -4.135670251197886005e-01 -2.491278657590821899e-01 -3.701237132356350323e-01 -2.689382819374911415e-01 -2.744513652711235152e-01
5.252079680374921455e-02 -2.533099751697545088e-01 -1.114888463497045734e-01 2.929145690187296980e-01 -1.063861335992512674e-01 2.795082153334727537e-01 -5.252079680374921455e-02 2.541226688477506435e-01
-2.010013434997545145e-01 -1.904598006868585269e-02 -3.440314997813328501e-01 -9.479257791167372549e-02 -3.240187286032782388e-01 -8.927836722942510128e-02 2.010013434997545145e-01 1.904632551453680836e-02
-3.453487108554859075e-01 -2.056989283040575600e-01 1.497660139656137313e-01 2.499650848056498287e-01 1.437857788269840675e-01 2.399838484489920931e-01 3.453487108554859075e-01 2.061341054618244240e-01
9.000546140569865017e-02 6.376507221605598463e-02 4.734582380783943778e-01 -4.147109750010474771e-01 4.006968833797727170e-01 -3.509779360070863774e-01 -9.000546140569865017e-02 -6.377803560561144669e-02
-4.788180487978378475e-01 -1.767012788630057951e-01 -1.958238709655930609e-01 -4.740397175743340519e-01 -1.742422738783495073e-01 -4.217961676046904085e-01 4.788180487978378475e-01 1.769771390856689774e-01
2.629128415038006761e-01 -4.745018700075975815e-01 -2.678255191782399347e-01 1.188317655650585891e-01 -2.570198928550380124e-01 1.140374066930505276e-01 -2.629128415038006761e-01 4.798436228439981743e-01
9.365742509130081661e-02 -1.766106302086709601e-01 -2.743386247324780536e-01 -3.182353627232621385e-01 -2.529207451876236967e-01 -2.933904227430955136e-01 -9.365742509130081661e-02 1.768860660960050457e-01
4.088484088644342984e-01 -2.222527208113238562e-01 3.299537774329711626e-01 -4.255173278085242483e-01 2.905154789262137660e-01 -3.746566299117727872e-01 -4.088484088644342984e-01 2.228016436027986935e-01
-8.153600049877696154e-02 4.633358511795530044e-01 -3.601761905878810843e-01 -1.118215082295319629e-01 -3.370063164777238329e-01 -1.046281113971169602e-01 8.153600049877696154e-02 -4.683093007773568295e-01
3.846040559206438392e-01 -2.819518963459214378e-01 2.362078745128093349e-01 3.406024218153883565e-01 2.182060823827988161e-01 3.146445488649407540e-01 -3.846040559206438392e-01 2.830726110345483937e-01
-3.147622752207313024e-02 3.638255441748284857e-01 1.190769102883326713e-02 9.673456882470277129e-02 1.185153303185819927e-02 9.627835782541767362e-02 3.147622752207313024e-02 -3.662335058314531988e-01
-1.284475586043295481e-01 -4.545290708233287180e-01 5.773957681794328334e-02 4.585518066924640923e-01 5.241253498122271093e-02 4.162459084996762981e-01 1.284475586043295481e-01 4.592242805872819300e-01
-3.211040750790015164e-01 -1.857229533563521384e-01 4.580116631223924983e-01 2.556783695280995250e-01 4.055987069172993786e-01 2.264195967420343791e-01 3.211040750790015164e-01 1.860432605908964587e-01
-1.911068214035812618e-01 -3.015815505786828554e-01 -2.224463547453559009e-01 2.534107502201445872e-01 -2.107857767864877718e-01 2.401270269964492499e-01 1.911068214035812618e-01 3.029530142678923399e-01
2.605102739289496538e-01 -4.195858977918150989e-01 1.039725395271292596e-01 -4.819888866454590248e-01 9.325271830054311650e-02 -4.322946623672067057e-01 -2.605102739289496538e-01 4.232793514471162588e-01
-4.762395640222898408e-01 -3.898709170181280381e-02 -3.220749121812287452e-01 1.499457208157565224e-01 -3.034911677342359559e-01 1.412938424757504141e-01 4.762395640222898408e-01 3.899005470775921550e-02
-1.313671755361728311e-01 -3.187657910682636375e-01 3.414776496312762477e-01 3.656449479382373191e-02 3.229626270188904469e-01 3.458195670194826044e-02 1.313671755361728311e-01 3.203853066421114004e-01
-1.955256408458568851e-01 -4.270874663674650851e-02 4.231172552946260712e-01 -6.555498787157487683e-02 3.889632714587704654e-01 -6.026339560463592204e-02 1.955256408458568851e-01 4.271264175353484821e-02
3.441824595779682250e-01 2.378958393482437650e-01 -4.669277124402279044e-01 2.152847506943262879e-01 -4.152529520814933761e-01 1.914592470786176392e-01 -3.441824595779682250e-01 -2.385690183241186146e-01
-3.404642494978237233e-01 -2.340374155205050544e-01 -4.454275800335545377e-01 -1.664523343725656801e-01 -4.022647833581612931e-01 -1.503227802391498835e-01 3.404642494978237233e-01 2.346783680782810189e-01
1.078523073725283776e-01 8.500789289310306529e-03 -2.484937128563344810e-01 4.635220013621845769e-01 -2.199316253651474873e-01 4.102443719009877809e-01 -1.078523073725283776e-01 -8.500820004115023504e-03
3.787914938951232324e-01 -5.114237639674812375e-02 -3.543429263703069543e-01 1.088977400047064226e-02 -3.339771662005508457e-01 1.026388729837612868e-02 -3.787914938951232324e-01 5.114906465011706538e-02
3.481624102751216254e-01 1.944467212337529505e-01 -5.502706701255999366e-02 3.349663105642267658e-01 -5.210675934383354746e-02 3.171895192756334358e-01 -3.481624102751216254e-01 -1.948143181654553024e-01
-2.358137946030448573e-01 1.824778357187084588e-03 6.843318358086492026e-03 -3.995463611216810706e-01 6.354726856039568002e-03 -3.710200020509903385e-01 2.358137946030448573e-01 -1.824778660995897981e-03
3.815016608189064629e-01 3.889629307552272541e-01 8.843644288159335787e-02 3.812190145467889701e-01 8.235473301403060942e-02 3.550028601320764921e-01 -3.815016608189064629e-01 -3.919052828821268930e-01
-4.481927591745793471e-02 3.821929600268383354e-01 4.751887571568635948e-01 -3.955063793214499412e-01 4.041811491069192130e-01 -3.364057344910854064e-01 4.481927591745793471e-02 -3.849843341855246903e-01
3.238491084564107947e-01 -1.271476006185975338e-01 4.167705660041187699e-02 -3.359412300494452053e-01 3.947651347617171097e-02 -3.182035771479496677e-01 -3.238491084564107947e-01 1.272503772813371181e-01
4.746066357195467544e-01 -1.257729206542399503e-01 -3.128164926615120134e-01 8.009157292953750229e-02 -2.976817690256440829e-01 7.621657320833626070e-02 -4.746066357195467544e-01 1.258723996614795337e-01
4.692806819035585386e-01 -4.815626583850454168e-01 2.437626902222052028e-01 -4.530384899819575040e-01 2.167602459573911289e-01 -4.028538347157966104e-01 -4.692806819035585386e-01 4.871464398665139028e-01
-2.409124165950117247e-01 -1.210227955035888536e-01 -4.628535189328321087e-01 -2.044626092877739332e-01 -4.129924592288548579e-01 -1.824368020897776665e-01 2.409124165950117247e-01 1.211114236253660326e-01
-4.007094426075636928e-01 1.065395892189547888e-01 1.274450167145904089e-01 -4.797558123933500784e-01 1.141544292521778914e-01 -4.297245381263146147e-01 4.007094426075636928e-01 -1.066000540798684171e-01
-4.174159642805392867e-01 -3.421166726647552059e-01 2.312911773177529495e-01 -3.139004949154983182e-01 2.154901068639869521e-01 -2.924558211793371609e-01 4.174159642805392867e-01 3.441188047383904602e-01
2.502574818609022422e-01 4.318835108733959371e-01 -1.954351319723882652e-01 7.213022309086147832e-02 -1.913276367609444972e-01 7.061424925874647263e-02 -2.502574818609022422e-01 -4.359113292026200459e-01
-1.275238321699662114e-01 -1.250271424370320572e-01 -4.851852634596484082e-01 -4.114185910359380305e-02 -4.362200827617065402e-01 -3.698979860840879291e-02 1.275238321699662114e-01 1.251248623159331996e-01
3.476747615796040858e-01 1.230129542568680900e-01 -1.397340181225315003e-01 -9.437225200783483370e-02 -1.377889581888412929e-01 -9.305861565285940273e-02 -3.476747615796040858e-01 -1.231060270077071611e-01
-1.887376601764834128e-02 -1.754530298022592971e-01 -3.483640419422084911e-02 3.042894772412374493e-03 -3.481512413435045722e-02 3.041035998970223909e-03 1.887376601764834128e-02 1.757230850500073605e-01
3.051263631992860992e-01 -2.627205898608123702e-01 -2.198435564371559181e-01 -3.141719824347640744e-01 -2.052699439510276558e-01 -2.933452600135782462e-01 -3.051263631992860992e-01 2.636272663115966086e-01
4.785829739077140932e-01 -3.058880165683114383e-01 -3.271372171894751935e-01 -2.968966009245861404e-01 -2.992373337044944015e-01 -2.715757870959194520e-01 -4.785829739077140932e-01 3.073190750917490499e-01
2.698532438293518299e-01 2.493083023549423904e-01 -3.859999356677883409e-01 -3.139432134126467488e-01 -3.455868088039633634e-01 -2.810742262980954198e-01 -2.698532438293518299e-01 -2.500830856146841752e-01
2.596996443042732805e-01 -3.353885396848500511e-01 4.171333889887796076e-02 3.686787712132911787e-01 3.910821000704019224e-02 3.456536252036815915e-01 -2.596996443042732805e-01 3.372748566035977391e-01
-3.640856714772766622e-04 -1.331698220734224281e-01 1.604376948764343336e-01 2.601690359093086213e-01 1.534303522459397606e-01 2.488057862823049582e-01 3.640856714772766622e-04 1.332879050964145828e-01
-9.158922265369606741e-02 -2.932924388110876857e-01 2.869254185723231210e-01 4.636508524265843256e-01 2.519121403749910448e-01 4.070719115881650252e-01 9.158922265369606741e-02 2.945538962578862496e-01
-2.796004633263611261e-01 -3.365788913686251771e-02 2.240924093520996196e-01 4.150689394586458691e-01 2.026762113537232401e-01 3.754013817036863099e-01 2.796004633263611261e-01 3.365979560974001472e-02
-3.657705637413067867e-01 -2.098377947539775690e-02 -2.694660820690096825e-01 2.010973116106773428e-01 -2.554149780738665942e-01 1.906112451755640480e-01 3.657705637413067867e-01 2.098424145323862441e-02
3.500659465396038783e-01 -1.206275803927648882e-01 -2.958458607085822090e-01 2.520583174641308766e-01 -2.757508511616629798e-01 2.349375293493652372e-01 -3.500659465396038783e-01 1.207153430682007950e-01
1.302029281971096575e-01 -1.579051300997398322e-01 -3.382079433901155063e-01 1.561411741454979962e-01 -3.169325240590886716e-01 1.463189064557278152e-01 -1.302029281971096575e-01 1.581019906631756788e-01
-9.010017141191806189e-02 4.497983320473660784e-01 -2.389017550627159370e-02 3.957303232477855648e-01 -2.220854729050069504e-02 3.678748863032174077e-01 9.010017141191806189e-02 -4.543484591281172214e-01
-2.675964106535820841e-01 2.070171868652852520e-01 -1.912538108687067417e-02 2.504904667204023161e-01 -1.854901018683547537e-02 2.429415757938321041e-01 2.675964106535820841e-01 -2.074607844904559073e-01
-3.424922106607697359e-02 -4.032863526255400233e-01 1.131920241163595353e-01 -3.066849831450756403e-01 1.075890042045953843e-01 -2.915040366021066642e-01 3.424922106607697359e-02 4.065658748700168301e-01
2.330307213348730144e-01 -2.260503596652411185e-01 2.991029791012723704e-01 3.169883373747290900e-01 2.741936802631024794e-01 2.905895457357856593e-01 -2.330307213348730144e-01 2.266279043767604195e-01
4.115296281895143293e-01 2.704006984180137296e-01 -4.488489990992265977e-01 3.807767445523863037e-01 -3.868157252222986231e-01 3.281514114711346908e-01 -4.115296281895143293e-01 -2.713892365610799939e-01
-1.882712894245328616e-01 4.769718809837859563e-01 -4.329665559710275113e-01 1.591532860820376039e-01 -3.931529891067848115e-01 1.445182988995283857e-01 1.882712894245328616e-01 -4.823974880066119186e-01
-3.931773482794760355e-01 -2.885625960872877371e-01 7.135209975425915729e-02 1.229942664628915772e-01 7.064153307005308080e-02 1.217694163407803676e-01 3.931773482794760355e-01 2.897640029650910831e-01
1.768918456511554549e-01 -5.877496474698606921e-02 3.395896532306422744e-01 2.547639327298900636e-01 3.125877097338120025e-01 2.345067745651487900e-01 -1.768918456511554549e-01 5.878511664243056545e-02
3.727652054919554647e-01 -3.549612059736898528e-01 2.114024015908553267e-01 2.158686714476431012e-01 2.023670391074463004e-01 2.066424200869028671e-01 -3.727652054919554647e-01 3.571974164512520811e-01
-9.675756598983775714e-02 -2.257152299613967017e-01 2.952895842101843638e-01 -2.398662272209840518e-01 2.759918546538325246e-01 -2.241905182555157805e-01 9.675756598983775714e-02 2.262902097721540273e-01
