-4.896561048897543067e-01 4.060630997656511365e-02 -3.337550149432066959e-02 1.142335427291460981e-01 -3.314163046733457213e-02 1.134330778744420676e-01 4.896561048897543067e-01 -4.060965770777454770e-02
-5.107824299815644231e-02 -4.041557656357207540e-01 -1.348882016388753824e-01 3.803594438838742153e-01 -1.250860071845174282e-01 3.527190929398917874e-01 5.107824299815644231e-02 4.074565438228434644e-01
-1.487752667832050735e-01 -3.671036833038154867e-02 -2.698482021397397013e-01 7.456527162147685850e-02 -2.598567562276187792e-01 7.180440505864243983e-02 1.487752667832050735e-01 3.671284196887347751e-02
4.494341220228339484e-01 -4.276324921884011587e-01 -3.049269580709295102e-01 -4.669339201174133036e-01 -2.663135072798848979e-01 -4.078052354606460095e-01 -4.494341220228339484e-01 4.315425402242552000e-01
-1.909662010612399596e-01 2.423888305367246643e-01 1.550629411144537340e-01 -1.923653125073382375e-01 1.505359790202412118e-01 -1.867493318500431099e-01 1.909662010612399596e-01 -2.431008761485643765e-01
3.470515087557427547e-01 1.398840461457138140e-01 -4.753803473487466791e-01 2.474490156182921341e-01 -4.190011911559488600e-01 2.181020584310546240e-01 -3.470515087557427547e-01 -1.400209055236554812e-01
-1.054696110067514514e-01 1.379672460606586881e-01 1.196163027241670118e-02 -2.522946622622165291e-01 1.159741675464724155e-02 -2.446126720682147704e-01 1.054696110067514514e-01 -1.380985561179612076e-01
3.166572756618751816e-01 5.783207970508930096e-02 -4.964682035269250004e-01 -2.406751545871338438e-01 -4.346955329364541321e-01 -2.107293354228751414e-01 -3.166572756618751816e-01 -5.784175081758760606e-02
3.469962489307772957e-01 -4.687816508783347880e-01 -2.223033677467320945e-01 -4.316663153950314191e-01 -1.999769429306623714e-01 -3.883131011185972925e-01 -3.469962489307772957e-01 4.739325354381721533e-01
1.017590876421170520e-01 3.815418697028623018e-01 -5.543781404287906334e-03 3.538048157973092689e-01 -5.226242767880727620e-03 3.335394606958843045e-01 -1.017590876421170520e-01 -3.843190022935497052e-01
4.808159685451777188e-01 -3.939979420509454044e-02 -2.137235031594691970e-01 -4.035739656784276264e-02 -2.088408219992497206e-01 -3.943540017070210069e-02 -4.808159685451777188e-01 3.940285230637462222e-02
-4.575808663703198054e-01 -3.561348820146869043e-01 -2.705979896725455580e-01 -2.018000517501521429e-01 -2.563848700614305143e-01 -1.912005337104025759e-01 4.575808663703198054e-01 3.583933479473762618e-01
1.343565006749879442e-01 -4.259207232332277160e-01 7.288671943841984469e-02 -4.587492226217868563e-01 6.610341322761945082e-02 -4.160550737427262669e-01 -1.343565006749879442e-01 4.297840044102228529e-01
2.638396371119186012e-01 -2.241614028881158127e-01 -2.179764105539078178e-01 4.677529706725848113e-01 -1.937046600386855277e-01 4.156685117255405904e-01 -2.638396371119186012e-01 2.247245897463331366e-01
-7.632354287972364926e-02 5.054076319001077344e-02 3.616803682232430095e-01 4.065424936617481055e-01 3.176928509953667046e-01 3.570988508351847779e-01 7.632354287972364926e-02 -5.054721817729986716e-02
-1.129932315534509790e-01 4.591704240093179568e-01 7.857429375207214406e-02 -2.387416052610745743e-01 7.620418601060884034e-02 -2.315402255245404828e-01 1.129932315534509790e-01 -4.640109407243745432e-01
-4.558327773370317582e-01 -2.777955000521353801e-01 -1.456209694789483144e-01 -2.524029199843533799e-01 -1.398062289169048067e-01 -2.423243062925017344e-01 4.558327773370317582e-01 2.788673787095156675e-01
-1.950686938016137351e-01 -3.194921810425469522e-01 8.136997237241816450e-03 1.315691171497156420e-01 8.067208601394069284e-03 1.304406874676277417e-01 1.950686938016137351e-01 3.211227933150571645e-01
2.577027911180880260e-01 2.896740653694093171e-01 4.701547491304424176e-01 4.836305858667311330e-01 3.897783238454560206e-01 4.009503668062053272e-01 -2.577027911180880260e-01 -2.908894083234653261e-01
4.589420361281295602e-01 -2.640911837904086346e-01 -4.716404904227217143e-01 2.468004309251030648e-01 -4.163299402045417263e-01 2.178574798728798723e-01 -4.589420361281295602e-01 2.650121245915185164e-01
-4.234634384643714000e-01 2.625030253117691670e-01 1.138536304770434437e-01 1.411107685546642010e-01 1.120270815390228963e-01 1.388469345129490773e-01 4.234634384643714000e-01 -2.634074511128129403e-01
-2.748042916832174054e-01 -4.554467797049036593e-01 4.496399890226896456e-01 1.349885511802427773e-01 4.070185284707431017e-01 1.221929605976560390e-01 2.748042916832174054e-01 4.601704862681501029e-01
-3.948028108860021090e-01 -2.206373322342338739e-01 1.493647844091203769e-01 4.970374151904521920e-02 1.475478318611495032e-01 4.909911881528024324e-02 3.948028108860021090e-01 2.211743726835468105e-01
4.294748028203662082e-01 -4.646402978879733414e-01 2.753642311234788531e-01 7.397458714858473616e-02 2.648103081850004537e-01 7.113935292449327652e-02 -4.294748028203662082e-01 4.696558716719166360e-01
-2.031843318535675458e-02 -1.438131788724967830e-01 2.433154948647933136e-01 1.470368419568113261e-02 2.363937358493766738e-01 1.428539863315314747e-02 2.031843318535675458e-02 1.439618977376218578e-01
2.957919324513179626e-01 3.425701551940897316e-01 -9.335975429171450291e-02 -3.230963195067640958e-01 -8.848938756554411422e-02 -3.062411170074413880e-01 -2.957919324513179626e-01 -3.445802594246224482e-01
-2.558116534230605588e-01 2.995437682594668249e-01 -4.292071764070870543e-03 4.366993307447474271e-01 -3.933338187407638652e-03 4.001997749461002063e-01 2.558116534230605588e-01 -3.008876184928545028e-01
1.526793788019437104e-01 2.725357092641811363e-01 -2.129327823514806095e-01 4.660948144709647911e-01 -1.895013289467574191e-01 4.148050186637971537e-01 -1.526793788019437104e-01 -2.735478484679624844e-01
-1.356215980339169347e-01 -3.686548808175929004e-01 -4.754405881334723416e-01 4.571668552383634232e-01 -3.968838721840704520e-01 3.816294953982327653e-01 1.356215980339169347e-01 3.711600090921745032e-01
-2.134677104781437240e-01 4.085873779901941782e-01 3.664807709822998083e-01 1.223564998406334592e-01 3.418522211823936119e-01 1.141337951634137093e-01 2.134677104781437240e-01 -4.119979313085804784e-01
-4.367302492425930716e-01 1.253926986309160663e-01 -7.674948795487535058e-02 1.138581304457492172e-01 -7.603603740608616546e-02 1.127997240926229133e-01 4.367302492425930716e-01 -1.254912781628392537e-01
-2.906058715329176145e-01 -3.934593976989828601e-01 -4.668864297579448097e-01 4.427502557031255392e-01 -3.926312829133338234e-01 3.723338050263103605e-01 2.906058715329176145e-01 3.965049760222882913e-01
2.107326736231333042e-01 -3.617691424063708139e-01 1.882675490229566151e-01 1.788995957799444092e-01 1.822223955873604750e-01 1.731552414731699352e-01 -2.107326736231333042e-01 3.641365038243116192e-01
1.726525953156872184e-01 3.705500954927587465e-02 3.453221988800031506e-01 3.678798202148562124e-01 3.083009062795420974e-01 3.284401707797736103e-01 -1.726525953156872184e-01 -3.705755351228972455e-02
-3.721371968651225881e-01 -3.378087193456784654e-01 -2.498216869469805923e-01 -4.953495151281849251e-01 -2.184552347523974203e-01 -4.331557277282317431e-01 3.721371968651225881e-01 3.397361669002939011e-01
-2.454682113646560193e-01 8.688948114693106906e-02 -1.365919434872281402e-01 1.413330210689323074e-02 -1.353220113625795973e-01 1.400190098677822972e-02 2.454682113646560193e-01 -8.692228097868187620e-02
-1.792350721941187164e-01 -1.354695871418982733e-01 4.581811069088730370e-01 -1.907597627288616371e-01 4.104143448895197221e-01 -1.708724822370667196e-01 1.792350721941187164e-01 1.355938940962946038e-01
-4.918899184293603621e-01 1.424402796962112028e-01 -1.075809921804468106e-01 -2.703627868105973331e-01 -1.032967814412446700e-01 -2.595960971634915793e-01 4.918899184293603621e-01 -1.425847798993719884e-01
2.914565462850539079e-01 3.438181546691554402e-02 -7.606829888542410156e-02 -3.726169179175702340e-01 -7.110025999525711182e-02 -3.482812174158811391e-01 -2.914565462850539079e-01 -3.438384761999417616e-02
5.980061660479041308e-02 -1.667955357566841545e-01 -1.105518616870821980e-01 -1.041763319650678143e-01 -1.092980583602575911e-01 -1.029948355198618687e-01 -5.980061660479041308e-02 1.670275546079954543e-01
1.699439053354556695e-01 -2.288379664421523740e-01 -3.816022260722342629e-01 -8.539786429557438829e-03 -3.565141193239616535e-01 -7.978345591653019514e-03 -1.699439053354556695e-01 2.294371422135235150e-01
-3.788637746426708475e-01 4.791411739385587065e-02 4.465262713143409723e-01 -2.353686617129202574e-02 4.076310948977585613e-01 -2.148666079517557587e-02 3.788637746426708475e-01 -4.791961736590143184e-02
-3.124535008090748578e-01 -2.099322014936287895e-01 -3.911497392733860323e-01 4.749280882512366686e-01 -3.331432563788768175e-01 4.044974954086000274e-01 3.124535008090748578e-01 2.103948031512876404e-01
4.803283477030739768e-01 -4.209828701885365287e-01 3.301869013831231214e-01 -1.005519212171909205e-01 3.121179748415009447e-01 -9.504938531863857398e-02 -4.803283477030739768e-01 4.247133378413293636e-01
2.639818784357627068e-01 -4.162146833980714389e-01 1.813736372220106086e-01 1.287275939467118491e-01 1.770474718352601506e-01 1.256571539986489350e-01 -2.639818784357627068e-01 4.198198239120378705e-01
-2.023653947164743006e-01 3.886605689461408719e-02 -4.503677555646282693e-01 1.020978598008679405e-01 -4.088756321829584706e-01 9.269164245177947958e-02 2.023653947164743006e-01 -3.886899239032785836e-02
-2.941337765568216023e-01 -2.492976506657093028e-01 -3.955656623358040358e-01 -3.053915964713714848e-01 -3.538420207094817305e-01 -2.731793729643549606e-01 2.941337765568216023e-01 2.500723346219240750e-01
-2.289589008416559324e-02 -3.162343136995177106e-01 -3.834105021143230374e-02 1.651178632036061078e-01 -3.780179907509466364e-02 1.627955482208089388e-01 2.289589008416559324e-02 3.178155507468757301e-01
9.371493098051519866e-02 -2.367564172828015012e-01 4.313099770514725595e-01 -4.597995952147074794e-01 3.648566810843013597e-01 -3.889568134286927603e-01 -9.371493098051519866e-02 2.374199697717043478e-01
1.080343030674544291e-01 -4.506340996142377264e-02 7.933787249379820050e-02 -7.475848398627216174e-02 7.887063364096616458e-02 -7.431821419834788722e-02 -1.080343030674544291e-01 4.506798549935286252e-02
-2.659239268529983713e-01 -2.470813943995227024e-01 1.037397544586580178e-01 -1.960451475812708955e-01 1.012784340766358787e-01 -1.913937974787350838e-01 2.659239268529983713e-01 2.478356006636457665e-01
-3.174712059769483341e-01 -1.659739738878495130e-01 4.670488294095697102e-01 -2.137612208216561616e-01 4.154494811930839471e-01 -1.901449756373967681e-01 3.174712059769483341e-01 1.662025811283829035e-01
-3.209096592869953302e-02 7.630990164339990223e-02 3.785313666115934783e-01 -4.119978005067200799e-01 3.303428023851517903e-01 -3.595488247492042988e-01 3.209096592869953302e-02 -7.633212003851680416e-02
2.110669702314096341e-01 -2.042782163970435771e-01 -3.083831349504326802e-01 2.796973964624573927e-01 -2.846953574262485187e-01 2.582130513391057702e-01 -2.110669702314096341e-01 2.047044387047307623e-01
1.074147558709226402e-01 1.820781799734800810e-01 -6.695918525242439134e-02 -3.966994431649709663e-01 -6.212042029971465151e-02 -3.680321982588416474e-01 -1.074147558709226402e-01 -1.823799969853807657e-01
2.432985398212695882e-01 -1.513151961258714095e-01 -5.139344644577292787e-02 2.062510736621122609e-01 -5.027036431448732995e-02 2.017439446134154379e-01 -2.432985398212695882e-01 1.514884239457127690e-01
4.685482366007897026e-01 3.630626843034177043e-01 -3.947346588685970437e-01 -1.751107322566354263e-01 -3.623891549840053683e-01 -1.607617392224914565e-01 -4.685482366007897026e-01 -3.654555308445781581e-01
-7.329804843828480188e-02 -9.202469111104405464e-02 -1.425745392759572017e-01 4.940190541933765500e-01 -1.267951870641862988e-01 4.393437896262914477e-01 7.329804843828480188e-02 9.206365686729257869e-02
3.351873451819616934e-01 -2.483326919793937826e-02 -3.948808742682758943e-01 -4.087230878583234528e-01 -3.433116671013420884e-01 -3.553461659429940633e-01 -3.351873451819616934e-01 2.483403492094178600e-02
1.793946260325608444e-01 2.367321217835572922e-01 -4.569888936507885413e-01 4.429695027099430638e-01 -3.855299146180636849e-01 3.737027243569550627e-01 -1.793946260325608444e-01 -2.373954700158884268e-01
1.300277019176703241e-01 4.938361713204301173e-01 2.623992804920152189e-01 -3.875489085165171321e-01 2.376579347841978607e-01 -3.510073390948502126e-01 -1.300277019176703241e-01 -4.998578654946950195e-01
-2.060438082282051164e-01 -4.418217113233557924e-02 4.370867098557380537e-01 -2.631845300694725109e-01 3.893397603372434346e-01 -2.344344944634405570e-01 2.060438082282051164e-01 4.418648345416441303e-02
1.618492631614464328e-01 -3.350298206786617161e-01 2.238874250444730096e-01 1.939698827857310182e-01 2.146669454114474573e-01 1.859815138396371526e-01 -1.618492631614464328e-01 3.369100914671984137e-01
-2.844364429821861773e-01 3.200739678276111055e-01 3.011622415348718107e-01 -2.439901067094442100e-01 2.808071751047666598e-01 -2.274992119510317046e-01 2.844364429821861773e-01 -3.217135042360829700e-01
-8.534329018314978921e-02 -1.667246573353716732e-01 2.689813946127365130e-01 2.933528612004343561e-01 2.499146266573462338e-01 2.725585198609101756e-01 8.534329018314978921e-02 1.669563805287221092e-01
4.859006499521117961e-01 2.168556444183746823e-01 3.304832321853402588e-01 1.072628164914640747e-01 3.121763515003722622e-01 1.013210700056949992e-01 -4.859006499521117961e-01 -2.173655411125210712e-01
-2.329340271174921151e-01 -3.388865469923154627e-01 -3.424305009281046752e-01 -1.463112588712229822e-01 -3.209034119902645088e-01 -1.371133180517237760e-01 2.329340271174921151e-01 3.408325028767981157e-01
-9.905266793189004826e-02 -2.865974198906687809e-01 2.233980426713865208e-01 -3.806120097117441370e-01 2.043792549017985904e-01 -3.482089548384654232e-01 9.905266793189004826e-02 2.877744479963981750e-01
-2.610959094754703447e-01 -2.878284756171177738e-01 -2.025878966450913587e-01 -1.933335085704944722e-01 -1.950830733103234571e-01 -1.861715119727695156e-01 2.610959094754703447e-01 2.890207364500739229e-01
-4.016639688057210833e-01 2.940807569219565654e-01 3.982323680453343506e-01 -3.473454883804016902e-02 3.697820664868450291e-01 -3.225306197701278965e-02 4.016639688057210833e-01 -2.953524134553849323e-01
2.501561486032265469e-01 -3.212658514441546487e-01 4.917482122370622211e-01 -4.089885884052891774e-01 4.142607014158307122e-01 -3.445419734890011187e-01 -2.501561486032265469e-01 3.229237719379897675e-01
-1.388429918194219459e-01 -3.402124957407748340e-01 2.546961206969519109e-01 1.014097422400018766e-01 2.456331528430400479e-01 9.780123327850034909e-02 1.388429918194219459e-01 3.421813827202760394e-01
2.207620854381331377e-02 1.495928986484829082e-02 5.807655406543821286e-02 2.019345355992400171e-01 5.683544979964257060e-02 1.976191656952114573e-01 -2.207620854381331377e-02 -1.495945724460681463e-02
-3.179576546804102621e-01 -4.650993907857950971e-01 3.503281523125304497e-01 4.134332738018733355e-01 3.080104748229228750e-01 3.634928512902037556e-01 3.179576546804102621e-01 4.701298463407703188e-01
-1.568176958627998108e-01 7.072171258934578653e-02 2.138108283139595889e-01 4.102352928103862872e-01 1.940523515384884046e-01 3.723250308774857520e-01 1.568176958627998108e-01 -7.073939853601998728e-02
-2.403652222078138667e-01 -2.941874127032341191e-01 6.641299453978677381e-02 5.238966704631919935e-02 6.617665755012097639e-02 5.220323340806632545e-02 2.403652222078138667e-01 2.954604533331730565e-01
-4.299207465255976413e-01 9.707588906159525521e-02 9.804974375982489221e-03 2.388194325780079730e-01 9.536347929779455390e-03 2.322765072222008065e-01 4.299207465255976413e-01 -9.712162990143981267e-02
-5.978823955863343809e-02 2.662927434753096234e-01 -1.291885627533726488e-01 4.510738920079258030e-01 -1.169542876610211862e-01 4.083567817298448532e-01 5.978823955863343809e-02 -2.672369086995446952e-01
-2.475291638172973929e-01 1.188043434337153759e-01 -2.743817084972818288e-01 -2.864571222748624191e-02 -2.645012020003184028e-01 -2.761417791959112911e-02 2.475291638172973929e-01 -1.188881864627702317e-01
4.742308506693960757e-01 3.592894994657940266e-01 3.718734567286402504e-01 3.555021308869982244e-01 3.306787536911123260e-01 3.161209799978538237e-01 -4.742308506693960757e-01 -3.616085145772701126e-01
-3.366247778197650753e-01 2.389329794911511096e-01 -2.587342386997818489e-01 2.480188128671478864e-02 -2.504136819643830170e-01 2.400428502953682111e-02 3.366247778197650753e-01 -2.396150013603923490e-01
1.055571841134033129e-01 -3.312936960962256094e-01 -4.619582143502453109e-01 -4.596730147763986585e-01 -3.870261142706281632e-01 -3.851115863243230186e-01 -1.055571841134033129e-01 3.331117615758718009e-01
-3.657612467239839127e-01 -4.318920863598766369e-01 2.471530281777258864e-01 -6.424926786893492281e-02 2.394681675684043332e-01 -6.225153119759348902e-02 3.657612467239839127e-01 4.359201446231565913e-01
1.412224925127461006e-01 2.939596357407285865e-01 3.954065199693707067e-01 -2.805680026951690165e-01 3.557942852113650800e-01 -2.524604095548063087e-01 -1.412224925127461006e-01 -2.952297216738091201e-01
2.975720367743023287e-01 3.061655897331683196e-02 -4.660533098956665121e-01 1.257039421012957625e-01 -4.197133622237576578e-01 1.132051271042930629e-01 -2.975720367743023287e-01 -3.061799393114967432e-02
-2.619176841297066183e-01 -1.237440373479116174e-01 -2.769562320404010958e-01 6.101784109298169501e-02 -2.664484759555528770e-01 5.870281612926991910e-02 2.619176841297066183e-01 1.238387794134263031e-01
-4.687224133344788379e-01 -4.365589575810615575e-01 4.956168138140518709e-01 -2.001606432559176474e-01 4.370953207261229490e-01 -1.765260542462489812e-01 4.687224133344788379e-01 4.407190091629987760e-01
3.616043304298477423e-01 4.417145396350538045e-01 1.087451647343243843e-01 4.566385661837025767e-01 9.843935708235139470e-02 4.133628100518387805e-01 -3.616043304298477423e-01 -4.460237241347093096e-01
4.555995800922607586e-02 3.741740906036736813e-01 2.889072243280054186e-01 -1.176336114516089992e-01 2.758002863227620449e-01 -1.122968932154507493e-01 -4.555995800922607586e-02 -3.767934261687823083e-01
-4.073871472027272844e-01 4.535971709762406379e-01 8.340333582115389000e-02 -3.575652433423737175e-01 7.829283723526693495e-02 -3.356556080445484702e-01 4.073871472027272844e-01 -4.582635607975833469e-01
3.037060675716729552e-02 3.331308286469674140e-01 -3.294716901909371387e-01 -4.596380209879210588e-01 -2.867879927449768496e-01 -4.000910225458435554e-01 -3.037060675716729552e-02 -3.349793074707053675e-01
-4.131257952544757917e-01 -2.491783312187824118e-01 -1.395388875970235976e-01 -4.354493679229168857e-01 -1.269014063722153640e-01 -3.960124531943673976e-01 4.131257952544757917e-01 2.499519033639559240e-01
2.440414955950654941e-01 3.323907496525247973e-01 1.905406584511201151e-01 3.106659328076144533e-02 1.870861206259784582e-01 3.050335012594567949e-02 -2.440414955950654941e-01 -3.342269361576903353e-01
-2.146958941493167794e-01 -3.564286490444401601e-02 2.790951776457991640e-01 -2.314304516453641325e-01 2.623818854192974670e-01 -2.175715064601159432e-01 2.146958941493167794e-01 3.564512896384946367e-02
-1.363760296225435820e-02 2.996064081547629154e-01 3.849950054199898775e-01 1.068713142611118494e-01 3.575139635915374203e-01 9.924281255037560590e-02 1.363760296225435820e-02 -3.009511016329579070e-01
-4.261813485645310484e-01 -1.002912212616376975e-01 3.612738796234737926e-02 2.741509020073440439e-02 3.609029221558236050e-02 2.738694027623151533e-02 4.261813485645310484e-01 1.003416593669124168e-01
3.586359397906353497e-01 -4.329341052508940413e-01 5.947811645413336734e-02 -2.119931942463685326e-01 5.808679148932669595e-02 -2.070342035938730896e-01 -3.586359397906353497e-01 4.369913892018080226e-01
8.542431562581753735e-02 -2.078878679826955400e-01 -2.284336868099793305e-01 -2.886727216595227352e-01 -2.143699584148309190e-01 -2.709003221102175285e-01 -8.542431562581753735e-02 2.083370862829815318e-01
-4.939188150446477410e-01 -3.083055775959623324e-01 -3.995337057209898957e-01 -1.962036257511665660e-01 -3.650082769716441189e-01 -1.792488251818104283e-01 4.939188150446477410e-01 3.097708357583967564e-01
-4.185467022551203620e-02 -1.784438016392057014e-01 3.551745099562224617e-01 -1.137162887995928351e-01 3.327856679721445388e-01 -1.065480491045098094e-01 4.185467022551203620e-02 1.787279037140759308e-01
-9.741079042263733889e-03 -2.305656744199461317e-01 -4.445824138001508441e-02 5.684137650392062646e-02 -4.434293388934520269e-02 5.669395194803535099e-02 9.741079042263733889e-03 2.311785240950892939e-01
-2.831533921500756223e-01 3.596445842222826261e-01 2.303929128112720548e-01 -3.896453388588343447e-01 2.098905198272873474e-01 -3.549712607190884661e-01 2.831533921500756223e-01 -3.619704817586192336e-01
7.916374972354278672e-02 -3.715114494557184566e-01 2.632049324224393638e-01 -4.414243725470682334e-01 2.340980290753964244e-01 -3.926088111193097863e-01 -7.916374972354278672e-02 3.740752640315452848e-01
6.103505123221719675e-02 3.868755518710660368e-01 3.425548182851182455e-01 1.576636173706971178e-01 3.205226278549993535e-01 1.475231240645385744e-01 -6.103505123221719675e-02 -3.897707871492362419e-01
2.408861717670492952e-01 -1.291446109978701129e-01 -1.841643325334300085e-01 -5.884977841617300420e-02 -1.808159053548152595e-01 -5.777978731206820373e-02 -2.408861717670492952e-01 1.292523068234174566e-01
3.544787156590114563e-01 -3.095170356631172792e-01 1.403781817060461012e-01 -3.203022934231347651e-01 1.325089492074769948e-01 -3.023469873624708426e-01 -3.544787156590114563e-01 3.109996345729050260e-01
-1.685706978478136442e-01 5.931805694941127971e-02 2.125552940114110445e-01 -8.578301112662611860e-02 2.071824361830714722e-01 -8.361463454012957319e-02 1.685706978478136442e-01 -5.932849286972412262e-02
-1.863092853078858191e-01 -1.376463559237930401e-01 -3.842817913679121844e-01 3.461190754769383204e-02 -3.585207295014940510e-01 3.229163239628227849e-02 1.863092853078858191e-01 1.377767518907410949e-01
-4.496725828747621945e-01 3.306089496718211951e-02 7.317509904284569267e-02 -2.541501631447625753e-01 7.074279368485339448e-02 -2.457023330545064776e-01 4.496725828747621945e-01 -3.306270178274187121e-02
-2.704794507551110394e-01 -4.732295626594578142e-01 -2.357581854669588139e-02 -4.753172477915221794e-01 -2.128806251027159924e-02 -4.291932966465032417e-01 2.704794507551110394e-01 4.785284612226934353e-01
-3.764009747787873117e-01 2.216220899002385725e-02 -1.466117464171058371e-01 -5.324396232913697347e-03 -1.450589792892102714e-01 -5.268005475362535876e-03 3.764009747787873117e-01 -2.216275325343872865e-02
-3.862741569929205587e-01 4.322867338541704907e-01 3.633219981308933866e-01 1.513419231305104251e-01 3.380789569100685066e-01 1.408269242488681405e-01 3.862741569929205587e-01 -4.363258442957857475e-01
1.391242743169530671e-01 -5.155103742774047593e-02 -9.229175170687309304e-02 3.424253204001429518e-01 -8.698362451805365103e-02 3.227308502038334637e-01 -1.391242743169530671e-01 5.155788729622200889e-02
1.348538904664461358e-01 -2.581986516480908600e-01 -2.213821765131310793e-01 -3.547236829162038196e-01 -2.042459637731059707e-01 -3.272660953627779534e-01 -1.348538904664461358e-01 2.590593122329262199e-01
-4.068197098891691565e-01 4.322635817195916719e-01 2.411964952465832646e-01 -2.800196266612177132e-01 2.262401605294429852e-01 -2.626559114072616885e-01 4.068197098891691565e-01 -4.363020432237337820e-01
-1.876095988332542319e-01 -1.031036019649710367e-01 -4.584435831721167531e-01 -6.916481775304172963e-02 -4.159162882603864020e-01 -6.274877724103966603e-02 1.876095988332542319e-01 1.031584033478441104e-01
-1.517154386176382541e-01 -7.742035228220378595e-02 4.995330358292392470e-01 -4.564339435780581100e-01 4.137190611360166415e-01 -3.780238924423717783e-01 1.517154386176382541e-01 7.744355481705897382e-02
2.156744827027805567e-01 4.436320694528961273e-02 4.171373832132649895e-01 -2.165758581479219069e-01 3.775178738052631378e-01 -1.960055865905277195e-01 -2.156744827027805567e-01 -4.436757249364950417e-02
2.433332684976590166e-01 -4.707085189809090409e-01 3.490778056228074355e-01 -2.439043373694885775e-01 3.211692293551570709e-01 -2.244043213505888812e-01 -2.433332684976590166e-01 4.759231811660650791e-01
4.847770719590596133e-01 3.998395761858608566e-02 -9.524852867375255272e-02 -3.421561523436504881e-01 -8.975558519193832518e-02 -3.224241477347792317e-01 -4.847770719590596133e-01 -3.998715376995849030e-02
1.356607347968525890e-01 3.552515748533424667e-01 -6.531521427354758380e-02 -7.801205127405130835e-02 -6.497974644320392290e-02 -7.761137076074915708e-02 -1.356607347968525890e-01 -3.574932776824599756e-01
1.883273834221643739e-01 -2.410651654096468421e-01 -4.095646167013367034e-02 -2.648967224342104743e-01 -3.955996407685725968e-02 -2.558645057762968245e-01 -1.883273834221643739e-01 2.417656093439964071e-01
-3.478915775782119857e-01 1.976427597551736470e-01 3.946121083717291089e-02 4.271655792575761446e-01 3.626515103868984541e-02 3.925683961961077273e-01 3.478915775782119857e-01 -1.980287823562419669e-01
-3.160574195687488874e-01 -2.697131411595568018e-01 8.435225825918546416e-02 7.394617434813288703e-02 8.382649837018357752e-02 7.348527462571016744e-02 3.160574195687488874e-01 2.706941576896200741e-01
-4.024663982505484183e-01 9.603184499865691226e-02 4.125602511634918201e-01 2.435467495341614441e-02 3.812819014131271778e-01 2.250821970451356499e-02 4.024663982505484183e-01 -9.607612583578777066e-02
2.552794714449938551e-01 -3.321967522523541216e-01 -1.597325292358264814e-02 -3.138188577650569133e-02 -1.596335896601511206e-02 -3.136244759145050132e-02 -2.552794714449938551e-01 3.340297256036046103e-01
4.591992995432482294e-01 -4.848436782460278094e-01 2.687170995829951670e-01 -2.473956584952319293e-01 2.524068368571597554e-01 -2.323795385923672352e-01 -4.591992995432482294e-01 4.905423706559047803e-01
2.576693559611169526e-01 1.901244709460611082e-01 2.736799476239522022e-01 4.433205127220896102e-02 2.637315799383994075e-01 4.272056475249978030e-02 -2.576693559611169526e-01 -1.904680953978814262e-01
3.163247421661988801e-01 -3.298466709932941221e-01 -6.740236087135365040e-02 9.532867932641686526e-02 -6.694763576925612247e-02 9.468555135761672070e-02 -3.163247421661988801e-01 3.316410175275236738e-01
1.036778782503651186e-01 -4.061757768275355840e-01 4.439750821855596996e-01 -3.988326540412228116e-01 3.812410973297231664e-01 -3.424773253694711750e-01 -1.036778782503651186e-01 4.095262956618360151e-01
-3.072653279793673420e-01 4.883601761365536920e-01 -9.082617440271389952e-03 2.411085654902186404e-01 -8.829251630986899649e-03 2.343826775815205654e-01 3.072653279793673420e-01 -4.941837653027748023e-01
-7.020875742790622098e-02 2.312890448028146473e-01 -4.645903962254670505e-01 3.898568510368827233e-02 -4.210755061398356869e-01 3.533417225283559671e-02 7.020875742790622098e-02 -2.319076808068805395e-01
-4.483694834617598657e-01 1.076307770245237272e-01 4.752334147635632888e-01 -3.526560811944677853e-01 4.089835205482180713e-01 -3.034940750145038169e-01 4.483694834617598657e-01 -1.076931188379639109e-01
2.601865212686305107e-01 -5.800005993216184041e-02 2.140234762868727936e-01 1.342685650844518408e-01 2.075030387866451109e-01 1.301779400648631901e-01 -2.601865212686305107e-01 5.800981556240364378e-02
-3.406243191488004252e-01 -1.916059130647701503e-01 -1.597573387799658962e-01 3.418095651905798116e-01 -1.494720698533010539e-01 3.198036697084727931e-01 3.406243191488004252e-01 1.919576327913628810e-01
2.201669376618975438e-01 3.148554237006107037e-03 -2.832323763223214552e-01 -6.722503627232168100e-02 -2.719443947471101297e-01 -6.454584055081517835e-02 -2.201669376618975438e-01 -3.148555797649007105e-03
4.942704401155882943e-01 -3.148057958684522539e-01 -3.986417253674469086e-01 -5.667140124693403891e-02 -3.697906975873738733e-01 -5.256990341651029963e-02 -4.942704401155882943e-01 3.163657009143884258e-01
3.255576134042101888e-01 4.121006444225738807e-01 -9.331169391387661438e-02 3.699131391407001201e-01 -8.718271969138811917e-02 3.456162048631412076e-01 -3.255576134042101888e-01 -4.155999340166454115e-01
1.055366411662502779e-01 4.548140311633880328e-01 -2.887183273936895223e-01 -4.416147103091769832e-01 -2.553548196752236099e-01 -3.905829108075899447e-01 -1.055366411662502779e-01 -4.595180772436923688e-01
4.014356225621437124e-01 -3.371058034559812899e-01 3.273533135836838026e-01 1.288550948098812210e-01 3.088013690478758622e-01 1.215525489889785066e-01 -4.014356225621437124e-01 3.390212440708198494e-01
2.171962286879516313e-01 -1.797860855735174956e-01 8.590632188687907789e-02 -2.100119959141368842e-01 8.377676719364170188e-02 -2.048059526135749819e-01 -2.171962286879516313e-01 1.800766471844186811e-01
2.447905627836554077e-01 4.572147400365911274e-01 -3.701740589425690509e-01 -7.762342611399841719e-02 -3.462362723270172027e-01 -7.260380638161401112e-02 -2.447905627836554077e-01 -4.619936700844371469e-01
-2.662893266427743821e-01 -2.361915512065299039e-01 -4.483140957074887023e-01 1.786221849291970143e-01 -4.037569211692259019e-01 1.608692301448151618e-01 2.662893266427743821e-01 2.368503656011731739e-01
2.910018940616510008e-02 4.912900648569201723e-01 -9.555769221834709004e-02 -1.599200593465234244e-01 -9.394144417534416869e-02 -1.572151961695734124e-01 -2.910018940616510008e-02 -4.972190989737419464e-01
-3.073876638659220895e-01 -1.304151605757797316e-01 2.100887973572285183e-01 -1.028853939432063935e-01 2.045661383614761353e-01 -1.001808187657597521e-01 3.073876638659220895e-01 1.305260663724040759e-01
3.045330911968098242e-01 2.026969851248631160e-01 -3.245102734392839583e-01 4.786393528223785720e-01 -2.809215261667726837e-01 4.143477371402742304e-01 -3.045330911968098242e-01 -2.031133862283321101e-01
-3.834071735126851621e-01 2.763780450067095940e-01 4.411186165281106852e-01 -1.800707277413789997e-01 3.982274022622964149e-01 -1.625619401337618786e-01 3.834071735126851621e-01 -2.774335994196820421e-01
2.523100661703063796e-01 -3.406745259423815675e-02 -1.542384654189362658e-01 -1.336368386899376981e-01 -1.511235472621695608e-01 -1.309379800484338496e-01 -2.523100661703063796e-01 3.406942951373759243e-02
-4.001735801787376090e-02 1.001189769770963744e-01 4.374224454703113940e-01 3.734628145082011796e-01 3.791775081740083042e-01 3.237344147912108450e-01 4.001735801787376090e-02 -1.001691556549790391e-01
-1.881015401201446835e-01 8.380021320993946699e-02 1.553178953684897223e-01 -2.331686778639510127e-01 1.495592152861630886e-01 -2.245235451324526232e-01 1.881015401201446835e-01 -8.382963745812814504e-02
3.499061603685185151e-01 -1.793820224069153646e-01 -1.650066111882279030e-01 -3.768568992810360507e-01 -1.525976939840106572e-01 -3.485163011235360431e-01 -3.499061603685185151e-01 1.796706293352130501e-01
1.040182888191830690e-01 -2.309836870980758183e-01 3.048752681864604908e-01 1.980749554161056469e-01 2.865259452929637130e-01 1.861535511786775177e-01 -1.040182888191830690e-01 2.315998760863824113e-01
-6.569932793773547441e-02 -2.186844550338745696e-01 4.006342158833364753e-02 -3.192511484420934575e-02 4.001095579740992364e-02 -3.188330672263043480e-02 6.569932793773547441e-02 2.192073611753149465e-01
-3.044008591511339068e-01 3.847728933141880692e-02 -2.717350639552240654e-02 2.738986312083755426e-01 -2.619921123593145149e-02 2.640781057774403418e-01 3.044008591511339068e-01 -3.848013761621354306e-02
1.773717104534355826e-01 1.660865360172631977e-01 4.888165913810836871e-01 2.298079370289722867e-01 4.300868264961240639e-01 2.021972414257881545e-01 -1.773717104534355826e-01 -1.663156086917325638e-01
-4.656793582137119802e-02 -2.563437076395956860e-01 2.345569456276397347e-01 -4.961594348673779020e-01 2.056258677400741586e-01 -4.349613867073103823e-01 4.656793582137119802e-02 2.571859517615879276e-01
-3.808229324608533028e-01 1.254751131822693377e-01 3.949147862917731233e-01 3.706585872234862133e-01 3.472530912398330005e-01 3.259243377958729870e-01 3.808229324608533028e-01 -1.255738872166377584e-01
-3.864442371711936941e-01 -2.167846816170412305e-01 -2.698078767719873650e-01 -4.092215533531321503e-01 -2.422693677791062372e-01 -3.674534939401756795e-01 3.864442371711936941e-01 2.172940779065251349e-01
-2.827420974561180023e-01 3.527086620757161617e-01 8.929793938121954877e-02 3.087767817251430014e-02 8.890198256892174744e-02 3.074076317643413894e-02 2.827420974561180023e-01 -3.549025699196474704e-01
2.076188094235975612e-02 -1.346430345330118517e-01 -4.684894048705385838e-01 -5.505237509653804207e-02 -4.237141964282721829e-01 -4.979082265893169934e-02 -2.076188094235975612e-02 1.347650800067351495e-01
1.336338578743860861e-01 1.427336998669241908e-01 4.702453550410798933e-01 1.505499324318486654e-01 4.216478990157468965e-01 1.349913657335460870e-01 -1.336338578743860861e-01 -1.428790949014098199e-01
1.801384714718182734e-01 -3.871481601713013809e-01 -8.879780915101298522e-02 -4.620878907121648282e-01 -8.034733329619962727e-02 -4.181131282647713165e-01 -1.801384714718182734e-01 3.900495200658491979e-01
-4.087378738631931574e-01 4.537130731060297073e-01 -3.865791074175976005e-01 -4.815753883806930258e-01 -3.289161622659322881e-01 -4.097426000231198517e-01 4.087378738631931574e-01 -4.583830408777685439e-01
-3.467674723447023988e-01 3.235748323545394323e-01 1.366088852910006812e-01 4.646483234950096186e-01 1.229483876047243185e-01 4.181848205206982749e-01 3.467674723447023988e-01 -3.252687574761859435e-01
3.410774569699021042e-01 -4.756200876964300495e-02 -4.887511473106889159e-01 4.956958815201680801e-01 -4.011291457117077131e-01 4.068288465021233091e-01 -3.410774569699021042e-01 4.756738837689414995e-02
3.208348722360736538e-01 -1.996394077095641206e-01 -6.249427354205416840e-02 2.183940534890941310e-01 -6.094170860082784996e-02 2.129684211614969180e-01 -3.208348722360736538e-01 2.000372480542811637e-01
4.596255504281754334e-02 8.451199874130022049e-02 -7.610234290472439600e-02 1.156534821952970304e-02 -7.587787443522453490e-02 1.153123552450636101e-02 -4.596255504281754334e-02 -8.454217915047701482e-02
4.353644225478607854e-01 3.050651292300643469e-02 9.197947068348233390e-02 3.416857059749610626e-01 8.671100920237952148e-02 3.221144041703750682e-01 -4.353644225478607854e-01 -3.050793246324750435e-02
4.575411729936738059e-01 -4.401303258924911255e-01 4.628738010647897028e-01 4.085092273524124629e-01 3.938628462495058491e-01 3.476036160052327628e-01 -4.575411729936738059e-01 4.443933116775190539e-01
-1.652148545185790907e-01 4.453527464338717934e-01 -3.122557343248455464e-01 -1.600229629630102179e-01 -2.946450053965135596e-01 -1.509979212639574186e-01 1.652148545185790907e-01 -4.497692888836571368e-01
-2.059131093415207392e-01 1.674002039164435018e-02 3.933899132903052598e-01 2.432713187963065904e-01 3.570468655833069493e-01 2.207968708095476851e-01 2.059131093415207392e-01 -1.674025494300269631e-02
-2.926215749061807925e-01 4.426252246886741570e-02 -4.365505644606619828e-01 2.689320411696890512e-01 -3.884632402381861804e-01 2.393083885842979264e-01 2.926215749061807925e-01 -4.426685836115611117e-02
-1.346667635462583945e-01 -1.682627060625878634e-01 3.701580120911671656e-01 -2.765084027996380645e-01 3.360252733776530887e-01 -2.510112130683331277e-01 1.346667635462583945e-01 1.685009015950457434e-01
-3.299242686213900155e-01 -7.263054186189543682e-02 -1.485044947044404928e-01 3.482524354729332750e-01 -1.388843030451266392e-01 3.256924773939521289e-01 3.299242686213900155e-01 7.264969887767870615e-02
-4.394734325445974754e-01 -3.788953176700735614e-01 -4.329286907140795782e-01 2.150527234075164662e-01 -3.897768120074011633e-01 1.936174865311718896e-01 4.394734325445974754e-01 3.816150597418177526e-01
2.263206971588782590e-01 -4.386790684763468562e-01 4.126067846208728573e-01 3.245135980339735049e-01 3.653314299791627362e-01 2.873317192938792952e-01 -2.263206971588782590e-01 4.429000236704238591e-01
9.944389709692713630e-02 -3.250669726570318829e-01 3.435095467029706251e-01 -2.863700400227747744e-01 3.135790156277888929e-01 -2.614181646988725238e-01 -9.944389709692713630e-02 3.267844402237419232e-01
-9.284254862768337446e-02 -3.188324008728116166e-01 4.414472693912147028e-01 -1.231143907291920581e-01 4.013102527983555268e-01 -1.119206543847994229e-01 9.284254862768337446e-02 3.204529319084399863e-01
2.516312390912310848e-01 -3.083555245746549822e-03 4.272529292315035976e-01 -3.202169026310909272e-01 3.768940683617700849e-01 -2.824740169901630016e-01 -2.516312390912310848e-01 3.083556711716964327e-03
-4.664921994296578056e-03 3.145193979756286673e-01 1.242176157652793433e-01 -4.043014324992597608e-01 1.144054224367854478e-01 -3.723648686372876271e-01 4.664921994296578056e-03 -3.160750494734229643e-01
-2.678729625818547788e-01 4.967710214204594799e-01 4.487027189068870658e-02 1.165279292268293077e-01 4.452449929398762107e-02 1.156299590791306509e-01 2.678729625818547788e-01 -5.029007150131113990e-01
-1.524422716761635321e-01 -4.923159909130843115e-01 -4.222582002186519023e-01 2.900351531738422084e-01 -3.758164191237631790e-01 2.581358340213728009e-01 1.524422716761635321e-01 4.982822461872686293e-01
3.330606568301508474e-01 3.080731480781155884e-01 -5.094572659497209610e-02 -3.226592488993913488e-01 -4.842748674353716809e-02 -3.067102491830402955e-01 -3.330606568301508474e-01 -3.095350947932271612e-01
-9.983299882237706147e-02 2.793824552079698931e-01 6.403668420466346323e-02 3.673648873964773243e-01 6.000065373296150500e-02 3.442110358474684273e-01 9.983299882237706147e-02 -2.804728088866261793e-01
-3.001845998739599564e-01 2.745831020166044079e-01 -5.218987650156592384e-02 1.868862148440635362e-01 -5.123429607147619164e-02 1.834643862916780221e-01 3.001845998739599564e-01 -2.756182237458943973e-01
-4.460821052833807698e-01 1.234947315558014846e-01 1.320471577906129346e-01 3.275741939962323324e-01 1.245095706906104854e-01 3.088754271293605580e-01 4.460821052833807698e-01 -1.235889021467214688e-01
4.827419145442140014e-01 -3.057028124406080405e-01 7.647848116322664147e-02 1.359748230820252424e-01 7.556446100693295365e-02 1.343497420506671036e-01 -4.827419145442140014e-01 3.071312731750573954e-01
5.216783346967746038e-02 -3.096982554722325087e-01 -3.503389276842561184e-01 -1.868748085422703431e-01 -3.256101732657715186e-01 -1.736842068640920278e-01 -5.216783346967746038e-02 3.111834600573049059e-01
-4.179242321385050474e-01 -1.924364157116321694e-01 -2.959878437647180949e-01 2.163363298869429574e-01 -2.779001693104464210e-01 2.031161210504698611e-01 4.179242321385050474e-01 1.927927288053169486e-01
-4.511352446297681729e-01 -2.846620482745962910e-01 2.827808321425825389e-01 -7.011806448942614622e-02 2.714931072271746237e-01 -6.731917102284776244e-02 4.511352446297681729e-01 2.858153918858680198e-01
4.570230806868155193e-01 3.749957961980971977e-01 4.981156606135777043e-01 -4.028580330820282773e-01 4.194275183141323304e-01 -3.392178933711323396e-01 -4.570230806868155193e-01 -3.776324262751448724e-01
-2.065048748190956296e-02 -3.691840796136617309e-01 -5.066784811625146823e-03 2.971319486955342759e-01 -4.856859475893416517e-03 2.848212770555191287e-01 2.065048748190956296e-02 3.717000116091665474e-01
-2.131695105798466772e-01 4.689721582433143965e-01 -2.421431525526851480e-01 3.712696068134524463e-02 -2.351889208224546279e-01 3.606069271012497107e-02 2.131695105798466772e-01 -4.741293251327496905e-01
5.119233257429911532e-03 -4.910912136465594990e-01 2.236167669514999012e-01 3.141092064421694419e-01 2.086444822737778815e-01 2.930779907473037293e-01 -5.119233257429911532e-03 4.970130512909291531e-01
3.412867180081703422e-01 -2.484925666904449493e-01 3.978576467066948785e-01 4.581976335793969124e-01 3.401318005603649608e-01 3.917169555792180402e-01 -3.412867180081703422e-01 2.492597695452160311e-01
1.727740448846121213e-01 1.345145273422420074e-01 -2.448481676936550278e-01 1.257267591575964572e-01 -2.360693464917896500e-01 1.212189339640035030e-01 -1.727740448846121213e-01 -1.346362236982379113e-01
8.988020508362615235e-02 1.282218257930478611e-02 1.093733484656089772e-01 -1.130662504932876677e-01 1.080446544992033214e-01 -1.116926942573114034e-01 -8.988020508362615235e-02 -1.282228798300916878e-02
1.344559693751204987e-01 1.654735359364434277e-02 -1.303496070827404596e-01 -3.388076813230472828e-01 -1.225260405345685033e-01 -3.184724881361575277e-01 -1.344559693751204987e-01 -1.654758013925188009e-02
-3.206702747878119597e-01 -2.999604088122928003e-01 -2.446040725502284241e-01 -1.125052763009259937e-02 -2.375852150977338928e-01 -1.092769633428596239e-02 3.206702747878119597e-01 3.013098744017914665e-01
-4.974449903749655899e-02 -3.740707206233392368e-01 -9.396013405838288257e-03 4.294246085722447370e-01 -8.633308011820594111e-03 3.945667969520018636e-01 4.974449903749655899e-02 3.766878859216223341e-01
-4.605010780814347005e-01 4.885659238096916601e-01 4.686694801028133961e-01 -4.809774444206327271e-02 4.239722022477585561e-01 -4.351063489301239956e-02 4.605010780814347005e-01 -4.943968765664606968e-01
-4.288715751206495508e-01 4.560124787753223607e-01 -4.489780588952586582e-01 2.208462404887154840e-01 -4.015212749508963452e-01 1.975028897120962024e-01 4.288715751206495508e-01 -4.607538088039674906e-01
5.382648031056069815e-02 -3.501536117114837365e-01 4.256480793845102140e-01 3.312552925689248307e-01 3.746306522910213266e-01 2.915516182039314397e-01 -5.382648031056069815e-02 3.523001855656827663e-01
-3.273870399158023137e-01 3.348685201617501717e-01 -1.655741722295716034e-01 -1.999064697725551065e-01 -1.602631188953912711e-01 -1.934941537179855620e-01 3.273870399158023137e-01 -3.367460764815785046e-01
4.673682786626924823e-01 -1.574278888055840042e-01 -3.957948718390664755e-01 -4.843742704152813605e-01 -3.355553274202602299e-01 -4.106530389035390471e-01 -4.673682786626924823e-01 1.576229698259183631e-01
-1.379031304226459032e-01 3.875494305403858197e-01 5.213347735067963562e-02 2.577181244625870171e-02 5.204554039951482525e-02 2.572834144206554222e-02 1.379031304226459032e-01 -3.904598213718502020e-01
-2.060360404230965337e-02 -3.514193900005301296e-01 4.591068636267684466e-01 -4.545083618113067159e-01 3.856329766587074381e-01 -3.817704032934166047e-01 2.060360404230965337e-02 3.535893272048384883e-01
-8.279463613914850306e-02 1.950292184544354379e-01 -3.127193530558916024e-01 -2.112495370030139652e-01 -2.925781609043625053e-01 -1.976436713118719934e-01 8.279463613914850306e-02 -1.954001288841674122e-01
-4.475150464074191259e-01 -9.079974436687554551e-02 -2.531152882358532752e-01 -4.244285270505107066e-01 -2.269196319964038866e-01 -3.805031526872241776e-01 4.475150464074191259e-01 9.083717471633596940e-02
-3.202611972352967795e-01 -1.485140391077046651e-01 -4.680893351811378222e-01 -1.237998564375922816e-01 -4.213032444103602114e-01 -1.114259122235951027e-01 3.202611972352967795e-01 1.486778235074320553e-01
-3.988208349798446628e-01 3.514869157164518532e-01 4.303165834034001769e-01 -9.271123078102128101e-02 3.938475651494930951e-01 -8.485402123321805767e-02 3.988208349798446628e-01 -3.536581040303273804e-01
3.982937013336966814e-01 -4.091835558207944645e-01 -2.351465580280542866e-02 -1.677340055689512388e-01 -2.318445365770878397e-02 -1.653786179796541689e-01 -3.982937013336966814e-01 4.126090601483419773e-01
4.535701855415187334e-01 -1.538197158547749410e-03 4.486816969185294379e-01 -4.080827902448398437e-01 3.836362346218403774e-01 -3.489229583883195485e-01 -4.535701855415187334e-01 1.538197340520357182e-03
-5.045674944828104636e-03 3.777973551387822093e-01 -1.755918367340190134e-01 -3.166468411527704196e-01 -1.651027317816364248e-01 -2.977317138241412642e-01 5.045674944828104636e-03 -3.804935218604956759e-01
3.864912391013521908e-01 2.273177996963284819e-01 2.910108085769125275e-02 4.306246596966395446e-01 2.671866144888909722e-02 3.953706925953127671e-01 -3.864912391013521908e-01 -2.279051136719519588e-01
4.461600449633925658e-01 -2.258780197705744230e-01 3.192242344243867436e-02 -9.829371825120658546e-02 3.175330015600615757e-02 -9.777296340637811611e-02 -4.461600449633925658e-01 2.264542445355580413e-01
5.859623109564038312e-02 -6.114517775468120142e-03 -4.508121154383500917e-01 -6.610302113008614810e-02 -4.102360444447629151e-01 -6.015331217948060444e-02 -5.859623109564038312e-02 6.114529205742087921e-03
-6.157882852121565609e-02 2.189827254432048509e-01 -4.899997836815506158e-02 3.040286693988160094e-01 -4.682973121573925229e-02 2.905630031681475933e-01 6.157882852121565609e-02 -2.195077741272546124e-01
-5.538115224838846551e-02 -4.885750046135951541e-01 2.953861618347513041e-01 -1.845643630121903689e-01 2.789497295751339756e-01 -1.742944856714692681e-01 5.538115224838846551e-02 4.944062825100442038e-01
-3.491186066038861613e-01 -2.758806163995002336e-01 -5.583626509814121341e-02 3.710584972548087723e-01 -5.227706598774740226e-02 3.474059289640735737e-01 3.491186066038861613e-01 2.769304816646935841e-01
1.152320365860689533e-01 -2.622621252096890565e-01 1.683852632272924144e-01 1.981987963824014543e-01 1.629642725107078027e-01 1.918179895669206159e-01 -1.152320365860689533e-01 2.631640633093119686e-01
-1.351240195179572723e-01 -3.929113137275128675e-01 -7.560542998198505060e-02 -3.510893228861480253e-01 -7.115573087967792809e-02 -3.304262323482282659e-01 1.351240195179572723e-01 3.959441824152198919e-01
2.643768843088056819e-02 2.104591577505813271e-01 4.114224156847634539e-01 -2.326485614464407492e-01 3.719673492411232352e-01 -2.103377584859141280e-01 -2.643768843088056819e-02 -2.109252517249554926e-01
-3.738691285600523884e-01 4.316989435540808939e-01 9.527746379392398879e-02 4.500121556731815353e-01 8.655906859705443657e-02 4.088336475525216618e-01 3.738691285600523884e-01 -4.357216001721390120e-01
-3.119142749608969645e-01 4.722642158404699586e-01 -3.136834654252798060e-01 1.575945778054572699e-01 -2.959760902582471709e-01 1.486983922519471979e-01 3.119142749608969645e-01 -4.775307526432114313e-01
-4.850208023367696963e-01 2.404625435819885970e-01 -2.655450693102725523e-01 4.962290814515100124e-01 -2.314117165752868910e-01 4.324434411512136367e-01 4.850208023367696963e-01 -2.411577476655613061e-01
2.463002634900828269e-01 4.660308087589983828e-01 2.253811776696136304e-01 4.717478278521128887e-01 1.997307783304894668e-01 4.180586941946907720e-01 -2.463002634900828269e-01 -4.710915471713778557e-01
-2.177727152458553972e-01 2.421290955357257024e-01 4.250216898088716722e-01 4.859473308228072774e-01 3.570743227632373062e-01 4.082599034656014814e-01 2.177727152458553972e-01 -2.428388545934397624e-01
-1.453941082622954850e-01 2.223053704000559350e-01 3.752038916128938029e-01 5.941273097228783051e-02 3.507485617434223935e-01 5.554028197361777358e-02 1.453941082622954850e-01 -2.228546833879601896e-01
4.090558269205701869e-02 1.548018210118332627e-01 2.134364904364951521e-01 5.536370319337990953e-02 2.084296723702901422e-01 5.406497499187257194e-02 -4.090558269205701869e-02 -1.549873014870571664e-01
-3.970467465607715463e-01 -3.878798667866126815e-01 1.370198864972820285e-01 1.187447783890037689e-01 1.348216905569864232e-01 1.168397681276561323e-01 3.970467465607715463e-01 3.907977084262962975e-01
-4.075694720356554113e-01 4.826472800444191469e-01 1.214737315891956104e-01 -1.460457348422062873e-01 1.193396151094553437e-01 -1.434799240661236430e-01 4.075694720356554113e-01 -4.882688755529709379e-01
4.389926354427292621e-01 1.026223841510582879e-01 1.278359805605855382e-02 3.323658828661630871e-01 1.213020970705342219e-02 3.153781776427002637e-01 -4.389926354427292621e-01 -1.026764217824579078e-01
-3.150211587132930591e-01 -2.070013323475052847e-01 3.315119484752336865e-01 1.205609814365341537e-01 3.126309603946757498e-01 1.136945307280353978e-01 3.150211587132930591e-01 2.074448280610241280e-01
-6.235439475792237118e-02 -2.161415197468491423e-01 1.231132546542557105e-01 1.876203243537266641e-02 1.221695427202798279e-01 1.861821401415857113e-02 6.235439475792237118e-02 2.166463956076891961e-01
-3.441092882046988821e-01 2.788460799616722108e-01 8.545041126892105599e-02 -2.277599196774287016e-01 8.302904047526751818e-02 -2.213059868141191988e-01 3.441092882046988821e-01 -2.799301657095185636e-01
2.965692403798780852e-02 -1.160867705102804903e-01 -4.152793743299851847e-01 -4.357312754962808787e-01 -3.557959514647740518e-01 -3.733183811459157564e-01 -2.965692403798780852e-02 1.161649905789178122e-01
-3.936704377873936345e-01 -4.665039511251592996e-01 1.194080589306802942e-01 -4.151522377500149741e-02 1.184651680575067173e-01 -4.118740397836673228e-02 3.936704377873936345e-01 4.715801190854138070e-01
-1.185303901435302842e-01 -4.632353575983050309e-02 -4.737518291640957502e-01 -3.402831512272442849e-01 -4.092236063805639867e-01 -2.939342705683198331e-01 1.185303901435302842e-01 4.632850597403415788e-02
3.330600433851461650e-01 9.360257028519136657e-02 -5.036861217504895460e-02 -3.080653817977978548e-01 -4.808054030451409250e-02 -2.940710368290020416e-01 -3.330600433851461650e-01 -9.364357495580898083e-02
-1.117236590693078124e-01 -9.277276018978608541e-02 -2.809459453657059402e-02 1.420640505598533831e-01 -2.780455565498583456e-02 1.405974304139692432e-01 1.117236590693078124e-01 9.281268394998073989e-02
2.119454425744000670e-01 -1.441614725561596311e-01 -3.303916918141119874e-01 1.957846683141173383e-01 -3.084285733954320041e-01 1.827696865174071594e-01 -2.119454425744000670e-01 1.443112745637939731e-01
2.814469338073682936e-01 -3.253857016868382246e-01 6.891372348700408601e-03 -3.422576660103163748e-01 6.519925354069539512e-03 -3.238098772396396097e-01 -2.814469338073682936e-01 3.271082261531403357e-01
2.583082384989843217e-01 -3.875669821807780080e-01 2.553708075514679043e-01 4.324984745343902759e-01 2.282035540210257119e-01 3.864877506702806276e-01 -2.583082384989843217e-01 3.904777684542897753e-01
-4.188574780680328624e-01 4.006121199543264400e-01 1.775425037671496398e-02 4.395027915615857816e-01 1.625156339490748530e-02 4.023040865003000288e-01 4.188574780680328624e-01 -4.038268333261483822e-01
4.363029088679247769e-01 2.924197679550095685e-01 -3.253046509247200513e-01 -1.586960314241890879e-01 -3.058845355811087852e-01 -1.492221575460553618e-01 -4.363029088679247769e-01 -2.936699987407301871e-01
-2.237654916719689080e-02 -2.148895033668929422e-02 -2.257877761505602265e-01 -2.539547579832659441e-01 -2.137818680769638102e-01 -2.404511151768174704e-01 2.237654916719689080e-02 2.148944648967695409e-02
1.270596382623719878e-01 -4.912583634016596257e-01 1.537277398148131358e-01 1.460859842356161398e-01 1.503833095172080470e-01 1.429078044723436636e-01 -1.270596382623719878e-01 4.971862498448660905e-01
-2.754021060851941094e-02 5.608526396485524756e-02 -3.450828202229404562e-01 1.176849298809587996e-01 -3.242062903014417685e-01 1.105653260757561568e-01 2.754021060851941094e-02 -5.609408493412283703e-02
-3.026351050994395830e-01 4.314601224981582384e-01 1.372309655678316531e-02 2.244284554850491942e-01 1.338882364932828320e-02 2.189617335961389077e-01 3.026351050994395830e-01 -4.354761066625629229e-01
1.823072541774541921e-01 2.948419203488635842e-01 8.720088723155472454e-02 -1.465038234884067370e-01 8.596051345411370725e-02 -1.444199054605164179e-01 -1.823072541774541921e-01 -2.961234766721910772e-01
-3.987317584482154009e-01 -1.653366476692590403e-01 3.462740689582095577e-01 -3.548012087714984553e-01 3.102398735713622901e-01 -3.178796566644455646e-01 3.987317584482154009e-01 1.655626315110444446e-01
2.843129158676129808e-01 -9.474117229779510652e-02 4.695772538380493799e-02 -4.115002879538546265e-01 4.338393608511720290e-02 -3.801824310202732149e-01 -2.843129158676129808e-01 9.478369161355913730e-02
-4.952955729071322200e-01 3.919158848241579562e-01 1.118121396893716479e-01 -3.599740408217111387e-02 1.110486525172523220e-01 -3.575160289884087711e-02 4.952955729071322200e-01 -3.949257608190024360e-01
9.820890473843213453e-02 -2.278752309680043275e-02 -3.782896192261997470e-02 3.659537718995138356e-01 -3.550249957467412759e-02 3.434477968966973549e-01 -9.820890473843213453e-02 2.278811474203373474e-02
1.756317627705831219e-01 3.817976402192847507e-01 3.259519449379875145e-01 -4.556748964189082374e-01 2.843642643073845400e-01 -3.975360745528261908e-01 -1.756317627705831219e-01 -3.845803615929795360e-01
2.377728783519506006e-02 -2.288115041150828866e-01 9.859924606580416917e-02 -5.204796783904164226e-02 9.799206716218568369e-02 -5.172745394761707471e-02 -2.377728783519506006e-02 2.294104720483223780e-01
-1.966953174918236735e-01 2.598916999813388751e-01 -3.858162025678211204e-01 2.780569911257838589e-01 -3.484216624916067206e-01 2.511068184038465767e-01 1.966953174918236735e-01 -2.607694022765130182e-01
-4.031250795067272685e-01 2.334848073492588050e-01 4.425924120101376591e-02 4.086372772559110356e-01 4.093617306291883612e-02 3.779560120729038020e-01 4.031250795067272685e-01 -2.341212303754676982e-01
6.887794538800173783e-03 1.669505081243419786e-01 -1.790417493346385669e-02 -1.972884134726422545e-01 -1.756287864751557293e-02 -1.935276256659395899e-01 -6.887794538800173783e-03 -1.671831742938565124e-01
2.244756851016784793e-01 -5.262743518261814302e-02 4.422463581740565530e-02 1.103501278877649927e-02 4.417876694876416571e-02 1.102356750397742377e-02 -2.244756851016784793e-01 5.263472315334277035e-02
3.591044903080122808e-01 -7.859545568868930854e-02 -1.212741173660492056e-01 7.478063524000955198e-02 -1.200616407001017794e-01 7.403299198964011230e-02 -3.591044903080122808e-01 7.861973086054674376e-02
-4.214129831209645349e-01 3.238624677468310287e-01 -1.596224215462547225e-01 1.370592920883660915e-01 -1.562027314318281124e-01 1.341229858871155756e-01 4.214129831209645349e-01 -3.255609142281045143e-01
-8.839068393276405811e-02 -1.942583121529199985e-01 2.386961629554137376e-01 1.845750391101257382e-01 2.285200678139222841e-01 1.767062357935010597e-01 8.839068393276405811e-02 1.946248415709122825e-01
-1.519560896116783910e-01 4.410513734668115582e-01 -6.338998976948406749e-02 3.322888433583292001e-01 -6.004729837811692561e-02 3.147665332872847666e-01 1.519560896116783910e-01 -4.453411783658834389e-01
5.744217977095722460e-02 4.442388583129354140e-01 -3.826169189691243089e-01 3.133474470409266521e-01 -3.429670160794976996e-01 2.808758148941847277e-01 -5.744217977095722460e-02 -4.486223444492229984e-01
-1.847129027939183876e-01 1.417205906884468902e-01 3.812597684187738478e-01 -2.436245380526054216e-01 3.473596550417390461e-01 -2.219624059696327367e-01 1.847129027939183876e-01 -1.418629116488341890e-01
5.971796283556574103e-02 -4.194473182469153905e-01 -1.248914727242089739e-03 -1.858736023188378716e-01 -1.227882833329004345e-03 -1.827434655689530729e-01 -5.971796283556574103e-02 4.231371135230863056e-01
-1.193238986569045146e-02 -2.645175176624210422e-01 2.359958355297242516e-02 -4.167467134913291904e-01 2.177844524940449403e-02 -3.845871035083167078e-01 1.193238986569045146e-02 2.654429258118526924e-01
2.782106620289624965e-01 3.774793169210617361e-01 -3.110153464164522319e-02 -3.638337332278696046e-02 -3.106596807565122076e-02 -3.634176664121065853e-02 -2.782106620289624965e-01 -3.801686802938322174e-01
-2.840767439528196769e-01 -3.597336254482582651e-01 -2.227709880182768831e-01 -3.269111184421069627e-02 -2.173302450547837661e-01 -3.189269577433824499e-02 2.840767439528196769e-01 3.620612509576190408e-01
3.227976594500294727e-01 2.467390663134125806e-01 4.132406999620245047e-01 -6.271901789635248026e-02 3.812758670402442429e-01 -5.786760096607603682e-02 -3.227976594500294727e-01 -2.474901420896322424e-01
-2.124785639291707495e-01 1.423633431323196863e-01 4.941003337584308763e-01 -9.528681491768775658e-03 4.429610320033419146e-01 -8.542464553947531555e-03 2.124785639291707495e-01 -1.425076093143444467e-01
1.640850174178757337e-01 3.127187003953944000e-01 -3.395930890292538917e-01 1.328958754008205956e-01 -3.190412260461960581e-01 1.248531386358921746e-01 -1.640850174178757337e-01 -3.142477851632654029e-01
-2.961323059341102182e-01 -2.663250221494024572e-01 4.081962921030128921e-01 2.240510837034127567e-01 3.700456747884021680e-01 2.031109445628651033e-01 2.961323059341102182e-01 2.672695307562116263e-01
2.422773021539670335e-02 -3.176591475354501037e-01 3.847728690854568256e-01 5.938841444674147763e-02 3.585567669804582969e-01 5.534204615500010888e-02 -2.422773021539670335e-02 3.192618544205815256e-01
-3.792544067492773507e-01 1.046720964909135798e-01 -4.172023291271110823e-01 -2.347798562511882459e-01 -3.763042246110502309e-01 -2.117645218945544416e-01 3.792544067492773507e-01 -1.047294371621738107e-01
-4.737664249244599723e-03 1.111529273569142884e-01 3.808383303713358536e-01 4.230664213628592130e-01 3.309732410099435751e-01 3.676721944044184509e-01 4.737664249244599723e-03 -1.112215919291776184e-01
4.779527947265327370e-03 -2.694814880619555986e-02 -2.830736851429500600e-01 -3.823986269180277286e-01 -2.556175175528315746e-01 -3.453086346724025257e-01 -4.779527947265327370e-03 2.694912729714915925e-02
4.193263756318499347e-02 -9.175849302185279388e-02 -3.878384696328018855e-02 -5.730820115238210999e-02 -3.869132250491657404e-02 -5.717148417646072955e-02 -4.193263756318499347e-02 9.179712160878260307e-02
-4.106210286722046243e-01 -2.579567577996690897e-01 1.509041325609910000e-01 2.349752070149909722e-01 1.453431916317350081e-01 2.263161781078671941e-01 4.106210286722046243e-01 2.588150017159562832e-01
-1.270728435916070875e-01 4.829571864645122448e-01 1.866042521292562428e-01 1.122012036980890581e-01 1.823320960185536299e-01 1.096324462740891348e-01 1.270728435916070875e-01 -4.885896177582770283e-01
-4.188736467922763440e-01 4.919636574167255416e-01 -1.115731813793253702e-01 -3.274211402018327721e-01 -1.054430739088759866e-01 -3.094318102148128635e-01 4.188736467922763440e-01 -4.979171123295352830e-01
3.303070796838867285e-01 3.471932192008350126e-01 2.435169766776681399e-01 4.660084365922380067e-01 2.155385182845356851e-01 4.124672098904024198e-01 -3.303070796838867285e-01 -3.492858070940256798e-01
-2.311480985952961698e-01 -1.853412200135513554e-01 -4.322687523610563298e-01 -1.490108225951191079e-01 -3.931242426987003880e-01 -1.355170052580791651e-01 2.311480985952961698e-01 1.856595562347453099e-01
-1.665829363856827783e-01 -1.514256393438816461e-01 4.231535957787361246e-01 4.854586482581275675e-01 3.557635070872439131e-01 4.081460561201332715e-01 1.665829363856827783e-01 1.515992467516137365e-01
-3.360394397779525866e-01 -1.173427389039185531e-01 -2.356818374401057348e-01 4.054918946274461700e-01 -2.133789678750595831e-01 3.671196851530625360e-01 3.360394397779525866e-01 1.174235253804577217e-01
3.558314238699519239e-01 1.060083260511150982e-01 -4.637663406280835288e-01 7.885386495414237196e-02 -4.196512809950304623e-01 7.135301236954655346e-02 -3.558314238699519239e-01 -1.060678908849439078e-01
1.448679599442260768e-01 4.798866011816170785e-01 -5.175980162367010973e-02 -8.578147234121413778e-02 -5.150197051099000833e-02 -8.535416907174105117e-02 -1.448679599442260768e-01 -4.854122830442498815e-01
9.485650148552926542e-02 8.269180868341463597e-02 1.448715670360982699e-01 -4.698799575334162704e-01 1.300054956083366298e-01 -4.216629805649485530e-01 -9.485650148552926542e-02 -8.272008074497851082e-02
1.252876099944961741e-01 2.558188609217491027e-01 -2.002689113549998012e-01 2.079438852805610694e-01 -1.924108174591245557e-01 1.997846429670537549e-01 -1.252876099944961741e-01 -2.566559423118135452e-01
-2.530620268336729595e-01 -4.082647213612922155e-01 -1.157876883016720759e-01 3.789072693772899125e-01 -1.076465028513693134e-01 3.522657983045506813e-01 2.530620268336729595e-01 4.116672012374595346e-01
4.209482505872631508e-01 2.271926755626940686e-02 2.430365110319494537e-01 -2.890600725059039311e-01 2.273631835034621296e-01 -2.704187038796165843e-01 -4.209482505872631508e-01 -2.271985390094069177e-02
-2.990066169965650555e-01 3.840558166470010582e-01 4.487289369194511490e-01 -4.083953905854518229e-01 3.836348916106130935e-01 -3.491522576571602365e-01 2.990066169965650555e-01 -3.868882066013874521e-01
2.323618629404881064e-01 -4.651765900173188140e-01 -2.332008415546414914e-01 -1.056246573402256361e-01 -2.259151715725599696e-01 -1.023247275877379459e-01 -2.323618629404881064e-01 4.702095509191547285e-01
6.306242996186417482e-02 -2.896012948172559387e-01 -7.947663330650023283e-02 3.223860452592928194e-01 -7.542741224701927927e-02 3.059609362752168660e-01 -6.306242996186417482e-02 2.908157220632198725e-01
2.242834324397249279e-01 8.240681894772239335e-02 4.226554197270959712e-01 -4.309801259012915331e-01 3.618416337532607274e-01 -3.689685393647674783e-01 -2.242834324397249279e-01 -8.243479970434990090e-02
3.307191004919153299e-01 4.398861679049707041e-01 -3.331220798734959576e-01 -4.505514488130836215e-01 -2.906104334366827469e-01 -3.930539575005611574e-01 -3.307191004919153299e-01 -4.441420630760685162e-01
4.587270713182367565e-02 4.173236272337961239e-01 4.862658570259368318e-01 -4.993396174044183455e-01 3.989278883950970189e-01 -4.096534771770643513e-01 -4.587270713182367565e-02 -4.209576607190478881e-01
3.863905499479094452e-01 -2.872257728367897389e-01 5.214730748414708739e-02 1.437611511691350152e-01 5.154802425895149004e-02 1.421090304655557857e-01 -3.863905499479094452e-01 2.884105596841879393e-01
3.644172191561194651e-01 5.522716198605748250e-02 4.010915878674035095e-01 3.330796218879374937e-01 3.556569720148736735e-01 2.953492253237810505e-01 -3.644172191561194651e-01 -5.523558423711594917e-02
-4.246328663873475406e-01 2.608324884595673021e-01 1.857486773727846652e-01 -4.203309632818693631e-01 1.687801082025056354e-01 -3.819327624131538257e-01 4.246328663873475406e-01 -2.617197569498389553e-01
2.367869627245871023e-01 3.855060670556261782e-01 3.863935559424798161e-01 3.851815970911900422e-01 3.391943468986947097e-01 3.381304326984990172e-01 -2.367869627245871023e-01 -3.883706648705027020e-01
-4.767483664429589263e-01 -2.584700782586574208e-01 -1.656520035642194966e-01 -4.294849657988912828e-01 -1.504747646100787761e-01 -3.901350285033022280e-01 4.767483664429589263e-01 2.593334559589096644e-01
-4.725269917981274048e-01 2.628533291135328742e-01 8.254809541179197740e-02 -3.430102830278269899e-01 7.784542141557861117e-02 -3.234693653315197093e-01 4.725269917981274048e-01 -2.637613805502553865e-01
4.974373324496400572e-01 4.249686816733255768e-02 2.094388380612904887e-01 -4.526434142559999652e-01 1.874214742339470607e-01 -4.050590462945581338e-01 -4.974373324496400572e-01 -4.250070560011417337e-02
4.897792086946166634e-01 1.726752318819951837e-01 -5.140716749676832453e-02 -6.804353969722454210e-02 -5.122124857122811042e-02 -6.779745374449711037e-02 -4.897792086946166634e-01 -1.729326624695907699e-01
-7.744403034798152952e-02 4.345980932258370899e-01 -2.262512009607561270e-01 1.151876218732371671e-01 -2.192939599525241257e-01 1.116455940601949332e-01 7.744403034798152952e-02 -4.387023398909608018e-01
-2.355541634174840304e-02 2.224509200804234421e-01 -1.491759708621799296e-01 2.926996532731352962e-01 -1.417239952201952702e-01 2.780780578915043599e-01 2.355541634174840304e-02 -2.230013127276472273e-01
-1.515291384199330960e-01 2.949897443896698501e-02 4.325287308043679335e-02 3.965372239786557618e-01 4.017465454300862826e-02 3.683164805528626462e-01 1.515291384199330960e-01 -2.950025792384746576e-02
-1.016970051665284647e-01 3.191810602303503108e-01 -5.765064625576565849e-02 2.439453194669900515e-01 -5.592058190863769679e-02 2.366246539190930420e-01 1.016970051665284647e-01 -3.208069134798194888e-01
-4.297703575269160581e-01 1.511573866241966435e-01 3.622158326475841683e-01 -6.544913090802739752e-03 3.405567160333489718e-01 -6.153552407235788127e-03 4.297703575269160581e-01 -1.513300730213072709e-01
-1.974417124460582373e-01 -3.723991678361595614e-01 3.727393663979916560e-01 6.700078516933316575e-02 3.485793535117923669e-01 6.265796555057534523e-02 1.974417124460582373e-01 3.749814048965063318e-01
-2.973581898012539471e-01 -2.350452621454621749e-01 4.061141474574276877e-01 1.571286789354677804e-01 3.723439769964934087e-01 1.440627409346045829e-01 2.973581898012539471e-01 2.356945309079796214e-01
1.024826641333638211e-01 3.600716221075433987e-01 4.706445381364909863e-02 -2.493655916048653776e-01 4.561849410541586602e-02 -2.417043405148588953e-01 -1.024826641333638211e-01 -3.624058147183376599e-01
-3.378192587392619961e-01 -8.269765346457791377e-02 -2.308178901066354483e-01 1.579979063476601997e-01 -2.222857895270221040e-01 1.521575703680540237e-01 3.378192587392619961e-01 8.272593152150077567e-02
-3.751042892606274437e-01 -1.308152322896246611e-01 -3.908693847946496103e-01 -2.797482737432533950e-01 -3.522864429616569537e-01 -2.521341607080597735e-01 3.751042892606274437e-01 1.309271618903410650e-01
4.118263401258860368e-01 -2.322529920139182469e-02 -4.830154407662793359e-01 -3.994806310451077813e-01 -4.092633060270066681e-01 -3.384835141003003089e-01 -4.118263401258860368e-01 2.322592560457633140e-02
-2.637976018972659764e-01 2.849340773681089400e-01 -3.124074736527304719e-02 3.943750715226389536e-01 -2.905006804848095717e-02 3.667205054477118975e-01 2.637976018972659764e-01 -2.860907306190109689e-01
-1.735010487846038174e-01 1.315724193362413086e-01 4.887751605781801567e-01 1.738458575308945431e-01 4.338675578943412825e-01 1.543165114359617840e-01 1.735010487846038174e-01 -1.316863038274493081e-01
-1.201088030123779182e-01 3.950485801127543439e-01 -3.309991801345579798e-01 6.359877410119407770e-02 -3.136615476456550144e-01 6.026749040537642682e-02 1.201088030123779182e-01 -3.981312109594055682e-01
1.768335490554170386e-01 -2.703534440548884810e-01 -1.829210289415705848e-01 3.505948384835206877e-01 -1.701037713735375212e-01 3.260286944329007786e-01 -1.768335490554170386e-01 2.713414640272057143e-01
-2.027879252776154662e-01 2.439970954473589249e-01 -4.858691522590679046e-01 1.560462448188946194e-01 -4.327746468062217411e-01 1.389939208384348424e-01 2.027879252776154662e-01 -2.447234087088507870e-01
-1.619046198715874407e-01 3.727796831872076666e-02 1.255838629825177799e-01 9.899635975333187510e-02 1.240083268511416037e-01 9.775438217785467621e-02 1.619046198715874407e-01 -3.728055847941733753e-02
8.399725456606521590e-02 3.981169843210839998e-01 2.927875116448401815e-01 -4.963595932735346272e-01 2.536790267288799305e-01 -4.300593895613716300e-01 -8.399725456606521590e-02 -4.012720043558378746e-01
-4.173182753912603182e-01 -2.927591620223306546e-01 1.208423924248107628e-01 -3.364345539398481133e-01 1.137902324670169024e-01 -3.168007959340300994e-01 4.173182753912603182e-01 2.940137510659293074e-01
4.284092125981231458e-02 2.964256166405766502e-01 -1.668059838383584292e-02 8.118276569992477487e-02 -1.662360328976720050e-02 8.090537640840489431e-02 -4.284092125981231458e-02 -2.977279351116076667e-01
2.672712520423213833e-01 -4.017533879812110742e-01 3.814275904771580183e-01 -2.310139851597482474e-01 3.483604728112169591e-01 -2.109866803174342276e-01 -2.672712520423213833e-01 4.049956540244530334e-01
4.834357810457761140e-01 1.418664607423729684e-01 8.224940972432459585e-02 2.689548916210058316e-01 7.917746658582826280e-02 2.589096628874574813e-01 -4.834357810457761140e-01 -1.420092216192525014e-01
-1.123515509611059393e-01 1.345677655954868879e-01 -1.659064976398593183e-01 6.829479232974133840e-02 -1.632990851124168363e-01 6.722146066634741846e-02 1.123515509611059393e-01 -1.346896065038841739e-01
3.176954164172440809e-01 2.775055371282192374e-01 -3.296020480287412679e-01 3.322359888170994813e-01 -2.985278104413586209e-01 3.009134284345823529e-01 -3.176954164172440809e-01 -2.785740628072674308e-01
2.214637884118861866e-01 4.709861293814032734e-02 -3.925626643363827606e-01 -3.790380672444809695e-01 -3.445952130652336076e-01 -3.327231940478779793e-01 -2.214637884118861866e-01 -4.710383683214313527e-02
-3.609129201424782218e-01 -1.107090210793748586e-02 2.115141999707180753e-01 2.107622715743114883e-01 2.026720630605960138e-01 2.019515682692549774e-01 3.609129201424782218e-01 1.107096995312329551e-02
1.326925949445533215e-01 1.541492773012568263e-01 3.548248703246918989e-01 1.550916351787833269e-01 3.308825004291676697e-01 1.446265815489343187e-01 -1.326925949445533215e-01 -1.543324220552484138e-01
1.429876012693234166e-01 -3.825213986695975565e-01 2.219733152912193308e-01 4.119463398741629589e-01 2.010499244814217268e-01 3.731159324869297023e-01 -1.429876012693234166e-01 3.853199753409858319e-01
-2.841922700164404292e-01 4.398783858142654157e-01 9.439535547283950390e-02 1.436089395943201952e-01 9.303155437128461658e-02 1.415341126176029307e-01 2.841922700164404292e-01 -4.441340551143624360e-01
3.983157458733268541e-01 -4.629441985419957550e-02 -1.291924738861625066e-01 1.763890967729696557e-01 -1.262110059262014083e-01 1.723184382841595474e-01 -3.983157458733268541e-01 4.629938070245040449e-02
-3.407329510453083188e-04 -6.826991340809440700e-02 3.264902532023195025e-02 -1.275640196618632594e-02 3.262898610669731636e-02 -1.274857238290085827e-02 3.407329510453083188e-04 6.828582296412059882e-02
-1.641103938729617795e-01 3.325613482396650999e-01 2.407172585443076995e-01 -2.301799988495444316e-01 2.283833002774428855e-01 -2.183859525196477913e-01 1.641103938729617795e-01 -3.344003634483347365e-01
-2.108647733804479563e-01 -1.518557363832915286e-01 3.495780049862682315e-01 -1.378152925480953250e-01 3.272379246885284698e-01 -1.290080888400076675e-01 2.108647733804479563e-01 1.520308272976647335e-01
1.316655437677292095e-01 3.492952584694878349e-01 1.371698737526031442e-01 -1.010722724533157368e-01 1.352211023645264742e-01 -9.963633942154699608e-02 -1.316655437677292095e-01 -3.514260849010465981e-01
-3.933761016208214834e-02 -4.136752384889046397e-01 -3.432304498698472983e-01 2.938517733327814518e-01 -3.127839295130139252e-01 2.677854263578533511e-01 3.933761016208214834e-02 4.172147928132881045e-01
2.657485515823240219e-01 -4.095955818703321816e-01 5.931139367718996080e-02 4.968614994469798818e-01 5.304146657792881137e-02 4.443372678142265553e-01 -2.657485515823240219e-01 4.130314445224578246e-01
-2.315164928696653579e-01 1.318244926228893110e-01 -3.778966169611452930e-01 -3.918561867953629374e-01 -3.319026153769170095e-01 -3.441631584184809967e-01 2.315164928696653579e-01 -1.319390329264344131e-01
3.772652169952768197e-01 -1.702009607184069573e-01 -1.491033054398231972e-01 4.241883991724838543e-01 -1.359893077415310070e-01 3.868799996438409550e-01 -3.772652169952768197e-01 1.704474829133499070e-01
4.943048222579423667e-01 4.747291720441634277e-01 2.761566499534569008e-01 2.140835008894846903e-01 2.606998846522582958e-01 2.021010321397174458e-01 -4.943048222579423667e-01 -4.800786051855692738e-01
-4.891968260393950718e-01 3.602378833265809099e-01 -2.904144605733834927e-01 1.905783383590776703e-01 -2.743349713798012290e-01 1.800265141622886811e-01 4.891968260393950718e-01 -3.625753108349004661e-01
-3.618683125236804576e-01 -4.368713979704846873e-01 2.008854033434315234e-02 -3.709030521373735123e-01 1.883139418346197955e-02 -3.476918413383772721e-01 3.618683125236804576e-01 4.410403878543296408e-01
1.117139767584951482e-01 3.837039122169737526e-01 -6.774815796319388905e-02 -2.923795394604342679e-01 -6.488871600405501927e-02 -2.800390958489479276e-01 -1.117139767584951482e-01 -3.865285234773311873e-01
4.713697684849715852e-01 3.268841356175939961e-01 2.560973804274083721e-01 -2.886281920285869163e-01 2.389271563758712247e-01 -2.692769174608813376e-01 -4.713697684849715852e-01 -3.286305670366087006e-01
3.834387295450777389e-01 -6.511351242642715587e-02 1.522208800317098598e-01 -2.067233918723421215e-01 1.474398310133950007e-01 -2.002304937261213946e-01 -3.834387295450777389e-01 6.512731574062997908e-02
-2.384682240856311752e-01 3.325135721914036502e-01 -4.278365114860167573e-01 3.919537056134551056e-01 -3.700542986954520330e-01 3.390177083019043636e-01 2.384682240856311752e-01 -3.343517949304288250e-01
3.159466397256734949e-01 -2.904342209586229240e-01 -2.751162008409204773e-01 -2.982197803299152516e-01 -2.549313847286729939e-01 -2.763398931818849547e-01 -3.159466397256734949e-01 2.916591568619406050e-01
3.128340440206516249e-01 1.146544278555426954e-01 -1.244430797353980322e-01 2.700370666938516351e-01 -1.192820975508690623e-01 2.588379185103387714e-01 -3.128340440206516249e-01 -1.147297881347345561e-01
-4.352132245282344103e-01 -2.821063710387886614e-01 4.265517578481325955e-02 -2.255758920919581634e-02 4.260560511821873814e-02 -2.253137446002900085e-02 4.352132245282344103e-01 2.832289287750380802e-01
4.448013973674562749e-01 -4.569471425998046232e-01 -5.264660175213231597e-02 -3.330709965886391455e-02 -5.254473670594293766e-02 -3.324265429805680488e-02 -4.448013973674562749e-01 4.617176865590433832e-01
2.958041137284612709e-01 -4.961189127087023421e-01 -3.089475776864833989e-01 -3.327376716596471828e-01 -2.813078166241896882e-01 -3.029695478570084699e-01 -2.958041137284612709e-01 5.022244987251612836e-01
-4.130489325342321383e-01 1.766175027959674404e-01 2.136095660408985353e-01 -1.385795895950695522e-01 2.070045424441053217e-01 -1.342945686745453115e-01 4.130489325342321383e-01 -1.768929708393077727e-01
-3.579694370408293969e-01 2.039829484587264430e-01 2.333721540638943326e-01 -3.076569144825375135e-01 2.177044086363509878e-01 -2.870019643044792734e-01 3.579694370408293969e-01 -2.044073252250820649e-01
1.794173154829143968e-01 1.509777414239743543e-03 -2.530543633197132047e-01 1.252774092403480255e-01 -2.435320120397703458e-01 1.205632621196339738e-01 -1.794173154829143968e-01 -1.509777586311177033e-03
9.541512583079114762e-02 2.028587108033953479e-01 3.082798762609241239e-01 1.193964439135134503e-01 2.926996727686357880e-01 1.133622488989362992e-01 -9.541512583079114762e-02 -2.032761094031411975e-01
2.317419147511580180e-01 -3.219947319325130453e-01 -1.424422644322416165e-01 -1.968026359298455930e-01 -1.384160869372771385e-01 -1.912399446395273706e-01 -2.317419147511580180e-01 3.236639624017070838e-01
3.527445826207841195e-01 1.967556468812794446e-01 4.567125873441890693e-02 -1.397265866747097185e-01 4.518565111491399527e-02 -1.382409193859840679e-01 -3.527445826207841195e-01 -1.971364948299068887e-01
-2.972827242174826967e-01 -4.166271667894101416e-01 3.632149379101896614e-01 1.883013519780127876e-01 3.361685755534010167e-01 1.742797188723561597e-01 2.972827242174826967e-01 4.202430363924333223e-01
3.233464806834520644e-01 1.140854642004200947e-01 -3.339525637587260620e-01 -1.543499098252827384e-01 -3.134153350670850213e-01 -1.448577850727798544e-01 -3.233464806834520644e-01 -1.141597081292642230e-01
2.612497166748563027e-01 -1.832353350385977908e-01 6.461283952904228745e-02 -4.729281964223926993e-01 5.831075491537728028e-02 -4.268006228353775078e-01 -2.612497166748563027e-01 1.835429430797674288e-01
2.356461235988567271e-01 -3.073946067407492544e-01 4.027120560718802089e-01 1.984464346409774427e-01 3.673857135265806151e-01 1.810384960870611570e-01 -2.356461235988567271e-01 3.088469147580796825e-01
2.773579181067069577e-01 4.023246164144059778e-01 -1.052438091404006570e-01 3.803161269159615054e-01 -9.789733732446451175e-02 3.537684208764851901e-01 -2.773579181067069577e-01 -4.055807320669331251e-01
-4.947822934462424715e-01 -1.696083878125415056e-01 3.356563450258280845e-01 -2.260743071102122581e-02 3.181360538586674447e-01 -2.142738816313486533e-02 4.947822934462424715e-01 1.698523440813886620e-01
2.827187044851070530e-01 1.460794781274865617e-01 3.212430501969283370e-01 -1.468987589586211451e-01 3.029009631084084719e-01 -1.385112472961500529e-01 -2.827187044851070530e-01 -1.462353391892138033e-01
3.065937981616575492e-01 -2.450533959340082113e-01 2.584236488456470582e-02 -2.755873589105756194e-01 2.490587447753746242e-02 -2.656004664930059489e-01 -3.065937981616575492e-01 2.457891830524355226e-01
-2.133403574253358581e-01 -2.769204571926404679e-01 -9.895041502805079769e-02 2.808257683357706647e-02 -9.843109357804800952e-02 2.793519104932448011e-02 2.133403574253358581e-01 2.779822386194946704e-01
-1.505846172520834969e-01 -3.886705405782153733e-02 -9.575143143684428093e-02 -2.475757449805016108e-02 -9.528655349551141962e-02 -2.463737524784219077e-02 1.505846172520834969e-01 3.886998977948388778e-02
-2.503613594135282172e-01 3.810212597932526313e-01 -4.132930560965830669e-02 -5.094346578225794619e-02 -4.124066440115387033e-02 -5.083420456178177477e-02 2.503613594135282172e-01 -3.837870397830109304e-01
-4.102169283171408498e-01 -9.253356491039532727e-03 -2.450674826660059757e-03 -2.711901920424649726e-01 -2.365236248075480024e-03 -2.617356106830256435e-01 4.102169283171408498e-01 9.253396106789881295e-03
3.454854549566270805e-01 -3.478816500502331932e-01 -1.534151351455689261e-01 3.637347233236388755e-01 -1.426985322707432224e-01 3.383265354160677196e-01 -3.454854549566270805e-01 3.499867104834531450e-01
9.703522967892974638e-02 2.393855327063106886e-01 2.335964760801677587e-01 4.612101658158780371e-01 2.075055091033813914e-01 4.096964640358456422e-01 -9.703522967892974638e-02 -2.400714372898149762e-01
-4.571533263470557440e-01 3.315572286385873868e-01 4.038381256527223684e-02 -1.367071634958110238e-01 3.997966782030920596e-02 -1.353390538940656695e-01 4.571533263470557440e-01 -3.333796361927807705e-01
-1.581190310269886545e-02 9.070163832422106776e-02 -4.161123338089107726e-01 3.692092982214031371e-01 -3.636332977654686549e-01 3.226455545044653594e-01 1.581190310269886545e-02 -9.073894747805626160e-02
-3.351693032359821522e-01 -1.666344222409478215e-01 -2.737409072696224133e-01 -2.828232827958618856e-01 -2.547200724431983310e-01 -2.631713608351133327e-01 3.351693032359821522e-01 1.668657693966463795e-01
-3.643402232847926525e-01 4.136307785642323598e-01 7.538121985912416001e-02 -3.515702070256652156e-01 7.093516535379516819e-02 -3.308342690054647539e-01 3.643402232847926525e-01 -4.171691917658844617e-01
-4.108595967731069054e-01 -2.428597604023552403e-02 -2.155316764032140231e-01 -2.991143004124496851e-02 -2.106034489775322760e-01 -2.922749191980220096e-02 4.108595967731069054e-01 2.428669224415105216e-02
3.185266682804456240e-01 -2.143960794627773891e-01 -1.362761637782827773e-02 -2.754448350145796143e-01 -1.313719207877548506e-02 -2.655322548248762460e-01 -3.185266682804456240e-01 2.148888225299598331e-01
-3.163835855274643727e-01 -7.991636015782188629e-02 4.927053238204175400e-01 -2.140785720259350544e-01 4.340404297505241482e-01 -1.885889007287906705e-01 3.163835855274643727e-01 7.994187994749162030e-02
3.968990610884459702e-01 -1.730987034538034042e-01 3.845646334612403683e-01 4.186458701315888264e-01 3.343213346862662361e-01 3.639498640412356933e-01 -3.968990610884459702e-01 1.733580326710163766e-01
4.165416254268309304e-01 3.637616609718063998e-01 -2.647644697793827273e-02 -2.946627146161295840e-02 -2.645569713664057757e-02 -2.944317846665888555e-02 -4.165416254268309304e-01 -3.661683544275273761e-01
3.189145516073126352e-01 1.234426532954878697e-01 4.909483614175575994e-01 -1.383190769356934524e-02 4.406676300405322766e-01 -1.241530568442105950e-02 -3.189145516073126352e-01 -1.235367048002094931e-01
-4.299787128367305034e-02 -2.852970486193516786e-01 -2.121341353943263508e-01 -1.375478142940915749e-01 -2.056629268374828290e-01 -1.333518814180342515e-01 4.299787128367305034e-02 2.864581278089476934e-01
-2.815297663039421083e-01 -4.983720728400226063e-01 2.256900585547919613e-01 3.823551450163091836e-01 2.062725831670342291e-01 3.494588284249681709e-01 2.815297663039421083e-01 5.045612241168240253e-01
1.149198892672591565e-01 3.672313649020106929e-01 1.481274821636899830e-01 -2.884020253802839218e-01 1.409066263153674892e-01 -2.743431254299426580e-01 -1.149198892672591565e-01 -3.697075853455339400e-01
2.524545866152865248e-01 -3.479294351635864313e-01 -9.623866654449375613e-02 -3.236038484444000440e-01 -9.118232051903613078e-02 -3.066018149410768001e-01 -2.524545866152865248e-01 3.500353631709010038e-01
-1.558229182458237272e-01 1.393464717638582817e-01 3.683027799964390114e-01 1.710184574137167957e-01 3.412414243922735069e-01 1.584527328460304529e-01 1.558229182458237272e-01 -1.394817593459702076e-01
-2.274985546839298767e-01 1.150182040442057074e-01 4.090757712696522219e-01 3.014488181641892250e-01 3.646921676726893602e-01 2.687424449447570751e-01 2.274985546839298767e-01 -1.150942839121951305e-01
-4.030576262369504059e-01 -2.264423165783270298e-01 3.928290314587455923e-01 2.206483614363561330e-01 3.581547372199639923e-01 2.011721374430876230e-01 4.030576262369504059e-01 2.270228707792171507e-01
-4.224990794799676763e-02 1.623829122712576734e-01 -4.541267355654291515e-01 -2.652115779934348661e-01 -4.019342796884982083e-01 -2.347310039632823087e-01 4.224990794799676763e-02 -1.625969996094217829e-01
-5.772616712733047439e-02 -4.654580711447824370e-01 -2.517280679545819133e-03 -4.327581073677715384e-01 -2.310223432021260917e-03 -3.971618771644415125e-01 5.772616712733047439e-02 4.705001740001652499e-01
1.905132929537201036e-04 -3.584281121320376240e-02 2.516005502455511689e-01 1.858024323061563399e-01 2.401291884096907470e-01 1.773310401375512990e-01 -1.905132929537201036e-04 3.584511358893431587e-02
4.102521116894621844e-01 -3.215499708796414335e-01 -1.604957434788722992e-03 -3.322857654368979174e-01 -1.523072525871569912e-03 -3.153325497020216250e-01 -4.102521116894621844e-01 3.232122939342029211e-01
9.757057657531620354e-02 3.064899106726355349e-01 -3.655800005861746804e-01 4.974617709808054622e-01 -3.110764982507320253e-01 4.232963112921686033e-01 -9.757057657531620354e-02 -3.079294334864484672e-01
-4.893508047592780574e-01 3.984194068896165231e-01 4.493269110514830356e-01 -7.385863249175805834e-02 4.089270863564537506e-01 -6.721786441957879055e-02 4.893508047592780574e-01 -4.015816223540043528e-01
4.203323669738757706e-01 1.245311304933258700e-01 -2.562141635969407139e-01 2.581945077411496037e-02 -2.481195107220638407e-01 2.500372892446258918e-02 -4.203323669738757706e-01 -1.246276919472398409e-01
-4.706355063585585530e-01 -2.097452882230601556e-01 -4.904406247549460973e-01 1.909591921737774367e-02 -4.402695290582051557e-01 1.714244484736404325e-02 4.706355063585585530e-01 2.102066553474892519e-01
-3.519709807218760478e-01 -2.772838180734905622e-01 -4.180557690803005100e-01 4.399674748192703433e-01 -3.573854698274126496e-01 3.761172415895135401e-01 3.519709807218760478e-01 2.783497846331424164e-01
-1.466489758306637192e-01 7.712616723844045730e-02 1.512703024513365468e-01 -1.552865225047593833e-01 1.478362840573008430e-01 -1.517613310693900208e-01 1.466489758306637192e-01 -7.714910627922927366e-02
3.378794660932200600e-01 -2.030537858389603878e-01 1.750573462741173980e-01 3.050797480656545213e-01 1.651397152229147069e-01 2.877958782543800775e-01 -3.378794660932200600e-01 2.034723897461531428e-01
-3.694766080966539468e-01 -1.410492384521838671e-01 -6.265626245526034754e-02 -2.010516536331994342e-01 -6.131150174371746697e-02 -1.967365803396127211e-01 3.694766080966539468e-01 1.411895463899165981e-01
-1.032060037367465988e-01 -3.343447786134295940e-01 9.140298871077645604e-02 -9.480541126012531628e-02 9.062056952781492869e-02 -9.399386698280198793e-02 1.032060037367465988e-01 3.362135390894306353e-01
-3.471755999954502236e-01 2.466547512332717407e-01 -2.258010670183826507e-01 -2.221191038858211231e-01 -2.152612662873796823e-01 -2.117511675229920010e-01 3.471755999954502236e-01 -2.474050573051508606e-01
-4.482309569842255481e-01 -7.499102728092121861e-02 4.386042569387873513e-01 -3.141586497500121755e-01 3.860095564865732576e-01 -2.764866941848843074e-01 4.482309569842255481e-01 7.501211346109519507e-02
