-3.660543324242070407e-01 3.459350253802692121e-01 -4.360430990750685520e-01 3.002337341843338558e-01 -3.853700640280263157e-01 2.653432507277709296e-01 3.660543324242070407e-01 -3.480049456241254280e-01
3.883164668571938982e-01 -4.676694058200012716e-01 -8.941436023810633849e-02 1.957414312983516425e-01 -8.741322858229789994e-02 1.913606542790753928e-01 -3.883164668571938982e-01 4.727837138815770279e-01
3.373142701482578776e-01 2.159303711937332615e-01 -2.914092539953117011e-01 4.458878262348651145e-01 -2.571968209097715286e-01 3.935390857279397192e-01 -3.373142701482578776e-01 -2.164337688605593446e-01
1.147630611906694797e-01 -2.741472791679038234e-01 -4.143633189509505765e-01 3.970735286825552990e-01 -3.593844562252292429e-01 3.443887227959605557e-01 -1.147630611906694797e-01 2.751774798291913848e-01
4.073449791708838585e-02 -2.690802181529483583e-02 -1.109071341991632043e-01 2.469641586215943763e-01 -1.070534333814331801e-01 2.383828713410036659e-01 -4.073449791708838585e-02 2.690899594170437573e-02
3.788945969180179674e-02 4.244426707062910475e-01 -3.436914113577941299e-01 -1.460003152492675982e-01 -3.219756080738986892e-01 -1.367754291434020997e-01 -3.788945969180179674e-02 -4.282658716088501571e-01
-4.662176938920095104e-01 -4.050195103218817705e-01 -2.612965697668508946e-01 4.876983176679656751e-01 -2.286342274449486844e-01 4.267355219615378004e-01 4.662176938920095104e-01 4.083414966220887954e-01
-3.101162621292784527e-01 1.257970842277678081e-01 2.386656926749405327e-01 8.622147471837049437e-02 2.313334791103464072e-01 8.357260524993631590e-02 3.101162621292784527e-01 -1.258966205819339879e-01
-4.186625220143236348e-03 -7.004369446811398170e-02 1.780089403685894967e-01 -4.568757198427159105e-01 1.598295139455594427e-01 -4.102166109454240539e-01 4.186625220143236348e-03 7.006087660359888725e-02
-3.288056527189089362e-01 1.399421941117375834e-01 4.660580457755978401e-01 3.816680142334364367e-01 3.992189140691351779e-01 3.269315733486122255e-01 3.288056527189089362e-01 -1.400792242325883674e-01
-3.362676915098322672e-01 2.923770821835265377e-01 1.818746083322245743e-01 2.111401577928493367e-01 1.751989438403561694e-01 2.033903082283047004e-01 3.362676915098322672e-01 -2.936267655444664837e-01
-1.397969232240682258e-01 1.931799625492608419e-01 2.190914894955167114e-01 1.870025408575204384e-01 2.105315016350583213e-01 1.796962804304215178e-01 1.397969232240682258e-01 -1.935404218508915974e-01
-6.897661413473366032e-03 1.383805601214482817e-02 -1.050395233715650800e-01 -4.092902715506024913e-01 -9.675610999054551353e-02 -3.770136541092748983e-01 6.897661413473366032e-03 -1.383818850585352526e-02
2.917093180964536181e-01 4.768254743105253546e-01 -2.787397877782784583e-01 -1.705127283795806470e-01 -2.649538200656983977e-01 -1.620794760378135579e-01 -2.917093180964536181e-01 -4.822460866912763877e-01
-3.759398742990948117e-01 2.880407532891519073e-01 2.109754479866620125e-01 4.026777462277622011e-01 1.920611205221722517e-01 3.665769637552153681e-01 3.759398742990948117e-01 -2.892356539970254992e-01
2.681904394283122217e-01 4.027634795060545114e-01 -2.843630211242632599e-01 -7.212099725091858371e-02 -2.728635073820004919e-01 -6.920445628960204820e-02 -2.681904394283122217e-01 -4.060302622785482707e-01
1.568058019753992838e-02 1.264219403260078423e-01 -9.712074704779061207e-02 2.674100123771216975e-01 -9.341381499502675323e-02 2.572034316387862285e-01 -1.568058019753992838e-02 -1.265229673032919611e-01
-2.244481319796979291e-01 -4.429803968831277361e-01 -3.756201194896738871e-01 2.300172901773219758e-01 -3.437533735840249127e-01 2.105031529954659586e-01 2.244481319796979291e-01 4.473267351948504444e-01
-2.896039258702656216e-01 3.322218330116355478e-01 4.927286816929407065e-01 -3.416045957314373105e-02 4.417806038639277566e-01 -3.062827275782055089e-02 2.896039258702656216e-01 -3.340552215611148346e-01
-1.982472281040229545e-01 1.632398816809991215e-01 4.470187250834078974e-02 4.512903124716227676e-02 4.461196100493797223e-02 4.503826057428301360e-02 1.982472281040229545e-01 -1.634573764510784122e-01
2.955946473535243646e-01 2.959891111682018128e-01 4.978893401547824782e-01 -1.873467783023108346e-01 4.395626172542703713e-01 -1.653994845101892652e-01 -2.955946473535243646e-01 -2.972856848680830999e-01
-1.030932283941617955e-01 -1.432963240767094470e-01 -4.882107934960949747e-01 -1.433329531801308399e-03 -4.387178966464883034e-01 -1.288024201370295248e-03 1.030932283941617955e-01 1.434434452411478267e-01
2.786572200824151135e-01 -5.999797969189402114e-02 2.580249583773869260e-01 -3.636387938913369089e-01 2.356603556809655498e-01 -3.321199935336954234e-01 -2.786572200824151135e-01 6.000877860096438116e-02
-2.831523275525587025e-01 -1.586103097054447630e-01 -2.457845813283843217e-02 -1.978590654403145077e-02 -2.456623231706054830e-02 -1.977606463909590065e-02 2.831523275525587025e-01 1.588098195102612131e-01
2.945282929965258312e-01 -1.378133587266621163e-01 -2.873615418183883552e-01 -1.896167743055799937e-01 -2.717093592645197231e-01 -1.792886129659447825e-01 -2.945282929965258312e-01 1.379442298879594020e-01
1.018941719036245974e-01 -4.592578958612486550e-01 -1.902370692758381665e-02 2.861584651165353099e-01 -1.828654405917602699e-02 2.750699114625357877e-01 -1.018941719036245974e-01 4.641011794550303216e-01
1.470533387561590022e-02 -7.810795152026650534e-03 -1.604609919708224197e-01 6.533688384607660993e-03 -1.584309963692326628e-01 6.451030546587294481e-03 -1.470533387561590022e-02 7.810818978279616791e-03
5.306582896392730841e-02 -3.723103601943743568e-01 9.703646914616836927e-02 -4.940480149587311853e-01 8.667081890175043490e-02 -4.412727133420051295e-01 -5.306582896392730841e-02 3.748907503034883959e-01
-1.578515776362351408e-01 3.649330099646941328e-01 -4.946110878422608215e-01 -1.455750728040463571e-01 -4.396183108166124565e-01 -1.293894722059486802e-01 1.578515776362351408e-01 -3.673630277482606843e-01
2.015245041107150969e-01 -3.632897056716251072e-01 -1.073252117158620678e-01 3.163352110959658514e-01 -1.017958538239283062e-01 3.000377301219637194e-01 -2.015245041107150969e-01 3.656870437267920604e-01
3.313639223105210307e-01 -1.783046500064027207e-01 -3.057122032726674599e-01 -9.692400023434266654e-02 -2.911077192743561914e-01 -9.229374669744916382e-02 -3.313639223105210307e-01 1.785880879655073195e-01
-4.434483089856642302e-01 7.185064272038543809e-02 -2.407039746098388333e-01 2.389461517922946143e-01 -2.279498293192023239e-01 2.262851479948407296e-01 4.434483089856642302e-01 -7.186918922092026818e-02
4.499857393072037581e-02 2.485881662136779635e-02 -4.301087736297434239e-01 1.207635172807511870e-01 -3.927029529398478047e-01 1.102609217741234993e-01 -4.499857393072037581e-02 -2.485958471003314046e-02
3.141789859746344504e-01 -4.500489101377955770e-01 2.419687578297583519e-01 -7.802754930316124771e-02 2.345084417688178824e-01 -7.562182476052524416e-02 -3.141789859746344504e-01 4.546066459447105634e-01
-2.950913542061298633e-01 -1.384415958555947901e-01 -1.074360759634466200e-01 -4.647237276517297566e-01 -9.697002388965263175e-02 -4.194519445014823766e-01 2.950913542061298633e-01 1.385742649592644204e-01
3.180664434058865231e-01 -1.934534473827129730e-01 -1.278288738892939813e-01 2.582991521979864924e-01 -1.228295811112964375e-01 2.481972632674415702e-01 -3.180664434058865231e-01 1.938154397591491662e-01
-1.393915774957962261e-01 -7.707810133827319721e-02 -8.015997018584430922e-02 4.064567853065634839e-01 -7.405626377821583617e-02 3.755075112593302400e-01 1.393915774957962261e-01 7.710099751817511837e-02
4.533026918410357764e-01 2.328196283491662522e-01 -2.844615592031982665e-01 1.536010275750988585e-01 -2.706689478965299545e-01 1.461534157586465710e-01 -4.533026918410357764e-01 -2.334506275064509584e-01
-2.254223596779668659e-01 2.758379445370880978e-01 -3.403205228864486509e-01 -4.116402053718706266e-01 -3.001868600538186715e-01 -3.630958828883820155e-01 2.254223596779668659e-01 -2.768873227135795756e-01
2.869854599999133171e-01 2.575614603156000104e-01 1.452684341734723494e-01 2.831256272678847052e-01 1.384285671603993628e-01 2.697948465685299779e-01 -2.869854599999133171e-01 -2.584157647107202527e-01
-3.101835762633096127e-01 -4.466887328862580997e-01 2.018799279451061190e-01 2.283106904067759846e-01 1.931108378946399251e-01 2.183935231874300220e-01 3.101835762633096127e-01 4.511451414354286094e-01
-2.599652382436506981e-01 2.083953725612638364e-01 -2.899602591323491296e-02 -2.112994818201030522e-02 -2.897738142780055884e-02 -2.111636159561784687e-02 2.599652382436506981e-01 -2.088478888512948495e-01
2.098663774109555957e-01 2.815997984155578227e-01 3.545345961009661595e-01 -1.893404005706648130e-01 3.289581736975048520e-01 -1.756812256515074833e-01 -2.098663774109555957e-01 -2.827163197425561214e-01
-3.025562224863247440e-01 4.645324380183465385e-01 -3.618049624647857732e-01 6.859349631302924521e-02 -3.395160558082606084e-01 6.436781066695516917e-02 3.025562224863247440e-01 -4.695445197231541967e-01
1.126150992442608301e-01 -3.211625125047560259e-01 2.968304963236275684e-01 -3.795156946331720293e-01 2.674104659498523495e-01 -3.419004111575180138e-01 -1.126150992442608301e-01 3.228188336442776585e-01
-9.977598971070045231e-02 -1.597297671329838131e-01 3.918405415046197771e-01 -7.762830790707020423e-02 3.638830180424336702e-01 -7.208958740788945496e-02 9.977598971070045231e-02 1.599335311904070411e-01
-3.026498726338142653e-01 -4.612239893231211418e-01 4.832031244345935672e-01 3.564842640382337446e-02 4.348496741183973668e-01 3.208113900893159315e-02 3.026498726338142653e-01 4.661297422082635311e-01
-1.038921655866777982e-01 3.225240363733182791e-01 1.784017359428430316e-01 4.935872063171973245e-01 1.579670176349209643e-01 4.370501134005811972e-01 1.038921655866777982e-01 -3.242015121724753368e-01
-4.843038070490562896e-01 -2.671535707297493234e-01 3.088257978791245639e-01 -3.101171026751796678e-01 2.829164286952875473e-01 -2.840993976822243083e-01 4.843038070490562896e-01 2.681069220100313344e-01
3.311018280041693185e-01 4.878164497309608327e-01 -6.221292858335114584e-02 3.006029613886677110e-01 -5.947381849606447196e-02 2.873680177433963201e-01 -3.311018280041693185e-01 -4.936206090875204788e-01
-1.232267053145164049e-02 1.558302734766259245e-02 -2.443042088851800075e-01 -4.973502608452973206e-01 -2.136909874722513203e-01 -4.350283969506367199e-01 1.232267053145164049e-02 -1.558321654956673283e-02
4.036848115635170986e-01 -1.702438037291772455e-01 -2.059993710560537039e-03 -2.139230865560132200e-01 -2.014412274957354775e-03 -2.091896151168050055e-01 -4.036848115635170986e-01 1.704905121347944086e-01
-4.630694568715800763e-01 -4.790531693860964335e-01 1.355373595695708033e-02 4.293237340947698710e-01 1.245348828911013901e-02 3.944726466389419373e-01 4.630694568715800763e-01 4.845501114247900420e-01
1.439261219721383878e-01 -8.990581383922635617e-02 1.505704422073935733e-01 -8.649551045157455320e-02 1.483504522207109988e-01 -8.522023248678642360e-02 -1.439261219721383878e-01 8.994214952275818298e-02
1.563335217758554663e-01 -4.848103370657330657e-03 -3.014322683660042301e-02 1.405029568918187977e-01 -2.983674115813012354e-02 1.390743724770345802e-01 -1.563335217758554663e-01 4.848109068174177860e-03
1.198924671818559773e-01 -2.541631669781170277e-01 -3.076348630411925855e-01 -2.917284978474391499e-01 -2.832314845092800404e-01 -2.685869043000133072e-01 -1.198924671818559773e-01 2.549841002248021682e-01
-1.666839888549448423e-01 4.838503723981686377e-01 2.728132861973923129e-01 -4.887192708508225625e-01 2.380608103055615876e-01 -4.264634880960652130e-01 1.666839888549448423e-01 -4.895141115488761963e-01
-2.091719723943852305e-02 6.235903237320339354e-02 2.028555396301844338e-01 1.492530996158751844e-01 1.967129991080899809e-01 1.447336607377943951e-01 2.091719723943852305e-02 -6.237115699239330346e-02
-4.625603848616819391e-01 4.972834332434890037e-01 1.631444519267554183e-01 3.823178234942390397e-01 1.506480354716709658e-01 3.530333293900177472e-01 4.625603848616819391e-01 -5.034321144678634008e-01
-1.410215843974561567e-01 -1.771960137284366299e-01 -4.186882889369339944e-01 -9.476669277119253998e-02 -3.847366013514487704e-01 -8.708200411021632670e-02 1.410215843974561567e-01 1.774741975360155932e-01
4.428522424740098939e-01 -4.617452606529584003e-01 -3.946426943949113975e-01 4.389531800711019560e-01 -3.398529405122582281e-01 3.780116320741761515e-01 -4.428522424740098939e-01 4.666676656613783503e-01
9.751325323905102316e-02 -2.766066055311154903e-01 -3.691366005055946031e-01 -4.284523075779345103e-01 -3.213124712839955377e-01 -3.729434295776645203e-01 -9.751325323905102316e-02 2.776647808936860695e-01
1.607324791665454278e-02 4.445094801811496632e-01 5.853835273285934448e-02 2.214734127993462920e-01 5.706031261648434466e-02 2.158814107435015617e-01 -1.607324791665454278e-02 -4.489009822078762757e-01
3.179250966229230091e-01 3.433907043352216748e-01 3.145808350990312308e-01 -2.473189558396886589e-01 2.920648885472456047e-01 -2.296172405105369463e-01 -3.179250966229230091e-01 -3.454152874381901106e-01
-6.804018312468718133e-02 -3.856196333513145502e-01 3.209096689690517090e-01 2.956871722107877742e-01 2.941262624882061139e-01 2.710088577494772499e-01 6.804018312468718133e-02 3.884867635590866786e-01
-1.837048750683815124e-01 2.288759489318236140e-01 1.619472344498900096e-01 -1.129307011865823274e-01 1.588802410151217426e-01 -1.107919939693856326e-01 1.837048750683815124e-01 -2.294754231060189553e-01
-3.992348275038736238e-01 4.570965387898786592e-01 -2.999958870642208675e-01 -4.760732866481048875e-01 -2.614455370975489745e-01 -4.148964752268892164e-01 3.992348275038736238e-01 -4.618717633832508107e-01
-1.020578370004172619e-01 -9.259632961916119953e-02 -4.691365334428576617e-01 -1.257931479913736439e-01 -4.219930551068076241e-01 -1.131522084686425872e-01 1.020578370004172619e-01 9.263602603725309970e-02
4.666301542725804774e-01 -1.640442533802554115e-01 3.571433443851651512e-01 3.722394380341627063e-01 3.173994938070679450e-01 3.308156544551255074e-01 -4.666301542725804774e-01 1.642649791642727397e-01
4.003776665621042730e-01 1.374233081942832779e-02 2.733415593416533840e-01 2.311560365787541649e-01 2.573490028818287145e-01 2.176316534775574185e-01 -4.003776665621042730e-01 -1.374246058252519623e-02
4.561882720451140294e-01 -2.666756711147507675e-01 4.315469833301612823e-01 3.764698823475929323e-01 3.744856672372056106e-01 3.266911380024405398e-01 -4.561882720451140294e-01 2.676239153135883675e-01
8.466099376130764576e-02 2.294179475861979345e-01 -1.556712955261360110e-01 3.644361679908658669e-02 -1.537190334839097228e-01 3.598658013399150257e-02 -8.466099376130764576e-02 -2.300216906785177984e-01
-9.133709868427530854e-02 4.315811622145603321e-01 4.845372789797122159e-01 4.957313767500780566e-01 3.982164357127163656e-01 4.074162927898049569e-01 9.133709868427530854e-02 -4.356005272010020080e-01
4.509063075044134061e-01 -2.217365801340890341e-01 1.643722927758867192e-01 -4.598242106893657422e-01 1.477026287882786393e-01 -4.131915638112825251e-01 -4.509063075044134061e-01 2.222816874861622272e-01
-2.076826454958614621e-01 -4.270115149936400956e-01 2.156398171571191069e-01 1.006556295873817231e-02 2.107842741653259966e-01 9.838917553788940895e-03 2.076826454958614621e-01 4.309045540797242224e-01
-3.989906821794292346e-01 3.960505980660157244e-01 2.410546990705995096e-01 -4.492583325107443182e-01 2.147536718241389309e-01 -4.002405963304431213e-01 3.989906821794292346e-01 -3.991567452060439947e-01
-4.434858628948837866e-01 -3.691602713601269681e-01 -2.058588331639744640e-01 2.185632425279305791e-01 -1.971636390754414048e-01 2.093314316544778175e-01 4.434858628948837866e-01 3.716757166384031530e-01
4.580848088622251346e-01 4.612456604425443363e-01 -4.186495383902931744e-01 -3.512430557946539800e-01 -3.673722735402302764e-01 -3.082219091143558742e-01 -4.580848088622251346e-01 -4.661521048668590961e-01
-4.351865115153064067e-03 -2.342137208340244747e-01 6.905844909278391341e-02 1.887783198835697451e-01 6.770415610637271764e-02 1.850762217628703910e-01 4.351865115153064067e-03 2.348561230124592281e-01
4.464385541545519143e-01 1.832848503668211837e-01 6.509540270263092232e-02 -2.611020516568581806e-01 6.285930106177892163e-02 -2.521328971252105866e-01 -4.464385541545519143e-01 -1.835927078483526320e-01
2.095948133050073992e-02 2.986400795064015901e-01 1.380416884370065933e-01 -1.216213112712363209e-01 1.357632025145091292e-01 -1.196138565034423756e-01 -2.095948133050073992e-02 -2.999718036762559770e-01
-4.866078197797920613e-01 2.922045916593910553e-01 -9.011291344943461734e-02 2.738860325924299399e-01 -8.658565719057122190e-02 2.631654134747381524e-01 4.866078197797920613e-01 -2.934520645386755056e-01
-3.137735609640733836e-01 -2.050642165940010919e-01 1.530749790883123573e-02 -3.593388300186350914e-02 1.529583497196619103e-02 -3.590650461440510893e-02 3.137735609640733836e-01 2.054953777761747147e-01
1.553202310456194279e-01 -4.260459148169093435e-01 9.630734494471415719e-02 2.308730196037522830e-01 9.342844301898962922e-02 2.239715648796434255e-01 -1.553202310456194279e-01 4.299126036172232768e-01
2.954432990464872510e-01 -1.551312911213754697e-01 3.527023927271343284e-01 -4.921581714520172346e-01 3.017065476547396430e-01 -4.209989664678394639e-01 -2.954432990464872510e-01 1.553179584126358759e-01
9.969904564050158235e-02 3.420306594782305254e-01 -4.841695468752347242e-01 4.097488551874904905e-01 -4.088601582999412676e-01 3.460151157304152680e-01 -9.969904564050158235e-02 -3.440312818347359136e-01
-9.940196879671114871e-02 6.217193997804526528e-02 1.127970750492472973e-01 -4.926500807235445478e-02 1.119522125933518075e-01 -4.889600776191600773e-02 9.940196879671114871e-02 -6.218395579382997307e-02
-9.023269676450884624e-02 9.659038327799174262e-02 -3.711873054263984395e-01 1.824872152368653966e-01 -3.430042777682971167e-01 1.686315629581258690e-01 9.023269676450884624e-02 -9.663544125327898360e-02
1.630193925484045847e-01 -3.084809805546551154e-01 2.807140557597994635e-01 4.730156602144787170e-01 2.459619485400270644e-01 4.144568150012883367e-01 -1.630193925484045847e-01 3.099487410091331663e-01
3.705912992132012196e-01 1.512218020986813016e-01 6.137104189634146056e-02 -3.408756220630331235e-01 5.799115216654147920e-02 -3.221025659350955639e-01 -3.705912992132012196e-01 -1.513947093599679605e-01
-3.447118659390082662e-01 3.326520510869637182e-01 4.074828009470348178e-01 2.380188373764560161e-01 3.685107650295171289e-01 2.152544933164799446e-01 3.447118659390082662e-01 -3.344925714261736682e-01
-9.581776578685263779e-02 1.314118544150620904e-01 8.959857218325817385e-02 1.397430226130603748e-01 8.838902344922371090e-02 1.378565417018906836e-01 9.581776578685263779e-02 -1.315253224767103934e-01
4.770320661194685785e-01 -3.869975086319965563e-01 -9.421385656409630993e-02 4.685472619580122178e-01 -8.500463703530809767e-02 4.227476869024216488e-01 -4.770320661194685785e-01 3.898954828129027050e-01
-1.305221626402081059e-01 -2.950072710191876668e-01 -8.063406162342112715e-02 -8.413357696837264754e-02 -8.009205804715481547e-02 -8.356805045658782793e-02 1.305221626402081059e-01 2.962909846855937834e-01
1.375208960436358208e-01 3.303094844049070389e-02 -1.509002285868633608e-01 3.115782447767202479e-01 -1.425967428561845107e-01 2.944332375509413624e-01 -1.375208960436358208e-01 -3.303275035066108312e-02
2.797235362656130819e-01 9.929078872212127038e-02 2.963175107195836766e-01 -2.437944962092042367e-01 2.766497038340333670e-01 -2.276128569278852987e-01 -2.797235362656130819e-01 -9.933973243207802617e-02
-4.399553196846146541e-01 -2.391176354065499554e-01 4.585090636006887710e-01 -3.412409647667672408e-01 3.980755425168378547e-01 -2.962638974064022435e-01 4.399553196846146541e-01 2.398012397705354681e-01
-3.972314582083721346e-01 -3.340385218643138199e-02 1.128618815569448763e-02 -2.166888674306199913e-02 1.128282119461399002e-02 -2.166242235514686393e-02 3.972314582083721346e-01 3.340571581630749631e-02
4.880066615714263589e-01 8.604033062637816975e-02 -3.127622418658226877e-02 -4.624101226597877590e-01 -2.837668695835914370e-02 -4.195412853806868014e-01 -4.880066615714263589e-01 -8.607217819016096949e-02
4.258170930262266118e-01 1.693704041424575202e-01 -4.247357454191398318e-01 4.959406496455421864e-01 -3.556350894814849228e-01 4.152556011977470707e-01 -4.258170930262266118e-01 -1.696133349399058243e-01
4.460382242876840264e-01 -5.110346932968123923e-02 -9.560007610990706173e-02 3.699792291600193517e-01 -8.930204017754485302e-02 3.456053732564046133e-01 -4.460382242876840264e-01 5.111014233019574998e-02
2.874584000566249298e-01 2.945705480777651708e-01 1.157932774044221347e-01 -3.830258374968280588e-01 1.075059433109628038e-01 -3.556126477770416572e-01 -2.874584000566249298e-01 -2.958485690267563251e-01
-1.809925514230261712e-01 -4.471649466062205258e-01 -4.263368625082497587e-01 3.375340733973403173e-01 -3.745432149345730988e-01 2.965286563691304500e-01 1.809925514230261712e-01 4.516356232531663073e-01
