2.035291738013881302e-01 7.012915836058808416e-02 1.618978492941987035e-01 3.679244155358020185e-01 1.502161577976421081e-01 3.413769380055112768e-01 -2.035291738013881302e-01 -7.014640346725060926e-02
-2.142860821766623403e-01 -3.120508462043514175e-02 4.912998320306629640e-01 3.610826925838228618e-02 4.407243825484559174e-01 3.239120723493493087e-02 2.142860821766623403e-01 3.120660392939208008e-02
-4.277374763650759748e-01 4.778647921830481149e-02 -2.936345660985519856e-01 -1.933681245148246575e-01 -2.770122019668686542e-01 -1.824217450750576230e-01 4.277374763650759748e-01 -4.779193535329202130e-02
-7.434889878024730780e-02 1.130625951652817207e-01 -5.019099117246739183e-02 2.812908956147245343e-01 -4.825959344695479603e-02 2.704665507809906333e-01 7.434889878024730780e-02 -1.131348599733565247e-01
4.805981690320743072e-01 2.203466348093554572e-01 2.076859606759310362e-01 -1.094440169266513996e-01 2.021892082000538715e-01 -1.065473999909009040e-01 -4.805981690320743072e-01 -2.208815553452916913e-01
6.445363267748116520e-02 -8.874513169431075266e-02 -2.178162838268626889e-01 -3.951244281279195913e-01 -1.985432670156895285e-01 -3.601626722296885630e-01 -6.445363267748116520e-02 8.878007818889289970e-02
-2.973648676944865565e-01 3.432341173942018431e-01 2.127633133975004309e-01 -4.416197998313873274e-01 1.910442739250762523e-01 -3.965389176474259925e-01 2.973648676944865565e-01 -3.452559321164636041e-01
4.170287574816973208e-01 7.487932201412828004e-02 -7.878322105836865763e-02 2.911958440705889606e-01 -7.542598603321856721e-02 2.787869469252484134e-01 -4.170287574816973208e-01 -7.490031410582556615e-02
3.017164924396672498e-01 -1.144985288765956177e-01 4.994242698136769354e-01 3.721912979060200133e-01 4.239187071029743015e-01 3.159214786701523558e-01 -3.017164924396672498e-01 1.145735821648634495e-01
2.066177648597785632e-01 -2.432421698954694289e-01 3.059745150764678900e-01 -1.322786346699708071e-01 2.902720068761444061e-01 -1.254901400624584551e-01 -2.066177648597785632e-01 2.439617623673593083e-01
2.148730318394043159e-02 4.801210231743340273e-01 3.477543453267875062e-01 1.033081032858059745e-01 3.269075960505728462e-01 9.711511632146857531e-02 -2.148730318394043159e-02 -4.856548067898834864e-01
4.233154819848048422e-01 -2.574881317995734165e-01 -2.189742064651979403e-01 -1.338047247224553038e-01 -2.121017355571962748e-01 -1.296052845561798672e-01 -4.233154819848048422e-01 2.583417067333841355e-01
-1.861473932220776284e-01 -3.875361368413487995e-02 2.541421385831365010e-01 1.662717257494396028e-01 2.431748923728038192e-01 1.590964380766537456e-01 1.861473932220776284e-01 3.875652377548042399e-02
3.858316044330558636e-01 -3.583774087995432733e-01 -3.172961155628140073e-01 -2.991206483926232007e-01 -2.908465437208996307e-01 -2.741861701843816279e-01 -3.858316044330558636e-01 3.606788075843272989e-01
-7.586773125353163394e-04 4.361818753885302602e-01 2.276083200450768063e-01 4.752232610115405542e-01 2.013647397698765662e-01 4.204293070975146374e-01 7.586773125353163394e-04 -4.403311564197539552e-01
-3.003666713517753051e-01 -4.907216439682359210e-01 -2.569454025352612137e-01 -4.193673859889949229e-01 -2.305681399761327355e-01 -3.763163582616197433e-01 3.003666713517753051e-01 4.966301222711387298e-01
3.957552492342386596e-02 1.826106710003283506e-01 3.623799493147277229e-01 -3.871750659255416283e-01 3.201486449954019098e-01 -3.420541698470563885e-01 -3.957552492342386596e-02 -1.829151437723377516e-01
-9.438981312543637259e-02 2.788105765500048516e-01 -4.411880312412790328e-01 -1.637685135365118949e-02 -4.036037578048693453e-01 -1.498172724393469560e-02 9.438981312543637259e-02 -2.798942482646794017e-01
-9.543202746154733074e-02 -3.528821021359848098e-01 -6.459890374919585732e-02 3.121923594699043125e-01 -6.154685614967356916e-02 2.974424815925853505e-01 9.543202746154733074e-02 3.550792480516623550e-01
4.191908277107188052e-01 1.102768422431018580e-01 -2.296390847720042316e-01 1.595955618190428860e-01 -2.211541871049218788e-01 1.536986910337427570e-01 -4.191908277107188052e-01 -1.103438959774208222e-01
-1.248772375042260796e-01 2.697313734212151148e-01 3.162364799431581774e-01 8.124501336450973277e-02 3.006182935301460746e-01 7.723251055622318284e-02 1.248772375042260796e-01 -2.707125889110965633e-01
4.368207853137723307e-01 2.821861842688065947e-01 -5.448660892817080992e-02 -1.674858237371679159e-01 -5.366068017334731099e-02 -1.649470098786620931e-01 -4.368207853137723307e-01 -2.833096950531099889e-01
-1.771249391746010371e-01 1.835488831150342559e-01 -1.948652302586240115e-02 -2.342736684029615990e-01 -1.896940981695984657e-02 -2.280567559107512521e-01 1.771249391746010371e-01 -1.838580729752332388e-01
2.553393239736134745e-01 2.259258494188520761e-02 1.139227665971795922e-01 1.776963164456052402e-01 1.114666621497072130e-01 1.738652936732675014e-01 -2.553393239736134745e-01 -2.259316153277431821e-02
-3.213820648411476188e-01 4.787445306016032687e-01 -4.112023264323236837e-01 3.949374569844144034e-02 -3.800515994145911569e-01 3.650188789006307555e-02 3.213820648411476188e-01 -4.842308549668964401e-01
2.431063070789671876e-01 -2.001959840374145649e-01 7.650421049942046636e-02 6.651233446370652391e-02 7.611410604614088360e-02 6.617317982498883977e-02 -2.431063070789671876e-01 2.005971610943077243e-01
4.171927061604334686e-01 -9.999694131252967466e-02 1.273003829302339351e-01 1.879085759420299206e-01 1.241429238127002427e-01 1.832478386157636308e-01 -4.171927061604334686e-01 1.000469367246387964e-01
2.073137705949390508e-02 1.673253631700454269e-01 2.562098031386973451e-01 2.176143882874023161e-01 2.428556775763295039e-01 2.062719266416444819e-01 -2.073137705949390508e-02 -1.675596000816078623e-01
4.382614131149742409e-01 2.632040319587910515e-01 1.348419464365054887e-01 4.672590224267059167e-02 1.334894967303729696e-01 4.625724664679017190e-02 -4.382614131149742409e-01 -2.641157228544649960e-01
-2.989049248023190053e-01 2.032706986407313288e-01 3.896372612506384669e-01 -3.074995629254255736e-01 3.490088462744128095e-01 -2.754358434355541618e-01 2.989049248023190053e-01 -2.036906455060736310e-01
3.608319232256966824e-01 -2.891636721231901630e-01 -2.926009873852408738e-01 -2.262074041108439459e-01 -2.744331659290082381e-01 -2.121620115553061181e-01 -3.608319232256966824e-01 2.903726022436037835e-01
9.151183041520860595e-02 2.817562362357109995e-01 3.991041052627514185e-01 3.748585079275187359e-01 3.500639827849770791e-01 3.287975757090974560e-01 -9.151183041520860595e-02 -2.828746193880467552e-01
-2.568843246865915031e-01 -3.301628986447717740e-01 -4.762180044130041034e-01 2.175560127129799737e-01 -4.218923316899046427e-01 1.927378062695759842e-01 2.568843246865915031e-01 3.319624109078807006e-01
2.308818114469667337e-01 -4.423210816309636195e-01 -4.199421203707328631e-01 -4.565298446548623490e-01 -3.568621396280300395e-01 -3.879539804765453348e-01 -2.308818114469667337e-01 4.466480420364747350e-01
-1.043625248895184709e-01 3.970360132931571862e-02 -2.731612986649156749e-02 -4.461099495750595612e-01 -2.493859215481968733e-02 -4.072814905711424349e-01 1.043625248895184709e-01 -3.970673071944582494e-02
8.957780355997102539e-02 -2.498370109521717009e-01 3.841000710415007902e-01 -3.119410779053687355e-01 3.442608228625568811e-01 -2.795862335384263764e-01 -8.957780355997102539e-02 2.506167339258354443e-01
-2.552804523236508194e-01 -2.496642576297946059e-01 1.786743079642399978e-01 -3.658871837489602319e-01 1.654818879291573563e-01 -3.388718984039860160e-01 2.552804523236508194e-01 2.504423642702918729e-01
3.939427440668856750e-01 4.329069312668440972e-01 -3.264203718679987709e-01 -3.125409590543775096e-01 -2.974556027804093894e-01 -2.848077735990144910e-01 -3.939427440668856750e-01 -4.369634512748303834e-01
4.095408165834650838e-01 2.060461076170944095e-01 1.051815880058107888e-01 1.795949755829191474e-01 1.029749222825702276e-01 1.758271481123626356e-01 -4.095408165834650838e-01 -2.064834919762158494e-01
-3.578889145454614562e-01 -1.309089387460895537e-01 -3.586902031490353249e-01 3.506762111363037615e-01 -3.206129831185057788e-01 3.134497267392336584e-01 3.578889145454614562e-01 1.310211090536658185e-01
3.181227868615793541e-01 3.163046245172818072e-01 3.069753193858525409e-01 -4.589342084285119583e-02 2.931776231526767029e-01 -4.383063781144067722e-02 -3.181227868615793541e-01 -3.178869165050998147e-01
4.372678541513672634e-01 4.456485814705833937e-01 -1.054336418146359922e-01 3.554546546431747167e-02 -1.047870192555299118e-01 3.532746578748222760e-02 -4.372678541513672634e-01 -4.500739311149982158e-01
-2.813563445620012038e-01 -3.920369365072832180e-01 -4.268002098591294757e-02 -4.055381505770123685e-01 -3.952052392368372857e-02 -3.755171579492709855e-01 2.813563445620012038e-01 3.950496023592252048e-01
3.011564316956859555e-01 8.659780364028457633e-02 -1.841878058549354380e-01 -1.196057381061893521e-01 -1.799005292333317463e-01 -1.168217162084737998e-01 -3.011564316956859555e-01 -8.663027426438751899e-02
2.775255130659097791e-01 2.024998530848357570e-01 9.981183274629579216e-02 -3.554080806521203728e-01 9.363535551660198686e-02 -3.334149976979506325e-01 -2.775255130659097791e-01 -2.029150404624204262e-01
9.175169306764219268e-02 -9.295321050339244717e-02 -2.503900050631535645e-02 3.627375992605404997e-01 -2.353175702476582518e-02 3.409023074780079821e-01 -9.175169306764219268e-02 9.299336768157404065e-02
-2.772290965675335839e-01 2.746238279667729820e-01 -8.165873116722988101e-02 3.623254795864836453e-01 -7.654933774630165444e-02 3.396547449917638462e-01 2.772290965675335839e-01 -2.756594103497072568e-01
4.239249413012280421e-02 -3.136189906049478004e-01 9.969276709705399142e-02 -4.276916024750198053e-01 9.127863552137491232e-02 -3.915941650999046342e-01 -4.239249413012280421e-02 3.151613197392553745e-01
-4.771330500303231359e-01 1.638663654225596122e-01 3.325389350755181272e-01 1.676764577780599508e-01 3.116293191780982186e-01 1.571331801122943794e-01 4.771330500303231359e-01 -1.640863739264127874e-01
-1.309600035319778977e-01 -3.084832945621918121e-02 -2.326837378892502306e-01 3.011543719018672238e-02 -2.265321184532928800e-01 2.931925473918242306e-02 1.309600035319778977e-01 3.084979724970423123e-02
-3.612308430453272656e-01 -4.999384799133804735e-01 -4.415126129156803358e-01 -3.408115806055649344e-01 -3.855915765479804302e-01 -2.976451200423717580e-01 3.612308430453272656e-01 5.061861731939746312e-01
-5.013942320334718872e-02 -1.254208125170853672e-01 -2.749524444555366820e-01 -4.058989757301859624e-01 -2.468794635409291005e-01 -3.644561937920353656e-01 5.013942320334718872e-02 1.255194583704577482e-01
-4.216846449862342583e-01 -3.909675867489079693e-01 4.846413141708303396e-01 -3.423024337963301855e-01 4.167967779355409297e-01 -2.943837995526616402e-01 4.216846449862342583e-01 3.939556670549890227e-01
6.018562230205704022e-02 9.291198733110928032e-02 -2.434261059983440223e-01 4.229615927628826988e-03 -2.365173274714514606e-01 4.109573422007003173e-03 -6.018562230205704022e-02 -9.295209110589910950e-02
-2.814413243739217751e-01 4.318941460458349813e-01 4.968835728060574386e-01 -4.401113179530435904e-01 4.139846626658398865e-01 -3.666841599718665412e-01 2.814413243739217751e-01 -4.359222619386122211e-01
1.799837584932987289e-01 4.045031376388682487e-01 2.215506600753239796e-01 -1.613716190698901709e-01 2.136699596925294431e-01 -1.556315261279693773e-01 -1.799837584932987289e-01 -4.078124342029039728e-01
2.130764497238736288e-01 3.910259857008049345e-01 -1.087391395949379724e-01 -3.257009642823788242e-01 -1.028450470284519164e-01 -3.080466804649309998e-01 -2.130764497238736288e-01 -3.940154051983983385e-01
-3.005112948472509204e-01 -6.542919043675454738e-02 -3.838271841326471590e-01 4.240006003484407815e-01 -3.331838447322019170e-01 3.680566568313557441e-01 3.005112948472509204e-01 6.544319548613998505e-02
-3.144576273143258049e-01 -4.000691043298080229e-01 -2.103760656379545235e-01 7.312773131078775801e-02 -2.053445720219222448e-01 7.137875995261834527e-02 3.144576273143258049e-01 4.032707631202644416e-01
1.858409594184329272e-01 2.280632388035496172e-01 -2.668926821414630002e-02 -3.520073966330922177e-01 -2.516711713793712626e-02 -3.319315956287524627e-01 -1.858409594184329272e-01 -2.286563496512276361e-01
-2.036209544046022613e-01 7.837500371015870826e-02 4.678197627314295559e-01 4.597926583084580576e-01 3.911743473122475390e-01 3.844623663665734381e-01 2.036209544046022613e-01 -7.839907518652645957e-02
1.668989729196366234e-01 -1.466233088249511152e-01 4.077357143018821573e-01 -1.060342850402173909e-02 3.775394056136452958e-01 -9.818154148525793171e-03 -1.668989729196366234e-01 1.467809171131504442e-01
1.747040432734930926e-01 -1.602234957503889667e-03 -3.676963134287745127e-01 -2.929290370151493850e-01 -3.327591612474095628e-01 -2.650959966207387386e-01 -1.747040432734930926e-01 1.602235163163312753e-03
1.493426065197037689e-01 -4.176333153980918977e-01 5.180784217811951198e-02 -2.603652757853796018e-01 5.007343862180419630e-02 -2.516488644994083201e-01 -1.493426065197037689e-01 4.212754451360605223e-01
-2.724546563203075200e-01 9.452551581648660495e-02 2.183911949387834506e-01 1.085913551010443401e-01 2.121716482347969224e-01 1.054987899228124609e-01 2.724546563203075200e-01 -9.456774543635919350e-02
6.950850212114401128e-02 1.579425698668646127e-01 8.746517776066042860e-02 4.699023841591069006e-01 7.891416300253048521e-02 4.239624761328497637e-01 -6.950850212114401128e-02 -1.581395704921464140e-01
2.330535860956672867e-02 3.619670851406233680e-01 -2.242401572961858491e-01 -1.930311060438119064e-01 -2.150254375330269418e-01 -1.850988624652591119e-01 -2.330535860956672867e-02 -3.643383346052247451e-01
-1.139690678473082031e-01 3.151141120047569189e-01 2.210059788264789882e-01 -3.656430304738251813e-01 2.032340089388136040e-01 -3.362402199176567352e-01 1.139690678473082031e-01 -3.166786047846502083e-01
3.130714807282639622e-01 -1.017050393782192863e-03 -9.229966146927748305e-02 6.835643394416157648e-02 -9.169681870292697989e-02 6.790997313292154725e-02 -3.130714807282639622e-01 1.017050446383607190e-03
2.640672278597744338e-02 -1.509965066351958152e-01 -2.423109336187549978e-01 2.596127562735306427e-02 -2.354210910891922914e-01 2.522309556148585874e-02 -2.640672278597744338e-02 1.511686422376405936e-01
-2.310184982637286666e-02 -3.422925710469414406e-01 -1.068137686401608999e-01 -2.648972228281475383e-01 -1.027065096553475693e-01 -2.547112560528498881e-01 2.310184982637286666e-02 3.442977928813518163e-01
2.153386979901510401e-01 -3.029224851856235912e-01 1.382023067310869102e-01 -4.488300916105673055e-01 1.250943807845474043e-01 -4.062603853403427001e-01 -2.153386979901510401e-01 3.043123243250497878e-01
-3.639202978943003597e-01 8.376144129259133209e-03 -1.165464486616942796e-01 -3.802909692694650401e-01 -1.082945145265258591e-01 -3.533649147508908794e-01 3.639202978943003597e-01 -8.376173512684987124e-03
-2.963799689672397264e-01 1.076759126728146221e-01 -4.963694651473481434e-01 -1.899626050540336175e-01 -4.383103386124186929e-01 -1.677431421375083775e-01 2.963799689672397264e-01 -1.077383329494530362e-01
4.455174169762406988e-01 -1.817541573151193468e-02 9.565524382062973174e-02 -3.804414112194841602e-01 8.904866388680762745e-02 -3.541656265058860109e-01 -4.455174169762406988e-01 1.817571594006720317e-02
4.770669995397873731e-01 3.013916493107824390e-01 3.581336487021067327e-01 3.573547992409168428e-01 3.195632647283790928e-01 3.188682960275832090e-01 -4.770669995397873731e-01 -3.027605238621887129e-01
3.082776375457503271e-01 3.735261467151290704e-01 4.831802684983929064e-01 -3.329777490150827024e-01 4.167302800099591531e-01 -2.871845553945728824e-01 -3.082776375457503271e-01 -3.761318984010200706e-01
-3.906266073129921468e-01 -1.364919621768411195e-01 -1.729460579206426596e-01 -4.948508373489095558e-01 -1.531763570937152430e-01 -4.382837601575261255e-01 3.906266073129921468e-01 1.366191048200043334e-01
1.228254350977118214e-01 1.903410191877454860e-01 -5.297068395896131765e-02 1.091771695729061298e-01 -5.258492795338475662e-02 1.083820930194821924e-01 -1.228254350977118214e-01 -1.906858191230115240e-01
4.525111535091707049e-01 4.942348520982110527e-01 3.680005424491800126e-01 -3.342691848608053684e-01 3.295242059363802101e-01 -2.993196340884997086e-01 -4.525111535091707049e-01 -5.002711422408777642e-01
4.607473653042137851e-02 7.033101970937205571e-03 2.053986230331483753e-03 -4.055252498747995427e-01 1.903426812416562789e-03 -3.757998093293197228e-01 -4.607473653042137851e-02 -7.033119365389033269e-03
-1.328415833221671116e-01 4.880383953483654613e-01 1.500578690878873189e-01 -1.953146940318029046e-01 1.457033765073816045e-01 -1.896469047236186978e-01 1.328415833221671116e-01 -4.938504805995561076e-01
-4.581755759042881460e-01 1.583221858737171583e-02 -2.518042545252778819e-01 4.858483993964559655e-01 -2.208933289665655497e-01 4.262067395091891364e-01 4.581755759042881460e-01 -1.583241701189076062e-02
-4.831565914589752708e-01 -2.521142141179166796e-02 4.742643351988795608e-01 3.400226418419693974e-02 4.283123177896723255e-01 3.070774566407783943e-02 4.831565914589752708e-01 2.521222265064284110e-02
5.372736204045081010e-02 -1.530737780112213509e-01 -4.902334664959607791e-01 3.977205516068375024e-01 -4.145434826859331068e-01 3.363141724642482733e-01 -5.372736204045081010e-02 1.532531160465824549e-01
7.269745583854558824e-02 -1.721705450866648501e-01 3.723347106665439998e-01 3.093943100325674544e-01 3.351297334679911866e-01 2.784785562219250221e-01 -7.269745583854558824e-02 1.724257250481986137e-01
-4.390880085269279753e-01 -1.181340181727046357e-01 4.537694367308346965e-01 -4.066591102158507720e-01 3.875006487244925246e-01 -3.472703453843238863e-01 4.390880085269279753e-01 1.182164500010879082e-01
-9.166718248455141271e-02 -3.707299962482789590e-01 -2.568634449084391536e-01 2.289774795816029718e-01 -2.428856607278179203e-01 2.165171709808399181e-01 9.166718248455141271e-02 3.732776663163339115e-01
2.108269331707327554e-01 3.991442637198168164e-01 -3.102346277061325264e-01 3.166548122468021420e-01 -2.836162126685186080e-01 2.894855394987346231e-01 -2.108269331707327554e-01 -4.023237699548351531e-01
4.896734509956901515e-02 -2.722674428335429830e-01 3.334839455635640881e-02 -3.169294158700466379e-01 3.177397635464009745e-02 -3.019667933017583517e-01 -4.896734509956901515e-02 2.732765961263362575e-01
1.037619111162790819e-01 -4.406459866085021826e-02 4.023151786183000178e-01 -1.328629540771064654e-04 3.732415474019319945e-01 -1.232615054257745542e-04 -1.037619111162790819e-01 4.406887664785651831e-02
-4.062354154997310784e-01 -1.404912212106379510e-02 4.800847857239256555e-01 1.779712840170570853e-01 4.273282124541133431e-01 1.584139987950094197e-01 4.062354154997310784e-01 1.404926077032734449e-02
-4.970080304470803068e-01 -7.053847705227578313e-02 3.399914833269785941e-01 6.989819204076175296e-02 3.211929397487897075e-01 6.603343579376134975e-02 4.970080304470803068e-01 7.055602588527010166e-02
-1.899405121316486422e-01 -1.270642751443115115e-01 -9.204298271484090410e-02 3.194926458728107876e-01 -8.734179679358572423e-02 3.031742445735486347e-01 1.899405121316486422e-01 1.271668498770963385e-01
-8.149181948954753452e-02 -4.915932245192019545e-01 -9.350958442788437353e-02 8.902981363553552629e-02 -9.273977713056420769e-02 8.829688555511457093e-02 8.149181948954753452e-02 4.975332412722513475e-01
-7.269667657853606801e-02 1.654295069404354557e-02 -2.469262548547512814e-03 4.659951257503706090e-01 -2.238174121684681755e-03 4.223845017611378427e-01 7.269667657853606801e-02 -1.654317705886226147e-02
3.785590855326590454e-01 -1.201586932974870736e-01 -1.348117651455702504e-01 3.559835397163146897e-02 -1.335201003858879076e-01 3.525727736545986729e-02 -3.785590855326590454e-01 1.202454365285135912e-01
3.154673463334394246e-01 1.740856831666198756e-01 3.773072117471485409e-01 8.543371558436474444e-02 3.518928652108737065e-01 7.967914215946651779e-02 -3.154673463334394246e-01 -1.743494736798001099e-01
-3.969459481538766266e-01 -2.880911845965430373e-01 2.400737895809333944e-01 2.329031453826760911e-01 2.276753041800279043e-01 2.208749841540276759e-01 3.969459481538766266e-01 2.892867130380493146e-01
-3.604071504313116625e-01 1.117153228984614222e-01 4.273584705668265205e-02 5.568240307333283123e-02 4.263095723144315341e-02 5.554573753539390757e-02 3.604071504313116625e-01 -1.117850350103633122e-01
-3.989087031093295765e-01 4.229948130350965618e-01 -4.964196657884943908e-01 -3.217316211244138913e-01 -4.272589278216360476e-01 -2.769082632324674220e-01 3.989087031093295765e-01 -4.267790221720371702e-01
-4.663865009974643705e-02 1.107437472227578157e-01 -1.412644437568160161e-01 -1.129989602777659030e-01 -1.390082714458834023e-01 -1.111942235827929476e-01 4.663865009974643705e-02 -1.108116562716765507e-01
5.297947492114463142e-02 -4.217112525716822935e-01 2.902356947031233814e-01 3.897217034019843096e-01 2.610481068092643242e-01 3.505292929583784245e-01 -5.297947492114463142e-02 4.254611170535673170e-01
