-2.195560079355948213e-01 -3.751774568883237126e-01 -2.517092710029014135e-01 -3.921860992054075901e-01 -2.281518734079248101e-01 -3.554815160432790999e-01 2.195560079355948213e-01 3.778179206412070057e-01
8.930553690328424388e-02 -1.557155448562441702e-02 6.769033011914926679e-02 1.058963612178579483e-01 6.716196261376027044e-02 1.050697705348466043e-01 -8.930553690328424388e-02 1.557174326994161494e-02
2.318004091422952717e-01 -1.508325870429226834e-01 -1.466056529983705836e-01 -5.210108437972016393e-02 -1.448627381458245655e-01 -5.148168293139963880e-02 -2.318004091422952717e-01 1.510041626500767120e-01
2.508121031361555398e-01 -1.913580523693488855e-01 -4.926810306721361998e-01 1.499011530896899869e-01 -4.380113854223235403e-01 1.332675862345358841e-01 -2.508121031361555398e-01 1.917084089108899159e-01
1.283090375213571388e-01 1.687966059228697135e-01 -1.085696370157314128e-01 1.831708438541465034e-01 -1.061890718434449904e-01 1.791545263694125922e-01 -1.283090375213571388e-01 -1.690370760504214254e-01
-1.299158020858937057e-01 2.748966467245977929e-01 8.992312707576977093e-02 2.769841920273803382e-01 8.633666711621151846e-02 2.659370593659488025e-01 1.299158020858937057e-01 -2.759353185014530863e-01
2.548614813904673815e-01 2.770982292757829812e-01 -4.162250461545394797e-01 3.778014186346996262e-01 -3.628307006903425114e-01 3.293361481042110239e-01 -2.548614813904673815e-01 -2.781620568818611861e-01
2.705810225760929555e-02 -2.196869203471663035e-02 4.289494618931156689e-01 4.007422150717330211e-01 3.699226058389235017e-01 3.455969004244530129e-01 -2.705810225760929555e-02 2.196922216499144070e-02
-3.432086053539157300e-01 -2.219149513870172230e-01 -1.701554373181176638e-01 -2.421070155729601048e-01 -1.631614234277771747e-01 -2.321555273539828990e-01 3.432086053539157300e-01 2.224613752974778924e-01
-7.980631999886778072e-02 5.742017450810377177e-03 2.638727180664298677e-01 5.451849827816701577e-02 2.547858916949621855e-01 5.264107748409255216e-02 7.980631999886778072e-02 -5.742026916745606412e-03
-2.720997100486830522e-01 -6.952821725502500438e-02 -6.534520592832648855e-02 -2.678999781536649527e-01 -6.299403733107279690e-02 -2.582607397903988744e-01 2.720997100486830522e-01 6.954502282653605982e-02
3.468288014900352545e-01 5.890381116093834635e-02 2.954661047839490795e-02 2.989728403615929953e-01 2.829717451778901438e-02 2.863301916129182279e-01 -3.468288014900352545e-01 -5.891402996777432566e-02
4.095180496218864263e-02 -3.195314910048844270e-01 -2.061375145294558342e-01 -4.962035752827975710e-02 -2.016546640899643805e-01 -4.854126893025755007e-02 -4.095180496218864263e-02 3.211627052376100910e-01
3.862728257634695517e-02 -4.834241170990658532e-01 -4.524624057722395065e-01 4.642243248492941010e-01 -3.796677439824603928e-01 3.895373402713894206e-01 -3.862728257634695517e-02 4.890729007629353586e-01
4.498059913536265331e-01 -3.752486999308207727e-01 2.650051482981429229e-01 -3.188046180461383550e-01 2.448024070580042677e-01 -2.945004592556032530e-01 -4.498059913536265331e-01 3.778906681749112928e-01
-3.596130614047662322e-01 4.753500342702865478e-01 -2.605889558622440649e-01 3.974982823028202494e-01 -2.353566361572606291e-01 3.590092998819819359e-01 3.596130614047662322e-01 -4.807204832246002590e-01
4.888610889064947118e-01 2.548914570605327334e-01 1.183458693278854890e-01 6.815254294910511046e-02 1.172574647225843314e-01 6.752575688525630504e-02 -4.888610889064947118e-01 -2.557194675604180234e-01
-1.178972479684827768e-01 -9.307800587064207765e-02 -1.526305796271871795e-01 3.087153481852896730e-01 -1.443124837614484790e-01 2.918909092838420372e-01 1.178972479684827768e-01 9.311832500646666233e-02
-2.656379138785794902e-01 1.749716048091052301e-01 -3.842028903761385283e-02 3.538089173052172409e-02 -3.836799215504946292e-02 3.533273201110777306e-02 2.656379138785794902e-01 -1.752394431398609509e-01
-3.265698292128771385e-01 3.952603657312208085e-01 3.048358460157946093e-01 -5.249186100968616930e-02 2.912219533530027160e-01 -5.014758762190672792e-02 3.265698292128771385e-01 -3.983479570331615038e-01
2.481656543798393955e-01 -3.614221609970436067e-02 3.128781048105799822e-02 1.661880902234952329e-01 3.084980757149035149e-02 1.638615973838173090e-01 -2.481656543798393955e-01 3.614457665587522683e-02
5.665318819515641202e-02 1.268556021628346464e-01 -8.000644798975919958e-02 -6.631026059502298509e-02 -7.957795693701266715e-02 -6.595512230199571113e-02 -5.665318819515641202e-02 -1.269576723609832647e-01
2.708839105018879811e-01 3.982050460171371320e-01 4.257748016364398813e-01 1.269160166803345868e-01 3.891005145413605204e-01 1.159840535514482102e-01 -2.708839105018879811e-01 -4.013621601439819608e-01
-3.473283559068367499e-01 -7.106766597009706032e-02 -4.623961213503998691e-01 -3.030519610859833124e-01 -4.046696982048438862e-01 -2.652183700739100258e-01 3.473283559068367499e-01 7.108561273449881535e-02
-4.317906515832958814e-01 1.088311741937957322e-01 4.197106177144149797e-02 -2.683053086051401248e-01 4.050405530719988073e-02 -2.589272846643232429e-01 4.317906515832958814e-01 -1.088956252366548028e-01
2.018765297563104300e-01 1.206102752391879918e-02 -1.783518543972223425e-01 -4.274844719545366489e-01 -1.618339030974620119e-01 -3.878932509211838187e-01 -2.018765297563104300e-01 -1.206111524882852622e-02
-1.198588273764495948e-01 2.703225253299575970e-01 -3.486244300072010027e-01 -1.731693151336248793e-01 -3.248783935724633976e-01 -1.613741438472733325e-01 1.198588273764495948e-01 -2.713102063590330237e-01
3.833060912058098291e-01 2.444731530777320971e-01 4.176063476443931943e-01 -1.883860865392953388e-01 3.796602737574460429e-01 -1.712682615842490708e-01 -3.833060912058098291e-01 -2.452037259230561705e-01
4.085955030930955578e-01 2.701499563120921543e-01 -4.355697444203932012e-01 -4.127474761280182092e-01 -3.734867863571290081e-01 -3.539174389653769182e-01 -4.085955030930955578e-01 -2.711357469952527799e-01
-4.460907279262470437e-01 -1.020093605920775470e-01 -4.004326892574161523e-02 -2.207615078344060677e-02 -4.000147282526322901e-02 -2.205310828363791012e-02 4.460907279262470437e-01 1.020624356015581852e-01
7.838961438713176744e-02 4.173335630816306097e-01 -2.998178835890130678e-01 4.848908966610399052e-02 -2.868785696356964676e-01 4.639643412804978634e-02 -7.838961438713176744e-02 -4.209678561356753335e-01
9.343244946462103684e-02 4.950523223391111172e-01 -4.621374122795695039e-01 3.001396843869876818e-01 -4.047527621521073149e-01 2.628706593735032904e-01 -9.343244946462103684e-02 -5.011186143345581767e-01
1.236722070556088848e-01 -2.786032990917989283e-01 8.836733289387677104e-02 -1.765208030109246540e-01 8.669430756623558443e-02 -1.731788013387965675e-01 -1.236722070556088848e-01 2.796845556853700399e-01
-1.548279488447850127e-01 2.167708141463760008e-01 -2.892290579129812578e-01 3.132938453250556643e-01 -2.660533546234755131e-01 2.881898490182036032e-01 1.548279488447850127e-01 -2.172801126856012677e-01
-6.632365101054171763e-02 -2.213799556777884536e-02 2.441359213695352137e-01 4.387191733689310702e-01 2.181806292454118446e-01 3.920767774389666283e-01 6.632365101054171763e-02 2.213853804922961965e-02
3.126105880328287068e-01 3.770343892703519328e-01 -3.146194753521976972e-01 3.287328515283017838e-01 -2.863669183685050856e-01 2.992129255611687411e-01 -3.126105880328287068e-01 -3.797142541441221320e-01
3.666082741665129818e-01 1.334740126224209789e-01 4.192375042561724552e-01 1.585680415583619052e-01 3.825656719830088370e-01 1.446976684050118589e-01 -3.666082741665129818e-01 -1.335929066816628485e-01
4.897517076637052380e-01 4.794833541798063647e-01 2.739162499564684605e-01 -7.459653442436242621e-02 2.635034888431467825e-01 -7.176079213829503201e-02 -4.897517076637052380e-01 -4.849951181118142829e-01
2.469384956075251214e-01 -4.167973635641244456e-01 -3.028036535333307189e-01 4.640361333390817800e-01 -2.648622494560140539e-01 4.058922429465712800e-01 -2.469384956075251214e-01 4.204176663450271412e-01
2.471216427371846214e-01 -3.919346713027631601e-01 -1.265928682628046920e-01 2.423834297071016941e-01 -1.221097563742049724e-01 2.337997547321129521e-01 -2.471216427371846214e-01 3.949449801533583271e-01
-4.841787571534437173e-01 -6.881824483962906136e-02 -1.947117006525667104e-01 -2.975369643254643925e-01 -1.834585033384550090e-01 -2.803410682566878642e-01 4.841787571534437173e-01 6.883454083079268426e-02
2.035169881526529556e-01 -3.482751289680263707e-01 4.985205070898058866e-01 -3.373352583342648092e-02 4.459508348665306987e-01 -3.017627919907859071e-02 -2.035169881526529556e-01 3.503873404031778160e-01
6.885799070471554373e-02 -5.388278096557030938e-02 1.896393990795577356e-01 -2.570528742291988689e-01 1.806467002178609726e-01 -2.448634288887449328e-01 -6.885799070471554373e-02 5.389060300518056651e-02
4.954792150856257571e-02 -3.681590249724978614e-01 1.857568991725472296e-01 1.408076240458746575e-01 1.809073341203687180e-01 1.371315520631114782e-01 -4.954792150856257571e-02 3.706540583383298726e-01
-2.663338607607499409e-01 1.417504352588283556e-02 9.688852494597310905e-02 4.226386946886712126e-01 8.889189000057487466e-02 3.877564693982201161e-01 2.663338607607499409e-01 -1.417518593677516078e-02
-4.430705615889050097e-01 -2.544813198134925347e-01 3.006596581292396708e-01 1.826980429032513120e-01 2.836191256440107056e-01 1.723432385558640867e-01 4.430705615889050097e-01 2.553053397700108529e-01
-2.629730197569722927e-01 5.388461105141428842e-02 -4.879032399846421342e-01 -2.635303486738446166e-01 -4.266907381007993827e-01 -2.304677439550171236e-01 2.629730197569722927e-01 -5.389243388805969870e-02
-4.716935119792053932e-01 2.821818168314053077e-01 1.816453376026229138e-01 1.254353783114329213e-01 1.773750795715658413e-01 1.224865471513132270e-01 4.716935119792053932e-01 -2.833052754502872750e-01
1.199557183813797501e-01 2.169290016924698694e-01 3.709456091610533468e-01 -4.144918909749895075e-02 3.475262592763064817e-01 -3.883232819406685216e-02 -1.199557183813797501e-01 -2.174394160206332138e-01
1.923226156693140787e-01 1.326158167779972752e-01 -1.551386562837490102e-01 1.829068676298748475e-01 -1.508603566693683118e-01 1.778627967323080650e-01 -1.923226156693140787e-01 -1.327324321971651011e-01
3.781174363909454161e-01 -4.675736746855428949e-01 -3.744568901912763703e-01 3.008593551300331459e-01 -3.375356674403470203e-01 2.711948047947921880e-01 -3.781174363909454161e-01 4.726848427193973690e-01
-8.594401218043168367e-02 1.491541971124779042e-01 9.598238561301375427e-02 -2.453992443394230616e-01 9.281425149880184744e-02 -2.372992402331682016e-01 8.594401218043168367e-02 -1.493201085935856876e-01
-4.816673570869927090e-01 3.509509848396485943e-03 1.319949504631371395e-01 -2.256204440778297737e-02 1.308271844653167426e-01 -2.236243686061335084e-02 4.816673570869927090e-01 -3.509512009668354880e-03
2.501443149449674719e-01 2.389613566613169038e-02 3.424458099564136049e-01 2.651839567335081416e-01 3.142376993667054252e-01 2.433400965936884097e-01 -2.501443149449674719e-01 -2.389681793103329982e-02
4.046861603436230359e-01 -4.832844109229935681e-01 1.619846107706901517e-02 -3.697578324272349226e-01 1.519136240229861795e-02 -3.467690669357650357e-01 -4.046861603436230359e-01 4.889282986255655827e-01
-4.844667244491642766e-01 -2.442548061940688076e-01 -3.818073706529615530e-01 2.189394880898436480e-01 -3.494577233159598117e-01 2.003892562917053699e-01 4.844667244491642766e-01 2.449834232924302801e-01
-4.696003100712111689e-01 2.566944435097939792e-02 4.519351675679249558e-01 -3.487720726298519924e-01 3.924847828355340074e-01 -3.028924080457903178e-01 4.696003100712111689e-01 -2.567029005697208863e-02
-2.596443751508611397e-01 1.174610120171560856e-01 2.802023371197586155e-01 -3.272989118677250842e-01 2.573331354046143882e-01 -3.005858411860515833e-01 2.596443751508611397e-01 -1.175420430210185052e-01
-4.971296729688410299e-01 -6.469404237048004269e-02 4.974849927283294670e-01 2.918638755846716393e-01 4.309409076189414933e-01 2.528238746577125551e-01 4.971296729688410299e-01 6.470758063109849356e-02
7.471150470810228317e-02 2.945783511847521741e-01 2.417048002315553834e-01 3.676272096151737001e-01 2.212387269640198328e-01 3.364988025669237715e-01 -7.471150470810228317e-02 -2.958564736998887112e-01
-4.995979751086425669e-01 -2.057843117557452972e-01 -7.120483965120227854e-02 1.391847558682459685e-01 -7.035026111584401221e-02 1.375143033344472243e-01 4.995979751086425669e-01 2.062200310508054413e-01
2.827494147841719263e-01 -4.470054573320104696e-01 -2.461611176528127887e-01 -3.826230796868702599e-01 -2.240611654337432146e-01 -3.482717903377561819e-01 -2.827494147841719263e-01 4.514713520476151265e-01
-2.960937747668781483e-01 -1.356219296317695555e-01 -1.657235950061737295e-01 3.107212336073700287e-01 -1.563143585743155817e-01 2.930795118519286535e-01 2.960937747668781483e-01 1.357466564265568665e-01
-3.113631990446891207e-01 -6.611662378829941122e-02 -4.435657535794601536e-02 -4.246891273641821840e-01 -4.079331082964880034e-02 -3.905728843747602874e-01 3.113631990446891207e-01 6.613107492501296703e-02
-3.070372679808871519e-01 -1.446920883798777924e-01 -1.093895012630942132e-01 6.573214662926329943e-02 -1.085094355999262905e-01 6.520331520991527741e-02 3.070372679808871519e-01 1.448435506142542462e-01
3.190891786335308122e-01 -1.716386099124098674e-01 -2.164554863963454867e-01 7.697784647750161025e-02 -2.109599825578169496e-01 7.502348598592151196e-02 -3.190891786335308122e-01 1.718914319749493824e-01
3.420308923596057094e-01 -1.999189540746435512e-01 2.810458221939570178e-01 4.117631736977988011e-01 2.515223936380093228e-01 3.685080897198999561e-01 -3.420308923596057094e-01 2.003184679961180492e-01
2.509424340273371801e-01 -2.858878631793515535e-01 3.551902839041353177e-01 1.074418935145535769e-01 3.330017027634355475e-01 1.007300455834836822e-01 -2.509424340273371801e-01 2.870561706672269953e-01
-1.885557858675371845e-01 3.898273414473749643e-01 -3.225704631317380944e-01 3.158346589590177445e-02 -3.068554116037472967e-01 3.004477636689820846e-02 1.885557858675371845e-01 -3.927893539861815331e-01
3.047545637433454191e-01 3.830285085638341913e-01 4.927008736648179621e-01 -4.717573798370873206e-01 4.070227626355327755e-01 -3.897212331018094500e-01 -3.047545637433454191e-01 -3.858382302444351986e-01
-4.609452167671176381e-01 -1.469939144581752233e-01 4.408279632013993865e-01 3.248585623852319193e-01 3.866521667928844441e-01 2.849348896455682345e-01 4.609452167671176381e-01 1.471527208836208023e-01
1.216957202091217827e-01 2.997765368973862588e-01 -5.965291316876175642e-02 4.666124926421419961e-01 -5.397877488862880269e-02 4.222286785776260820e-01 -1.216957202091217827e-01 -3.011235223920521453e-01
7.675593498709076812e-02 -1.741900333867951733e-01 4.898834533371154709e-01 -8.389922738185795481e-02 4.386874515325996926e-01 -7.513121334264269424e-02 -7.675593498709076812e-02 1.744542985473022667e-01
3.073912887095238133e-01 -7.226267066392377814e-02 2.503171845746858803e-01 -4.146098608768293836e-01 2.252861843307112366e-01 -3.731500643934371197e-01 -3.073912887095238133e-01 7.228153806269368986e-02
4.186017779775258463e-01 4.649889241109138593e-01 9.138718226751685325e-02 4.492644337722900838e-01 8.307272952529266841e-02 4.083901250270303152e-01 -4.186017779775258463e-01 -4.700157961368527371e-01
4.886161544124488776e-01 2.805295568767427472e-01 1.671187886992039351e-01 -7.575952601680424614e-03 1.648282551372594051e-01 -7.472116439194328476e-03 -4.886161544124488776e-01 -2.816333962511188282e-01
-6.230285731270046590e-03 2.587469310223365904e-01 -1.950060241647839643e-01 3.599985915803448622e-01 -1.804662886394532428e-01 3.331569371571631022e-01 6.230285731270046590e-03 -2.596130860416184238e-01
8.655504050199291921e-02 -3.049625139912927052e-01 9.562509813494968203e-02 3.561592379873718128e-01 8.971890382034927724e-02 3.341613973835920182e-01 -8.655504050199291921e-02 3.063806222351840303e-01
-1.573110920467182261e-01 -2.210091095430291031e-01 2.466574721230050393e-01 1.223125286916177945e-01 2.378090911802937801e-01 1.179247927815131880e-01 1.573110920467182261e-01 2.215488693336587211e-01
4.494892587070712375e-01 -2.682976895142079599e-01 8.982364810988918702e-02 3.950868086486484243e-01 8.324995424413658696e-02 3.661725996947209349e-01 -4.494892587070712375e-01 2.692633418657629507e-01
1.926777175073542958e-01 -1.493434975678326060e-01 -1.272511979025143791e-01 3.477210140360106339e-01 -1.193334016118255819e-01 3.260851929159764295e-01 -1.926777175073542958e-01 1.495100415553740347e-01
4.164058530538977676e-01 2.626320954451106804e-01 -2.690114407183666900e-01 1.287514258999133965e-02 -2.597559078632890039e-01 1.243216401280795337e-02 -4.164058530538977676e-01 -2.635378559938031384e-01
-2.378269162270880699e-01 5.276759654989249260e-02 -3.150944097215916395e-01 3.699107732683544203e-01 -2.834070508566249313e-01 3.327108260178511800e-01 2.378269162270880699e-01 -5.277494290546150962e-02
3.883106434165284337e-02 -3.077499831778522932e-01 -3.490192667203542154e-01 -1.288528155372704598e-01 -3.271136151862798491e-01 -1.207655689423557527e-01 -3.883106434165284337e-02 3.092073340255870328e-01
1.120311770449339273e-01 1.834649001663011259e-01 3.805385975643267304e-01 3.635929549181026177e-01 3.367453875651911788e-01 3.217498863546224830e-01 -1.120311770449339273e-01 -1.837736658104034415e-01
4.738020779272522631e-01 3.574844990835965852e-01 2.872634475242614727e-01 2.379954964038408782e-01 2.691457931319702346e-01 2.229851629001241842e-01 -4.738020779272522631e-01 -3.597687386481317473e-01
1.997583600209311694e-01 3.593178060976000010e-01 -3.848969590330966195e-01 9.484713340791761649e-02 -3.578089647074428337e-01 8.817205180162911160e-02 -1.997583600209311694e-01 -3.616373693632431996e-01
-4.801198661602044115e-01 4.453084399999497345e-01 -5.126274117567808375e-02 2.139280322669613321e-01 -5.006563794764287006e-02 2.089323193549973701e-01 4.801198661602044115e-01 -4.497236644263422622e-01
-2.955477502684825675e-01 9.560793360264552287e-02 -2.688804711412151605e-02 -4.728411706741377785e-01 -2.430048978964683207e-02 -4.273375448697754875e-01 2.955477502684825675e-01 -9.565163062055573318e-02
4.388864773697133126e-01 2.580196995146999406e-02 -1.568422696761440083e-02 2.697253449571856976e-01 -1.514131907125288758e-02 2.603888300031202419e-01 -4.388864773697133126e-01 -2.580282882377678624e-02
-4.912606358665083661e-02 -2.585812520344011878e-01 4.137396248416316258e-01 4.542005074295889511e-01 3.525207533047976516e-01 3.869948523586247968e-01 4.912606358665083661e-02 2.594457442882297515e-01
2.205124725251073059e-02 -2.161981650531257237e-01 -6.616017284727404579e-02 -3.013517355794385066e-01 -6.321962115493549861e-02 -2.879578715988702076e-01 -2.205124725251073059e-02 2.167034379641507857e-01
-1.510124027792111301e-01 3.477004682374377209e-01 -2.551193612381164044e-01 -2.515757536698010055e-01 -2.401687241095158132e-01 -2.368327808698618420e-01 1.510124027792111301e-01 -3.498022413452542834e-01
4.163055534683507419e-01 1.923601216234088751e-01 3.798772013968088057e-02 -9.205001095263254385e-02 3.780076117685213927e-02 -9.159698101262037095e-02 -4.163055534683507419e-01 -1.927160110892752465e-01
8.135892727325777507e-02 -4.802249004836557367e-01 8.103565741809015677e-02 4.485727683760075690e-01 7.373632160476864539e-02 4.081673051834942001e-01 -8.135892727325777507e-02 4.857622766867160102e-01
3.264069976293413333e-01 -2.941212050111430276e-02 9.974034447209867427e-02 2.880495511723071278e-01 9.540618759835237106e-02 2.755325306145705033e-01 -3.264069976293413333e-01 2.941339268243369984e-02
-3.065657173766722643e-01 4.316643023809452195e-02 1.880425073341418507e-02 4.327639079648583076e-01 1.725495990059751697e-02 3.971082913232195644e-01 3.065657173766722643e-01 -4.317045192641025958e-02
-9.852041653045939817e-02 -1.796806741779687355e-01 4.645459070143065361e-02 -4.884104105901048154e-01 4.170563750519699214e-02 -4.384812615991474649e-01 9.852041653045939817e-02 1.799707250060080810e-01
-6.975272917873565071e-02 -1.249089816060889868e-01 8.995129829940373689e-02 -2.040649481125886844e-01 8.779461083554114531e-02 -1.991722525792424259e-01 6.975272917873565071e-02 1.250064246870220830e-01
2.662113810757704702e-01 3.859979711653512835e-01 -2.741930775687648758e-01 -3.676185064372625710e-01 -2.492329434032049817e-01 -3.341537402083791242e-01 -2.662113810757704702e-01 -3.888735486223525162e-01
-3.649208419532686820e-01 3.428998401928499140e-01 -1.907536153412203728e-01 -2.190444630096325396e-01 -1.831827387474875557e-01 -2.103507426048059903e-01 3.649208419532686820e-01 -3.449157535037726818e-01
-2.501493197749632413e-01 3.964911009335059244e-02 4.370803847989642721e-01 2.964888671311955992e-01 3.864874513792570521e-01 2.621696845823095479e-01 2.501493197749632413e-01 -3.965222661635521562e-02
-7.138117133621346699e-02 -1.306000743880937343e-01 3.442498595694283292e-01 -2.152537913868686204e-01 3.189629439985444681e-01 -1.994422977934641739e-01 7.138117133621346699e-02 1.307114526092123530e-01
-4.141618629156817999e-02 -3.906170858064154094e-01 -1.548840852199188101e-01 3.398407101976673728e-01 -1.450952821690306982e-01 3.183624945625654901e-01 4.141618629156817999e-02 3.935971369073391624e-01
1.634414978184480782e-01 1.745640237634105141e-01 2.213033441865708273e-01 -1.012844563709915935e-01 2.150265463938082489e-01 -9.841173858840519817e-02 -1.634414978184480782e-01 -1.748299947329063353e-01
1.585701696852981346e-02 -3.160465584527779592e-01 -5.899337959112882501e-02 -1.275012335946404951e-01 -5.841968810091729969e-02 -1.262613254352558390e-01 -1.585701696852981346e-02 3.176249807266605663e-01
4.695957483196745441e-01 3.069743847613948251e-02 -1.089008768932375748e-01 4.394188709061593867e-01 -9.920810680178684948e-02 4.003082024611860912e-01 -4.695957483196745441e-01 -3.069888483618810407e-02
3.600279486828880104e-01 3.352716024899659031e-01 1.186007425615364097e-01 1.510076093084951054e-01 1.164730295919853414e-01 1.482985128737921154e-01 -3.600279486828880104e-01 -3.371559470362207600e-01
5.094821911789682023e-02 2.506243191751753585e-01 1.353709614884534007e-01 -2.505377932986122547e-01 1.301948147508616982e-01 -2.409580402469458094e-01 -5.094821911789682023e-02 -2.514114367961510221e-01
-2.519664416227692660e-01 1.135886945028355965e-01 6.149125879937422656e-02 3.202024663153498762e-01 5.846215347805280849e-02 3.044290537433187449e-01 2.519664416227692660e-01 -1.136619727932651758e-01
-4.340389093159762179e-01 -1.758614701025533744e-01 1.345187162918416446e-01 -3.220276645298305596e-01 1.270063857493846093e-01 -3.040437116164301234e-01 4.340389093159762179e-01 1.761334157437350056e-01
-4.726124068020738367e-01 -4.064229041825192512e-01 2.728856021671177690e-01 3.059849322896659451e-01 2.524886441101182877e-01 2.831139497958222173e-01 4.726124068020738367e-01 4.097795423532155090e-01
-3.499851843649393057e-02 2.084608700517172064e-01 3.005195050954756475e-03 1.434625222408049128e-01 2.974725515464901777e-03 1.420079622742258518e-01 3.499851843649393057e-02 -2.089138131458168901e-01
-3.422699301294667151e-01 3.344865140180296459e-01 -2.303452988409485647e-01 -2.161324840265973490e-01 -2.196483690874128925e-01 -2.060955785168128163e-01 3.422699301294667151e-01 -3.363576521159208355e-01
-2.537889323969541033e-01 -4.438589603380846960e-01 1.971485287527562358e-01 -2.418703507181290124e-01 1.881989666511149906e-01 -2.308906404560640835e-01 2.537889323969541033e-01 4.482312102635453432e-01
3.635418545594286677e-01 -1.429383911172080746e-01 -3.849649879497537563e-01 2.107395698995863098e-01 -3.525105780089630159e-01 1.929732051486189037e-01 -3.635418545594286677e-01 1.430844125726065397e-01
-3.628642503711222433e-01 1.438956443116627959e-01 -4.280527798359988756e-01 2.800139663762613029e-02 -3.933861255413863001e-01 2.573365120358216823e-02 3.628642503711222433e-01 -1.440446191588993508e-01
1.788355329398909621e-01 -4.873962329701236884e-01 -1.324925518166186755e-02 4.498463888800873223e-01 -1.208209326154005385e-02 4.102182310850851499e-01 -1.788355329398909621e-01 4.931854057187192164e-01
-3.866580772324095250e-01 1.730410542166219701e-01 -3.400812114107167883e-01 3.701023653075676823e-01 -3.038582713539921820e-01 3.306817935630224636e-01 3.866580772324095250e-01 -1.733001244171102073e-01
4.325954630371635634e-01 2.543059505762986783e-01 4.710833196254637922e-01 1.503981324841198175e-01 4.222731377865919788e-01 1.348149863845867769e-01 -4.325954630371635634e-01 -2.551282681502169414e-01
3.881673400335694524e-02 9.437262383097777541e-02 -7.834211396754908741e-02 4.071090552203706636e-01 -7.236933661432663756e-02 3.760711929242469553e-01 -3.881673400335694524e-02 -9.441464886695438707e-02
-3.018985109151212098e-01 -3.320167068003850863e-01 4.524737816932592471e-01 -4.617004950998770951e-02 4.118738483548801677e-01 -4.202726597605485614e-02 3.018985109151212098e-01 3.338467014378401765e-01
-8.269519763287302982e-02 -4.826685130852470529e-02 -4.567090618138414104e-01 1.696465998755330995e-01 -4.105736203171527210e-01 1.525093861916494986e-01 8.269519763287302982e-02 4.827247364599632218e-02
1.219193679203014469e-01 1.363061258559835620e-01 -1.627304881109414847e-02 -2.644780433901307015e-01 -1.573018119461374112e-02 -2.556550768585783007e-01 -1.219193679203014469e-01 -1.364327498847388020e-01
-8.297799529742599933e-02 -4.430356005171672829e-01 -4.594094394084868860e-02 -2.076862379607162801e-01 -4.493565151407907798e-02 -2.031415903271151513e-01 8.297799529742599933e-02 4.473835639362720995e-01
-1.547025384089184552e-01 4.247041815360280692e-01 -1.244283251708189209e-02 4.695380120998964291e-01 -1.126234631984865051e-02 4.249916323588426303e-01 1.547025384089184552e-01 -4.285344535318964532e-01
1.233601157918027269e-01 -2.973978747803374123e-01 -2.358623557894303779e-01 -4.151981783396471171e-01 -2.128412543633486365e-01 -3.746731893328607566e-01 -1.233601157918027269e-01 2.987130499064198919e-01
-3.396048204803508996e-01 2.953011674056428282e-01 4.769161619458501811e-01 -3.064410422761895125e-01 4.148893256617666725e-01 -2.665858855911298897e-01 3.396048204803508996e-01 -2.965887215345849870e-01
-2.329279803156342199e-01 2.853349017756512396e-02 2.580616581331085513e-01 -1.652486562863362263e-01 2.467368915536646556e-01 -1.579968914424312032e-01 2.329279803156342199e-01 -2.853465171897131766e-02
-1.287062387209455538e-01 -4.585249204235011256e-01 4.351531155423886688e-01 -2.150678542778552416e-01 3.914722351106174059e-01 -1.934792389333019058e-01 1.287062387209455538e-01 4.633450513715879904e-01
4.054020337027780529e-01 -9.734314782508080022e-02 -4.545178543297059282e-01 2.300853173446426592e-02 -4.136913760572481502e-01 2.094182013669091888e-02 -4.054020337027780529e-01 9.738926749205277511e-02
-4.011973418319303430e-02 -1.778704863852303975e-01 -2.455618976855779012e-01 -3.018007706798081502e-01 -2.288499488690048933e-01 -2.812614318005278169e-01 4.011973418319303430e-02 1.781518589065760605e-01
-2.192749328216903049e-02 -3.083242610901099079e-01 3.733231340367321183e-01 -1.807022629253811630e-01 3.448392951430387932e-01 -1.669150269476988024e-01 2.192749328216903049e-02 3.097897856551332096e-01
4.034019152878834946e-01 2.473208103319232132e-01 9.898528897341973831e-02 -1.356345201429720593e-01 9.761868464610250207e-02 -1.337619315585132640e-01 -4.034019152878834946e-01 -2.480772111443640682e-01
-2.285901295021763868e-02 -3.716088129174011101e-02 2.396119625075466830e-01 1.190396347254708553e-01 2.314703240579848442e-01 1.149948547530512122e-01 2.285901295021763868e-02 3.716344712257105970e-02
1.280761983073503973e-01 7.079923284136424577e-03 1.150157249710488383e-01 3.498718814403323218e-01 1.079287336470517999e-01 3.283136206990094341e-01 -1.280761983073503973e-01 -7.079941028305207322e-03
3.548979426974023799e-01 4.412138358535722116e-02 1.889550482302514434e-01 1.557607679033660153e-01 1.835323600346537298e-01 1.512906990411804486e-01 -3.548979426974023799e-01 -4.412567813248406690e-02
-4.817117226558081944e-01 -1.612919745183203357e-01 -3.694893286607340288e-01 -2.755065211640422840e-01 -3.355631343264557920e-01 -2.502097478817086884e-01 4.817117226558081944e-01 1.615017758690545091e-01
-4.280257203105132247e-01 -3.500685150827440584e-01 2.293976982561526379e-01 -4.605884878155557249e-01 2.039783744136885457e-01 -4.095511495209879782e-01 4.280257203105132247e-01 3.522135242938571609e-01
2.702387345549799313e-01 -7.196253053172985137e-02 -4.852562091000530708e-01 -8.632983579863973134e-02 -4.352596311977144361e-01 -7.743516061497227043e-02 -2.702387345549799313e-01 7.198116381063147939e-02
-1.894127482057900158e-01 4.756427048095346333e-02 -2.253657515761370300e-01 3.753887384506869873e-01 -2.064444809517364532e-01 3.438718293378213442e-01 1.894127482057900158e-01 -4.756965085568883728e-02
3.289808995501787292e-01 4.873261748084265488e-01 4.087452728583881312e-01 4.306443921654483642e-01 3.514630913841135240e-01 3.702932349510961174e-01 -3.289808995501787292e-01 -4.931128515149225122e-01
-1.365488906296818961e-02 3.578971045378938065e-01 -4.243031182416966418e-01 4.854449149448305523e-01 -3.566088824018481818e-01 4.079959848127371336e-01 1.365488906296818961e-02 -3.601892625822860072e-01
-4.906514220334842191e-01 2.744772660150796018e-01 1.864434151723640687e-01 4.828807859209905962e-01 1.655764451702142759e-01 4.288361908618811835e-01 4.906514220334842191e-01 -2.755111912658925744e-01
1.043104829199732464e-01 1.562293317171313811e-01 -3.115316003335815154e-01 2.345850140503706882e-01 -2.902420934215910187e-01 2.185538978723423065e-01 -1.043104829199732464e-01 -1.564199909009117151e-01
2.879292338255042827e-01 -8.142197423590136207e-02 -4.325106569324577155e-01 4.352837700068006299e-01 -3.686402912455136738e-01 3.710038889858166544e-01 -2.879292338255042827e-01 8.144896373905891052e-02
2.467030912373369134e-02 -3.616453102070534831e-01 -4.254259287485201435e-01 -1.090812884985419284e-01 -3.895152757628752016e-01 -9.987362146700631826e-02 -2.467030912373369134e-02 3.640102414406417020e-01
-3.743586188622611832e-01 1.593449361953647170e-01 -4.901270246410814879e-01 -1.588531767484527846e-01 -4.356970693172436127e-01 -1.412120941744002545e-01 3.743586188622611832e-01 -1.595472310349063672e-01
5.851655092251784041e-02 5.466731078766673413e-02 -3.486605648192253604e-02 3.730834972744355715e-01 -3.264922704350844279e-02 3.493623609258705853e-01 -5.851655092251784041e-02 -5.467547949122292250e-02
-3.925058708939070939e-01 -4.551546654109118739e-01 -4.118263187578189433e-01 -3.710240158577239322e-01 -3.601912472435561674e-01 -3.245047655822488886e-01 3.925058708939070939e-01 4.598692887347358149e-01
-7.329899065196721075e-02 2.928556779768876073e-01 -1.340166533303457364e-01 -1.347255387929062742e-01 -1.316605106806343073e-01 -1.323569332497364914e-01 7.329899065196721075e-02 -2.941115082569607520e-01
-9.760748014226416913e-02 -2.831085123882046695e-01 -4.655687346929043846e-01 -3.654535789880577479e-01 -4.006516860389460200e-01 -3.144961885963258874e-01 9.760748014226416913e-02 2.842430758354135278e-01
4.899551783590736509e-01 -4.296665583844747616e-01 -3.876048750138916255e-03 -4.159136458200705100e-01 -3.578824283874381014e-03 -3.840204165652587043e-01 -4.899551783590736509e-01 4.336326675507380934e-01
2.317286007395269465e-01 9.926975565803008994e-02 4.718200729779260527e-01 1.843096218313198253e-01 4.209016352077040168e-01 1.644190776447644609e-01 -2.317286007395269465e-01 -9.931866827089873284e-02
3.039608914986468013e-01 4.809236757505814808e-01 4.536770184739218337e-01 -1.473206727482619938e-01 4.094787716525031818e-01 -1.329683577953735263e-01 -3.039608914986468013e-01 -4.864852594526607454e-01
3.029632373737378703e-01 -2.298700559773680929e-02 -5.619480163348145041e-02 1.813597548913062907e-01 -5.520850019905926276e-02 1.781766244024324819e-01 -3.029632373737378703e-01 2.298761291721342775e-02
-2.749600421859154098e-01 1.993076236968142068e-01 2.824383518404527393e-03 3.075122716430320757e-01 2.699613219322425251e-03 2.939275732993766321e-01 2.749600421859154098e-01 -1.997034838039477012e-01
2.771464630874664881e-02 -1.207850819479761029e-02 -9.599839094562101494e-02 4.603971482200180931e-01 -8.687081469157305336e-02 4.166223512038382260e-01 -2.771464630874664881e-02 1.207859630169317786e-02
4.594343210617524154e-01 1.309592003395304571e-01 -1.439835139688134813e-01 4.354201140070618203e-01 -1.308766944892505724e-01 3.957838204151623018e-01 -4.594343210617524154e-01 -1.310714998977906831e-01
2.453344309065020878e-01 1.132112115442597267e-01 3.477880437147415904e-01 -2.807320896749392336e-01 3.175164177642367247e-01 -2.562970437769449550e-01 -2.453344309065020878e-01 -1.132837616949070036e-01
1.264961586242937530e-01 -8.186386627468422716e-02 4.225044972603934079e-01 -2.385792855941620827e-01 3.801213319849757188e-01 -2.146464153923178519e-01 -1.264961586242937530e-01 8.189129759803114028e-02
1.366044000018972193e-01 -4.389633188803289121e-01 3.846818943092944476e-01 -5.912780017770913332e-02 3.584876943123019299e-01 -5.510160230838117429e-02 -1.366044000018972193e-01 4.431924845356183251e-01
4.053923187086492241e-01 -4.222854296676135100e-01 -7.119126568679745581e-03 -1.467575940169409954e-01 -7.043503295430862503e-03 -1.451986542331593633e-01 -4.053923187086492241e-01 4.260506317943723031e-01
-2.297917379702422158e-01 3.082780137053801051e-01 1.450783990854264127e-01 2.717184824154583733e-01 1.386499623300994077e-01 2.596786123143781655e-01 2.297917379702422158e-01 -3.097428789011494321e-01
3.447344453922218666e-01 4.893400561666380044e-01 -1.130107657437078306e-01 2.762150845634925300e-02 -1.122536768068334023e-01 2.743646468344437123e-02 -3.447344453922218666e-01 -4.951987702862593044e-01
-1.733550982279038477e-01 2.060518043359331752e-01 -2.066237215139433703e-01 -3.810266628269851630e-01 -1.895810248748895088e-01 -3.495988975231201779e-01 1.733550982279038477e-01 -2.064892249741860641e-01
-3.909812359809317073e-01 -3.577787469272133425e-01 3.905068324120894996e-01 -3.777387697699972069e-01 3.431335703683969784e-01 -3.319144301192830104e-01 3.909812359809317073e-01 3.600686316536206300e-01
-2.344533406277737875e-01 1.868082266569918160e-01 2.726745648541695211e-02 2.300825577402602073e-01 2.656378470798430314e-02 2.241449814779518102e-01 2.344533406277737875e-01 -1.871341819199296985e-01
3.788319844118440693e-01 -4.920671238054769026e-01 4.247408135383716754e-01 1.475529858164271735e-01 3.873823699292238687e-01 1.345748360265285604e-01 -3.788319844118440693e-01 4.980243357765330448e-01
2.168786636316891725e-01 3.741259355980283141e-01 -3.568102182912371578e-01 -7.544008969778337459e-02 -3.352134377745919491e-01 -7.087390023392331484e-02 -2.168786636316891725e-01 -3.767442599930180269e-01
7.421908884085970382e-02 -6.764440523565595775e-02 -3.542145687852229496e-01 -1.776425108672893272e-01 -3.293025407557236828e-01 -1.651488541971711521e-01 -7.421908884085970382e-02 6.765988148264509561e-02
-2.476742554296765819e-01 2.229151935562136977e-01 -7.155752404892656848e-02 1.054220077270481282e-01 -7.098365947676582577e-02 1.045765626649852870e-01 2.476742554296765819e-01 -2.234690395458135970e-01
4.767591490310596480e-01 -3.965404438835986589e-01 -1.178993574508604425e-01 2.485203200897536657e-01 -1.136772089834841015e-01 2.396204438625556821e-01 -4.767591490310596480e-01 3.996581305782265781e-01
1.778008914343111035e-01 1.195867393685737801e-01 -3.997653568968676518e-01 2.240848448640740953e-01 -3.634190934403839779e-01 2.037112765507595458e-01 -1.778008914343111035e-01 -1.196722497961992676e-01
4.700199890883123288e-01 3.602369974231152128e-01 -2.992725119649090049e-01 -1.887039175438328664e-01 -2.821351122632020925e-01 -1.778980655830427193e-01 -4.700199890883123288e-01 -3.625744076867462029e-01
-1.826160540417230971e-01 4.824909449748953083e-01 3.164423975559377267e-01 -1.202355669660052362e-01 2.997344289716955545e-01 -1.138872012252184068e-01 1.826160540417230971e-01 -4.881070795521137984e-01
-3.967739934223579734e-01 4.519169700994640770e-03 3.726861649194619375e-01 1.251210683054896355e-01 3.468461269665039093e-01 1.164458518417199329e-01 3.967739934223579734e-01 -4.519174315721007432e-03
-2.526039633976145948e-01 -2.892354975312946275e-01 -3.611834819543263686e-01 -3.946153272699607362e-01 -3.184768641826752900e-01 -3.479557019256203088e-01 2.526039633976145948e-01 2.904453287344958001e-01
1.968181614899001675e-01 -2.892676079166792702e-01 2.530706558694548747e-01 9.429085358666444705e-02 2.443177266754393562e-01 9.102962536464136167e-02 -1.968181614899001675e-01 2.904778421042256142e-01
-3.980327405742025704e-01 3.753327263545390702e-01 4.795901743594251920e-01 -4.558452039681375467e-01 3.999639030661321648e-01 -3.801613058828721137e-01 3.980327405742025704e-01 -3.779764697801809015e-01
4.632625284407118071e-01 2.667745872371021232e-01 -3.124301073827604469e-01 4.268412179022414987e-01 -2.761727392713040352e-01 3.773064938250128564e-01 -4.632625284407118071e-01 -2.677238870039383989e-01
1.908969175169239474e-01 -3.532485192357058823e-01 -2.555520006283891199e-01 2.059273667647191219e-01 -2.428095015959221836e-01 1.956592833010579457e-01 -1.908969175169239474e-01 3.554525165167775058e-01
6.885143708648133742e-02 1.668878292153841425e-02 -3.091606367315193893e-01 2.251666588327083662e-01 -2.887611576738552399e-01 2.103093904886438048e-01 -6.885143708648133742e-02 -1.668901532575387675e-02
2.259979853504514580e-01 2.332450677264275019e-01 -1.717438963492191606e-01 -4.630249316406421789e-01 -1.539893419673033781e-01 -4.151583028768421335e-01 -2.259979853504514580e-01 -2.338795323484671729e-01
1.902278681627478374e-01 4.744034689130025573e-01 3.067468107748635431e-01 -3.717690611545136914e-01 2.763253969921422581e-01 -3.348991083343814124e-01 -1.902278681627478374e-01 -4.797418991576785641e-01
-2.300721082349739266e-01 -3.574816622341553396e-01 3.225781525238710090e-01 3.460545992364693069e-01 2.915935220615256118e-01 3.128149833689825021e-01 2.300721082349739266e-01 3.597658474187748201e-01
-1.032325257693300635e-01 3.168351087916219111e-01 -4.366565565436602014e-01 5.726823007491377293e-02 -3.996199586823683814e-01 5.241081896834209192e-02 1.032325257693300635e-01 -3.184253752713441799e-01
4.578895301505019333e-01 -3.623372590543968430e-01 1.049268729742817152e-01 -2.402083066955854607e-01 1.014978537439317485e-01 -2.323582785798056771e-01 -4.578895301505019333e-01 3.647157909989248159e-01
1.171449136207238784e-01 4.234562151187751811e-01 8.202997634346176348e-02 1.924144621670755839e-01 8.029229574050748830e-02 1.883384536938358111e-01 -1.171449136207238784e-01 -4.272528211967612233e-01
-4.969820433804036375e-01 -3.862036435525931788e-01 -4.898275437382243469e-01 9.139402516367689522e-03 -4.398755387292896946e-01 8.207377590222967798e-03 4.969820433804036375e-01 3.890838200653831125e-01
3.240098704123187678e-01 -4.279879648302300499e-01 3.905522863783110754e-01 -2.950778542193661647e-01 3.507826022047476622e-01 -2.650302690989717047e-01 -3.240098704123187678e-01 4.319077717419481655e-01
-3.690031551890831096e-01 2.007260364825379506e-01 -2.950232384779094552e-02 -4.506036153666856947e-01 -2.688799957627576592e-02 -4.106737449414505359e-01 3.690031551890831096e-01 -2.011304085344381432e-01
-3.301695804354310981e-01 -7.928198506441552773e-03 1.842180509832275215e-01 -2.181549118567570611e-01 1.771386491175185041e-01 -2.097713344506920985e-01 3.301695804354310981e-01 7.928223423315250776e-03
3.021610840045980684e-01 3.553564125953697639e-01 -3.638868457518779076e-01 -4.964452395355739567e-01 -3.098877843575497115e-01 -4.227751487324493684e-01 -3.021610840045980684e-01 -3.576001006465774346e-01
3.623462528380441139e-01 1.442320198790317809e-01 1.803256159440869144e-02 5.867641106363152836e-02 1.799868310938182447e-02 5.856617337481277025e-02 -3.623462528380441139e-01 -1.443820419170856739e-01
-4.466374548829196156e-01 4.147886867419342538e-01 3.550417213473514577e-01 2.437491963512196103e-01 3.260877009691613981e-01 2.238711967416582016e-01 4.466374548829196156e-01 -4.183568992572493928e-01
-2.099031483125741726e-01 -1.740327926910141265e-01 -2.598277927786227792e-01 2.419642356783802128e-01 -2.448529739611947365e-01 2.280189584975500228e-01 2.099031483125741726e-01 1.742963428438097651e-01
2.498583107261433955e-01 -4.689029245444521488e-01 -1.873188438445235748e-01 -7.119930708591126756e-02 -1.836673146642043009e-01 -6.981137225721614770e-02 -2.498583107261433955e-01 4.740578077352181063e-01
-7.123122500055745210e-02 -2.311079777873541463e-01 4.073961422409972943e-01 1.465499357511519385e-01 3.738604466894903111e-01 1.344863604767050635e-01 7.123122500055745210e-02 2.317251620118151167e-01
-2.122246614136512610e-01 -4.770848686776182346e-01 -2.966191671759489390e-01 1.721444096568486293e-01 -2.805774629159168976e-01 1.628345267655150752e-01 2.122246614136512610e-01 4.825143323558039321e-01
-3.565769513297550874e-01 -4.742465175934166277e-01 -3.438504355592052475e-01 -8.150318246082433049e-02 -3.242031830247778523e-01 -7.684617626694498216e-02 3.565769513297550874e-01 4.795796511030011589e-01
-1.997516604660999340e-01 -7.724733835543906579e-02 2.256425454948689513e-01 -4.187834140572667119e-01 2.037622229406082230e-01 -3.781744226994915303e-01 1.997516604660999340e-01 7.727038568314786859e-02
3.316528497301707290e-02 -4.891112661965210107e-01 2.323748991793305185e-01 8.123534229117168604e-02 2.256388933008905417e-01 7.888051935141808524e-02 -3.316528497301707290e-02 4.949617664673018336e-01
-1.844843689939370535e-01 -1.800471619223216191e-01 1.004889552745443781e-01 -4.192460921879211933e-01 9.227852575786875400e-02 -3.849916760618279366e-01 1.844843689939370535e-01 1.803389911893240050e-01
-8.582073047309735081e-02 7.849957978920052426e-02 -3.685843394625394343e-01 4.410132668189012950e-01 -3.195614568937645283e-01 3.823571078999951078e-01 8.582073047309735081e-02 -7.852376623203601025e-02
-2.785672656765116884e-01 -5.156915817436380500e-03 -3.887543274325649945e-01 -3.644290904828817457e-02 -3.621284789985164121e-01 -3.394692815664432373e-02 2.785672656765116884e-01 5.156922674530810095e-03
-2.428817062178038055e-01 -7.535088406866030653e-02 5.590021112657550528e-02 2.029317321143713215e-01 5.470153788108395032e-02 1.985802487649441506e-01 2.428817062178038055e-01 7.537227526434911451e-02
-9.746477380072282592e-03 3.612116383667943742e-01 2.175949621947543822e-01 1.538401991962549120e-01 2.102573499908224619e-01 1.486524884528994395e-01 9.746477380072282592e-03 -3.635680719812299233e-01
-2.726902637153112430e-01 3.600849473956369007e-02 1.298530215834227119e-01 -1.959945099776968513e-01 1.264064108256154062e-01 -1.907923454202373748e-01 2.726902637153112430e-01 -3.601082919133075794e-02
-5.210647382409483441e-02 1.738490080168676455e-01 -7.833406515029073258e-02 -9.026873886597952534e-02 -7.778050058273548728e-02 -8.963083535237745259e-02 5.210647382409483441e-02 -1.741117240967462454e-01
6.949441274537571100e-02 -3.252636871725925749e-01 -2.636159013396244255e-01 2.158269528581799879e-01 -2.495312762706759224e-01 2.042956237716816448e-01 -6.949441274537571100e-02 3.269842746067826433e-01
-2.350804423371906093e-01 1.973080192643409392e-01 1.282395971306578009e-01 2.395005898258362187e-03 1.271975930941960653e-01 2.375545405016230363e-03 2.350804423371906093e-01 -1.976920838073284725e-01
-4.849810192578776213e-01 -3.055341904721154966e-01 3.963225568040046332e-01 3.193583846560201778e-01 3.532037821136630451e-01 2.846130944951467678e-01 4.849810192578776213e-01 3.069602887452329010e-01
8.516240610239589337e-03 4.110192396569682938e-01 4.332023381866817457e-01 -4.865816894434704665e-01 3.629700948709458364e-01 -4.076954033051693460e-01 -8.516240610239589337e-03 -4.144910537271034867e-01
-1.220758206719001482e-01 1.824537097668154084e-01 2.005330726195025948e-01 2.701321875998075051e-01 1.900650886691158115e-01 2.560310751631417747e-01 1.220758206719001482e-01 -1.827573980936073594e-01
4.682615757193975270e-01 2.674748688630130822e-01 1.139340023847008609e-01 6.131128828234744255e-03 1.131995382780399406e-01 6.091605121848589315e-03 -4.682615757193975270e-01 -2.684316639886160649e-01
1.790688365654296010e-01 -3.104482971660726953e-01 -2.461113790572603266e-01 3.754038622793217650e-01 -2.245277428492634675e-01 3.424814495670323033e-01 -1.790688365654296010e-01 3.119443187193475797e-01
-1.877301622980830365e-01 -2.466039655137003406e-01 -1.111265973052756317e-01 -4.889753787922512807e-02 -1.103165336794947743e-01 -4.854109650707198742e-02 1.877301622980830365e-01 2.473538082214431777e-01
4.490163206876164326e-01 -3.275417607344621729e-02 2.803635232892685014e-01 -1.474674311949382144e-01 2.672735711055099772e-01 -1.405822929274618549e-01 -4.490163206876164326e-01 3.275593306649061259e-02
-1.121393559358282443e-01 -2.384504481670128850e-01 -4.005594370844107743e-01 1.316207452501602093e-01 -3.690934829275674955e-01 1.212812751173960452e-01 1.121393559358282443e-01 2.391283462931353687e-01
3.763891522960383096e-01 1.687327702067320523e-01 3.978507176676817636e-01 2.031363586331647042e-02 3.696026255117429993e-01 1.887133242535094999e-02 -3.763891522960383096e-01 -1.689729676135472425e-01
-2.396849014214590401e-01 -1.979032687099017140e-01 -1.197635038827352671e-01 4.862467824362950441e-01 -1.070863615876272712e-01 4.347768483441951659e-01 2.396849014214590401e-01 1.982908197497330882e-01
-1.400933290309025470e-02 -4.303429943844960803e-02 3.211218982189646409e-01 -3.511236908817760849e-02 3.055738116196853316e-01 -3.341229768751408785e-02 1.400933290309025470e-02 4.303828430898899021e-02
3.006326726806163308e-01 -2.935459411105669769e-01 1.135258996684316291e-01 -2.882786651515137910e-01 1.084404017373529761e-01 -2.753649550687580772e-01 -3.006326726806163308e-01 2.948106723428351450e-01
-3.183871486692362307e-01 -8.327603762930391174e-02 -3.325581424934787034e-01 -4.050439301975085060e-01 -2.945582378209289920e-01 -3.587614046207906471e-01 3.183871486692362307e-01 8.330491317248962801e-02
2.538761884612463771e-01 1.382187106203334181e-01 -4.199390227287826960e-01 -2.518885359398251866e-01 -3.771473058423605029e-01 -2.262211358329438982e-01 -2.538761884612463771e-01 -1.383507399797853088e-01
-3.260443333195356397e-01 4.700608095894343030e-03 3.894424754644788544e-01 5.199502715419712651e-02 3.624691117734696322e-01 4.839377442519946643e-02 3.260443333195356397e-01 -4.700613289059529104e-03
-3.532076265827568395e-01 -2.464182506283716378e-01 4.331557628232255430e-01 -4.690020401717441834e-01 3.650955164231214356e-01 -3.953093938862844992e-01 3.532076265827568395e-01 2.471664005153333121e-01
-4.629389520459641361e-01 -1.013409400776212888e-01 3.632264817138495250e-01 1.552012872247356956e-01 3.378272344995875143e-01 1.443485656841893838e-01 4.629389520459641361e-01 1.013929785801006705e-01
-3.569941717419006233e-01 -3.924911238148323100e-01 -4.740742072157301257e-01 4.984135585909075239e-01 -3.905899011888341321e-01 4.106431010970602591e-01 3.569941717419006233e-01 3.955142726109506790e-01
4.634681602037327153e-02 4.461523954567653272e-01 3.849665188380633207e-01 -2.794059181526642455e-01 3.476405746689013587e-01 -2.523150175388194638e-01 -4.634681602037327153e-02 -4.505927708948546662e-01
4.479702112176809914e-01 4.427625754329492791e-01 -3.545963658287643039e-01 1.280232317552282284e-01 -3.318003120312729703e-01 1.197929599316579913e-01 -4.479702112176809914e-01 -4.471025053780159908e-01
7.411760549201307224e-02 1.443610847569929412e-01 -2.178605515951393956e-01 -2.120131207252484717e-01 -2.084419906527663624e-01 -2.028473562786206885e-01 -7.411760549201307224e-02 -1.445115098936305964e-01
-1.740101882299747160e-01 2.784679611795948251e-02 -4.406427746610425134e-01 -2.275991498706178007e-01 -3.947601530747788523e-01 -2.039000306126159956e-01 1.740101882299747160e-01 -2.784787579958316120e-02
2.093872512312950906e-01 -4.816375057912936075e-02 -2.217615575786696658e-01 4.806990363557801516e-01 -1.959922565155893526e-01 4.248404902496079050e-01 -2.093872512312950906e-01 4.816933696461166842e-02
-1.334569027562556576e-01 -4.715091505084327839e-01 3.879964939264646251e-01 -4.475090361468661015e-01 3.338346196200681071e-01 -3.850395846281703394e-01 1.334569027562556576e-01 4.767504669486224977e-01
2.456371927074960659e-01 -1.209906082037970343e-02 2.355530471689282201e-02 -3.860342385408136456e-01 2.196947302278100256e-02 -3.600449619066076745e-01 -2.456371927074960659e-01 1.209914937780551085e-02
-2.898259900851604121e-01 -2.606842925624953677e-01 -7.066927738350770039e-02 2.393877873463819972e-01 -6.856570170907037853e-02 2.322620554178319030e-01 2.898259900851604121e-01 2.615700495670963965e-01
7.367948667228585435e-02 3.348540476317984904e-01 -4.786240389119292837e-01 8.482013429615964384e-03 -4.317094442203298077e-01 7.650608840904199286e-03 -7.367948667228585435e-02 -3.367313605263950183e-01
-4.339998272779375110e-01 1.009542481076399767e-01 3.061631629534082855e-01 -2.685370644657522066e-01 2.835515090639412206e-01 -2.487042828220731028e-01 4.339998272779375110e-01 -1.010056931820896148e-01
-1.566537602255769768e-01 -6.706149126583693665e-02 1.043068436688722178e-01 8.469161300452576757e-02 1.033778981366519356e-01 8.393735860711692975e-02 1.566537602255769768e-01 6.707657085899322580e-02
2.115247586284717540e-01 -2.045177143445029433e-01 -5.432704359834394925e-02 4.866774449680826287e-01 -4.879093508381456695e-02 4.370833760024130932e-01 -2.115247586284717540e-01 2.049454375331263289e-01
-4.714650004846254738e-02 -1.882970822810186018e-01 -2.433390100470237405e-01 4.581887417148959862e-01 -2.160006825657619645e-01 4.067127623114764612e-01 4.714650004846254738e-02 1.886308933826228995e-01
-1.826375906778392455e-01 2.069562452487609949e-01 3.497689100179306454e-01 6.555423538038107623e-02 3.295258274710028412e-01 6.176024523403628175e-02 1.826375906778392455e-01 -2.073994512311009841e-01
1.185135669120854773e-01 -4.290815995296127783e-01 -2.471585179231848839e-01 -4.556883441668954093e-01 -2.194266653422423663e-01 -4.045588824373277936e-01 -1.185135669120854773e-01 4.330315320569677606e-01
-8.426840719661710111e-03 -5.075324641336242948e-02 1.248212941854990321e-01 -9.371157231168492086e-02 1.233280617384871769e-01 -9.259050429721336906e-02 8.426840719661710111e-03 5.075978315748749109e-02
1.692328934531845963e-01 -9.813407603216262043e-02 3.218493747640105429e-01 2.996608375248388523e-01 2.946202748367227064e-01 2.743089321646330903e-01 -1.692328934531845963e-01 9.818132904646788284e-02
1.218062317404154937e-01 -2.710814080483681110e-03 2.647266390004860970e-01 4.810797572402972788e-01 2.320451890753265078e-01 4.216887414527707434e-01 -1.218062317404154937e-01 2.710815076506303996e-03
4.078158525035240345e-01 3.281353607315120602e-01 4.299556236533178533e-01 -2.091938449673220735e-01 3.878949750044428657e-01 -1.887293404263315211e-01 -4.078158525035240345e-01 -3.299019236304452929e-01
1.167783570016576178e-01 -2.785179442664712512e-01 6.094875512194519729e-02 3.628389805786156330e-01 5.720009230743969275e-02 3.405225117446459282e-01 -1.167783570016576178e-01 2.795982073808252477e-01
4.013084363492738227e-01 1.236704109977018184e-01 -3.847874675288542878e-02 -1.103879841206948376e-01 -3.821848372073413658e-02 -1.096413404827191185e-01 -4.013084363492738227e-01 -1.237649840523345063e-01
3.910189542923389050e-01 4.511356184186920970e-01 1.323298746664965941e-01 -2.958775000056641513e-01 1.258826900398768989e-01 -2.814621846869823640e-01 -3.910189542923389050e-01 -4.557264499513566935e-01
2.527555537388138651e-01 -3.792328156907702752e-01 -1.632540012988327183e-01 1.539369314312133419e-02 -1.611024401585398613e-01 1.519081620467676794e-02 -2.527555537388138651e-01 3.819598320046457829e-01
3.458514830276776530e-01 -9.090916808314009057e-02 -2.153760310312645698e-01 3.267687384051289889e-01 -2.005634125303872861e-01 3.042950182012985061e-01 -3.458514830276776530e-01 9.094673391885556291e-02
1.323033174301277981e-01 7.936054029723305092e-02 1.851729969076996163e-01 3.073652638773204382e-01 1.742915691014104151e-01 2.893033812870137167e-01 -1.323033174301277981e-01 -7.938553130974890237e-02
-1.427302399975002301e-01 4.760435504677476004e-01 -4.530777244759309763e-02 4.466766792396476005e-01 -4.133306940372368649e-02 4.074911916138125312e-01 1.427302399975002301e-01 -4.814375395267891378e-01
-3.238037444249447505e-01 3.479393924434761587e-01 3.730943782696405364e-01 -4.302140214957914655e-01 3.242113525927809436e-01 -3.738471495079080387e-01 3.238037444249447505e-01 -3.500455012625812157e-01
8.575927145828787790e-02 -1.298458224462617494e-01 -3.233211069276585858e-01 -2.855322191693073774e-01 -2.968792045401964508e-01 -2.621807741012947002e-01 -8.575927145828787790e-02 1.299552820695087929e-01
-2.429307011778533143e-01 2.511210403719373874e-01 3.417368261858496625e-01 -2.998139342606779278e-01 3.110979020719912835e-01 -2.729336694597912505e-01 2.429307011778533143e-01 -2.519128473232984944e-01
3.447096076020695898e-01 3.596509535692010706e-01 -4.252685549852388558e-01 -4.662257347780163208e-02 -3.909902626396416503e-01 -4.286461351381689461e-02 -3.447096076020695898e-01 -3.619769746834642365e-01
-1.442948290161188973e-01 2.470048290299451388e-01 -1.921175561823532663e-01 7.388552689234739734e-02 -1.881726370840089979e-01 7.236837025179450322e-02 1.442948290161188973e-01 -2.477583343729523324e-01
-3.976655711721741593e-01 3.303995700373394406e-01 -2.729988347853420372e-01 3.786609763158110820e-01 -2.473732584256835287e-01 3.431172137549436951e-01 3.976655711721741593e-01 -3.322029549200716803e-01
-9.186319723871883003e-02 2.113145181364867176e-01 2.883011896679689157e-01 1.820662584328148759e-01 2.728743063349745035e-01 1.723239645111262763e-01 9.186319723871883003e-02 -2.117863182182060100e-01
2.721780295432467689e-01 -5.588289298338555700e-02 4.909156325254501185e-01 -2.460661441222647960e-01 4.303055853151653842e-01 -2.156860143729233681e-01 -2.721780295432467689e-01 5.589161881136268939e-02
5.624023399041888638e-02 2.875518396525071907e-01 -3.061522324904928372e-01 -1.097352954004190417e-01 -2.911419777822500388e-01 -1.043551133875516151e-01 -5.624023399041888638e-02 -2.887406660928477642e-01
5.971698205414244232e-02 2.790397840812663954e-02 -3.014084969460737451e-01 -3.735691097103149838e-01 -2.717266035141263636e-01 -3.367810343367369508e-01 -5.971698205414244232e-02 -2.790506475466778338e-02
4.156063497662745299e-01 3.773604746948125976e-01 -2.380002952806643535e-01 -2.051879882015046341e-01 -2.270538094315031896e-01 -1.957506578544271347e-01 -4.156063497662745299e-01 -3.800472987815599057e-01
6.810046191994212350e-02 -2.833827916712206019e-01 -1.696082536382972350e-01 3.790664013584654768e-01 -1.566384151926449031e-01 3.500794276686191586e-01 -6.810046191994212350e-02 2.845206558545242959e-01
3.729223764001110553e-01 -2.030529142130954590e-01 4.314470149929107157e-01 1.669425431939751681e-01 3.915752218441503896e-01 1.515146961614315946e-01 -3.729223764001110553e-01 2.034715127296313764e-01
-1.575458801564801892e-01 2.761877231156140144e-02 4.713204692732110290e-01 2.986203082780309881e-01 4.115877529217903397e-01 2.607747162997084978e-01 1.575458801564801892e-01 -2.761982568682007366e-02
-8.080548559670519548e-02 4.759890683309049297e-01 3.638291455014519560e-01 3.604566673368851948e-01 3.238292563021589743e-01 3.208275531416776571e-01 8.080548559670519548e-02 -4.813812056113587201e-01
-8.918865007781440202e-02 4.752223424373120952e-01 2.802245796913637177e-01 4.003400045106618732e-01 2.517711654147896660e-01 3.596903227005460169e-01 8.918865007781440202e-02 -4.805884646120508474e-01
4.033795205622537905e-01 -1.954820120793797633e-01 -1.966543282914309243e-01 -3.322633149497283833e-01 -1.834551549412009319e-01 -3.099622492673890228e-01 -4.033795205622537905e-01 1.958555119071945516e-01
-1.051243870764451138e-01 1.054790010309346604e-01 -3.772278705505800467e-01 4.200454054097136902e-01 -3.284916582508818905e-01 3.657773524589026382e-01 1.051243870764451138e-01 -1.055376780480960230e-01
-1.847551969046270504e-01 4.278489928250107655e-01 -2.571084250351293177e-01 1.590356596658832888e-01 -2.461075367249555002e-01 1.522310070020114203e-01 1.847551969046270504e-01 -4.317649825740504377e-01
-3.532714250941898504e-01 -4.947601623485341493e-01 3.837555081806008905e-01 -1.855827776092537906e-01 3.530199940020223859e-01 -1.707191939709316042e-01 3.532714250941898504e-01 5.008157204357776004e-01
3.749616449558981213e-01 -1.569718901695934532e-01 -4.283897205581954637e-01 -2.470198872798116119e-01 -3.840035228020569624e-01 -2.214257307435291422e-01 -3.749616449558981213e-01 1.571652809063192047e-01
4.368683813090936674e-01 -4.628873355060055816e-01 -2.107395045170900039e-01 1.407827044518461523e-01 -2.042810213712816791e-01 1.364681706106136150e-01 -4.368683813090936674e-01 4.678463559712459641e-01
4.904717836238406958e-01 -3.005044538614386473e-01 4.110179736986264709e-01 2.674235177414532316e-01 3.690379145493830060e-01 2.401097363229388604e-01 -4.904717836238406958e-01 3.018612754463029790e-01
1.865009276815836614e-01 4.843834501935107006e-01 3.146191812616553340e-01 -4.164657929382589163e-01 2.789127833630001274e-01 -3.692007366432160653e-01 -1.865009276815836614e-01 -4.900659298972814826e-01
-9.912626762887910559e-02 -1.043503885483143545e-02 -3.667928862488980535e-01 2.367109576935199078e-01 -3.361581159713134537e-01 2.169407110966236618e-01 9.912626762887910559e-02 1.043509566841921248e-02
3.007445686755366721e-01 4.727875919326551823e-01 4.438926277837961232e-01 5.782530371491045873e-02 4.051517837740038486e-01 5.277858536272073131e-02 -3.007445686755366721e-01 -4.780716577065655670e-01
-1.856233838859495666e-01 -4.601400733645474306e-01 -3.419681650361873215e-01 -4.704712550579790431e-01 -2.956046786181162900e-01 -4.066855291508168491e-01 1.856233838859495666e-01 4.650113206470933847e-01
-2.779508602000773099e-01 3.003322457764017184e-01 2.679628782813116006e-01 -3.369101079065861537e-02 2.586944312938566637e-01 -3.252568763295177884e-02 2.779508602000773099e-01 -3.016867360636434348e-01
-3.346458028830672227e-01 -1.464651373320096095e-01 3.467905717958874590e-02 1.095019257734966001e-01 3.445253045475259873e-02 1.087866493321485717e-01 3.346458028830672227e-01 1.466222361052716139e-01
4.501761192470796757e-01 -1.852343126759835590e-01 -1.280609092657625236e-02 4.978842782249023324e-01 -1.146304798101223897e-02 4.456685028246600844e-01 -4.501761192470796757e-01 1.855520983528695378e-01
-1.522341402544934441e-01 2.672845084217665423e-01 2.529259149799422124e-01 -3.307858153063094608e-01 2.334919946152380077e-01 -3.053694193907451337e-01 1.522341402544934441e-01 -2.682392621628988394e-01
1.980572484473029915e-01 -3.202057023070256081e-01 -3.251034910180777837e-01 -7.928680097480822475e-02 -3.082999138767577585e-01 -7.518871555500387938e-02 -1.980572484473029915e-01 3.218472639259418178e-01
-8.641358499883866617e-02 -1.643361988353502223e-01 -4.845563680572391174e-01 -7.386921957528780336e-02 -4.351003361056494656e-01 -6.632979026554261526e-02 8.641358499883866617e-02 1.645581051783611415e-01
-4.874440198408841463e-01 2.400775431590715936e-01 -4.745237642211797002e-01 2.783008900676275932e-01 -4.157654509325494074e-01 2.438400429613986065e-01 4.874440198408841463e-01 -2.407694133484551691e-01
4.152743199147874709e-01 5.791199424377246885e-02 1.399745691089122612e-01 3.656860140063340481e-01 1.303390014216666559e-01 3.405129246182508340e-01 -4.152743199147874709e-01 -5.792170550341541047e-02
-4.998856251826551134e-01 1.641025553547934557e-01 3.730681484470994569e-01 -4.120613162293966791e-01 3.260788269046023813e-01 -3.601606601049747725e-01 4.998856251826551134e-01 -1.643235165629037542e-01
-2.883718839999409589e-01 1.724698446537339391e-01 9.846469310463634717e-02 4.615725424345338279e-01 8.904564237421265516e-02 4.174188965348665792e-01 2.883718839999409589e-01 -1.727263577370085068e-01
2.550821884676801599e-01 1.477706331874811818e-01 -2.690915495158208159e-01 2.708318305538303106e-01 -2.513930136937793103e-01 2.530188339605492498e-01 -2.550821884676801599e-01 -1.479319703472014302e-01
4.737835383583225424e-01 -4.859077058075570443e-01 -2.557333367910241684e-01 4.180283190861799891e-01 -2.296416846241361442e-01 3.753782303868786752e-01 -4.737835383583225424e-01 4.916439993006340714e-01
-2.333612978483647904e-01 1.714291710812733127e-01 -3.147107606314476502e-01 -2.483404158476762991e-01 -2.921114899020375577e-01 -2.305071765916204829e-01 2.333612978483647904e-01 -1.716810687683813508e-01
8.683334065608294683e-02 1.957642142718394318e-01 -4.916169204749684107e-01 -3.693071756026119479e-01 -4.187843050539605816e-01 -3.145946415692086329e-01 -8.683334065608294683e-02 -1.961393340139943875e-01
1.935182436603299916e-02 -7.336084173185641877e-02 -4.469074045474749068e-01 -8.991470867070749939e-03 -4.080015763756953961e-01 -8.208712253079930229e-03 -1.935182436603299916e-02 7.338058244880794889e-02
-3.645720969278301027e-01 -3.118057399701787968e-01 -1.753616777970034013e-01 1.264974675711760810e-02 -1.727125715590476229e-01 1.245865299328151668e-02 3.645720969278301027e-01 3.133214716286504831e-01
1.166850671552361884e-01 -3.505532010611375204e-01 4.357362666081997515e-01 -3.524974946030645651e-01 3.801072034821901258e-01 -3.074952607250522885e-01 -1.166850671552361884e-01 3.527071322057500069e-01
-4.334635186458850598e-01 -2.797160122062724019e-01 4.919450119072810157e-01 -1.000540760148682651e-01 4.396537730144807199e-01 -8.941883942448697331e-02 4.334635186458850598e-01 2.808102758959338252e-01
4.672763300002720221e-01 5.108717418697172885e-02 2.249167472191191397e-01 -2.584415826591359711e-01 2.127754050645704054e-01 -2.444905197844327582e-01 -4.672763300002720221e-01 -5.109384080614884360e-02
-2.357025172730993212e-01 -2.261902958418914311e-01 4.357532076921331043e-01 4.467282696079524218e-01 3.696745894916922959e-01 3.789853677871968807e-01 2.357025172730993212e-01 2.267689138024030493e-01
1.884132523859433084e-01 2.797442954825999362e-01 4.786728051583469812e-01 1.494668079547463169e-01 4.278867943620318637e-01 1.336087461624758388e-01 -1.884132523859433084e-01 -2.808388911428009727e-01
-2.367032295128890240e-01 1.138710897412525958e-01 -3.765811401852701135e-01 1.192132979332389819e-01 -3.502474014435384420e-01 1.108768957417494011e-01 2.367032295128890240e-01 -1.139449159276524071e-01
-1.023231630144664228e-01 3.076984091122094700e-01 4.482094981876252326e-01 4.814104657541125043e-01 3.744650918496389980e-01 4.022034673627726264e-01 1.023231630144664228e-01 -3.091550273953573291e-01
2.996152617360280379e-01 6.566211254392750885e-02 -4.294579552563008162e-01 1.014334096987881129e-01 -3.929045544000097090e-01 9.279988448506276688e-02 -2.996152617360280379e-01 -6.567626769659745678e-02
-3.159897983725349357e-01 3.567024965177921780e-01 -1.724305558876748634e-01 -1.784607784253255947e-02 -1.698966872564548203e-01 -1.758382956175243497e-02 3.159897983725349357e-01 -3.589717784279006785e-01
4.318611166365405873e-01 -1.781712000297555054e-01 3.885421033562280746e-01 2.688528482877579062e-01 3.513023372028880043e-01 2.430846828472260357e-01 -4.318611166365405873e-01 1.784540020578301300e-01
4.648400471483855600e-01 -3.890796309657593710e-01 -3.770452284478215121e-01 7.817391840853815665e-02 -3.518605953353819982e-01 7.295231286751148458e-02 -4.648400471483855600e-01 3.920246322613927248e-01
3.073605288848414441e-01 -3.656613913443038655e-01 9.052054764711714441e-02 3.476267092393875435e-01 8.519082729684211708e-02 3.271589459006699618e-01 -3.073605288848414441e-01 3.681059886378049151e-01
-3.786565442592626507e-01 -3.228388355615826599e-01 1.888452590186650015e-01 8.742001923757691806e-02 1.848844924129299239e-01 8.558650594384530075e-02 3.786565442592626507e-01 3.245212280511081682e-01
-4.722166511513300469e-01 -6.762890080003192139e-05 -5.565184255387278789e-02 3.167539643767667279e-01 -5.297940962626584982e-02 3.015432600136351282e-01 4.722166511513300469e-01 6.762890081549752328e-05
1.707887907875872413e-01 -9.136277498673761599e-02 4.825897893050853371e-01 -1.663897711521022948e-01 4.298265003014180019e-01 -1.481977750156023288e-01 -1.707887907875872413e-01 9.140090595649223715e-02
7.248851719160631646e-02 3.883864343953858933e-01 -4.935673132786555506e-02 2.233610443943061519e-01 -4.811396967189007778e-02 2.177369981103667029e-01 -7.248851719160631646e-02 -3.913157229963098449e-01
3.071051956187791365e-01 7.921699945287463684e-03 -7.233490030303579843e-02 -2.599048458387899219e-01 -6.983802880607077601e-02 -2.509333950069052577e-01 -3.071051956187791365e-01 -7.921724800940013744e-03
-4.299778562807776705e-01 4.339026083148878055e-01 3.992209495659687635e-01 1.191196332516605283e-01 3.685185943369350681e-01 1.099586578599110603e-01 4.299778562807776705e-01 -4.379871824860880891e-01
-1.511016580221574701e-01 -3.010520765729333137e-01 1.046720523491877497e-01 1.508312566756970785e-01 1.029513762710738689e-01 1.483517816929392774e-01 1.511016580221574701e-01 3.024163294738234642e-01
1.224959022999211333e-01 4.182585891320579341e-01 -1.194659227903599463e-01 -2.595156751969122100e-01 -1.148699914272658384e-01 -2.495319392243953993e-01 -1.224959022999211333e-01 -4.219171021846938041e-01
-4.216131001450520444e-01 -2.088460594475719523e-01 3.797221435013808932e-01 4.179907278273131688e-02 3.547200436054445127e-01 3.904689040106949782e-02 4.216131001450520444e-01 2.093015179987216534e-01
2.438258540750929404e-01 -3.234509657229169832e-01 3.646861447635343367e-01 4.762382645603884246e-01 3.127389156646816493e-01 4.084011432713423040e-01 -2.438258540750929404e-01 3.251429462512190893e-01
2.965886780072874984e-01 -4.352600165584511460e-01 -1.533051186414218225e-01 -4.854312682366682674e-01 -1.366213632994973393e-01 -4.326031788267922229e-01 -2.965886780072874984e-01 4.393830449657828985e-01
8.157740734429119733e-02 -3.021095991363975664e-02 4.904061968899466883e-01 1.020078384720013442e-01 4.384741421073770629e-01 9.120561637657315091e-02 -8.157740734429119733e-02 3.021233859396590948e-02
2.976388039585665668e-01 -1.424888326695585850e-01 4.588025156370004742e-01 3.370775463427633234e-02 4.168115195483041990e-01 3.062271881872187518e-02 -2.976388039585665668e-01 1.426334806884836104e-01
5.282197868576588018e-02 -1.049031311100268038e-01 2.608024563057560474e-01 -2.051791204630363241e-01 2.475297592824748372e-01 -1.947371931131784140e-01 -5.282197868576588018e-02 1.049608523108459812e-01
4.319720691968372828e-01 -7.365184576376937464e-02 -3.507639676902499781e-01 4.159157900099570426e-01 -3.081122060431682463e-01 3.653417779254897746e-01 -4.319720691968372828e-01 7.367182233321595275e-02
-1.773190031632535524e-01 -3.273953798802075044e-01 3.442600050750984630e-01 -2.492268433269977379e-01 3.168325938940290687e-01 -2.293707839285254457e-01 1.773190031632535524e-01 3.291500183373329835e-01
4.107728311738374494e-01 3.701917462053776475e-01 4.473759179539592568e-01 4.620782128470934946e-01 3.762702563641812659e-01 3.886357772752794260e-01 -4.107728311738374494e-01 -3.727283357546042897e-01
4.085351509197991948e-01 -3.401663496559066413e-01 8.787150629618645237e-02 5.343370624826571103e-02 8.741047097374032848e-02 5.315335568836265789e-02 -4.085351509197991948e-01 3.421344355704528106e-01
-2.967067653390095261e-01 2.591960493171446833e-01 3.434941260636554805e-01 4.735188608362935758e-01 2.964895223981588446e-01 4.087213441019820204e-01 2.967067653390095261e-01 -2.600667224383707010e-01
1.627198123752622294e-01 -2.313498760937734433e-01 2.906369935895988244e-01 -1.043517277324511605e-01 2.776979176713588182e-01 -9.970601862758649014e-02 -1.627198123752622294e-01 2.319690003482710872e-01
2.986042447602101912e-01 4.507534280610022703e-01 3.600667708762161912e-01 -3.279226681711040481e-01 3.237176362905859750e-01 -2.948185159328288174e-01 -2.986042447602101912e-01 -4.553326017763739131e-01
8.201417994708004588e-02 3.379779620477293411e-01 -2.243968972391412464e-01 -3.892045603040438229e-01 -2.046890338672252008e-01 -3.550223127214296448e-01 -8.201417994708004588e-02 -3.399083080167794590e-01
4.607080414295161575e-02 1.684561675894820088e-01 -1.702649207557390687e-01 9.526978067325619914e-02 -1.671139089987249415e-01 9.350666823848610698e-02 -4.607080414295161575e-02 -1.686951856691745188e-01
3.946066635038473214e-01 -2.311766647880664216e-02 -6.540502659149050046e-02 3.284681480854713120e-01 -6.201913519490274973e-02 3.114639890075754924e-01 -3.946066635038473214e-01 2.311828421348982240e-02
-4.860484270244029847e-01 -1.543011788244976756e-01 -1.051177374631995232e-01 4.029168334744089863e-01 -9.704082860527826759e-02 3.719579998861733405e-01 4.860484270244029847e-01 1.544848655347845212e-01
-4.500465410539128408e-01 -2.258802248331478468e-01 -3.381522858761648598e-01 -4.989670673422653691e-01 -2.896104341352652711e-01 -4.273402103959555998e-01 4.500465410539128408e-01 2.264564664739310840e-01
1.704675101784022262e-01 -4.346282849577736140e-01 3.414221567958434234e-01 3.684881163027721174e-01 3.050902957520593151e-01 3.292760769804282117e-01 -1.704675101784022262e-01 4.387333870541035297e-01
-4.203739223017476379e-01 -2.717942666495158921e-01 4.305598192498450993e-01 -3.944929200026652261e-01 3.718074343290641015e-01 -3.406620727004229243e-01 4.203739223017476379e-01 2.727981676295596070e-01
-4.737814327036267148e-01 -1.596207092345327538e-01 4.281090785007262145e-01 -5.968079241440682470e-02 3.929691886332992712e-01 -5.478209584859814602e-02 4.737814327036267148e-01 1.598240562079407401e-01
4.973228504514805026e-01 2.293189193611233634e-01 8.454726611662977120e-02 3.949395201529242172e-01 7.839462499724128564e-02 3.661991333494946099e-01 -4.973228504514805026e-01 -2.299218809740010694e-01
-1.756375402738135083e-01 9.613294217558632226e-03 1.495830548784788938e-01 -3.244994693466041191e-02 1.478610316835340943e-01 -3.207637814144644051e-02 1.756375402738135083e-01 -9.613338638392513250e-03
9.251186876579675644e-02 1.884973179489187745e-01 -3.950463316700719707e-01 1.196819920538627624e-01 -3.651603281514209098e-01 1.106278225833609158e-01 -9.251186876579675644e-02 -1.888321951104757479e-01
-4.149557886302220888e-01 -4.868636430769277545e-01 -2.641853628524862829e-01 5.779386789866447494e-03 -2.554182425977001847e-01 5.587595017458628181e-03 4.149557886302220888e-01 4.926338586397717711e-01
4.275085803960338993e-01 -2.863067623704188547e-01 -3.074439790449315923e-01 -8.236765318581673601e-02 -2.929624400586166022e-01 -7.848788821358629320e-02 -4.275085803960338993e-01 2.874802129991150812e-01
2.892793284514885155e-01 -1.874986215079504914e-01 -2.049214247505041220e-01 -4.157169485634432116e-01 -1.859227716033839684e-01 -3.771750434271106123e-01 -2.892793284514885155e-01 1.878282040823622545e-01
3.799982885634317631e-01 -1.697230634749190559e-01 -1.071770550030375357e-01 5.057955900786204051e-02 -1.064322295298747584e-01 5.022805705654113939e-02 -3.799982885634317631e-01 1.699675149097137627e-01
-1.976674273681602312e-01 -2.749906639468724379e-03 1.562015477440988898e-01 3.699761802716075021e-01 1.449494650711444788e-01 3.433246993640037270e-01 1.976674273681602312e-01 2.749907679206572281e-03
-1.855329888141503680e-01 -4.058997255003605753e-01 -3.146823540623155946e-01 3.292255903165319797e-02 -3.000230042069722547e-01 3.138887496977972591e-02 1.855329888141503680e-01 4.092434175855447775e-01
-3.699714278817223256e-01 1.908232221198946643e-02 3.262275354923913628e-01 -3.104125998084142912e-01 2.974592279196182631e-01 -2.830389290596406759e-01 3.699714278817223256e-01 -1.908266963907943869e-02
4.475489413950998197e-01 2.774687500031892684e-01 1.433579246491355486e-01 -4.545017839593962217e-01 1.294129068380406034e-01 -4.102905170343178476e-01 -4.475489413950998197e-01 -2.785368507958271289e-01
2.111224587658159235e-01 -2.599371001194539232e-02 1.332092658064775170e-01 3.641440947640268710e-01 1.241996182928041120e-01 3.395151027930341514e-01 -2.111224587658159235e-01 2.599458817429489005e-02
-4.302467256430719811e-02 -1.450471488504280204e-01 -8.289758189314200276e-02 -2.970107521782472393e-02 -8.257803836220951876e-02 -2.958658712021255272e-02 4.302467256430719811e-02 1.451997288444708545e-01
4.202065143056604724e-01 1.703500319361683779e-01 3.499305352314189266e-01 1.712053197042662234e-02 3.302488959725080053e-01 1.615759761564175903e-02 -4.202065143056604724e-01 -1.705972024510760965e-01
-4.016531661669499043e-01 -3.137165725389079451e-02 3.704248568230661398e-01 4.698705703447140225e-01 3.178713362923587527e-01 4.032083250592122248e-01 4.016531661669499043e-01 3.137320102315115794e-02
4.092932045442544409e-01 4.372520621284489151e-01 -2.129560538444913442e-01 6.178626060997360891e-02 -2.079062328181491559e-01 6.032112471768691364e-02 -4.092932045442544409e-01 -4.414319593518808427e-01
-4.737890131222807222e-01 -7.443860973845306539e-02 2.043133983839096057e-01 -1.698844478009257086e-01 1.974614294939708026e-01 -1.641871075362940635e-01 4.737890131222807222e-01 7.445923335211256100e-02
-4.991325299923887737e-02 2.969622519799001159e-01 7.380286916535294672e-02 1.039477410796814105e-01 7.321035957965704721e-02 1.031132202311334234e-01 4.991325299923887737e-02 -2.982716562361115709e-01
2.554630526024663784e-01 2.489283752458364418e-01 2.516404040812905141e-01 -7.317865055176442368e-02 2.434203809714265976e-01 -7.078821487876399421e-02 -2.554630526024663784e-01 -2.496996217664700646e-01
-4.690509937288492859e-01 -4.239761205578931325e-01 4.676952459611974922e-01 3.028664864324239758e-01 4.085544252096974249e-01 2.645685290757595620e-01 4.690509937288492859e-01 4.277867278515712912e-01
-4.784751947258020222e-01 7.327227154968463108e-02 -2.724022616777469485e-01 -1.035373099473760883e-01 -2.615238238632642820e-01 -9.940252714196093353e-02 4.784751947258020222e-01 -7.329194085270024361e-02
3.644794300545998178e-01 -1.781800366120960266e-01 -3.150170344491701746e-01 4.778803933599657938e-01 -2.734006440304949104e-01 4.147483882661033294e-01 -3.644794300545998178e-01 1.784628807198224143e-01
4.187334356336060992e-01 4.093119886549366759e-01 4.742126278950913321e-01 -4.488890961738837282e-01 3.970595453064590385e-01 -3.758560821355018677e-01 -4.187334356336060992e-01 -4.127407195442031607e-01
2.285856679745962294e-01 1.316466268659396421e-01 1.784824539979240621e-01 -3.493100077517288238e-01 1.661561554542468067e-01 -3.251860709534813987e-01 -2.285856679745962294e-01 -1.317607041601870643e-01
-2.522670982376451487e-01 2.744101333360394745e-01 -4.110017791776220397e-01 4.418862461867052449e-01 -3.518899965326185986e-01 3.783325462716582432e-01 2.522670982376451487e-01 -2.754433001284437577e-01
2.203244934421580981e-01 -2.711863290396241410e-01 -4.845964802080791056e-01 -3.040680535010078511e-01 -4.206270124004801159e-01 -2.639293559367993924e-01 -2.203244934421580981e-01 2.721835086299049244e-01
-3.891086992559708024e-01 -1.280778783323127668e-01 3.676832194246404395e-02 -3.150649776265983526e-01 3.504737809165375112e-02 -3.003183395640661724e-01 3.891086992559708024e-01 1.281829274425745346e-01
-1.865758218407571611e-01 3.242378396244978145e-01 4.734873973251962909e-01 1.919839045242187625e-01 4.216407643112011772e-01 1.709617630718989201e-01 1.865758218407571611e-01 -3.259421986922232950e-01
-2.918055615912085177e-01 2.073166026816994911e-01 1.873031493743898546e-01 3.455176755307064473e-01 1.743230062288932125e-01 3.215732362478235240e-01 2.918055615912085177e-01 -2.077621278618993483e-01
3.516718749363669794e-01 1.483127561631245594e-01 -1.419200859870641818e-01 -6.588987021655112741e-04 -1.405120616039207126e-01 -6.523616046699869976e-04 -3.516718749363669794e-01 -1.484758755278282327e-01
-1.544392729569522560e-01 4.967534252082099755e-01 -2.649281359089854515e-01 -4.893009968558258427e-01 -2.315039233063119484e-01 -4.275691596936616046e-01 1.544392729569522560e-01 -5.028824674611236389e-01
3.163515118272141047e-01 -4.476870535625232517e-01 1.744988441622574715e-01 2.412517353318590629e-01 1.672430072397011191e-01 2.312202462566419758e-01 -3.163515118272141047e-01 4.521734083019864903e-01
-3.635447743393149800e-01 -3.934161232111988982e-01 3.207464986229382475e-01 2.598253967160973898e-01 2.964811434344304941e-01 2.401688905176532496e-01 3.635447743393149800e-01 3.964606967445737928e-01
-7.190881012870509181e-02 -4.733721153083785271e-01 -1.790136254755467782e-01 1.604577276110996653e-01 -1.740547316773094766e-01 1.560128546120964355e-01 7.190881012870509181e-02 4.786758039332615899e-01
-2.403016067016469082e-01 3.499698885159654438e-01 -4.052330835427708777e-01 4.460550298475631781e-01 -3.470790979181611058e-01 3.820427888756283141e-01 2.403016067016469082e-01 -3.521130852650467546e-01
-4.727127764825311829e-01 3.125073041746717628e-01 1.618883678367976087e-01 -4.329105396711446785e-01 1.469516251072117696e-01 -3.929677479659814954e-01 4.727127764825311829e-01 -3.140332900781687697e-01
3.928887085251513422e-01 3.959699670066484378e-01 1.232471451875840618e-01 -1.211688313382681681e-01 1.214465820980923233e-01 -1.193986311038329196e-01 -3.928887085251513422e-01 -3.990742174121419406e-01
-1.334433561487655684e-01 -2.631312964430014834e-01 -6.175342508914383188e-03 -3.155043955098223440e-01 -5.889079342580085148e-03 -3.008789254050219797e-01 1.334433561487655684e-01 2.640422317197334556e-01
5.662165676896702138e-03 -4.321930656590462494e-01 -4.992356145218119767e-01 1.021466271365452094e-01 -4.448126642263934838e-01 9.101136224399222763e-02 -5.662165676896702138e-03 4.362295510776169616e-01
4.445947559908133284e-01 3.558283672539277465e-01 -1.543207867039745329e-01 -3.162605881239982653e-01 -1.455703826070614271e-01 -2.983277612824596914e-01 -4.445947559908133284e-01 -3.580810068195655060e-01
-4.806330421297029254e-01 3.099887106624162891e-01 3.817706230828072922e-01 3.957291085287041321e-01 3.345327137357351766e-01 3.467640634874518679e-01 4.806330421297029254e-01 -3.114780979325413313e-01
1.114147829712819338e-02 7.117573918623343321e-02 -4.443015872878953720e-01 3.493711007306549154e-01 -3.867934232780443349e-01 3.041502616970508943e-01 -1.114147829712819338e-02 -7.119376795060786134e-02
1.968004961201784697e-01 -5.112116329323446173e-02 -3.984185240538338224e-01 3.671392999990884531e-01 -3.503091708038586494e-01 3.228069378993328464e-01 -1.968004961201784697e-01 5.112784322748841620e-02
-3.045705188906812078e-01 3.619665576670734186e-01 1.570654246228895268e-01 -4.565484582850232176e-01 1.414426484864937106e-01 -4.111370994431350900e-01 3.045705188906812078e-01 -3.643377967652386973e-01
-1.234196852542255307e-01 -3.556845997709519036e-01 -3.732866161530772331e-01 -1.483750936395573650e-01 -3.463852167487470601e-01 -1.376822440089245092e-01 1.234196852542255307e-01 3.579345099969569177e-01
3.438404289311888240e-01 -4.416373538523683528e-01 -4.424164943918262871e-01 -2.310639422149350919e-01 -3.958482461158985277e-01 -2.067424190233745351e-01 -3.438404289311888240e-01 4.459442797689465721e-01
3.365334497121141855e-02 -3.572067171969995902e-01 -5.789888937323417473e-02 -2.038700765040956098e-01 -5.664084074104519528e-02 -1.994403115523553371e-01 -3.365334497121141855e-02 3.594856360207459023e-01
-4.676769333764260184e-01 3.749025512123809190e-01 -2.304907751322204934e-02 1.193921656967597000e-01 -2.288054519501956860e-02 1.185191833204130990e-01 4.676769333764260184e-01 -3.775372149361357899e-01
-5.385376799654273405e-02 4.913465087318090729e-01 -1.463522129329949406e-01 -2.847904134055724290e-01 -1.393815081135847955e-01 -2.712259454179450358e-01 5.385376799654273405e-02 -4.972775866276556989e-01
1.047161009740530391e-01 2.159456994623945025e-01 -4.206584170416810542e-01 3.367520498538312257e-01 -3.703180692870721713e-01 2.964528079750230471e-01 -1.047161009740530391e-01 -2.164492043410370936e-01
-3.014301115728891256e-01 -2.479669198691606402e-01 3.700711684054069917e-02 -3.820058980093854473e-02 3.695488454732433203e-02 -3.814667302552157691e-02 3.014301115728891256e-01 2.487292643258115221e-01
-4.336651655715584308e-01 -4.968871421748078943e-01 4.563015097552320931e-01 -4.168101113030022731e-01 3.881566571723902292e-01 -3.545629721142296575e-01 4.336651655715584308e-01 5.030211352394896585e-01
4.038419558263719455e-01 1.973688756131394273e-01 -1.070270020583835580e-01 1.154770711146577700e-01 -1.057245822166377885e-01 1.140718217309146520e-01 -4.038419558263719455e-01 -1.977532956405450015e-01
-2.880398353563240477e-01 -4.564657362422346321e-01 -3.221352520486514548e-01 4.824781185020439178e-01 -2.786407509497322854e-01 4.173342234395368555e-01 2.880398353563240477e-01 4.612212183836364998e-01
9.348140819663719459e-02 3.026895196332985982e-01 3.369977822135121759e-01 -3.900240275546795754e-01 2.995463363168339721e-01 -3.466796361749343580e-01 -9.348140819663719459e-02 -3.040761546292958806e-01
-3.625252958537624748e-01 -2.103972538131225756e-01 1.157042872039487635e-01 3.922739292761724395e-01 1.070938358621190689e-01 3.630817907450640258e-01 3.625252958537624748e-01 2.108629366212645684e-01
-3.805429496662710021e-01 -5.336495417630948701e-02 4.380285431563524234e-01 -3.158724438242016541e-01 3.854170541622445878e-01 -2.779330906440436455e-01 3.805429496662710021e-01 5.337255286105494628e-02
-2.208163209888605039e-01 4.046310029362428784e-01 -2.662313073958940679e-01 1.135500265601354641e-01 -2.557349105087573515e-01 1.090732196925353475e-01 2.208163209888605039e-01 -4.079434387438724552e-01
-4.554481214552382751e-01 7.240511243464931024e-02 -8.890038695703816884e-03 -4.095902843052013909e-01 -8.226429437664708674e-03 -3.790158499330366082e-01 4.554481214552382751e-01 -7.242409162585648763e-02
-3.544417688416029444e-01 4.934604630998499220e-01 -2.053079584390957724e-01 -1.079341310696131373e-01 -1.999983688044184305e-01 -1.051427831456838852e-01 3.544417688416029444e-01 -4.994684238984671287e-01
-4.776695720081938212e-01 -3.545343897337800421e-01 3.009945557983559894e-01 1.342807527738734130e-01 2.858679810905113694e-01 1.275324319171321774e-01 4.776695720081938212e-01 3.567625432428859211e-01
-4.813527106270569789e-01 -3.678388580570618460e-01 3.154769290056261832e-01 2.510898073228060579e-01 2.925888118872403965e-01 2.328730301551329984e-01 4.813527106270569789e-01 3.703273877172438278e-01
1.415662089463375350e-01 -5.231099985437148714e-02 4.108061390867584484e-01 -4.584257660508327392e-01 3.498388531220222863e-01 -3.903913037748885095e-01 -1.415662089463375350e-01 5.231815715183952414e-02
-4.723939880454963713e-01 -1.236367833129125016e-01 4.594706068497821372e-01 3.071099016661060777e-01 4.021434360901542382e-01 2.687924521659221799e-01 4.723939880454963713e-01 1.237312792413798324e-01
3.288458079806929613e-01 6.449832024087409632e-02 -1.971416952824214253e-01 5.205588122476279000e-02 -1.931671549971544499e-01 5.100639143156356775e-02 -3.288458079806929613e-01 -6.451173599891871224e-02
-3.607236527492414524e-01 2.737992872441820102e-01 -4.408227928142776086e-01 -4.722882598776350083e-01 -3.702718945856265931e-01 -3.967015127757176352e-01 3.607236527492414524e-01 -2.748255697928879138e-01
-1.189838759377858102e-01 1.670635976761214447e-02 -4.942026070823110073e-01 -2.808461942427419311e-01 -4.296421929735419476e-01 -2.441577058751293050e-01 1.189838759377858102e-01 -1.670659290691481336e-02
9.911030764587835939e-02 -6.016918579142749302e-02 -3.091300568276925675e-01 -5.623020727527761053e-02 -2.949151483318245837e-01 -5.364454071368767590e-02 -9.911030764587835939e-02 6.018007740961148905e-02
3.346256718973729116e-01 -2.797657738408440009e-01 -4.458863396760001097e-01 1.191348314199072167e-01 -4.048483578866312604e-01 1.081700347727565792e-01 -3.346256718973729116e-01 2.808606216447693815e-01
