1.976311959272648577e-01 1.939564109345475185e-01 -4.489245198307432183e-01 1.283138303739121966e-01 -4.067711087221346222e-01 1.162653335693467488e-01 -1.976311959272648577e-01 -1.943212341121234588e-01
-3.368922714369371185e-02 4.197828107781583773e-01 -3.590425234763062745e-01 -4.012401132094449707e-01 -3.161309360340695540e-01 -3.532852079335625506e-01 3.368922714369371185e-02 -4.234814669226191763e-01
-2.665797445319036951e-01 2.298276355292675488e-01 3.304763451209595804e-01 3.751996098363183929e-01 2.955882868595468560e-01 3.355901611090950643e-01 2.665797445319036951e-01 -2.304346188419143515e-01
-2.038598024778550677e-01 2.398839178291010121e-01 -2.340943726632089827e-01 8.971181799292315961e-02 -2.270676761418890244e-01 8.701898214112298302e-02 2.038598024778550677e-01 -2.405741153641687557e-01
1.041178040208819988e-01 4.384120216943856452e-01 8.866215468147420342e-02 -3.193393784593656637e-01 8.416051133737280365e-02 -3.031255610452096572e-01 -1.041178040208819988e-01 -4.426252730347288722e-01
-4.681610704686921531e-01 -4.708097651510867454e-01 3.603106783434195659e-01 -2.958557244862739521e-01 3.265642348809922879e-01 -2.681460864446962300e-01 4.681610704686921531e-01 4.760277929741487668e-01
-4.346957928482197975e-01 3.138801419206359578e-01 -1.654100182897666471e-02 -3.336753862803613080e-01 -1.568863022170130864e-02 -3.164808155855092231e-01 4.346957928482197975e-01 -3.154263271681075897e-01
-2.299920268078351482e-01 -3.665605682543959798e-01 4.979940009356585984e-01 -3.982297334554552037e-01 4.198954113087386419e-01 -3.357768113882401151e-01 2.299920268078351482e-01 3.690232440369649591e-01
4.755215050028858137e-01 2.263424644178352318e-01 4.279761665983579100e-01 4.006752388088651307e-01 3.692051409273444662e-01 3.456532619241700632e-01 -4.755215050028858137e-01 -2.269222509525899156e-01
-3.167201637859213825e-01 -1.817664908229376097e-01 -4.642573174995162644e-01 -4.273999334523946869e-01 -3.926207472769561169e-01 -3.614505898625396396e-01 3.167201637859213825e-01 1.820667604971782649e-01
5.866383825308352229e-03 -3.925274322311954611e-01 2.416031071523236928e-01 3.051274852078378341e-01 2.251517298906423603e-01 2.843505695827526769e-01 -5.866383825308352229e-03 3.955514200977516270e-01
-4.308330045448619527e-01 -6.823987234568074101e-02 -7.694555983387885156e-02 1.962192002506187860e-01 -7.529141075089064439e-02 1.920009476203178023e-01 4.308330045448619527e-01 6.825576090872496893e-02
-3.147676747638160633e-01 -4.431227408546445368e-01 -1.834588790418659743e-01 3.239900940026955167e-01 -1.719285680077721479e-01 3.036274570165408693e-01 3.147676747638160633e-01 4.474732703713247828e-01
4.249669119531921391e-01 -3.202047091664583789e-01 -1.801661106168457316e-01 1.981163757068995501e-01 -1.740341501024183501e-01 1.913734772287293828e-01 -4.249669119531921391e-01 3.218462555111645806e-01
-3.029457198143603591e-01 1.941578513691255559e-01 2.396325011799492755e-01 -3.541588341291492803e-01 2.203334714186998000e-01 -3.256363179996061841e-01 3.029457198143603591e-01 -1.945238124285277592e-01
2.781567509498504842e-01 -4.756868002898422265e-01 1.267064759591048917e-01 -3.725011182300115298e-01 1.179079912979589112e-01 -3.466346788850778737e-01 -2.781567509498504842e-01 4.810686715615925535e-01
-1.404920994262139899e-01 -5.796436227007473185e-02 1.122178757368663682e-02 -2.421783056914635912e-01 1.090586069106803252e-02 -2.353602620729615680e-01 1.404920994262139899e-01 5.797409989832336130e-02
-4.360447338790188754e-01 -3.609272988513871905e-01 3.451540869957203661e-01 -4.842617603295374940e-01 2.966615782773954213e-01 -4.162252846814231133e-01 4.360447338790188754e-01 3.632781720146172066e-01
-2.456435182296070607e-01 3.562761796227819078e-01 4.822477772883441149e-01 -4.754518834760224077e-01 3.993002092761497868e-01 -3.936732225915516303e-01 2.456435182296070607e-01 -3.585373347820309253e-01
3.817202123338396813e-01 -3.235006111109398619e-01 4.565441046882423581e-01 2.912815522324937456e-01 4.014550122376746577e-01 2.561339373683433340e-01 -3.817202123338396813e-01 3.251933708478282337e-01
-6.296804620065854508e-02 1.995237457083820498e-02 -4.167090202810007638e-01 2.402449976749566618e-01 -3.755256993139262645e-01 2.165016027196233483e-01 6.296804620065854508e-02 -1.995277172011159991e-02
1.963434888154594882e-01 -4.359043466093337482e-02 -2.554303909794372052e-01 3.257381885570963531e-01 -2.360093547541399217e-01 3.009714678247957242e-01 -1.963434888154594882e-01 4.359457602683267097e-02
-3.630997283144010712e-01 -1.225934274111126765e-01 2.005286228178627672e-01 5.566262527240739555e-02 1.963223185614434430e-01 5.449504164111970000e-02 3.630997283144010712e-01 1.226855511520561631e-01
1.832813355476804462e-01 -2.071114349729853421e-01 -2.041080236231264111e-01 -1.925860283973557241e-02 -1.999492420538129256e-01 -1.886620120299978970e-02 -1.832813355476804462e-01 2.075556387401993885e-01
-2.756829710252607368e-01 -1.480637595043092780e-01 4.942330832207620928e-01 1.240848202483979534e-02 4.430454365620486445e-01 1.112333739364806777e-02 2.756829710252607368e-01 1.482260586827987003e-01
-2.463574757431772344e-01 -2.641657758943645185e-01 3.754513240932962903e-01 -2.612611592293007101e-01 3.414292968934718453e-01 -2.375866275519315507e-01 2.463574757431772344e-01 2.650874972703755605e-01
-4.814782055393860283e-01 1.063081330450851292e-01 -2.132833169596056733e-01 4.454309703916057295e-01 -1.912336922243939585e-01 3.993814908421281507e-01 4.814782055393860283e-01 -1.063682046836230966e-01
-1.820168206060239768e-01 1.725823112965213513e-01 4.851086793371319761e-01 4.290661572687678449e-01 4.071761490202202016e-01 3.601368374408890349e-01 1.820168206060239768e-01 -1.728393265194337891e-01
-2.896174389261590987e-01 1.232946730201306407e-01 -4.993357814097955094e-01 2.203192659868835612e-01 -4.383045236296502223e-01 1.933907693379668391e-01 2.896174389261590987e-01 -1.233883866896821058e-01
6.542131185850896813e-02 -2.523149775076840573e-01 -7.000321952928689750e-02 4.793245372643689661e-01 -6.300074000043039135e-02 4.313773102305018536e-01 -6.542131185850896813e-02 2.531181320091631104e-01
2.163272041185655414e-01 -2.235349712358392082e-02 -4.648399402838058192e-01 2.780388469246989347e-01 -4.087333445298717560e-01 2.444793098961689781e-01 -2.163272041185655414e-01 2.235405560205246112e-02
-4.666953734533038078e-01 -3.798798178365240252e-01 -3.067637075254439072e-01 -4.575103917618418281e-01 -2.686963905494470506e-01 -4.007364231476895911e-01 4.666953734533038078e-01 3.826208155140702338e-01
-8.573700548533003118e-02 2.893992903088316027e-02 2.833966455148058117e-01 -4.464703797926818929e-01 2.505239188973310549e-01 -3.946818389965693341e-01 8.573700548533003118e-02 -2.894114091861663476e-02
-3.675123652420170250e-01 2.452329600321291325e-01 -1.949533016371384209e-01 -3.247244804369098237e-01 -1.823146120410242821e-01 -3.036728138170729507e-01 3.675123652420170250e-01 -2.459703657910868868e-01
-2.223712937052680916e-01 -1.995963168415127997e-01 -4.012479260547907600e-02 -3.217990450607318698e-01 -3.816799205740563361e-02 -3.061055920394104568e-01 2.223712937052680916e-01 1.999938996280754278e-01
-1.209431039225714599e-01 6.312224023388601779e-03 4.642004194547815210e-01 -1.989219285481602650e-02 4.209791401878977823e-01 -1.804004885283831336e-02 1.209431039225714599e-01 -6.312236598655624788e-03
-1.291472007821112822e-01 -4.948470357309767698e-01 4.335264031676955288e-02 -4.555566117404438176e-01 3.942108247193792936e-02 -4.142431609894350886e-01 1.291472007821112822e-01 5.009057842076016787e-01
4.518744768327361827e-01 1.211692473670546999e-01 -3.816505659805309314e-01 -2.312506129232645424e-01 -3.485234883048620169e-01 -2.111781757262349013e-01 -4.518744768327361827e-01 -1.212581976298030412e-01
-2.116015026685060807e-01 -2.726375509224981952e-01 4.164190107011054298e-01 -8.623179193272323406e-02 3.832082837956627408e-01 -7.935453508601264527e-02 2.116015026685060807e-01 2.736508252045971035e-01
-6.858156456602604312e-02 8.108192967206306889e-02 3.927071642489815551e-01 3.180772251738612777e-01 3.504928310024167937e-01 2.838852897980176371e-01 6.858156456602604312e-02 -8.110858243473385853e-02
9.204193127183901701e-02 -1.027432528319579541e-01 -4.979353644255782863e-01 1.998498995330977301e-02 -4.456631214991235712e-01 1.788700631053860221e-02 -9.204193127183901701e-02 1.027974816249560830e-01
1.883514883152603847e-02 -3.596839820765805884e-01 8.023787086346012565e-02 -3.951657927467491227e-01 7.441583085515844631e-02 -3.664926608387645279e-01 -1.883514883152603847e-02 3.620106440794070291e-01
3.221177331942455258e-01 3.093649714891983926e-01 3.830775973191352657e-01 -3.987157530352578583e-01 3.352442039823759767e-01 -3.489296846826123732e-01 -3.221177331942455258e-01 -3.108453862920573241e-01
-4.630315544395469107e-02 2.814796002346613424e-01 -3.952638933187067050e-01 2.619265114495991087e-01 -3.571475155776651644e-01 2.366682219383024754e-01 4.630315544395469107e-02 -2.825946924424871387e-01
-4.446256795788020577e-01 3.119385616910193004e-01 -3.310738841354343709e-01 4.465570860740016856e-01 -2.893685051479050752e-01 3.903042875093633568e-01 4.446256795788020577e-01 -3.134562311700496706e-01
1.288984390617003983e-01 3.108386151289513899e-01 1.442231779298199790e-01 4.277530793237040996e-01 1.314506560427533000e-01 3.898709188669379766e-01 -1.288984390617003983e-01 -3.123402864978271354e-01
-3.168086379928831686e-01 -2.615867190759419980e-01 3.163643055198560594e-01 3.756922702349230203e-01 2.839626110084961796e-01 3.372142688990004133e-01 3.168086379928831686e-01 2.624817067965339867e-01
4.560836347232238852e-01 2.730835540548716134e-01 -2.233502697908104073e-01 2.631402302547929395e-01 -2.111283611309243413e-01 2.487409825532896634e-01 -4.560836347232238852e-01 -2.741018092708075171e-01
2.220555994703479197e-01 3.224067383556903366e-01 2.068718094201220659e-01 -7.976646352734639844e-02 2.019671483319622207e-01 -7.787530459709225694e-02 -2.220555994703479197e-01 -3.240823845885686394e-01
2.805291762864554617e-01 -3.842967666729063536e-01 3.532459761585128311e-01 4.607664734451006883e-01 3.054901085165464547e-01 3.984747441549535973e-01 -2.805291762864554617e-01 3.871344909510495702e-01
4.255966382926610336e-01 -1.273209301790044767e-01 -2.346966754629525864e-01 3.488330256044100963e-01 -2.163523892170360619e-01 3.215676505789912265e-01 -4.255966382926610336e-01 1.274241277351630119e-01
-3.896248588356948650e-01 -1.108653228988142336e-01 1.176569825692432847e-01 2.137177590011356543e-01 1.143045307819095385e-01 2.076282055594038112e-01 3.896248588356948650e-01 1.109334558472039323e-01
-9.094590462693841193e-02 -2.441088291515625119e-02 4.078984575106281429e-01 -2.022770524443786577e-01 3.712316314362107406e-01 -1.840939547536241117e-01 9.094590462693841193e-02 2.441161022667765260e-02
1.818202991034834071e-01 -4.027570743675753517e-01 -4.886448714878074417e-01 -4.591251399059816940e-01 -4.058577030288688658e-01 -3.813392620241575215e-01 -1.818202991034834071e-01 4.060237012878306628e-01
5.468780866141897956e-02 2.277712732144180352e-01 4.834339782345762337e-01 -3.919695770680942104e-02 4.349713497108798621e-01 -3.526759467870549392e-02 -5.468780866141897956e-02 -2.283621090830417200e-01
-1.258300196657744507e-01 4.663899714378934025e-01 -2.406226158584797714e-01 -3.061564485484702391e-02 -2.338417106381570909e-01 -2.975287563725246415e-02 1.258300196657744507e-01 -4.714624195667265760e-01
-2.599797266202904522e-01 2.708727565686478433e-01 3.872831512351859740e-01 -4.316636225611524269e-01 3.350218167506052724e-01 -3.734134330252937839e-01 2.599797266202904522e-01 -2.718664810439782586e-01
-5.386448734079807288e-02 1.204999002799876928e-01 -4.261737184357514696e-01 4.438275890731484541e-01 -3.629664044635792508e-01 3.780019678334663458e-01 5.386448734079807288e-02 -1.205873845690439428e-01
3.289400292173630946e-01 -4.348010873734464710e-02 4.623950738108004721e-01 -2.262673706115357897e-01 4.111183712104419241e-01 -2.011757437146624306e-01 -3.289400292173630946e-01 4.348421873778968855e-02
5.219246992240655914e-02 4.661474456271713640e-01 -2.667379955085680265e-02 -4.409767547308852675e-01 -2.439886814259071765e-02 -4.033671195628681927e-01 -5.219246992240655914e-02 -4.712119847523646432e-01
-1.443872621500443820e-01 -5.541271218869925352e-02 2.861884994650607528e-01 -1.314010800564245907e-01 2.729730198771761485e-01 -1.253333020200689540e-01 1.443872621500443820e-01 5.542121961560340926e-02
-1.073243234529056567e-01 3.989610922270316884e-01 3.733194279019036443e-01 -3.872484900963416576e-01 3.287749737273795714e-01 -3.410420209656142565e-01 1.073243234529056567e-01 -4.021362231441759083e-01
7.575116204487242211e-02 -1.820434237056578475e-03 -4.748097107094938485e-01 -3.702373774316186639e-01 -4.067692860581879621e-01 -3.171822106689363707e-01 -7.575116204487242211e-02 1.820434538700785049e-03
9.098416532368491794e-02 -1.358955111133453020e-02 -1.285187308262536465e-02 -1.852672279995242199e-01 -1.263582100225052463e-02 -1.821527115568828126e-01 -9.098416532368491794e-02 1.358967659446323230e-02
1.720478073539144503e-01 -2.846017956567618024e-01 -2.624768620136502806e-01 -3.879281191250848471e-01 -2.376955640309384998e-01 -3.513025581435927358e-01 -1.720478073539144503e-01 2.857544070601641395e-01
-2.621927574609611566e-01 3.490819838320136093e-02 -1.255860161202599912e-01 3.115184706218832034e-01 -1.190500768981501423e-01 2.953059506817688473e-01 2.621927574609611566e-01 -3.491032530886015867e-02
-1.984251833254506714e-01 2.453980739472929606e-01 1.339869213059075026e-01 -7.119022983965705986e-02 1.324708218335908794e-01 -7.038469248689123436e-02 1.984251833254506714e-01 -2.461369701822602729e-01
-4.358525036512156392e-01 -1.955536356526217379e-01 1.898992038643176894e-02 -3.183776053543116991e-01 1.809199913104002702e-02 -3.033234074813906944e-01 4.358525036512156392e-01 1.959275461759489301e-01
4.688490166942216320e-02 -4.899363043439066701e-01 1.012771725737763306e-01 -1.497980480434235595e-01 9.966099330212781215e-02 -1.474075735265246156e-01 -4.688490166942216320e-02 4.958164606430390808e-01
1.139659559658959820e-01 -4.808771025513102204e-01 3.010748802553047110e-01 4.270205687863958266e-01 2.668465389426051271e-01 3.784738226627415991e-01 -1.139659559658959820e-01 4.864370706394613997e-01
4.446689170495838894e-01 4.488610207205073754e-01 -4.864912933732811195e-01 1.448034108954787680e-02 -4.374321319995383428e-01 1.302010243793055334e-02 -4.446689170495838894e-01 -4.533827617169958191e-01
4.292961975762140669e-01 -1.720119990919203312e-01 -3.363157388483515309e-01 3.901115413858070591e-01 -2.989862705454444658e-01 3.468109915256467612e-01 -4.292961975762140669e-01 1.722664747428053478e-01
4.677946717985018710e-01 9.288027078115757007e-02 -9.522637104285203158e-02 3.527361578939424147e-01 -8.944338425848191720e-02 3.313149011860477278e-01 -4.677946717985018710e-01 -9.292033350034413497e-02
1.048455197450459675e-01 -2.526012444608463081e-01 4.670549180772195497e-01 3.273132277758497022e-01 4.057094002714322634e-01 2.843221390078403132e-01 -1.048455197450459675e-01 2.534071357504571465e-01
-1.194371935104543425e-02 -4.149683293355499458e-02 2.105580724113043090e-03 -2.336296083909031873e-01 2.050362463884560990e-03 -2.275027378485061369e-01 1.194371935104543425e-02 4.150040578419540716e-02
-4.456620116607463711e-01 2.372542425964773161e-01 6.045058870978026189e-02 -2.687450470203115449e-01 5.827992525114195077e-02 -2.590949333372558061e-01 4.456620116607463711e-01 -2.379219896280862778e-01
-4.645731732193114638e-02 -4.299578098553553662e-01 -1.325246777480727500e-01 6.584509541871086391e-02 -1.310970455310408178e-01 6.513577409719827072e-02 4.645731732193114638e-02 4.339319898265004416e-01
-4.039015921060369330e-01 1.611175115080994980e-01 3.850218512118062097e-01 -3.011077822325518571e-01 3.459122146087347804e-01 -2.705219443004766577e-01 4.039015921060369330e-01 -1.613266327940371114e-01
1.131898254645602453e-02 4.543338153926920198e-01 2.747476141924986015e-01 -1.863049459776829897e-01 2.607558994704921029e-01 -1.768172360913572716e-01 -1.131898254645602453e-02 -4.590229768871419425e-01
1.674103799636816881e-01 -4.367923816613693555e-01 -2.372000436755109520e-01 1.628564785571198215e-01 -2.279520120964880214e-01 1.565069778015252822e-01 -1.674103799636816881e-01 4.409591098365027162e-01
4.591666030352224981e-01 3.659454685664772500e-01 -1.344609718819236299e-01 -2.148250718674277193e-01 -1.303402609784180544e-01 -2.082415108266237047e-01 -4.591666030352224981e-01 -3.683957678078176867e-01
9.223041876183679655e-02 2.087703909410486558e-01 -8.691387409611373016e-02 -4.381108311571042524e-01 -7.935784494355598018e-02 -4.000228015220013145e-01 -9.223041876183679655e-02 -2.092253546102298134e-01
4.088437184127383661e-01 1.277347561952844046e-01 3.717012794870744319e-02 7.575284503055224050e-02 3.703850268713298338e-02 7.548459230740005299e-02 -4.088437184127383661e-01 -1.278389632819789956e-01
1.063932141279243515e-01 -3.929958598062084363e-01 2.064105776670109860e-01 -4.377749803844688259e-02 2.019636430147750683e-01 -4.283435028305705022e-02 -1.063932141279243515e-01 3.960306867399002728e-01
-1.039402971927062547e-01 -4.986166500010008606e-01 1.386091776414130061e-01 4.392149980298476475e-02 1.371667983724676187e-01 4.346444882082897004e-02 1.039402971927062547e-01 5.048149177679669419e-01
-2.682983735287954863e-01 -1.958013084005921778e-01 4.960712710101872203e-01 2.047321944166701213e-01 4.371050374489982571e-01 1.803964041805526108e-01 2.682983735287954863e-01 1.961766414203910958e-01
-2.555744079983972572e-01 -4.639661825714305188e-01 4.673378020369821639e-01 2.486060058295778141e-01 4.130383502936766926e-01 2.197207546091536623e-01 2.555744079983972572e-01 4.689599577374592432e-01
2.252542798196405238e-01 -6.771851881870138978e-02 -3.975537182280696191e-01 4.596956390292435968e-01 -3.397313050357725350e-01 3.928349609273799614e-01 -2.252542798196405238e-01 6.773404599040180885e-02
6.804456109393230978e-02 -4.921158964915596234e-01 -2.456175988823756651e-01 -1.513348022816323191e-01 -2.359929864704062574e-01 -1.454046945734291385e-01 -6.804456109393230978e-02 4.980748800381687436e-01
4.402096893547673417e-01 3.738321783347181571e-01 -4.576359529085567424e-01 -7.318048488945916308e-02 -4.152123269228387703e-01 -6.639653030575046189e-02 -4.402096893547673417e-01 -3.764443399810005197e-01
8.641016618632668678e-02 3.442349615530241325e-01 4.468071709445221584e-01 -2.738036991579936297e-01 3.957603727151627337e-01 -2.425221909498235240e-01 -8.641016618632668678e-02 -3.462745142639011564e-01
-4.817831733024036112e-02 -1.771704624519124804e-01 -6.054744337798734222e-03 -2.284497099935243192e-01 -5.902572223694509124e-03 -2.227081504169806936e-01 4.817831733024036112e-02 1.774485259363587641e-01
-1.515240109665029200e-01 4.485403011288410235e-01 2.175595002125259025e-01 -2.124246171424285512e-01 2.081498033642275314e-01 -2.032370098512116807e-01 1.515240109665029200e-01 -4.530523564437726747e-01
2.705807485027762471e-01 -7.459827464494528382e-02 1.658713983098398792e-01 -9.450945206067262738e-03 1.636284814337922722e-01 -9.323149306874967471e-03 -2.705807485027762471e-01 7.461903125149704774e-02
6.910073861459331557e-02 1.391868992253925130e-01 4.253950252924406650e-01 -3.835367458380838368e-01 3.691333939726177960e-01 -3.328111808714679931e-01 -6.910073861459331557e-02 -1.393217225660270397e-01
-4.014411624399261136e-02 4.195074069058206678e-01 4.568705691056463847e-01 1.001844239814400073e-01 4.138402481867874405e-01 9.074856138378704917e-02 4.014411624399261136e-02 -4.231987881733936252e-01
3.563280302495830387e-02 1.814981379117430738e-02 -4.588202086718783379e-01 -3.844386863996860360e-01 -3.936798938821783334e-01 -3.298585772935432314e-01 -3.563280302495830387e-02 -1.815011273289194454e-02
4.774951397444467949e-01 3.428548878354571450e-01 -4.752309419607513297e-01 2.509396969804678079e-03 -4.292258919627975344e-01 2.266473113491230054e-03 -4.774951397444467949e-01 -3.448700084235578611e-01
4.615701545414985230e-01 -3.436166511320369876e-01 -3.476355163486902766e-01 3.742827749512301905e-01 -3.095831146209899187e-01 3.333135475782793011e-01 -4.615701545414985230e-01 3.456452333164222179e-01
-2.788390846539161583e-01 2.255735341014893924e-01 3.847648222993799161e-01 1.442986274656123946e-01 3.558877050278503318e-01 1.334688214491906999e-01 2.788390846539161583e-01 -2.261474317372766107e-01
-4.793490005342713189e-01 1.907847761565295563e-01 -4.142053994801648820e-01 1.161829906159594916e-01 -3.804913107929397409e-01 1.067263209190182777e-01 4.793490005342713189e-01 -1.911319932959813506e-01
2.307090991274761693e-01 2.348137746305610785e-01 -4.619553184649420885e-01 -8.556112681030580980e-02 -4.181107488846624309e-01 -7.744044797438008609e-02 -2.307090991274761693e-01 -2.354611269583001265e-01
-4.669254085244943786e-01 1.732608351608011521e-02 -2.038722265853066817e-01 -3.148836111207694577e-01 -1.908839356616647831e-01 -2.948230073944832497e-01 4.669254085244943786e-01 -1.732634357467683836e-02
1.387617573665292925e-01 -2.018126403369359112e-01 1.152764266350971845e-01 -3.748383420386570686e-01 1.073190109779471602e-01 -3.489636287177773633e-01 -1.387617573665292925e-01 2.022236150466936999e-01
7.594649555617927206e-02 -3.253416146049942226e-01 -1.422421159196612939e-01 2.321422191397014556e-01 -1.372464849383706609e-01 2.239892409974552356e-01 -7.594649555617927206e-02 3.270634390025366489e-01
-2.378818507603217558e-01 4.148630878333828820e-01 -8.621978014173392602e-02 4.178766169931135144e-01 -7.930272682436743936e-02 3.843521190754600192e-01 2.378818507603217558e-01 -4.184332207954428173e-01
-7.123129905423386532e-02 -1.001983077754741158e-01 4.555683939804208160e-01 1.953464681395298275e-01 4.081749660586567741e-01 1.750242972429687516e-01 7.123129905423386532e-02 1.002486058274168618e-01
-7.614495144182031883e-02 -3.826795196151889789e-01 -1.501023194961210727e-01 6.206611075471912820e-02 -1.481605896068836636e-01 6.126322094751483066e-02 7.614495144182031883e-02 3.854815682220241180e-01
2.936977033574206253e-01 2.032174964672157635e-01 -4.805375326906996536e-01 -2.058191201286484473e-01 -4.258588975065774052e-01 -1.823997037088387896e-01 -2.936977033574206253e-01 -2.036371136799463299e-01
3.605511738287937584e-01 1.057119572702788224e-01 2.031890160156643033e-01 4.301263622436969358e-01 1.834859620764400789e-01 3.884174004004222747e-01 -3.605511738287937584e-01 -1.057710239210681857e-01
-2.901562510248778537e-01 -4.146890768812966366e-01 2.453074312897207676e-03 -3.332584198886373583e-01 2.327236624550324106e-03 -3.161629454627558067e-01 2.901562510248778537e-01 4.182547193375817374e-01
-4.289639418021130579e-01 3.053721456278180035e-02 -3.727059745799252699e-01 3.048784485542388456e-01 -3.358037719771171381e-01 2.746919555943153624e-01 4.289639418021130579e-01 -3.053863839319745713e-02
3.694885305466322212e-01 -1.320825121821266324e-01 3.397792362879581418e-02 1.147627506164866640e-01 3.373714079314729664e-02 1.139494901941563582e-01 -3.694885305466322212e-01 1.321977263707974914e-01
4.049483455499268691e-01 1.228940321857524554e-01 3.980877551269835779e-01 -1.577736687490394196e-01 3.659478532771413550e-01 -1.450356978801134733e-01 -4.049483455499268691e-01 -1.229868352648120222e-01
1.439901992296374056e-01 4.587409230565929752e-01 6.342919323804152576e-03 3.701821785071485182e-01 5.948324013953332039e-03 3.471530110256876855e-01 -1.439901992296374056e-01 -4.635678692385677979e-01
1.521032700016888839e-01 -2.223092174658214404e-03 -7.399761233043944397e-02 4.260265066284805169e-01 -6.791990368023773095e-02 3.910353102505668699e-01 -1.521032700016888839e-01 2.223092723999720716e-03
3.464086724711278320e-01 3.130538632474606509e-01 -2.191405053677573100e-01 -4.220071821241754284e-01 -1.979053237480855321e-01 -3.811137875316333856e-01 -3.464086724711278320e-01 -3.145878697729557194e-01
-6.139848653767965292e-02 3.717857347554929248e-01 -3.910962611586737969e-01 -4.657329596477705058e-01 -3.341527357252467301e-01 -3.979223481264081985e-01 6.139848653767965292e-02 -3.743552320845170978e-01
-9.694653451262857935e-03 -3.490651026889584063e-01 2.924989056089165596e-01 4.642097566160447997e-01 2.564353352811257203e-01 4.069751451917104634e-01 9.694653451262857935e-03 3.511917197967430182e-01
1.994792753175043121e-01 4.762256634538200029e-01 4.478218871115895450e-01 3.049355721591271440e-01 3.937468011262371115e-01 2.681141979497228545e-01 -1.994792753175043121e-01 -4.816258453787746752e-01
-1.165584811742222948e-01 -2.173003490544633820e-01 4.649249408484396051e-01 -2.017542012944872898e-01 4.147051219014365464e-01 -1.799613083550024584e-01 1.165584811742222948e-01 2.178133891126329547e-01
3.700121482468191614e-01 -1.573890156584096811e-01 2.275436095907498180e-01 3.406409082004778766e-01 2.105610881759381603e-01 3.152174672667594768e-01 -3.700121482468191614e-01 1.575839522022942918e-01
-4.797816025596742806e-01 -4.105054549670998920e-01 -3.581827242985224924e-01 3.473076883337348209e-01 -3.205071783492199899e-01 3.107760359599644473e-01 4.797816025596742806e-01 4.139642657328626019e-01
-1.618410481631543663e-01 -3.975862415475835965e-01 1.605361771445401597e-01 5.924830003390735289e-02 1.582361400612510016e-01 5.839943662116311301e-02 1.618410481631543663e-01 4.007286602153620203e-01
4.881350392732475285e-02 2.400975256176824946e-01 2.782761672964437771e-01 2.381515456910564543e-01 2.613003792903907385e-01 2.236234954011497300e-01 -4.881350392732475285e-02 -2.407895685814705200e-01
1.813925106038378754e-01 -2.430833563133308894e-01 -2.257042961572485185e-01 1.071806401301921285e-01 -2.189725312442543370e-01 1.039839137724536677e-01 -1.813925106038378754e-01 2.438015402326663417e-01
7.615733441783689717e-02 1.591764718500282560e-01 8.319283099052821040e-02 -8.487474516820614490e-02 8.261144298967809663e-02 -8.428160321320253556e-02 -7.615733441783689717e-02 -1.593781257507733140e-01
2.567786427368892177e-01 2.955903685432130779e-01 1.174972676672859651e-01 3.878343062834695987e-01 1.088955273583763345e-01 3.594417312749754734e-01 -2.567786427368892177e-01 -2.968817092495467658e-01
-2.672558707209431450e-01 -1.854267049957127877e-01 -3.933175531972865624e-01 2.296113830353527785e-01 -3.579432119462194195e-01 2.089605085635797832e-01 2.672558707209431450e-01 1.857454818990101897e-01
5.207827669197084841e-02 2.008141663567308832e-02 -1.827398027500172217e-01 7.155019541693430352e-02 -1.793193382512759393e-01 7.021094201062295925e-02 -5.207827669197084841e-02 -2.008182154058421945e-02
-1.514806305074367643e-01 2.217586900211909740e-02 3.429732964010842045e-01 2.210434084324895965e-01 3.175554974175214262e-01 2.046618505061599536e-01 1.514806305074367643e-01 -2.217641427254932185e-02
-2.460583574049741706e-01 -4.961396484897389048e-01 9.831596936468711689e-02 2.006333446405428322e-01 9.595022755483136045e-02 1.958055766295627720e-01 2.460583574049741706e-01 5.022460001052293510e-01
-2.539368150090355325e-01 -1.047667564636631798e-01 2.658402882046917437e-02 4.634699947451856872e-01 2.411244922838293517e-02 4.203801008734749378e-01 2.539368150090355325e-01 1.048242528433706300e-01
4.764594650133957554e-01 -5.973624717050818322e-02 -3.997482559241514188e-01 1.568383469519832873e-01 -3.673143878509874671e-01 1.441131525866101715e-01 -4.764594650133957554e-01 5.974690536915285011e-02
-4.385943319952034791e-02 -4.506510532115602929e-01 1.863802300004729906e-01 -4.189462113659384590e-01 1.694188254144090022e-01 -3.808202996704848631e-01 4.385943319952034791e-02 4.552271075779037446e-01
8.447606895576886821e-02 2.918795696309013366e-01 1.751259138207569288e-01 3.109817316001534104e-01 1.649360149951978050e-01 2.928869087811494798e-01 -8.447606895576886821e-02 -2.931228844098175412e-01
-3.518591390518349682e-01 -2.578214058739145553e-01 2.691555249885910772e-01 -1.593953561156480347e-01 2.568807048394718962e-01 -1.521261413038498544e-01 3.518591390518349682e-01 2.586782995170882615e-01
4.437480785146241669e-01 2.908401632274049131e-01 -4.946899523853321989e-01 -4.803083572762962827e-01 -4.072640729026058004e-01 -3.954241174503069223e-01 -4.437480785146241669e-01 -2.920702426217009484e-01
-3.505516953420062531e-01 -3.826844358168061122e-01 4.838538296816167206e-01 -3.112677890406141401e-01 4.193965000566457491e-01 -2.698017733783450445e-01 3.505516953420062531e-01 3.854865924169789126e-01
1.455702444560038611e-01 -2.171631478239171020e-01 -3.525998974867793345e-01 -3.590902358379399750e-01 -3.149629207459765934e-01 -3.207604718464780458e-01 -1.455702444560038611e-01 2.176752167107065539e-01
-3.281469009523569902e-01 -2.097519574400715792e-01 -1.461809674273590876e-01 -2.391601403176801810e-02 -1.446032159675061934e-01 -2.365788517466331509e-02 3.281469009523569902e-01 2.102133685758156290e-01
3.663823259286291822e-01 1.534211611136369058e-01 1.495342241752968260e-01 2.284739655410148451e-01 1.442530809586477503e-01 2.204048847673495126e-01 -3.663823259286291822e-01 -1.536017228822433855e-01
-1.400219355216361095e-01 -9.496438670305007435e-02 4.114508753507623018e-01 -4.670545514687676203e-01 3.493109276406184405e-01 -3.965169802913773855e-01 1.400219355216361095e-01 9.500720725962044644e-02
3.953858842882099767e-01 1.771411441114241203e-01 -3.020172000602051599e-01 7.749618806512248437e-02 -2.883266657759278040e-01 7.398326158479331949e-02 -3.953858842882099767e-01 -1.774190695760648195e-01
1.793927734985673039e-01 -1.505597079514651160e-01 -3.141832517740043018e-01 -2.620274570653646773e-01 -2.907895922203689865e-01 -2.425172473718792965e-01 -1.793927734985673039e-01 1.507303540232106664e-01
2.168596811925936896e-01 -1.280812514875386832e-01 3.877008357273198369e-01 2.716028066943497743e-01 3.504223776989388028e-01 2.454874803996524579e-01 -2.168596811925936896e-01 1.281863088979759147e-01
2.301220295167696328e-01 -1.267840442552058411e-01 3.075638041598734995e-01 2.428982920807213342e-01 2.863574770981735518e-01 2.261506106080517498e-01 -2.301220295167696328e-01 1.268859418206037259e-01
-8.514313066643597327e-02 4.738186968459833226e-01 3.174532636181661704e-01 5.376607370607655589e-02 3.021765063799570217e-01 5.117869676026150227e-02 8.514313066643597327e-02 -4.791374102126868539e-01
-3.476452943122695372e-01 2.368531616807855178e-01 2.980790197559974875e-01 -2.512829928599102924e-02 2.855757153442973761e-01 -2.407426074420354958e-02 3.476452943122695372e-01 -2.375175279329054534e-01
2.038885835403663194e-01 -3.841659986991147191e-01 4.234555382041066407e-01 3.284804905178515533e-01 3.732350625545694522e-01 2.895237524731398837e-01 -2.038885835403663194e-01 3.870008271121706533e-01
2.992025873523916912e-01 -3.923822948504180896e-01 -2.057338358703110215e-01 4.582793338421058404e-01 -1.838414745619511848e-01 4.095133313312195877e-01 -2.992025873523916912e-01 3.954029295901778096e-01
-7.591101156415069884e-02 -1.640224576597447692e-01 -1.948112973069709986e-01 -4.243893269349156006e-01 -1.765144241153756288e-01 -3.845302540467602226e-01 7.591101156415069884e-02 1.642430954753347216e-01
-3.940938451177677937e-01 -1.834992545463935976e-01 -3.595604786289470223e-01 4.004101465401793680e-01 -3.166229661827115183e-01 3.525945030739516262e-01 3.940938451177677937e-01 1.838081936749938750e-01
-4.646375642445090826e-01 -1.603689558338008414e-01 2.562872315011157642e-01 3.626660579327529721e-01 2.342296316715795634e-01 3.314528650991441783e-01 4.646375642445090826e-01 1.605751758937956908e-01
4.292914173027139180e-01 -4.035491393026158224e-01 -2.449362146833605758e-01 -4.261130121418899019e-02 -2.377002859572801829e-01 -4.135247413992392679e-02 -4.292914173027139180e-01 4.068350766645830729e-01
-4.319259260252797938e-01 5.464505862025959004e-02 -3.894978084759181947e-02 3.209240917202860199e-02 -3.890027269607514160e-02 3.205161726457111948e-02 4.319259260252797938e-01 -5.465321735273560855e-02
-4.465728182131747381e-01 2.690744905218034333e-02 5.798740060963269993e-02 -2.980335715757967963e-01 5.548623149324818926e-02 -2.851784969038114737e-01 4.465728182131747381e-01 -2.690842311638555820e-02
4.818293898182531843e-01 -2.496017871464272231e-01 2.118704508933220154e-01 -3.479529749555779761e-01 1.962133252487830437e-01 -3.222394154464528482e-01 -4.818293898182531843e-01 2.503793098442730347e-01
-9.874049919639127371e-02 4.804856634690067851e-01 -2.012496891480590744e-01 -4.850237397809805673e-01 -1.781773603522885385e-01 -4.294180529083508890e-01 9.874049919639127371e-02 -4.860320649867916898e-01
-2.760753119396198718e-01 1.347863229336947466e-01 -1.007776163420907034e-01 -1.460958898202142642e-01 -9.922690305936666955e-02 -1.438478426335596805e-01 2.760753119396198718e-01 -1.349087584680991880e-01
1.184802595127478764e-01 -4.570758093911679865e-01 2.044015394011736708e-01 3.768206204006308013e-01 1.878666996909191533e-01 3.463381270882183172e-01 -1.184802595127478764e-01 4.618503843424813793e-01
-4.139603823141413397e-02 -1.426531203220455790e-01 -1.816210633338234404e-01 2.468338109353565013e-01 -1.736500026579709532e-01 2.360006661023628105e-01 4.139603823141413397e-02 1.427982692495606831e-01
2.308558067701578231e-01 4.707314427706328352e-01 4.554659333057808901e-01 4.738933239738695180e-01 3.806104745416222235e-01 3.960093384167748809e-01 -2.308558067701578231e-01 -4.759468668645052691e-01
-4.867631422411005104e-01 4.325612038573404261e-01 -4.021898385209472515e-01 4.890880753568537243e-01 -3.397955094739017468e-01 4.132126568753091145e-01 4.867631422411005104e-01 -4.366080127912239095e-01
4.473705904889242468e-01 -4.531936452878112531e-01 -1.043663323742738402e-01 -4.157887352868174791e-01 -9.592377891065700934e-02 -3.821541469347037312e-01 -4.473705904889242468e-01 4.578475923495771704e-01
1.778165367962301069e-01 4.704936935959775912e-01 1.308318084098037959e-01 1.383628950006773328e-01 1.285223667803107872e-01 1.359205147142959202e-01 -1.778165367962301069e-01 -4.757012193224991470e-01
-4.843939355531717839e-01 -1.503435484192949811e-02 -6.593037710821869624e-03 -4.937965852906339714e-01 -5.911484741645565977e-03 -4.427505358616222186e-01 4.843939355531717839e-01 1.503452475406301392e-02
-3.979551892519719303e-01 4.223479817966330208e-01 4.750946802120464829e-01 -3.684240026338582163e-01 4.071731462649973432e-01 -3.157525574586890760e-01 3.979551892519719303e-01 -4.261148573623618763e-01
-2.844923228864415510e-01 -3.401547131458086959e-01 5.529410746695961887e-02 1.659599186940569071e-01 5.446703760731330668e-02 1.634775484569891413e-01 2.844923228864415510e-01 3.421225970926862203e-01
1.995750602247513550e-01 -2.861646531984134434e-01 -5.320667963091885166e-02 -3.684031496333100009e-01 -4.986430318201381245e-02 -3.452605288274578355e-01 -1.995750602247513550e-01 2.873363573576372398e-01
-3.953721112575259156e-01 1.396222429637415940e-01 -9.033614459525551865e-03 1.867833676432890666e-01 -8.879688848467730267e-03 1.836007275019871932e-01 3.953721112575259156e-01 -1.397583353520676364e-01
-3.761800171505584878e-01 1.713834786701531332e-01 4.446257184221240610e-01 4.829264779958555298e-01 3.716964545884960947e-01 4.037149725278623147e-01 3.761800171505584878e-01 -1.716351749899254486e-01
4.404319452528130396e-01 -1.638977336001126162e-01 2.480227993432698730e-01 -2.807206147969324439e-01 2.322621028184075342e-01 -2.628821240218814914e-01 -4.404319452528130396e-01 1.641178684737724935e-01
4.493188224156814403e-01 -4.246409309166596646e-01 -3.997665625758769492e-01 1.229683229783042897e-01 -3.688074075297433363e-01 1.134452769478455081e-01 -4.493188224156814403e-01 4.284694918556943288e-01
-9.281670277400033697e-02 -1.008388547452269135e-01 1.646655865344386349e-01 -3.368182944858792993e-01 1.541854973631087977e-01 -3.153816006688078266e-01 9.281670277400033697e-02 1.008901236120181566e-01
3.765052453165907975e-01 3.180333057558384358e-01 3.310311139953782122e-01 -4.716370657699249236e-01 2.868223131814667815e-01 -4.086505118915744750e-01 -3.765052453165907975e-01 -3.196416826104406250e-01
1.667667154456676792e-01 -2.722404984621390467e-01 3.590026396580585644e-01 2.689194362148217277e-01 3.275592583546867997e-01 2.453660261874072157e-01 -1.667667154456676792e-01 2.732493521784200019e-01
-9.326665416425172772e-02 3.795214830237301218e-01 2.898695031091249596e-01 -1.203335567933210282e-01 2.765677949548272507e-01 -1.148116173120545813e-01 9.326665416425172772e-02 -3.822547313923199130e-01
-2.025630491448663362e-01 3.897936564455402042e-01 2.285587299494867830e-01 -4.334036677644488300e-01 2.052453573022703093e-01 -3.891957689215733707e-01 2.025630491448663362e-01 -3.927549012076991808e-01
-1.984013655190575154e-01 -2.061545061081193619e-02 -1.259373749926743224e-01 -3.668518084642318211e-01 -1.174147238383923542e-01 -3.420255804358964258e-01 1.984013655190575154e-01 2.061588868584295076e-02
-2.831030156015260646e-01 3.956912912102034108e-01 -7.514607879831047832e-02 -4.909400004776151016e-01 -6.730242928699498028e-02 -4.396963247408306463e-01 2.831030156015260646e-01 -3.987889920979816316e-01
-2.769183673593816897e-01 -1.481070038069574046e-01 4.561231595599599675e-01 2.998299308884706527e-01 4.003628366037093045e-01 2.631762038678551185e-01 2.769183673593816897e-01 1.482694452329126888e-01
-3.283703227385594836e-01 -1.789570099567830974e-01 -1.304764598603505021e-01 1.543308668633236458e-02 -1.293646722962321638e-01 1.530158163268368829e-02 3.283703227385594836e-01 1.792435703398055913e-01
-3.812722810457559453e-01 3.980623572137350630e-01 3.281466132166949157e-01 3.815672700724955790e-01 2.931196606191283083e-01 3.408381016358663085e-01 3.812722810457559453e-01 -4.012160786906986409e-01
-8.251362520398819456e-02 -4.023236325522758783e-01 5.099397018548623706e-02 4.040508194352817606e-01 4.722762428995733869e-02 3.742081705920997092e-01 8.251362520398819456e-02 4.055797243169205757e-01
6.660145420657515025e-02 -1.378109410606106477e-01 -2.758621082892698251e-02 -3.066653592330860212e-01 -2.636475476258840281e-02 -2.930868991214722330e-01 -6.660145420657515025e-02 1.379418053343924588e-01
4.636627605010292807e-01 4.367805382809519799e-02 4.438508573508195276e-01 -1.895755189012737763e-02 4.056244742501199929e-01 -1.732484435064274991e-02 -4.636627605010292807e-01 -4.368222021734403243e-02
-4.384966778345145144e-02 4.627703198402424167e-01 -1.893707817086937029e-01 -1.420160631388036609e-01 -1.842785870821501693e-01 -1.381972404721119596e-01 4.384966778345145144e-02 -4.677255804074056944e-01
-4.953045238074529344e-01 -1.625226182357600857e-01 -3.894777059473394365e-01 -3.790247037255012330e-02 -3.626966678172474090e-01 -3.529624288180590458e-02 4.953045238074529344e-01 1.627372586188987336e-01
-4.539926891127030739e-01 -1.544943436436655437e-01 -3.035490081790460648e-01 -3.236670925355108475e-01 -2.774594056370665029e-01 -2.958483694541006459e-01 4.539926891127030739e-01 1.546787210728610418e-01
-3.845157028612519179e-01 4.031496468515715081e-01 -1.029863332223666106e-01 -3.736324746693965304e-01 -9.602659175226871402e-02 -3.483826638724902280e-01 3.845157028612519179e-01 -4.064258351547948012e-01
-2.264579651843642294e-01 -4.029704626530405953e-03 6.928691998429437060e-02 -2.924872659326315238e-01 6.635419672681816539e-02 -2.801070907493402040e-01 2.264579651843642294e-01 4.029707898352239380e-03
2.184832175007167532e-02 -4.972967861064973016e-01 -1.624713529826382619e-02 4.686817880634119859e-02 -1.622718329634633902e-02 4.681062318338081313e-02 -2.184832175007167532e-02 5.034459626502238994e-01
-2.162969296001193698e-02 -1.660646479760796712e-02 -4.462664526462646331e-01 2.840586144671540803e-01 -3.944717298975021769e-01 2.510901107997139947e-01 2.162969296001193698e-02 1.660669377972799274e-02
2.963914745173317211e-01 -3.584935143780997313e-01 -1.864093882572988026e-01 -2.135136516847576660e-01 -1.793445768207555246e-01 -2.054216038411237344e-01 -2.963914745173317211e-01 3.607971506796037731e-01
-3.386904821150037437e-01 4.233060678891631401e-01 2.067779148255355359e-02 3.210151951243088719e-01 1.968440299744677463e-02 3.055932000505190427e-01 3.386904821150037437e-01 -4.270986368476384354e-01
-1.171919408421459030e-01 -2.713534490170544933e-01 -4.544892860374084576e-01 -1.614855072298573280e-01 -4.093604294772849039e-01 -1.454506819518964489e-01 1.171919408421459030e-01 2.723524732949018090e-01
-1.432931095974571134e-01 -3.841015311741202698e-01 -3.981453847517835154e-01 3.855226374488770480e-01 -3.482405945112012069e-01 3.372000219126534137e-01 1.432931095974571134e-01 3.869349326750684548e-01
-4.879637771023457304e-01 -2.831297499089593384e-01 -3.683127181855431198e-01 8.188894263456980571e-02 -3.445999506613128816e-01 7.661675581173964245e-02 4.879637771023457304e-01 2.842645687047847258e-01
-1.845716490758161354e-01 1.188261682413764841e-01 -2.216747016798856773e-01 3.988252193018173575e-01 -2.016724136866933637e-01 3.628381768699615040e-01 1.845716490758161354e-01 -1.189100574857657883e-01
4.742562128180503045e-01 -1.669279655256812323e-01 -2.151144794462688248e-01 2.607926286668018623e-01 -2.037844798917575750e-01 2.470567779968671773e-01 -4.742562128180503045e-01 1.671605374602279925e-01
-3.128691082491552589e-01 3.266858747136069940e-02 2.393293907101079476e-03 2.181865260891838743e-01 2.338277183864551339e-03 2.131708831361091572e-01 3.128691082491552589e-01 -3.267033072698373453e-02
6.843394886864850868e-02 -4.831283266299603030e-01 2.912274310191123039e-01 -6.485801348367037367e-02 2.790707732070739078e-01 -6.215065630398969310e-02 -6.843394886864850868e-02 4.887667477518291004e-01
1.176354970758770602e-01 3.136786497018634323e-01 5.805123665726252824e-02 2.223915186982363679e-01 5.657606999736786851e-02 2.167402255868787486e-01 -1.176354970758770602e-01 -3.152218591859342056e-01
-3.618170486513861972e-01 -1.999710805240704214e-01 2.008556494477377052e-01 -3.534162638489433128e-01 1.860695178886724033e-01 -3.273992741015699370e-01 3.618170486513861972e-01 2.003709070323037300e-01
-1.732991182317399348e-01 2.573641432377087312e-01 -1.033898878739353266e-01 -3.397400798634049313e-01 -9.742874731139715416e-02 -3.201517196045844393e-01 1.732991182317399348e-01 -2.582164856963705679e-01
-4.204779174132442510e-01 -2.917467478785161772e-01 2.681946644627797305e-01 -2.873175911881712397e-01 2.496071197196015889e-01 -2.674047096533729850e-01 4.204779174132442510e-01 2.929883660935558298e-01
-2.925299245588905972e-01 3.818965030968323182e-01 1.937470232392137781e-01 1.218823913943650750e-01 1.888626228050117595e-01 1.188097124158953438e-01 2.925299245588905972e-01 -3.846813867082374272e-01
-1.269651361192525307e-01 -4.329637413951581415e-02 4.082483792345790174e-01 3.699889104282927388e-02 3.777429945116334009e-01 3.423423730997189607e-02 1.269651361192525307e-01 4.330043225673776280e-02
1.706378696181594101e-01 -8.969843730987436814e-02 -3.479727727904304846e-01 3.565674676693012524e-01 -3.114574720092645466e-01 3.191502633681914669e-01 -1.706378696181594101e-01 8.973452213752541873e-02
-4.188986100120032363e-01 -2.875656387059589703e-01 -4.348785314511816047e-01 -3.126390985736772210e-01 -3.833556677414706737e-01 -2.755987286745558706e-01 4.188986100120032363e-01 2.887546363029179775e-01
4.280812934655908730e-01 -3.967018449148613790e-01 4.421847190180479004e-01 3.450776272778744991e-01 3.856611949415445495e-01 3.009670944285756655e-01 -4.280812934655908730e-01 3.998233400685979877e-01
3.310484552361904198e-01 -1.236108448056487674e-01 -3.487697750259149965e-01 -1.873101565139648761e-01 -3.242826367393872311e-01 -1.741591037752698301e-01 -3.310484552361904198e-01 1.237052812719786343e-01
-1.015657413803229270e-01 -1.518080572534799000e-01 -3.779143931635328135e-01 3.714041908324061669e-02 -3.532992437481136117e-01 3.472130781988724824e-02 1.015657413803229270e-01 1.519829832963419947e-01
-4.021555155059659548e-01 3.975427646494055223e-01 1.147698861442988383e-01 -1.982984253603468083e-01 1.118711378944192841e-01 -1.932899929851114862e-01 4.021555155059659548e-01 -4.006841525394853054e-01
2.991585642167235992e-01 -2.209320517714016274e-01 -6.988401562326007621e-02 -1.497287926551458259e-01 -6.894911281672605474e-02 -1.477257327676476661e-01 -2.991585642167235992e-01 2.214712471755232726e-01
-3.551522406566227641e-01 3.587774682319021524e-01 2.701281241915821640e-01 2.666693010278750053e-01 2.525464566888425133e-01 2.493127558777118447e-01 3.551522406566227641e-01 -3.610865828305034331e-01
-4.885725413749689716e-01 -4.994540351030043457e-01 -9.955146526407665508e-02 2.791539245249139434e-01 -9.544774274362045896e-02 2.676466077445149305e-01 4.885725413749689716e-01 5.056835837670551337e-01
-6.558337444187922749e-02 5.968240582344797041e-02 -3.813844816342341071e-01 -4.058775639144830416e-01 -3.331929152601880717e-01 -3.545910630130651997e-01 6.558337444187922749e-02 -5.969303522878545432e-02
1.532008198571336299e-01 -4.027420052123593663e-01 -3.440220719655434634e-01 -1.227310673342397740e-01 -3.231409530073884873e-01 -1.152816557246141294e-01 -1.532008198571336299e-01 4.060082654838120808e-01
-3.817255741310667805e-01 7.714024402034180827e-02 -2.467521778791759157e-02 1.405645935212184172e-01 -2.442770881927710039e-02 1.391546364594881402e-01 3.817255741310667805e-01 -7.716319562366906470e-02
4.342139979247937598e-01 -3.094330850599319449e-01 -4.013896312771889630e-01 3.080493403229045413e-01 -3.581541115992942781e-01 2.748679318422856399e-01 -4.342139979247937598e-01 3.109144779167142825e-01
-4.327503685367514175e-01 2.823408917853575950e-02 6.631160555432991099e-02 3.345863819712364684e-01 6.276106055627944658e-02 3.166715087753150804e-01 4.327503685367514175e-01 -2.823521453821505739e-02
6.996491070126487077e-02 1.849344386835594101e-01 -3.960091620287669034e-01 3.511984717150039570e-01 -3.500035850143011218e-01 3.103986875507335208e-01 -6.996491070126487077e-02 -1.852506834774144961e-01
4.608346580630001688e-01 1.216654364532577803e-01 -1.578961247962112902e-01 -1.845348428329440793e-01 -1.534358034285208394e-01 -1.793220188726759312e-01 -4.608346580630001688e-01 -1.217554839531805183e-01
3.811031971111615846e-01 -1.645018303241003732e-01 -3.918344755236623511e-01 -3.024808931539145762e-01 -3.511663715550027431e-01 -2.710867071398420092e-01 -3.811031971111615846e-01 1.647244083097871847e-01
1.630782031001007937e-01 -1.074312115378489585e-01 1.641971050811490418e-01 -3.082758900781543687e-01 1.550137028683653828e-01 -2.910342859116714087e-01 -1.630782031001007937e-01 1.074932072173839515e-01
-1.257038166790839240e-01 4.998085781169653297e-01 3.149427833130780119e-02 1.438640367225967331e-01 3.115819962718250485e-02 1.423288486950018694e-01 1.257038166790839240e-01 -5.060514025441761321e-01
-2.129484800803702615e-01 3.151993953143135130e-01 4.021312148042320844e-01 -3.703809514832399064e-01 3.528428634649466433e-01 -3.249841610973654982e-01 2.129484800803702615e-01 -3.167651586933080132e-01
4.039839549282370212e-01 -1.737303673506276347e-01 4.004796369369190145e-02 3.019572403734451793e-01 3.831013384345036132e-02 2.888541944899865044e-01 -4.039839549282370212e-01 1.739925459374497274e-01
-2.866880226325180248e-01 -3.214200319423436980e-01 -3.810830578539864399e-01 3.418157394050852504e-01 -3.392182779066260645e-01 3.042647635277447860e-01 2.866880226325180248e-01 3.230803405677065698e-01
-1.165361058281020323e-01 -1.354553740032133913e-01 -3.306873094563992366e-01 -1.469250394783914171e-01 -3.109549982199470985e-01 -1.381579337428207321e-01 1.165361058281020323e-01 1.355796418357671507e-01
1.531083254653984316e-01 3.298973686033431774e-01 -1.020813851650622661e-01 -1.269454706947967804e-01 -1.007533540632481739e-01 -1.252939694632596301e-01 -1.531083254653984316e-01 -3.316925426408183220e-01
-4.291302218157916348e-01 -2.704325553080502154e-01 4.296187394467544385e-01 -3.814655783806286671e-02 3.944898662677187584e-01 -3.502740713659272670e-02 4.291302218157916348e-01 2.714214428821062342e-01
4.453015334790795254e-01 6.650610698916270547e-02 4.980227877581006046e-01 -4.396205179744036018e-01 4.148328037795692147e-01 -3.661860793384589807e-01 -4.453015334790795254e-01 -6.652081502177965844e-02
-3.394611775147435839e-01 2.358938968077329834e-01 2.650699491581399725e-01 8.281900016218202154e-04 2.562213333230995427e-01 8.005432042913505691e-04 3.394611775147435839e-01 -2.365502235776930084e-01
1.360610554471413103e-01 -1.554695392456877379e-01 4.853785645671059301e-01 2.012568474457273604e-01 4.296737333409306192e-01 1.781594559692926960e-01 -1.360610554471413103e-01 1.556574302287804246e-01
1.214784014997635220e-01 -9.575638206074121861e-02 -1.557108353010611124e-01 3.846220568448426302e-01 -1.438207941830781933e-01 3.552524111042216770e-01 -1.214784014997635220e-01 9.580028293721473687e-02
-4.798924538125064476e-01 -1.320724194629586679e-01 3.518085827572431379e-01 -4.996326562485421396e-01 3.001978527557712106e-01 -4.263359620079840151e-01 4.798924538125064476e-01 1.321876072423286974e-01
3.137978197024772209e-01 2.645619743577085625e-01 -1.703488424185873873e-01 -2.640296147584300090e-01 -1.625150639544374886e-01 -2.518877681768726395e-01 -3.137978197024772209e-01 -2.654878491775888860e-01
1.304479368667911254e-01 6.821759366984503359e-02 -6.464653367484296531e-02 3.242664697032285881e-01 -6.137835881952012629e-02 3.078733320906422710e-01 -1.304479368667911254e-01 -6.823346667626900564e-02
3.817353618548527949e-01 -4.373639969401902361e-01 -2.787818722684076711e-01 1.716898576108536467e-01 -2.649428058413352827e-01 1.631669672055421072e-01 -3.817353618548527949e-01 4.415471050973190925e-01
-3.687106715267439716e-01 1.492220193676840889e-02 4.804664588406299952e-01 -4.647801954245929235e-01 3.994372123054822366e-01 -3.863963907973368417e-01 3.687106715267439716e-01 -1.492236807467844234e-02
2.103660620412928228e-02 -4.700496750952506408e-01 -1.201060962139826049e-01 -8.404668537022053076e-02 -1.188360304353262842e-01 -8.315793099169145608e-02 -2.103660620412928228e-02 4.752424712535047724e-01
-1.394544395141077420e-01 -3.376420520873332221e-01 2.690469943201405645e-01 -3.861058951886365831e-01 2.434376799658048984e-01 -3.493542962015009357e-01 1.394544395141077420e-01 3.395666481708639606e-01
-2.911232439051653076e-01 4.138079375713576979e-02 1.394627744740102315e-01 2.403471966315919861e-01 1.343713789504844824e-01 2.315727932423198576e-01 2.911232439051653076e-01 -4.138433671881635439e-02
-1.546483193030973036e-01 4.591422519779749800e-01 -1.914720404455995117e-01 -4.962902262499813144e-01 -1.690432645512149334e-01 -4.381554602693742972e-01 1.546483193030973036e-01 -4.639818777896874691e-01
1.956254456388571983e-01 2.150525974651670280e-01 -1.967080785803339005e-01 -4.541013276951721966e-02 -1.928180576457279027e-01 -4.451211999652111839e-02 -1.956254456388571983e-01 -2.155498810020678169e-01
2.395507950492875571e-01 -2.349603016355179541e-01 2.732591260670231836e-01 -3.903169378870414707e-01 2.466886865145461460e-01 -3.523643441211817828e-01 -2.395507950492875571e-01 2.356088665897406453e-01
-4.419708396761243829e-01 -3.378797392911667696e-01 4.926669934642663451e-01 -1.116668335255474043e-01 4.397427511853506110e-01 -9.967113941486800688e-02 4.419708396761243829e-01 3.398084027646725569e-01
4.380595007732634993e-02 -1.834574401075239614e-01 1.455442945794939158e-01 -4.736786647159084707e-01 1.304108715018114373e-01 -4.244264445809425856e-01 -4.380595007732634993e-02 1.837661680880264548e-01
4.679655666042270568e-01 2.712254629659102134e-01 3.369903652886837575e-01 -4.607894607861029446e-01 2.926603108758563665e-01 -4.001740130654933836e-01 -4.679655666042270568e-01 -2.722230743167189382e-01
7.722858860416759175e-02 2.418386039375819418e-02 4.884926739930472994e-02 -2.935485887536852800e-01 4.682011353670432335e-02 -2.813548490224131449e-01 -7.722858860416759175e-02 -2.418456760130370184e-02
-3.689447687847422497e-01 2.731100525054191985e-01 -1.031508763545085916e-02 -6.134513079462888818e-03 -1.031434485771680343e-02 -6.134071340149978117e-03 3.689447687847422497e-01 -2.741286041669304119e-01
3.617749470345199558e-02 -3.521986659346095783e-01 -2.801392233583930302e-01 3.167256870298913451e-01 -2.580210388266179766e-01 2.917188454041541035e-01 -3.617749470345199558e-02 3.543830707445144168e-01
4.621885451174382320e-01 -1.566082712090839379e-01 1.033229922907445975e-01 3.018158670596945425e-01 9.843551267008132655e-02 2.875390941290754121e-01 -4.621885451174382320e-01 1.568003211114148143e-01
1.289818435911487260e-01 -1.350881639787618882e-01 3.054624374049965674e-01 3.843242263891349930e-01 2.742014520810606704e-01 3.449925360417074871e-01 -1.289818435911487260e-01 1.352114239044740485e-01
1.180154289988415428e-01 4.834262422606420140e-01 3.002556035835235448e-01 -9.953028970586597080e-02 2.862747160913241551e-01 -9.489583237738971611e-02 -1.180154289988415428e-01 -4.890751004220200704e-01
1.001685231825022449e-02 4.631972952603800042e-01 1.612370074109303886e-02 1.659514107544161066e-01 1.590414970832518607e-02 1.636917059753788539e-01 -1.001685231825022449e-02 -4.681662844122852496e-01
8.759963519638902518e-02 3.890599531897286356e-01 -2.128472871136706246e-01 -8.686522821723519083e-02 -2.074363987877094473e-01 -8.465698748433085619e-02 -8.759963519638902518e-02 -3.920045076759652303e-01
1.996220542505167117e-01 7.770942431684035867e-02 4.657342779802806643e-01 4.229142906324854234e-01 3.942140189063916833e-01 3.579696621991751981e-01 -1.996220542505167117e-01 -7.773288772412564884e-02
-3.410304163544802813e-01 -3.252279958390600356e-01 3.611230080657866770e-01 -4.734647079430431837e-02 3.393180825266143841e-01 -4.448764915416022342e-02 3.410304163544802813e-01 3.269480169328552455e-01
-2.105939070527989010e-01 -2.160000232378989082e-01 4.062314197872841648e-01 -1.924679607812880278e-01 3.705177464280683397e-01 -1.755472167210265222e-01 2.105939070527989010e-01 2.165039082005270343e-01
4.443723899839335800e-01 -3.999859390784448188e-01 -3.516210623226243559e-01 -1.844664537179430130e-02 -3.316622509492774262e-01 -1.739957181762576827e-02 -4.443723899839335800e-01 4.031856016281899491e-01
3.965465958510629996e-01 -2.584429599600815974e-01 -3.964215365516278178e-01 1.143462999796308610e-01 -3.664565882965477028e-01 1.057030234516835032e-01 -3.965465958510629996e-01 2.593060659359082143e-01
2.142412995491114192e-01 -7.629364654452719385e-02 -1.372791367068515456e-02 -2.558429661631206331e-01 -1.329837119922336677e-02 -2.478377133163975066e-01 -2.142412995491114192e-01 7.631585074416194492e-02
-1.222481607075190935e-01 -3.466311221406542797e-01 -4.178774024138798282e-02 3.184221621817872050e-01 -3.978632161493694114e-02 3.031713722902045216e-01 1.222481607075190935e-01 3.487135629385087476e-01
-3.375070653236251772e-01 -9.620725933266549568e-02 -1.104514926544312159e-01 2.674657630849425205e-01 -1.060985736362037163e-01 2.569248751451137514e-01 3.375070653236251772e-01 9.625178326698473341e-02
-1.261868620674385655e-01 1.563834665125174439e-02 2.672100660540969175e-01 -3.058057923865309391e-01 2.475740159402040896e-01 -2.833335182200145130e-01 1.261868620674385655e-01 -1.563853787530160994e-02
-2.468088062771480740e-01 -4.614427539410016488e-01 2.019775951661971769e-01 2.142998462937436566e-01 1.937512407435907913e-01 2.055716183589977042e-01 2.468088062771480740e-01 4.663554907274329309e-01
2.917250380826645895e-01 -4.697647419940174096e-01 2.193890620039735673e-01 3.625592497840949280e-01 2.019998883278024404e-01 3.338221481947561409e-01 -2.917250380826645895e-01 4.749481006212543654e-01
-1.437240406537709791e-02 -7.309563978892630320e-02 -1.172357807572285138e-01 -1.741451579962037810e-01 -1.147348131106240288e-01 -1.704301538980673159e-01 1.437240406537709791e-02 7.311516718879464138e-02
8.651293481008315300e-02 1.451274329875673619e-02 5.258133251050456369e-02 -4.572368620522011540e-01 4.776509833593028248e-02 -4.153558427674393094e-01 -8.651293481008315300e-02 -1.451289613225182663e-02
4.903389473967043610e-01 -4.710474509730394610e-01 -4.953451631628165153e-01 -3.926989684844954809e-01 -4.187059859344861024e-01 -3.319410806898519528e-01 -4.903389473967043610e-01 4.762733856678164623e-01
3.638556059232314066e-01 4.308187172979731638e-01 4.550466810062829826e-01 -6.815734935029382768e-02 4.133863044154035271e-01 -6.191741626235165025e-02 -3.638556059232314066e-01 -4.348168176838935750e-01
-2.467083974602178875e-01 4.682864102942972950e-01 2.745009548842020086e-01 -3.031479453346862529e-01 2.540750503798799853e-01 -2.805903881680824052e-01 2.467083974602178875e-01 -4.734209872632829108e-01
2.740473326986387903e-01 3.743999170748423255e-01 3.661347063247309963e-01 -6.981914236094588500e-02 3.430777146271308808e-01 -6.542234697951565536e-02 -2.740473326986387903e-01 -3.770239980704331306e-01
-4.455585054997301953e-02 -2.755863880791598053e-01 1.496564952358355738e-01 -4.984054293957054238e-01 1.327565954385568625e-01 -4.421231958586060440e-01 4.455585054997301953e-02 2.766328978628671553e-01
4.564057227959488205e-01 -3.144821024768237328e-01 -5.552104464773000014e-02 5.841002654587990062e-02 -5.534163239771731219e-02 5.822127875929938162e-02 -4.564057227959488205e-01 3.160372006359108421e-01
1.120957227224214092e-01 9.807196621584135521e-03 2.049480619227594946e-01 -1.823681267260538474e-01 1.976453944151719266e-01 -1.758700228602857463e-01 -1.120957227224214092e-01 -9.807243784934818742e-03
-4.416436410194113371e-01 3.791733376874044659e-01 -2.086111794630972627e-01 1.603385959782224202e-01 -2.017449172109769540e-01 1.550611853813565477e-01 4.416436410194113371e-01 -3.818990711055907927e-01
4.786183422327640047e-01 1.222310588397949038e-01 -4.757272953779387858e-01 -4.402420820396060197e-01 -3.992032681429237839e-01 -3.694260969083882906e-01 -4.786183422327640047e-01 -1.223223680793812523e-01
2.497044225426425790e-02 -4.790499307322695355e-01 -3.496502431286296897e-01 4.788569810230560719e-01 -3.007573723380796982e-01 4.118966600725568195e-01 -2.497044225426425790e-02 4.845467612849748140e-01
-4.431519235667596979e-01 -2.685702153435576278e-02 -4.217539003095311934e-01 4.550641453735597697e-01 -3.583773343971199954e-01 3.866820799499178785e-01 4.431519235667596979e-01 2.685799013230790941e-02
-4.608122077456793253e-01 -4.400557017504267421e-01 5.243905899163314732e-02 -8.266685793740424781e-02 5.218957164946463195e-02 -8.227355693107772650e-02 4.608122077456793253e-01 4.443165195340449958e-01
-1.882041180058974250e-01 2.734555444490305298e-01 4.382561369639622617e-01 -6.421468853823331102e-03 4.013930972183613055e-01 -5.881339825115415414e-03 1.882041180058974250e-01 -2.744779664925680596e-01
-3.798034387868310935e-01 4.077329574850394600e-01 4.292916715697834285e-01 -1.068775847765829345e-01 3.925895880351574774e-01 -9.774013743197128290e-02 3.798034387868310935e-01 -4.111221595035820520e-01
4.295293167921905297e-01 -2.059233376168339014e-01 -1.694036992407896847e-01 -2.219497616987778921e-01 -1.631630090004021483e-01 -2.137733185756492682e-01 -4.295293167921905297e-01 2.063599406116806145e-01
4.241587666207635721e-01 -2.563221247187678076e-01 4.231590211737402685e-01 -4.366309954511516933e-01 3.615673960767079587e-01 -3.730784980874484735e-01 -4.241587666207635721e-01 2.571641561198249049e-01
4.988470065678665133e-01 3.571249175045673185e-01 8.815146043529931141e-02 -1.609054115225969639e-01 8.670425238558772396e-02 -1.582637807923996665e-01 -4.988470065678665133e-01 -3.594022710819354538e-01
4.854914276432975573e-01 3.894479088158665503e-01 1.428033753085120594e-01 2.092337639507906299e-01 1.384307736392623445e-01 2.028270813108453974e-01 -4.854914276432975573e-01 -3.924012806781600471e-01
1.027633760716438749e-01 1.223844285660048437e-01 -9.580091563724857373e-03 2.998654355823109352e-01 -9.176016971179432394e-03 2.872175393805477817e-01 -1.027633760716438749e-01 -1.224760819485333496e-01
4.883738380592261841e-01 2.720761145324046559e-03 -2.353504019971996986e-01 4.985265777083542904e-01 -2.061055614968948513e-01 4.365792424732221622e-01 -4.883738380592261841e-01 -2.720762152351371803e-03
-4.835703704085257959e-01 4.227566102253653701e-01 -3.602542211350450163e-01 3.365471806191977500e-01 -3.231210744791352951e-01 3.018576334011487394e-01 4.835703704085257959e-01 -4.265344299099846914e-01
2.486636198505473017e-01 4.450267769403913887e-01 -1.993488413032331596e-01 -3.557598979784339921e-01 -1.845897725918285437e-01 -3.294207191565260429e-01 -2.486636198505473017e-01 -4.494336286137955438e-01
-1.955315926226804946e-01 9.106538083399018380e-02 1.578621337264282110e-01 -2.494794135828214410e-01 1.514018388848208385e-01 -2.392698051693852301e-01 1.955315926226804946e-01 -9.110314065515612292e-02
-2.078524732074511494e-01 -2.551105205799005793e-01 -3.976831841124057743e-01 4.049823195783415208e-01 -3.458555858671970573e-01 3.522034699964432525e-01 2.078524732074511494e-01 2.559406677872903546e-01
1.969972417249873375e-01 3.822836719191073929e-01 -1.287130557175006906e-01 1.892567863716521082e-02 -1.276374412233927669e-01 1.876752269766484779e-02 -1.969972417249873375e-01 -3.850770341123344598e-01
1.900250201912273562e-01 -2.100865504080445811e-01 4.580671779934348820e-01 2.046436988266020496e-01 4.094286723422597696e-01 1.829142142006642269e-01 -1.900250201912273562e-01 2.105501731749918615e-01
-3.685172007088723944e-01 1.374622773722066205e-01 2.811928439623906373e-01 1.155972191096447110e-01 2.690339148012583781e-01 1.105987334491559809e-01 3.685172007088723944e-01 -1.375921508912884839e-01
-2.621071786254913771e-01 -1.349001229399902080e-01 3.152250407163726953e-01 2.975263608679399319e-01 2.892229974118764035e-01 2.729842327998903140e-01 2.621071786254913771e-01 1.350228688530299981e-01
3.681260573682142434e-01 -2.287479232381358640e-01 1.973302508300515123e-01 3.029753783638378106e-01 1.855724815229198577e-01 2.849228264131947186e-01 -3.681260573682142434e-01 2.293463919964061903e-01
2.487882575401331176e-01 -3.027405256992623528e-01 3.020685238956138940e-01 1.773130699945224542e-03 2.891636087430115576e-01 1.697379340809325584e-03 -2.487882575401331176e-01 3.041278617969855880e-01
-1.668548479713580779e-01 -3.875726827876887493e-01 4.608125288226778693e-01 4.090927570285631809e-01 3.923115986801002930e-01 3.482800997801933085e-01 1.668548479713580779e-01 3.904835975047458163e-01
-1.017789377839081189e-01 -4.194679965281559175e-01 1.271607114618582557e-01 -2.136704531265509743e-01 1.234032207172899437e-01 -2.073566731800495777e-01 1.017789377839081189e-01 4.231583375395070457e-01
2.392635793983016734e-01 -4.603844774204822743e-01 1.150580206350961809e-01 1.844985465240676081e-01 1.124309539215866405e-01 1.802859763130655324e-01 -2.392635793983016734e-01 4.652634909364293248e-01
7.754294883137546890e-02 4.371170419405177032e-01 4.440324664280993483e-01 4.371230205317796491e-01 3.768619015065949873e-01 3.709976750913726584e-01 -7.754294883137546890e-02 -4.412930681959060797e-01
-3.679318936548466867e-01 3.773987891741196199e-01 -1.409029122697037506e-01 3.444704924187343975e-01 -1.320537891760317495e-01 3.228367182088978105e-01 3.679318936548466867e-01 -3.800864317465750819e-01
-2.283472323938541271e-01 -4.693389516742820788e-01 4.792702400358185288e-01 4.835554181712203858e-01 3.961688003447638162e-01 3.997109645338837169e-01 2.283472323938541271e-01 4.745082286310006725e-01
-4.060594892415583246e-01 4.795269293354585960e-01 -7.641236328569556147e-02 1.294612270091521911e-01 -7.556330370977556998e-02 1.280227124838063946e-01 4.060594892415583246e-01 -4.850401961212999491e-01
8.678434645816879289e-02 4.950057279527142473e-02 7.360974696681543694e-02 -3.288279518448414818e-01 6.975594096706626279e-02 -3.116123087279567550e-01 -8.678434645816879289e-02 -4.950663737454760044e-02
3.919233550156721035e-01 -4.414650777644412161e-01 -6.446845946906654135e-02 -6.874215315810183746e-02 -6.418405887773487306e-02 -6.843889930081124839e-02 -3.919233550156721035e-01 4.457669654458450981e-01
4.894097772844314687e-01 -1.697329643031008084e-01 3.356460375834756649e-01 2.808851846280235875e-01 3.074854170315352575e-01 2.573189862604820521e-01 -4.894097772844314687e-01 1.699774585207582678e-01
-2.182698942460509217e-01 2.781715954502541610e-01 -1.796737134891683851e-01 4.682043910905087092e-01 -1.606088471577582777e-01 4.185240346344825113e-01 2.182698942460509217e-01 -2.792478335157798641e-01
-2.608634501337303568e-03 -4.600071980992830323e-01 -1.037772553382559915e-01 2.439378206317415199e-01 -1.003123519245427281e-01 2.357932519140032712e-01 2.608634501337303568e-03 4.648742265705293475e-01
7.432524884957880662e-02 3.620625958512072584e-01 2.510322995349187902e-01 -2.185462727056062260e-01 2.381856755187349850e-01 -2.073621270765822477e-01 -7.432524884957880662e-02 -3.644357228855888420e-01
-4.882859158149980283e-01 -3.895228890082552686e-01 3.161507522663683512e-01 3.496898764211883170e-01 2.859677013623790898e-01 3.163048306322169823e-01 4.882859158149980283e-01 3.924779670321897895e-01
1.924721193700198452e-01 4.979622513286734442e-01 -4.339257361483280784e-01 -3.877756841717114877e-01 -3.750420968392055854e-01 -3.351545980792053903e-01 -1.924721193700198452e-01 -5.041361467618928893e-01
4.920112434144741087e-01 -4.103013981793168785e-02 -2.581518773637825337e-02 -1.408934923466999001e-01 -2.555436424080424762e-02 -1.394699763315244145e-01 -4.920112434144741087e-01 4.103359347327486389e-02
4.903450015608938894e-01 -4.002670527652459898e-01 -3.960119224565795681e-01 4.981989528446095772e-01 -3.340918083996905485e-01 4.203009547444557792e-01 -4.903450015608938894e-01 4.034734663115949194e-01
3.480082293222344081e-01 -1.552818726244923342e-01 -3.644515668914936057e-01 -3.559414589091577374e-01 -3.247412171480360543e-01 -3.171583636901230685e-01 -3.480082293222344081e-01 1.554690840213457104e-01
-2.224039022682339217e-01 3.735568272907714427e-01 2.018404829444162552e-01 4.574885434478493940e-01 1.805290636757896083e-01 4.091844073410439431e-01 2.224039022682339217e-01 -3.761632211206930587e-01
-4.277654664614294333e-02 6.784600147750752264e-02 4.121509530115887721e-01 1.836015003535570456e-01 3.756809752458885598e-01 1.673551649108845352e-01 4.277654664614294333e-02 -6.786161650584826566e-02
3.742879666249470105e-01 -2.534430601888438828e-01 2.954565267763146208e-01 1.077418473858510195e-01 2.818473367347816838e-01 1.027790892687829860e-01 -3.742879666249470105e-01 2.542570354688101775e-01
-4.808068016906664743e-01 8.969472301355074784e-02 -4.754229756930339335e-01 9.618444677924364861e-02 -4.277575984372050666e-01 8.654110142936298489e-02 4.808068016906664743e-01 -8.973080335870922686e-02
-9.541191382432923085e-03 -4.338505378830452841e-01 6.769274883684406330e-02 -1.783023815363777853e-01 6.649421841149825985e-02 -1.751454580422819041e-01 9.541191382432923085e-03 4.379336417241671553e-01
2.851529120231377501e-01 -6.042166012776517547e-03 -1.687311197072737246e-01 -2.063831801965898549e-01 -1.630374729527530042e-01 -1.994190059165129314e-01 -2.851529120231377501e-01 6.042177042076910670e-03
2.389457489261448409e-03 2.239413985013258834e-01 4.832748650501552667e-01 7.728401454298206019e-02 4.340763654649649195e-01 6.941632302329141246e-02 -2.389457489261448409e-03 -2.245029287583831523e-01
-2.512468564800419690e-01 9.102690087049125633e-02 -3.719791295491833294e-01 -3.146870804206332028e-01 -3.343983641341162771e-01 -2.828944866727721719e-01 2.512468564800419690e-01 -9.106461284528642730e-02
1.155595642838441739e-01 -1.001878599906692591e-01 -2.362323135495378867e-01 1.683304038097077626e-02 -2.298735654142136098e-01 1.637993952221848334e-02 -1.155595642838441739e-01 1.002381423103573949e-01
1.178766919175238126e-01 4.758838684185333623e-01 1.211403254603832247e-01 1.062619062265414138e-01 1.195975080911314686e-01 1.049085772339614503e-01 -1.178766919175238126e-01 -4.812724312870139687e-01
-7.596774811015805096e-02 -4.406168119942107664e-01 -4.399220356867420412e-01 3.429211121274853280e-01 -3.841965441172824902e-01 2.994828526344844866e-01 7.596774811015805096e-02 4.448939493364205688e-01
1.874882763878152891e-01 -3.826197058294428244e-01 2.879157509538762261e-01 -3.344543872037445409e-01 2.634061779042901064e-01 -3.059830923622269827e-01 -1.874882763878152891e-01 3.854204407395841470e-01
-1.009746782968979906e-01 2.317441854328927686e-01 5.613317945047391344e-02 -4.197903691119708736e-02 5.599578948785945837e-02 -4.187629022254908684e-02 1.009746782968979906e-01 -2.323664807649167552e-01
1.399210213275238202e-01 1.952700059046860170e-01 4.692058717176852412e-01 1.886483169837135376e-01 4.187098425477243091e-01 1.683459476156564938e-01 -1.399210213275238202e-01 -1.956422918342673456e-01
-2.725853720266767644e-01 -4.343951327900743564e-01 4.829991349165324577e-01 -7.340609040112100470e-02 4.339776692049127638e-01 -6.595582003108303726e-02 2.725853720266767644e-01 4.384936320019879319e-01
-3.034176383199465032e-01 -3.395323561123989586e-01 4.132843408854808276e-01 4.191710007237996471e-01 3.561594214426391791e-01 3.612324163636497776e-01 3.034176383199465032e-01 3.414894583155055896e-01
-4.128707002984592922e-01 4.221114617671930525e-01 2.580895307672292915e-02 4.983548770992695109e-01 2.309324967372479095e-02 4.459163286771011814e-01 4.128707002984592922e-01 -4.258720123872864471e-01
3.621915174216833178e-01 2.699671862500888642e-01 -4.628703961085521845e-01 3.618229919755957535e-01 -3.990907345895585712e-01 3.119668159228480842e-01 -3.621915174216833178e-01 -2.709509774753398603e-01
-1.722795984428810989e-01 2.791794333018340346e-01 1.201258805682414721e-01 1.170352106411249871e-01 1.184712861341500473e-01 1.154231865943208812e-01 1.722795984428810989e-01 -2.802674116896856638e-01
4.527490115169849894e-01 2.214066679599524523e-01 -1.695594273971561261e-01 4.605223981193308225e-01 -1.522178470404061124e-01 4.134227688291016167e-01 -4.527490115169849894e-01 -2.219493458060981805e-01
-2.405774356546450665e-01 -1.264889858443163373e-01 2.079823546511866406e-01 -1.509126580123245631e-01 2.014380527475579941e-01 -1.461640917372283854e-01 2.405774356546450665e-01 1.265901736401772448e-01
2.255943642105787683e-01 -1.232367646179244325e-02 4.824448830007098676e-01 1.937233386722279072e-01 4.280531201884818504e-01 1.718825973574583943e-01 -2.255943642105787683e-01 1.232377004347915382e-02
-3.566467125909535962e-01 1.719571405958223442e-01 -2.343674524585527275e-01 -4.575455112744775121e-01 -2.084377386649931829e-01 -4.069240447251784021e-01 3.566467125909535962e-01 -1.722113728503191776e-01
-2.171930374235904182e-01 -4.389214629332126583e-01 -2.040501664110722091e-01 -1.169336404362304460e-01 -1.986309581411352665e-01 -1.138280916271731391e-01 2.171930374235904182e-01 4.431494189280486551e-01
-4.397745283707301667e-01 -4.091142679675905391e-01 4.655166391374733204e-01 2.697890206778347233e-01 4.099452954248379299e-01 2.375827854168094666e-01 4.397745283707301667e-01 4.125380324477053717e-01
-2.069797154922032867e-01 9.643306534962270415e-02 1.775083559940102695e-01 -1.223544050229330438e-02 1.747634994783741347e-01 -1.204624079731980192e-02 2.069797154922032867e-01 -9.647790352387959623e-02
4.488318299689686430e-02 2.105284027223456311e-01 -3.146514130206171656e-01 -1.890696196559105147e-01 -2.953786141858243397e-01 -1.774888652254182908e-01 -4.488318299689686430e-02 -2.109949569088279686e-01
-2.622581739843612425e-01 3.052638555791750141e-01 4.003674516042255993e-01 -1.970951913301649538e-01 3.656147499163179826e-01 -1.799869315029168082e-01 2.622581739843612425e-01 -3.066861717899857509e-01
-1.362892290573773924e-01 -3.665385290650655659e-01 -3.141023971445024987e-01 8.671716622323422108e-02 -2.986471082585768766e-01 8.245028106879734309e-02 1.362892290573773924e-01 3.690007606745346891e-01
-4.583760309244822029e-02 -1.576576233748421263e-01 4.442027179139420578e-01 4.444041214695561015e-01 3.761174798954468046e-01 3.762880132909542930e-01 4.583760309244822029e-02 1.578535596874804103e-01
4.509526110553940814e-01 -1.741575828789898583e-02 2.128923026989063549e-01 -3.268067637714123785e-01 1.983398633370765385e-01 -3.044676018922461980e-01 -4.509526110553940814e-01 1.741602240539419366e-02
-3.405855365510440658e-01 -8.330824309128903593e-02 1.736532695846353391e-01 -4.907520057763006260e-01 1.540321534856651242e-01 -4.353018429076639939e-01 3.405855365510440658e-01 8.333715214867364052e-02
-2.515865349170289811e-01 8.231973305205531055e-02 5.593768880860672255e-02 2.791109940193554628e-01 5.380036836645282761e-02 2.684464555685699416e-01 2.515865349170289811e-01 -8.234762519386537583e-02
-2.354443878953730307e-01 1.003922370976395584e-01 3.237176720231693672e-01 -4.314031652461156607e-01 2.849179439179745921e-01 -3.796966105478238873e-01 2.354443878953730307e-01 -1.004428277640524170e-01
1.897682650777504643e-01 -4.308173412076105047e-01 -4.420907231037397578e-01 -4.723468434946574979e-01 -3.711831027694207363e-01 -3.965863968390649918e-01 -1.897682650777504643e-01 4.348154032823136061e-01
1.324381926702256074e-03 2.199627362998246571e-02 -1.029741677173259262e-01 -2.597076799698333494e-01 -9.917643301326986571e-02 -2.501295411900297250e-01 -1.324381926702256074e-03 -2.199680575949382322e-02
1.625045715326759455e-01 2.057100439896076827e-01 1.075453597907942704e-01 -3.379270149700345227e-01 1.013604757986123622e-01 -3.184929883464805989e-01 -1.625045715326759455e-01 -2.061452917003019081e-01
-1.034942591530153555e-01 1.982484778182905805e-01 2.917614211803708502e-01 -3.469031031642771934e-01 2.657359395525404899e-01 -3.159589149247435946e-01 1.034942591530153555e-01 -1.986380604514303150e-01
2.507648618863519419e-01 3.339816438766317619e-01 -2.722590066527135200e-01 -2.318907350874609419e-01 -2.563582442444676257e-01 -2.183476037558956251e-01 -2.507648618863519419e-01 -3.358443219331577190e-01
-1.799828491775321559e-01 2.592824517166680831e-01 -2.218834872351382881e-01 2.034070306614734758e-01 -2.124667142869258174e-01 1.947744016737231187e-01 1.799828491775321559e-01 -2.601539958387487084e-01
1.699165465909100448e-01 -4.690575455112155900e-02 -4.489469353080763891e-01 4.695006184456362863e-02 -4.091904408459647868e-01 4.279239926371025682e-02 -1.699165465909100448e-01 4.691091453546976375e-02
3.966712930403420989e-01 4.272118073731179244e-01 -1.423609651517812047e-01 3.061241514404441366e-01 -1.348815325439079726e-01 2.900408454731093211e-01 -3.966712930403420989e-01 -4.311103271910073920e-01
-7.946053331990154955e-02 3.028933715613342237e-01 -2.419407874615927545e-01 -2.152202949690457112e-01 -2.301740840216533468e-01 -2.047531330997016952e-01 7.946053331990154955e-02 -3.042828100104741917e-01
3.207671207013149672e-01 3.667885432590956007e-01 3.986376684082661992e-01 -4.411912790655379002e-01 3.426409770159334345e-01 -3.792170757809664172e-01 -3.207671207013149672e-01 -3.692558167355796117e-01
2.151893663724194772e-01 1.805144811428258667e-01 3.483452697900060180e-01 4.064941252379208336e-01 3.071080488298832400e-01 3.583732247545209360e-01 -2.151893663724194772e-01 -1.808085886746417792e-01
-4.103969657613946165e-01 4.323939389604943839e-01 2.771472557286580596e-02 -2.338577143267395186e-02 2.769652108859082043e-02 -2.337041043235716167e-02 4.103969657613946165e-01 -4.364360551894118090e-01
-3.852063774706815380e-02 -2.902500503443649071e-01 1.521245948421390271e-01 4.197379807712737776e-01 1.389093755111142636e-01 3.832749125658337919e-01 3.852063774706815380e-02 2.914726574500858813e-01
5.736879132391692337e-02 -3.408537630577571642e-01 3.232032825856079317e-02 -5.537463989757995808e-02 3.225409869156854736e-02 -5.526116832657891609e-02 -5.736879132391692337e-02 3.428338045147738544e-01
2.270442627113282708e-01 -3.843381280949866863e-01 4.492799000431421108e-01 -3.187323378521575989e-01 3.935238080378103409e-01 -2.791773309340807030e-01 -2.270442627113282708e-01 3.871767687348188214e-01
3.917730007820797722e-01 3.792347630313270823e-01 -4.319069007578933972e-01 -3.060092023998026711e-01 -3.817277579115501140e-01 -2.704569121896429618e-01 -3.917730007820797722e-01 -3.819618213546742136e-01
3.623185468359023664e-01 8.863900029198656938e-02 -3.949053057510008014e-01 -9.014255009266125551e-02 -3.660178987361541458e-01 -8.354860340224935789e-02 -3.623185468359023664e-01 -8.867382155761374674e-02
-1.324381299521034672e-01 -3.309745938708387181e-01 -4.819036417985248510e-01 -2.785098211970422621e-01 -4.210734973674000736e-01 -2.433538456462580601e-01 1.324381299521034672e-01 3.327874109247480061e-01
2.324805346669966966e-02 -1.217548250765382312e-01 -2.972039588130047649e-01 6.531682622623824486e-03 -2.848824784721675218e-01 6.260892154863318890e-03 -2.324805346669966966e-02 1.218450711982938250e-01
-6.959756049193877026e-02 1.002128681312939307e-01 -4.162086470899154511e-01 -2.457118697226560178e-01 -3.747341055925942355e-01 -2.212270657464543433e-01 6.959756049193877026e-02 -1.002631881136657743e-01
4.944007896476794173e-01 -4.878288430567412348e-01 -2.781759694900038937e-01 -4.747681727121838557e-01 -2.437153897673537684e-01 -4.159536514739894941e-01 -4.944007896476794173e-01 4.936334448009981890e-01
-3.824681440379669173e-01 2.076143724186052530e-02 4.792863199891773673e-01 -1.792520839550539868e-01 4.266696362418972988e-01 -1.595735539842487727e-01 3.824681440379669173e-01 -2.076188468952861604e-02
4.425835996979303744e-01 5.917378210170221031e-02 -4.695734846629940895e-01 -3.303218844259301346e-01 -4.072312848458262136e-01 -2.864672086500096859e-01 -4.425835996979303744e-01 -5.918414205956096241e-02
2.583786538361414475e-01 4.873487570739681862e-01 -4.373111379763594542e-01 -1.157268247576815901e-01 -3.984400895851231139e-01 -1.054402744856344498e-01 -2.583786538361414475e-01 -4.931362382662414223e-01
3.379449074988039037e-01 -3.397695336798567389e-01 2.549011041375682796e-01 4.906516926063994033e-01 2.230733778124528721e-01 4.293874315273139564e-01 -3.379449074988039037e-01 3.417307401021043578e-01
7.019677041787963923e-02 4.805801327872823991e-01 1.915081078315352681e-01 8.815767049117173570e-02 1.873889314987720323e-01 8.626147406403028572e-02 -7.019677041787963923e-02 -4.861298064180648582e-01
-4.836714973162921094e-01 3.998667430000302225e-01 -3.658263619217123619e-01 -3.519613207222379581e-01 -3.262011470002109670e-01 -3.138379255015874558e-01 4.836714973162921094e-01 -4.030635458973583218e-01
-2.480590117539070993e-01 3.268616030486949375e-01 4.351605120778255786e-01 4.427794095611935488e-01 3.697081486063351075e-01 3.761810899804221009e-01 2.480590117539070993e-01 -3.286076733409112327e-01
3.073189587250106936e-01 2.137668684100163530e-01 2.202658525047580529e-01 3.996517033276688613e-01 2.003875953941161858e-01 3.635844726465911059e-01 -3.073189587250106936e-01 -2.142552858798844329e-01
2.653252538069652555e-01 3.806781230470795974e-01 2.935673680483519288e-01 2.890378914618652040e-01 2.714350636026354180e-01 2.672470682763388727e-01 -2.653252538069652555e-01 -3.834364374193705571e-01
4.589827218634735528e-01 -1.655262585038851375e-01 1.854671459131169708e-01 -3.824540592439364950e-01 1.706879558756182191e-01 -3.519777115633245801e-01 -4.589827218634735528e-01 1.657530207238010200e-01
3.391891222586523869e-01 4.217190668708332701e-01 -1.405468489783477937e-01 1.050430168104723450e-01 -1.384320185713800999e-01 1.034624181161207662e-01 -3.391891222586523869e-01 -4.254691398112711576e-01
-4.003850697787286750e-01 3.634706491935857375e-01 2.505366534324162675e-01 1.443971409505681036e-01 2.406760839714258415e-01 1.387139883307635657e-01 4.003850697787286750e-01 -3.658715711560924788e-01
-3.711394345336798128e-01 -8.107768291655492732e-03 -4.698072267312883854e-01 2.088828992608413593e-01 -4.178167846998736001e-01 1.857672176632356176e-01 3.711394345336798128e-01 8.107794940230480044e-03
4.037197397459334480e-01 4.918903291546293799e-01 3.007985990676309562e-01 3.400166977352779840e-01 2.738960338736167732e-01 3.096065781195943001e-01 -4.037197397459334480e-01 -4.978411223376801864e-01
4.413777047064986192e-01 -7.533699715940711528e-02 3.671145415936628575e-01 4.559617507082512899e-01 3.168226810417847927e-01 3.934985078084625165e-01 -4.413777047064986192e-01 7.535837653030366678e-02
2.044144019235327736e-01 3.671671591051991479e-01 3.882650405440435382e-01 -3.451592965984233707e-01 3.445451541175493237e-01 -3.062932549244501423e-01 -2.044144019235327736e-01 -3.696420809675569630e-01
3.489435553129182077e-01 -3.824743570963623496e-01 4.378643744440391394e-01 -4.866838867535326907e-01 3.663416974595032349e-01 -4.071868176666753047e-01 -3.489435553129182077e-01 3.852719014077783943e-01
-4.372870479766542973e-01 -2.885452042175864484e-01 -2.403997665023804853e-01 -4.075518197530272335e-01 -2.173015147524914037e-01 -3.683931522104461065e-01 4.372870479766542973e-01 2.897463938795810101e-01
-3.642457563518930463e-02 7.635547240764872789e-03 2.581937163538238211e-01 2.594502514576427776e-01 2.424617705179442084e-01 2.436417439514277361e-01 3.642457563518930463e-02 -7.635569498988924002e-03
-3.134879835229842371e-02 -4.235132309697146047e-01 2.589845547523419445e-01 -3.935046862289396374e-01 2.342894142978303729e-01 -3.559825509601981519e-01 3.134879835229842371e-02 4.273113708252135323e-01
-2.275631045340374969e-01 4.391609090873703769e-01 1.671688207038235507e-01 2.211981129309029681e-01 1.610915754969020619e-01 2.131566900990036484e-01 2.275631045340374969e-01 -4.433957883265834399e-01
-2.099223927895559338e-01 4.358320802167885422e-01 -2.312909712431506781e-01 -8.306604787119842292e-02 -2.246077542471525412e-01 -8.066583129577674371e-02 2.099223927895559338e-01 -4.399713867287726732e-01
3.061939890460857461e-01 -2.937909608192712518e-02 2.986892488839026916e-01 1.726271392574618702e-01 2.823589509719281465e-01 1.631890606446557979e-01 -3.061939890460857461e-01 2.938036398277713013e-02
4.689717046703517633e-01 -2.798961392190936204e-01 -5.712697537778754775e-02 2.319302776815359568e-01 -5.556386001254130097e-02 2.255841727405276387e-01 -4.689717046703517633e-01 2.809925182693107648e-01
2.774075618487531480e-01 -9.027379436925642153e-02 1.886834264786805271e-01 1.081715856767794248e-01 1.843731512644621595e-01 1.057005191219328455e-01 -2.774075618487531480e-01 9.031057804244660425e-02
-2.017176740439692306e-01 -3.521913233027276213e-01 3.268052703690756955e-01 -3.334579272711791775e-01 2.961189107542345766e-01 -3.021468965123826900e-01 2.017176740439692306e-01 3.543755914941761898e-01
-3.203963224403651999e-01 -3.004038578798856607e-01 2.574065558217258909e-01 -4.195514844625994888e-01 2.309455403322203393e-01 -3.764222087004905903e-01 3.203963224403651999e-01 3.017593173041110410e-01
3.490383084285108017e-01 4.185464511903499440e-01 -3.676943251469371177e-01 -5.139933798228280004e-02 -3.447038516647835116e-01 -4.818554044431509753e-02 -3.490383084285108017e-01 -4.222125232419543517e-01
-4.165775645579814501e-01 -1.232587330390132463e-01 4.884632846616732138e-02 1.615776482298338923e-01 4.816495868098776695e-02 1.593237607643627762e-01 4.165775645579814501e-01 1.233523647807957396e-01
4.767610881903371345e-01 1.964631446525005876e-01 -4.829395137409024930e-01 1.509140038575057519e-01 -4.309202973091068034e-01 1.346584935795370752e-01 -4.767610881903371345e-01 -1.968422965886007514e-01
-1.446311515280703786e-01 -3.246279304847561331e-01 -4.505002557389322648e-01 -1.183462533545678319e-01 -4.083734953423815428e-01 -1.072795687181299779e-01 1.446311515280703786e-01 3.263384485045401351e-01
-7.531453124849374348e-02 2.196201578422881662e-01 4.163403298365742078e-01 2.874151169944805240e-02 3.842234372577418289e-01 2.652436390555845680e-02 7.531453124849374348e-02 -2.201498049467251195e-01
1.169339968747569181e-01 -1.660351304031908448e-01 -8.136313642997350382e-02 -1.710462400810168759e-01 -7.994174673168205625e-02 -1.680581133414351114e-01 -1.169339968747569181e-01 1.662639904419317693e-01
