-4.692443664542148563e-01 -2.249864125259856129e-01 1.428528743614638774e-01 -3.029953280445796260e-02 1.413536414027999066e-01 -2.998154089554039628e-02 4.692443664542148563e-01 2.255558406023356055e-01
-1.822823386191206874e-01 1.326975047600752466e-01 -1.715885513251743655e-01 1.677992611939540524e-01 -1.668505897646853364e-01 1.631659308040449285e-01 1.822823386191206874e-01 -1.328143358084386549e-01
-1.679385335514428368e-01 3.848869551123312860e-01 4.542362784701258205e-01 5.491179785767053012e-02 4.130537300346824869e-01 4.993331445126528850e-02 1.679385335514428368e-01 -3.877377736884835557e-01
-8.302665935211406278e-02 -1.727676031510874122e-01 -4.440989359238821654e-01 2.768554453726893572e-01 -3.934745975792138251e-01 2.452957576424014408e-01 8.302665935211406278e-02 1.730254470911814502e-01
-9.385044829444233461e-02 3.118082457104649485e-01 -2.443603041451181124e-02 4.506689792195358590e-01 -2.227263449682909818e-02 4.107698870457607287e-01 9.385044829444233461e-02 -3.133240139115006651e-01
-6.149069070611123955e-02 -1.749664108563843135e-01 3.943932629706237147e-01 -1.388756032297312482e-01 3.638660326274131829e-01 -1.281262118813245310e-01 6.149069070611123955e-02 1.752342253358699919e-01
2.090279220637561997e-01 3.265084332476586582e-01 -1.167521617190730998e-01 -8.925883046571592150e-02 -1.155114058806463173e-01 -8.831025346807570842e-02 -2.090279220637561997e-01 -3.282488498328680615e-01
-3.667562502550014703e-01 -4.829619540363471186e-01 -2.877709713659786228e-01 -3.363709909684809984e-01 -2.631413483460783853e-01 -3.075818095473719094e-01 3.667562502550014703e-01 4.885945521354931875e-01
-1.363652935244087372e-01 -1.853476877409798718e-02 4.685419850547711818e-01 3.173552624666746702e-01 4.077754639335421372e-01 2.761965704502910013e-01 1.363652935244087372e-01 1.853508714364663842e-02
-1.578787663505876182e-02 2.562706040664312068e-01 3.495047730420353105e-01 -1.113202978052759695e-01 3.281270966793304322e-01 -1.045113226992481631e-01 1.578787663505876182e-02 -2.571121278255365517e-01
-3.760124355808884822e-01 -1.676598344410064056e-01 1.275684299641680619e-01 2.197972477573923999e-01 1.236383310798898072e-01 2.130257846420950396e-01 3.760124355808884822e-01 1.678954788300854872e-01
-4.840635663478536355e-01 -4.613273269658472175e-01 6.076588528089776897e-02 2.675423000546480745e-01 5.860042788170098660e-02 2.580081436678310358e-01 4.840635663478536355e-01 4.662363780046515638e-01
-4.909556164663374522e-01 5.949587074606421666e-02 4.695977907571616816e-01 -2.049879843593704898e-01 4.179295704644926390e-01 -1.824338656184091301e-01 4.909556164663374522e-01 -5.950640079717770675e-02
-2.000810803007676553e-01 3.807806714614138111e-01 -7.999613145367745481e-02 -3.946756827568280723e-01 -7.420522347663570384e-02 -3.661051691821263776e-01 2.000810803007676553e-01 -3.835412155675890222e-01
5.128970220670148183e-02 -3.666751359289253109e-01 2.090698999774585065e-01 -4.750581317741885412e-01 1.855640736175154237e-01 -4.216471244624377945e-01 -5.128970220670148183e-02 3.691401215444741202e-01
1.034730573112548901e-01 -4.150382632248517112e-02 -4.257321684698979203e-01 -2.381889104923913258e-01 -3.826302755075097761e-01 -2.140742353862822023e-01 -1.034730573112548901e-01 4.150740097980890053e-02
-4.983552422399295523e-01 2.286108597853029334e-01 -1.235084532295063209e-01 4.088606808301944451e-01 -1.135822698001436176e-01 3.760011800522746750e-01 4.983552422399295523e-01 -2.292082533986808945e-01
2.178100404080511865e-01 2.397166851528983456e-01 -5.025718197725947967e-02 -3.555990989843573757e-01 -4.729940542129149050e-02 -3.346710915450388235e-01 -2.178100404080511865e-01 -2.404054402011052416e-01
-2.803486977661047153e-01 1.465921040593796132e-01 7.179585171789470976e-02 2.674947327232769512e-01 6.919112095191747025e-02 2.577901085229972189e-01 2.803486977661047153e-01 -1.467496117411383472e-01
2.719700380241929505e-01 -1.715452411961297940e-01 -7.355250939214885708e-02 4.037459828571657861e-01 -6.804525660033096390e-02 3.735154549030409443e-01 -2.719700380241929505e-01 1.717976508893430954e-01
-7.470970470764914939e-02 2.742883578829460323e-01 3.229106307874117787e-01 -4.832213992836656979e-01 2.791842637654780024e-01 -4.177868355271054379e-01 7.470970470764914939e-02 -2.753201498150839588e-01
3.521794762396760481e-01 3.135188367775729734e-01 -2.623573112071286850e-02 2.987269871549024236e-01 -2.513012447719401368e-02 2.861382569198954173e-01 -3.521794762396760481e-01 -3.150596887611413210e-01
-4.395928318664400480e-01 7.459120900965265921e-02 -1.875063928952097614e-01 4.439710844645360366e-01 -1.689130962399064129e-01 3.999465264088584160e-01 4.395928318664400480e-01 -7.461195971882722544e-02
4.746847379175000992e-01 2.520339841129084490e-01 9.309516184036903397e-02 -5.119942005193567347e-02 9.257413548637766221e-02 -5.091287189380609007e-02 -4.746847379175000992e-01 -2.528344582756322789e-01
-4.339988774529387472e-01 -9.384788432413848636e-02 -1.284712771790073038e-01 3.983753626020825056e-02 -1.273246675468289735e-01 3.948198516893543925e-02 4.339988774529387472e-01 9.388921223610813271e-02
1.793625964913760917e-01 3.696625577579778499e-01 -3.226337858168603079e-01 -3.066681416359353651e-01 -2.947517820803108868e-01 -2.801658884719488984e-01 -1.793625964913760917e-01 -3.721882846992500271e-01
1.154001669174503641e-01 -1.814694937478464887e-01 -2.830454083645157493e-01 2.385418684063326245e-01 -2.654438386180737464e-01 2.237078127738405808e-01 -1.154001669174503641e-01 1.817682939502437700e-01
-4.922835271792862510e-01 -2.298285108156823409e-01 -4.328519558761886321e-01 3.376202409444722941e-01 -3.794395698058916633e-01 2.959591085187914805e-01 4.922835271792862510e-01 2.304355010633472589e-01
-4.169955503826654475e-01 -4.781727319050467218e-01 -1.462675478353558933e-02 3.244027222349633588e-01 -1.391163641455359611e-02 3.085423110192699325e-01 4.169955503826654475e-01 4.836394216160568305e-01
-1.406910701646796324e-01 4.701211592614090717e-01 2.193519653244638823e-01 -3.778103659691077754e-01 2.010073384559236120e-01 -3.462137026772245663e-01 1.406910701646796324e-01 -4.753163249085342601e-01
3.774521941883601794e-02 3.756174915270663606e-01 -1.937379071900310334e-01 2.608785914729303546e-01 -1.842540985656243024e-01 2.481081291941814038e-01 -3.774521941883601794e-02 -3.782672569486257297e-01
-3.590861263696920602e-02 9.096970293545070252e-02 1.034963090824639886e-01 4.660196479317808560e-01 9.339978444972849014e-02 4.205573614367818513e-01 3.590861263696920602e-02 -9.100734386448008917e-02
1.230186193345603751e-01 1.084555750798762430e-01 -1.868082025210258124e-01 2.068903640642527630e-02 -1.835935923336052267e-01 2.033301784673422277e-02 -1.230186193345603751e-01 -1.085193611210518855e-01
3.599326513042674369e-01 1.816772153532776324e-01 1.329731291287228334e-01 -9.751374751017127807e-02 1.312013584107087905e-01 -9.621444739161057191e-02 -3.599326513042674369e-01 -1.819770428081854130e-01
-2.510350788649361453e-01 6.105447968241572987e-02 1.713028174135743376e-01 -2.016428803773664402e-01 1.656043355370172276e-01 -1.949351197186900697e-01 2.510350788649361453e-01 -6.106585916741608111e-02
2.462634777320461543e-01 2.987935435699622388e-01 -3.265686733210398929e-01 -6.560160363694078622e-02 -3.098326164720262010e-01 -6.223963950030426268e-02 -2.462634777320461543e-01 -3.001273218195248949e-01
2.454382276225132165e-01 -4.443736224608374474e-02 4.055533045590206109e-01 4.267836060858573033e-01 3.494827790405727885e-01 3.677778457902715625e-01 -2.454382276225132165e-01 4.444174972274891194e-02
-1.221240229216439266e-01 -7.551139157041841798e-02 -1.952712916097470996e-01 4.592243317081990961e-01 -1.747246076454858077e-01 4.109041862606822026e-01 1.221240229216439266e-01 7.553291975585800511e-02
1.357293882924806017e-01 -1.974797809324523312e-01 -5.945016757208176905e-02 4.600311684766622555e-02 -5.928291123296338533e-02 4.587369226862451910e-02 -1.357293882924806017e-01 1.978648493628124005e-01
-2.245990713935880345e-01 3.808342197558789444e-01 6.219289516574100229e-02 -2.463738148461960265e-01 6.027733847144365470e-02 -2.387854398546394863e-01 2.245990713935880345e-01 -3.835959286524071588e-01
-2.252043091751003701e-01 1.974163239854369589e-01 -2.883693642281626168e-02 4.287117326588727462e-01 -2.649467610782965318e-02 3.938899172186748898e-01 2.252043091751003701e-01 -1.978010213284508434e-01
-4.276557459056550270e-01 -8.370907040146258193e-02 -4.847447999072374003e-01 -1.648733799101979036e-01 -4.314751845495050087e-01 -1.467551009060162892e-01 4.276557459056550270e-01 8.373839874680867601e-02
-4.501207454837303779e-01 -4.934712443003049787e-01 -5.512971106175579283e-02 4.429384189575605868e-01 -5.034238644538038820e-02 4.044747674024385398e-01 4.501207454837303779e-01 4.994795988960937239e-01
2.275225485779123202e-01 7.409994025755006763e-02 3.521324057880941272e-01 1.880648800421235167e-01 3.270361663116799766e-01 1.746616226620558987e-01 -2.275225485779123202e-01 -7.412028365939493657e-02
-8.022173046108571626e-02 -5.585850039589201899e-02 -4.007727124025243226e-01 4.583137362664583270e-01 -3.423195092529948691e-01 3.914681025614965004e-01 8.022173046108571626e-02 5.586721480252254679e-02
-4.691268654037582531e-01 3.174355512907705013e-01 -3.815559976221941652e-01 -3.304223243327309989e-01 -3.406255950341244287e-01 -2.949771502473905183e-01 4.691268654037582531e-01 -3.190348761824198243e-01
4.541745778954485724e-01 -3.214887032120858912e-01 -2.687501572226990154e-01 -4.666336465412564971e-01 -2.366237401300337606e-01 -4.108522199807009279e-01 -4.541745778954485724e-01 3.231500762377776947e-01
4.324124648437370766e-01 -4.382281778574039777e-01 3.758339023716642524e-01 -2.968130477221339047e-01 3.389677169394068046e-01 -2.676981520541621973e-01 -4.324124648437370766e-01 4.424361310616086729e-01
1.845690429035141689e-01 -2.469161710856740966e-01 1.261621854159851175e-01 -1.554811881501774184e-01 1.237067713119596457e-01 -1.524551570059340111e-01 -1.845690429035141689e-01 2.476688653482705116e-01
-4.926684914513941305e-01 -3.542754179619793664e-01 2.199018618057535512e-01 -1.724177713319444694e-01 2.117885425232384766e-01 -1.660563862244758548e-01 4.926684914513941305e-01 3.564986923325258461e-01
-1.699848147296657563e-01 -3.565896269106876293e-01 1.580796165788821428e-01 -3.649539214718581226e-01 1.468884824323125893e-01 -3.391172678861624212e-01 1.699848147296657563e-01 3.588567553293983692e-01
-4.388243349203617694e-01 2.512041508580659110e-01 2.181725845873593306e-01 -5.208214181067627457e-02 2.128830328469800137e-01 -5.081942044548552750e-02 4.388243349203617694e-01 -2.519967442338832964e-01
-1.107453350420204430e-01 3.493960234958795041e-01 -2.513195948132809221e-01 -1.468795993181304382e-02 -2.437152265714098154e-01 -1.424353515018653669e-02 1.107453350420204430e-01 -3.515286945679500508e-01
-2.845966309036817021e-01 2.000090282490396554e-01 -2.375009875170537299e-01 4.494865486275796407e-01 -2.117133875827144629e-01 4.006817861166757644e-01 2.845966309036817021e-01 -2.004090824209792121e-01
3.000022489542530924e-02 -4.184797158905813053e-01 -4.421825757631168141e-01 -3.498687907911760542e-01 -3.851721341257331455e-01 -3.047603324949184067e-01 -3.000022489542530924e-02 4.221440346069749161e-01
1.489059942021947469e-01 4.466613494727761369e-01 2.397903482691000621e-01 -2.411744051962040336e-01 2.270204030602618328e-01 -2.283307525539657046e-01 -1.489059942021947469e-01 -4.511169384969293539e-01
-1.016542482787912149e-01 -2.693941599591276326e-01 4.076863633596302661e-01 3.968921212622775752e-01 3.543449345905205772e-01 3.449630043772535237e-01 1.016542482787912149e-01 2.703716999523695375e-01
4.330317754527828189e-01 -2.496719730099522527e-01 2.805011358677882427e-01 3.163794707275814355e-01 2.583561617916511621e-01 2.914019776567990938e-01 -4.330317754527828189e-01 2.504501517902197327e-01
-3.511388383354091536e-01 -4.744268230958279542e-01 4.546012131472413342e-01 -5.773558070394002595e-02 4.132745712495342616e-01 -5.248698567272728349e-02 3.511388383354091536e-01 4.797660417884501705e-01
3.596270273081487723e-01 2.320840516697060263e-01 -2.501601089362224251e-01 9.755528686310233066e-02 -2.416022607892626961e-01 9.421797087592241604e-02 -3.596270273081487723e-01 -2.327090889151472164e-01
1.024398154538735950e-01 1.503062406947307528e-01 2.108871430932370838e-01 -3.168728949844752396e-01 1.970923528820722470e-01 -2.961452439489509203e-01 -1.024398154538735950e-01 -1.504760263686371613e-01
-4.532936083179283093e-01 -3.264004661229076287e-01 -2.401550417761827427e-01 3.848389835230092704e-01 -2.187048848367469656e-01 3.504659529510558147e-01 4.532936083179283093e-01 3.281391567590158931e-01
-2.378118639186412864e-01 -4.740559838578257690e-01 6.521978259663607780e-02 -2.245148522415170156e-01 6.350720483457845955e-02 -2.186194148773895896e-01 2.378118639186412864e-01 4.793826920150617288e-01
-2.522372399255664588e-01 -2.634121927245212103e-01 1.869417225912610725e-01 1.859635670812338493e-01 1.807631182954286819e-01 1.798172917687470285e-01 2.522372399255664588e-01 2.643260484244743247e-01
3.268058780332100399e-01 3.629567820608180506e-01 2.069289381953454132e-02 6.920281558558094570e-02 2.063912437671998334e-02 6.902299555327001679e-02 -3.268058780332100399e-01 -3.653475352948210020e-01
-6.493766790420296697e-02 -8.726260984591382996e-02 -2.305011320859086110e-01 2.355037829381037007e-01 -2.189208043741028564e-01 2.236721231145121502e-01 6.493766790420296697e-02 8.729583405088721382e-02
3.080203215558905416e-01 -4.935678928638579377e-01 2.353850679282976088e-02 3.914601488883026059e-01 2.191364199337460586e-02 3.644376269451590211e-01 -3.080203215558905416e-01 4.995797784409609088e-01
2.278934984274034736e-01 -4.905857859025176682e-01 -1.513932620576146082e-01 -4.338703454137963211e-01 -1.375641212275552916e-01 -3.942381053314703565e-01 -2.278934984274034736e-01 4.964893582130139316e-01
-1.346322979283643972e-01 -3.973859125548268034e-01 -3.304696839287687427e-01 -1.428621555556003342e-01 -3.109320395349943200e-01 -1.344160253103369451e-01 1.346322979283643972e-01 4.005235835701707048e-01
4.619281521227319720e-01 -7.994749629669950508e-02 -4.819417235126421950e-02 -1.199663740121069688e-01 -4.779637880858374904e-02 -1.189761744383289466e-01 -4.619281521227319720e-01 7.997304592621676256e-02
3.835357348871609728e-01 -3.158866758003265884e-01 -8.032850901730781423e-02 3.189030951112736822e-01 -7.630799937695695312e-02 3.029417261786529481e-01 -3.835357348871609728e-01 3.174627037937899909e-01
3.302552123193123190e-01 1.561416194029443538e-01 1.179425812022971698e-02 -1.620335014424890696e-01 1.164162442733051271e-02 -1.599365682190135585e-01 -3.302552123193123190e-01 -1.563319576398665700e-01
4.508608038638601823e-01 2.326367971554796910e-01 2.734097809392088685e-01 6.430147863547353015e-02 2.632242812095804130e-01 6.190601680888310060e-02 -4.508608038638601823e-01 -2.332663109256750411e-01
1.541817091089298097e-01 -1.277223576431240071e-01 -8.518608687450845984e-02 4.785396144066820234e-01 -7.661509007854844233e-02 4.303913586021653193e-01 -1.541817091089298097e-01 1.278265343882349914e-01
3.834876215692561985e-02 3.809406870394741462e-01 1.076808523218445446e-01 -4.491925506522724820e-01 9.775568349359980980e-02 -4.077895360449182993e-01 -3.834876215692561985e-02 -3.837047128012195385e-01
1.800725290316400606e-01 4.557972290313525576e-01 -4.565952403945601201e-01 -4.974061021395659310e-02 -4.149231583216870800e-01 -4.520093347663534794e-02 -1.800725290316400606e-01 -4.605318481356541205e-01
-3.319932247583169405e-01 3.842378204846296219e-01 -2.425645899734065747e-01 4.439006592421002040e-01 -2.164474134873704270e-01 3.961054230909176743e-01 3.319932247583169405e-01 -3.870742391516837633e-01
-1.211337587503780178e-02 3.955999190863447312e-01 -2.392121599189449555e-01 3.529100133501927861e-01 -2.200478610602700780e-01 3.246368981023988742e-01 1.211337587503780178e-02 -3.986954745277048184e-01
-1.934924888344375926e-01 4.609554552632346702e-01 -2.039637106045995019e-01 -3.837424931057898947e-01 -1.870628895931431279e-01 -3.519448602266558868e-01 1.934924888344375926e-01 -4.658526444466397076e-01
2.973854957853799830e-01 -3.757124562063500761e-01 2.065040875977151025e-01 1.883301181212589936e-01 1.988825492464085798e-01 1.813793345572868587e-01 -2.973854957853799830e-01 3.783642318996885412e-01
-3.607212846808446338e-01 -4.306471473367998737e-01 -1.850457816331763095e-01 4.945909495495977026e-01 -1.636316548297669371e-01 4.373552038006394138e-01 3.607212846808446338e-01 4.346404729943163514e-01
-2.801900261111156532e-01 2.035458504130363000e-01 -1.803288909047704447e-01 1.750208177541265897e-01 -1.748911676736990828e-01 1.697431566880175935e-01 2.801900261111156532e-01 -2.039675049362777159e-01
-2.275468337150512443e-01 -4.759983973342513108e-01 2.937260663700138608e-01 3.707220481039575910e-01 2.655236828836505247e-01 3.351268232855135754e-01 2.275468337150512443e-01 4.813908516655954761e-01
-3.157557157824480987e-01 -1.098910547701744678e-01 -2.502061817046630221e-01 -1.245617261993233749e-01 -2.409709747404488178e-01 -1.199641046959970397e-01 3.157557157824480987e-01 1.099574072303572264e-01
4.920331181331382142e-01 1.656155085568743468e-01 2.903606294937388643e-02 -7.025609750680461563e-02 2.895252496991224458e-02 -7.005396774696728834e-02 -4.920331181331382142e-01 -1.658426377781596628e-01
-3.416223504694596569e-01 -3.492484262500470393e-01 3.664783808124481013e-01 -2.707704441998559641e-02 3.439876565130383090e-01 -2.541533018859570489e-02 3.416223504694596569e-01 3.513783957164776650e-01
2.804967809466923923e-01 1.455411519214758753e-01 4.169015103644992948e-01 4.794102534975662744e-01 3.518887937103027941e-01 4.046497592395731924e-01 -2.804967809466923923e-01 -1.456952962066594137e-01
2.054193261138665960e-01 -1.638404984845396317e-01 4.021530576911647170e-02 -4.334312003511298084e-02 4.014519525915959119e-02 -4.326755656019548590e-02 -2.054193261138665960e-01 1.640604028172648055e-01
-2.493030421358486404e-01 -1.058371418187520341e-02 -4.688457017547620342e-01 -2.318539110651305357e-01 -4.154493632260107261e-01 -2.054483156248541886e-01 2.493030421358486404e-01 1.058377345861552174e-02
2.030988760965960482e-01 -2.174794663507026993e-01 4.274742460407388034e-02 -3.524450668923430063e-01 4.028395547593782711e-02 -3.321341932035830613e-01 -2.030988760965960482e-01 2.179937761277159214e-01
1.823524940331292532e-01 -1.824605748271221906e-01 -4.496161466287061925e-01 -7.660604103727997050e-02 -4.090762518460159813e-01 -6.969881391330751130e-02 -1.823524940331292532e-01 1.827642974352196859e-01
3.842863758298173948e-01 1.824648106773629763e-03 8.262185424649071130e-02 2.969491805624127068e-01 7.895631105181157017e-02 2.837749416409673930e-01 -3.842863758298173948e-01 -1.824648410517391243e-03
3.001108798624737561e-01 -3.520001208614121913e-01 1.801590190655228962e-01 4.854616709252755902e-01 1.599830852160891714e-01 4.310950196755723440e-01 -3.001108798624737561e-01 3.541808335076948033e-01
-4.274390720692835544e-01 5.550476899345935244e-02 4.367691783098470726e-01 2.691275991577680715e-01 3.886122123424297081e-01 2.394543317269348381e-01 4.274390720692835544e-01 -5.551331889085250881e-02
-1.940810842640839917e-01 -4.267976147881669124e-01 1.256539804893042067e-01 4.673061454521933999e-01 1.131070880093823089e-01 4.206443529696663464e-01 1.940810842640839917e-01 4.306848064572327273e-01
-4.336214413771105614e-01 -2.297940382088154987e-01 2.596106122413833761e-01 -4.168811738747231210e-01 2.330256511767565264e-01 -3.741912018417971053e-01 4.336214413771105614e-01 2.304007553650645468e-01
-2.358531467466263853e-01 9.138191441228626921e-03 -1.464031483026715375e-01 -2.185720447259114074e-01 -1.415857003298795214e-01 -2.113798533968221094e-01 2.358531467466263853e-01 -9.138229596167370128e-03
4.367561454984497660e-01 1.567326794458142603e-01 -3.072464763630911033e-02 -1.338171604863245268e-01 -3.043908301904077809e-02 -1.325734213661709515e-01 -4.367561454984497660e-01 -1.569251874000976710e-01
-7.950550348407803281e-02 1.589761432746107372e-01 1.115077800686784526e-01 2.683063495914589369e-01 1.070794060289727290e-01 2.576509417581469563e-01 7.950550348407803281e-02 -1.591770367699029409e-01
-4.799573512355684857e-01 -2.589812457933626799e-01 3.110613049647773520e-01 2.554190228481004743e-01 2.885647624758276852e-01 2.369466355460574103e-01 4.799573512355684857e-01 2.598497560493863712e-01
3.235954764435502451e-01 2.669652497680489178e-01 4.117942172249815513e-01 -5.418847057516085197e-02 3.802960417928590853e-01 -5.004358975561718631e-02 -3.235954764435502451e-01 -2.679165863700175287e-01
-6.189508241316032944e-02 2.848781737147793036e-01 -1.708170274748970208e-01 4.998492154619245120e-01 -1.510397248713285234e-01 4.419763597139834688e-01 6.189508241316032944e-02 -2.860341462981665916e-01
4.243500526441200682e-01 3.041776428955856870e-01 3.374538089379153227e-02 -2.388131794309455991e-01 3.280473339029645052e-02 -2.321562973604643088e-01 -4.243500526441200682e-01 -3.055848300917408666e-01
