-3.010524603211877093e-01 4.333483160830191583e-01 4.925319133165988461e-01 -3.260417928223211526e-01 4.240782092720487562e-01 -2.807274329025260529e-01 3.010524603211877093e-01 -4.374172566302453879e-01
3.261228438427398180e-01 -9.820211700090331064e-02 4.362618569590350770e-01 2.032109849320618000e-01 3.931054218351240914e-01 1.831086964835209885e-01 -3.261228438427398180e-01 9.824946837158149426e-02
-3.469331857473408887e-01 -4.095533815887946183e-01 1.664775490939761626e-01 -1.945820900659291919e-01 1.612735930790496208e-01 -1.884996084129589022e-01 3.469331857473408887e-01 4.129881823683840825e-01
3.780966427248583228e-01 -2.736398619811599708e-01 -1.506270935791609311e-02 4.383426142167220485e-01 -1.379422703575105061e-02 4.014282820090634418e-01 -3.780966427248583228e-01 2.746643528511841792e-01
1.910839497831097189e-01 -3.348874219913475780e-01 -2.625929188789107860e-01 2.006624453094808525e-01 -2.493297348594875340e-01 1.905272788728171185e-01 -1.910839497831097189e-01 3.367652962680819373e-01
1.312270773224510911e-02 3.135826471117176828e-01 -4.153785454314347092e-01 4.689881107806261884e-01 -3.520044435995521304e-01 3.974348237429360942e-01 -1.312270773224510911e-02 -3.151244401133166395e-01
-2.088455702196507779e-01 2.897852253505495135e-02 -6.194868740071091118e-02 3.305064675822285691e-01 -5.871789089033634806e-02 3.132696351823118230e-01 2.088455702196507779e-01 -2.897973927767882873e-02
3.539337505004863660e-01 1.332761291499520162e-01 2.360477761463672941e-01 -4.054057598419998909e-01 2.137012757845951905e-01 -3.670262414797669792e-01 -3.539337505004863660e-01 -1.333944951894185382e-01
2.448640769500677328e-01 3.850801550976390430e-01 3.661323378550537244e-01 -3.037297639035329011e-01 3.306274440060810171e-01 -2.742762250838134408e-01 -2.448640769500677328e-01 -3.879352688671013905e-01
-4.399497944491803647e-01 2.703179123849690502e-01 2.794033125540970053e-01 3.314398086169092483e-01 2.563528896454863037e-01 3.040964400378786681e-01 4.399497944491803647e-01 -2.713055428517707757e-01
-2.045129985874716283e-02 6.627112827727454913e-02 -4.312203235495899456e-01 4.649642352641744081e-01 -3.641691163287282818e-01 3.926661278086653328e-01 2.045129985874716283e-02 -6.628568096124183573e-02
-6.388174466116569583e-02 3.047728967088161323e-01 3.852568677946026643e-01 2.316101282371348935e-01 3.513874234906458893e-01 2.112483722392063112e-01 6.388174466116569583e-02 -3.061883613752787725e-01
-2.468208536900601269e-01 3.964175130705005490e-01 2.081303386638380104e-01 3.242536596595305687e-01 1.942127352711006116e-01 3.025709301605222223e-01 2.468208536900601269e-01 -3.995323011380286227e-01
-3.854728877737364501e-01 -3.880166345047090237e-01 -1.419821116060564492e-01 -1.646287399918635597e-01 -1.387413937981373246e-01 -1.608711167014929277e-01 3.854728877737364501e-01 3.909375637545451365e-01
1.261436691264233856e-01 -5.122638488640796073e-02 3.482045983316658377e-01 2.146019424816038024e-01 3.222872896512810614e-01 1.986288484634479157e-01 -1.261436691264233856e-01 5.123310615311489624e-02
4.177741225129434355e-01 -4.752612165843804748e-01 -3.695954391637114034e-01 -1.957325741264879237e-01 -3.409760914385797648e-01 -1.805761679415626153e-01 -4.177741225129434355e-01 4.806286557457292163e-01
4.758615591924353350e-02 2.017468562749868966e-02 -2.803859814683350438e-01 1.841041985442427587e-01 -2.658301319481787828e-01 1.745466843061723172e-01 -4.758615591924353350e-02 -2.017509620044807134e-02
3.586490154684265352e-01 1.570410383868319215e-01 3.711031906585174900e-01 -4.937233373094372935e-01 3.157347173171478616e-01 -4.200599786319734741e-01 -3.586490154684265352e-01 -1.572346848097766481e-01
3.035683477432196131e-01 2.041864241408337666e-01 -2.083371095817888596e-01 2.516318919626816530e-01 -1.980373811478269575e-01 2.391917647201454722e-01 -3.035683477432196131e-01 -2.046120721386856522e-01
-2.259324106365284690e-01 -2.513257067926821797e-02 -3.166065373586204323e-01 4.161501925121091627e-01 -2.805652815740475869e-01 3.687772745102952943e-01 2.259324106365284690e-01 2.513336442379209001e-02
3.192869956700686851e-01 -3.015825704672042695e-01 3.731108344033445823e-01 1.901459700511332063e-02 3.495157390557139809e-01 1.781213599898929731e-02 -3.192869956700686851e-01 3.029540480705090189e-01
2.848667182769468731e-01 -2.469472652045751060e-01 -4.555057055255372633e-01 -3.815694635333490847e-01 -3.915903410264265916e-01 -3.280286383633845837e-01 -2.848667182769468731e-01 2.477002438630321879e-01
2.839642869589877883e-01 3.250611243975731757e-02 3.206113642862754576e-01 -3.188939497352860641e-02 3.051631079165636473e-01 -3.035284448311556874e-02 -2.839642869589877883e-01 -3.250782981462914389e-02
1.033178454884497999e-02 -1.569446642835319317e-01 9.964485475803697145e-02 4.889070378343886025e-01 8.916219567658226208e-02 4.374739175535001245e-01 -1.033178454884497999e-02 1.571379544101232650e-01
3.807920606135405395e-01 8.926528947792677915e-02 4.140353443052483540e-01 7.701066055163563462e-02 3.815781803940160311e-01 7.097362128236514578e-02 -3.807920606135405395e-01 -8.930085407210658355e-02
-4.191575962091943497e-01 -3.431613110896247765e-01 1.140546880271846586e-01 -1.115655672147566335e-01 1.126301762735745088e-01 -1.101721438970081762e-01 4.191575962091943497e-01 3.451818394918863553e-01
2.810606172902820887e-01 4.846218462188032206e-01 4.623748927675584985e-01 -4.444301866833110237e-01 3.892093181464056917e-01 -3.741041579644088233e-01 -2.810606172902820887e-01 -4.903127201858926698e-01
1.055775643937567621e-01 -3.602197190128041404e-01 3.575420733763672310e-01 6.983765159285026947e-02 3.359441560779144464e-01 6.561899332649073768e-02 -1.055775643937567621e-01 3.625567929578714099e-01
-2.040382931203212902e-01 2.882118923792202914e-01 2.947122116581751827e-01 -3.128763617990216739e-01 2.707605203709270159e-01 -2.874484435369191737e-01 2.040382931203212902e-01 -2.894089241995312922e-01
6.927139970128848301e-02 -3.629045917596055437e-01 -2.628013714833488113e-02 1.235327728636528288e-01 -2.607301461480968086e-02 1.225591698438324301e-01 -6.927139970128848301e-02 3.652943138279416413e-01
4.788191457576426169e-01 -3.135900741748756104e-01 -4.815743030284698190e-01 -3.012229652931225354e-01 -4.187366622768519120e-01 -2.619182508177172464e-01 -4.788191457576426169e-01 3.151319767290788332e-01
-4.660974868674382376e-01 4.509566175992185677e-03 3.169347786156945235e-01 -2.372263195001508285e-01 2.946829638216728608e-01 -2.205707913538201836e-01 4.660974868674382376e-01 -4.509570761361259700e-03
1.346662740828841187e-02 -2.042362977598407570e-01 -4.420590328206365216e-01 4.317185760349203649e-01 -3.760608540247579179e-01 3.672641985531338027e-01 -1.346662740828841187e-02 2.046622577342374072e-01
-4.173797087045072463e-01 4.875759548452343051e-01 -1.464692685060509092e-02 7.021061492873426069e-02 -1.460939921547249436e-02 7.003072474655779034e-02 4.173797087045072463e-01 -4.933715340324276166e-01
1.120864628546536235e-02 -1.693948194172290034e-02 4.776511316187905809e-01 4.233657341556503750e-01 4.026277572401019689e-01 3.568688206760923243e-01 -1.120864628546536235e-02 1.693972497759320059e-02
-3.793203585780218212e-01 -3.420309810782011795e-01 4.730523995670246062e-01 -4.374031886001006342e-02 4.272859489786505205e-01 -3.950856959997328666e-02 3.793203585780218212e-01 3.440316090780664027e-01
1.678927782044192796e-02 -4.441808504633836252e-01 -9.886715588805317090e-02 -7.465197665590994625e-02 -9.811709035774462961e-02 -7.408562199590133790e-02 -1.678927782044192796e-02 4.485626196625007167e-01
1.141962337146903428e-01 2.379784022664586107e-01 -4.627260752939523769e-01 1.539807660395074995e-01 -4.159051146933938625e-01 1.384002146832873925e-01 -1.141962337146903428e-01 -2.386522823758079892e-01
1.379207007555680597e-01 -1.421736406446365564e-01 1.487929773201981387e-01 6.217567123140121943e-02 1.468952188714295060e-01 6.138266065044260117e-02 -1.379207007555680597e-01 1.423173308806099657e-01
4.778992634020049479e-01 3.143535288722657528e-01 -2.848669388831371885e-01 4.093077469603992879e-01 -2.549271685347995753e-01 3.662891362580281140e-01 -4.778992634020049479e-01 -3.159067204410619389e-01
8.602198005317585050e-02 -2.347848294389689450e-01 8.102706762131339779e-02 3.942042659080269296e-02 8.070011347987769701e-02 3.926136034159247862e-02 -8.602198005317585050e-02 2.354319424013534556e-01
-1.573568744354734150e-01 1.678914318545452478e-01 6.088587770711750835e-02 3.374754053226769468e-01 5.759357112101406995e-02 3.192269618176588608e-01 1.573568744354734150e-01 -1.681280541174141330e-01
-1.954266446533798884e-01 7.463291169247898704e-02 -1.913125794978883798e-01 3.696358174378071570e-01 -1.766248217329456915e-01 3.412575405779051385e-01 1.954266446533798884e-01 -7.465369722522673113e-02
2.363827038385634127e-01 -2.607250797670918052e-01 -3.048536927804286201e-01 -2.432422049678401033e-01 -2.840180179097251401e-01 -2.266174580234320557e-01 -2.363827038385634127e-01 2.616112525988764093e-01
-3.567474890948180155e-01 2.499944596234430216e-01 3.606865145791533500e-01 -2.260278636895757254e-01 3.318724837280533912e-01 -2.079712589253008004e-01 3.567474890948180155e-01 -2.507756576835638573e-01
5.912530396048210068e-02 -2.024601751954068218e-01 3.097751876145690142e-01 -2.376341065817381137e-01 2.885620610721893464e-01 -2.213611364561390016e-01 -5.912530396048210068e-02 2.028751185649448618e-01
-4.951369117545678655e-03 -3.033582366602456393e-01 -1.373281041042480055e-01 1.710861414183164619e-01 -1.341380402768639069e-01 1.671118951075177272e-01 4.951369117545678655e-03 3.047540822477332045e-01
-3.931204156064308508e-01 4.469314207950003670e-01 -4.877893173337508603e-01 4.490436766686265457e-01 -4.065505825042615151e-01 3.742578236795959246e-01 3.931204156064308508e-01 -4.513950968489718329e-01
-4.693151596270537240e-01 3.115981436332995180e-01 2.052836806351199250e-02 2.466899673534306281e-02 2.051780438758948541e-02 2.465630233674112257e-02 4.693151596270537240e-01 -3.131108498417943808e-01
1.741336150663452820e-01 -4.448940792183115889e-01 -2.420308919465871123e-01 -5.146293884553532205e-02 -2.349452000198552215e-01 -4.995631079747532566e-02 -1.741336150663452820e-01 4.492969899727154992e-01
1.219226338577661384e-02 3.595353388911559644e-02 4.436051798229766474e-01 4.061928319377683394e-04 4.054977130807366215e-01 3.712992361502218922e-04 -1.219226338577661384e-02 -3.595585766775775960e-02
4.028317603316273754e-01 -2.491544191654809781e-01 4.362711901808135062e-01 2.496364378389963612e-01 3.897997056518460735e-01 2.230452346607773306e-01 -4.028317603316273754e-01 2.499277686276880905e-01
-3.258000568585536216e-01 2.154183825624772508e-01 -1.601959418814939973e-01 4.483645453381828183e-01 -1.446383561455983624e-01 4.048211835456925201e-01 3.258000568585536216e-01 -2.159182079213995686e-01
1.262871483113925386e-01 4.855858566528505893e-01 -2.086460646563905730e-01 -6.176498499462479419e-02 -2.038753288053576918e-01 -6.035271571105295385e-02 -1.262871483113925386e-01 -4.913107591024180043e-01
2.149879558453261508e-01 -3.881558673642371282e-03 -9.557894334455474539e-02 3.270241860847955540e-02 -9.509496322572857929e-02 3.253682438981385372e-02 -2.149879558453261508e-01 3.881561597717119675e-03
-1.223580814259197513e-01 -3.854255619143915901e-01 4.324047109272348699e-01 -2.824428674216793445e-01 3.841893627898042007e-01 -2.509490357460986698e-01 1.223580814259197513e-01 3.882883654641541837e-01
-5.926294258619890787e-02 1.819923645474909035e-01 -1.491203195996090303e-01 4.234219334387135936e-01 -1.360413023484146611e-01 3.862845212681355056e-01 5.926294258619890787e-02 -1.822937550115731331e-01
-4.180854576981514192e-01 -2.264009570064917654e-02 1.049292778513715163e-01 -3.295508439976850834e-01 9.916594179591131653e-02 -3.114499640506268041e-01 4.180854576981514192e-01 2.264067593679439452e-02
-1.817271945210487960e-01 -2.771364002639398194e-01 3.482812387532350229e-01 -1.532871458321728442e-01 3.255111599677625311e-01 -1.432654736918834160e-01 1.817271945210487960e-01 2.782006675654835615e-01
-2.252048684072313067e-01 -4.750605545596490176e-01 -8.941339929546676668e-02 -3.087318669419856221e-01 -8.512434925474321457e-02 -2.939223815973509568e-01 2.252048684072313067e-01 4.804211979643016606e-01
1.147017129801696234e-01 7.555620442719390706e-02 1.566950512254239314e-01 -1.973155026662392064e-01 1.519459888013345861e-01 -1.913353288695922028e-01 -1.147017129801696234e-01 -7.557777096362067182e-02
4.102306366597630038e-01 -9.057537888151112604e-03 3.849029635338051536e-01 1.366624500674967768e-01 3.563264289626663639e-01 1.265161545101040341e-01 -4.102306366597630038e-01 9.057575041715299619e-03
3.379145089661961254e-01 4.901201285264502605e-01 4.739454122993147500e-02 5.517329672989790268e-02 4.726966996509022328e-02 5.502793063563189702e-02 -3.379145089661961254e-01 -4.960069060160854915e-01
1.788353968929813353e-01 -1.128577221360957950e-01 -9.377939631997711523e-02 -3.176139691718685709e-01 -8.902456953251471072e-02 -3.015102249812168234e-01 -1.788353968929813353e-01 1.129295948171638447e-01
4.633575057214909254e-01 -1.495051385217704976e-01 -3.005965850410685647e-01 4.999898060044072334e-01 -2.596421751623116947e-01 4.318693133929991101e-01 -4.633575057214909254e-01 1.496722238681995609e-01
4.149274257682685763e-01 -3.235423125251882803e-01 -5.202445071480377159e-02 8.977756523559388135e-02 -5.174663004439436498e-02 8.929813560166639796e-02 -4.149274257682685763e-01 3.252357269709634235e-01
-3.159651779068487487e-01 2.170386259969243614e-01 -1.671449519990089172e-01 -3.998088146345177840e-01 -1.533643554668318032e-01 -3.668457852483898440e-01 3.159651779068487487e-01 -2.175498145244261772e-01
9.783664796297364408e-02 -3.044061837492433309e-01 1.963834542660223281e-01 -1.899196241239921035e-01 1.894411045933911131e-01 -1.832057772508364490e-01 -9.783664796297364408e-02 3.058165451575264315e-01
3.043829147090844067e-01 3.089628600489586763e-01 -2.650388219529166145e-01 -2.189410209369047067e-01 -2.506417921797252091e-01 -2.070480447541117597e-01 -3.043829147090844067e-01 -3.104375096389404010e-01
2.426745772994340911e-01 4.413954336215508700e-02 1.519967456236424042e-01 -4.682997935474847440e-01 1.363647815164778510e-01 -4.201379363044821513e-01 -2.426745772994340911e-01 -4.414384321420082580e-02
1.313824255439088873e-02 4.669893878549964406e-01 2.959634630696436064e-01 -4.627185792813043319e-01 2.594072869928925051e-01 -4.055655047674711078e-01 -1.313824255439088873e-02 -4.720814188540715106e-01
6.550701988816753918e-02 4.246826037822881705e-01 2.435382696674791569e-01 4.216207547768913155e-01 2.189622311447433356e-01 3.790739799906143181e-01 -6.550701988816753918e-02 -4.285122919991136703e-01
2.714688088496652885e-02 -1.516700801481740690e-01 2.587734480095167378e-01 -2.431733859749047877e-01 2.438550833272602469e-01 -2.291543694146766508e-01 -2.714688088496652885e-02 1.518445296578541104e-01
1.364911430675446180e-01 9.427556710353401925e-02 -8.525864444828690214e-02 2.714293498978753716e-01 -8.200437841312910314e-02 2.610690712418690662e-01 -1.364911430675446180e-01 -9.431746261193425795e-02
-2.712176667980347178e-01 1.646796550735620812e-01 -4.148554565557871499e-02 3.060396190739497202e-01 -3.963822017289600486e-02 2.924118656458158383e-01 2.712176667980347178e-01 -1.649029556531916296e-01
3.485091818947145814e-01 3.057173684799351365e-01 -2.321483054472402996e-01 -3.071008036511176931e-01 -2.166486760885578122e-01 -2.865968907615720207e-01 -3.485091818947145814e-01 -3.071460332725728382e-01
-4.624423240583223071e-01 -3.885648271686397148e-01 2.232943243389231558e-01 -4.560618686496175078e-01 1.990961109641311566e-01 -4.066388372207523361e-01 4.624423240583223071e-01 3.914981540463712273e-01
2.738302962105958471e-01 2.229163139452543518e-01 1.658256977533068000e-02 1.934043722425823342e-01 1.627871281398184794e-02 1.898604544024997121e-01 -2.738302962105958471e-01 -2.234701682859148442e-01
3.784661784266630802e-01 4.426874804292174614e-01 -3.334269849650760564e-01 2.491782709821654951e-01 -3.078243635802362932e-01 2.300447958378138702e-01 -3.784661784266630802e-01 -4.470252025197749557e-01
-2.072020237104909013e-01 -3.451863885018331413e-01 -2.541360624816578762e-01 -3.763706619362092720e-01 -2.313925815720052070e-01 -3.426880004472782071e-01 2.072020237104909013e-01 3.472428992837013895e-01
2.563823578955984894e-01 -1.181107735496346178e-01 -2.123141348423245311e-01 -2.150472161595112786e-01 -2.032367935304313922e-01 -2.058530238806879908e-01 -2.563823578955984894e-01 1.181931567285311457e-01
-3.166614494404991209e-01 1.261243048191758032e-01 2.706168427008872612e-01 -3.948515520643737231e-01 2.440922161997889639e-01 -3.561500069670399116e-01 3.166614494404991209e-01 -1.262246199308051375e-01
-1.784344172880927282e-01 3.524458513130412918e-01 1.874838609580887772e-01 3.896433808483840133e-01 1.720852399552337819e-01 3.576407822391275970e-01 1.784344172880927282e-01 -3.546348586273995185e-01
9.825567127910916909e-02 2.961801494650353472e-01 -1.137210892119177030e-01 2.220265418019423675e-01 -1.103397721082136629e-01 2.154249330020814313e-01 -9.825567127910916909e-02 -2.974792353026070035e-01
3.402473160883905390e-01 -4.895506802709123084e-01 -2.253733342239906401e-01 2.272380511145402071e-01 -2.146480585765199178e-01 2.164240355869745391e-01 -3.402473160883905390e-01 4.954169628551177151e-01
-3.860396912453077922e-01 4.334737092152958216e-01 3.287057473069219249e-01 1.790951821322874782e-01 3.078445925631000391e-01 1.677289911272787370e-01 3.860396912453077922e-01 -4.375461829354781451e-01
-2.486258657929406590e-01 2.310276403556994484e-01 4.461730649557765771e-01 2.276087652040740261e-01 3.989295362126012434e-01 2.035081592157158281e-01 2.486258657929406590e-01 -2.316441811697257935e-01
-2.812306508204632793e-01 -1.920525517061899556e-01 3.930998681720213606e-01 -3.330754189310591862e-01 3.494439536782741884e-01 -2.960855515051553644e-01 2.812306508204632793e-01 1.924067367756482072e-01
-4.960517336720855486e-01 3.111376397521620207e-01 2.053682579186311141e-01 1.896760468575566794e-01 1.977848837056230269e-01 1.826721190980155063e-01 4.960517336720855486e-01 -3.126436490842330329e-01
2.891887879251763271e-01 4.700751226923759463e-01 -6.962482280717385841e-03 1.640951053597340392e-01 -6.870431649822461226e-03 1.619256121580111285e-01 -2.891887879251763271e-01 -4.752687622806700540e-01
4.526439367706238670e-01 -1.558789662696968836e-01 1.908727281613395999e-01 2.872864315329789475e-01 1.804410961062435093e-01 2.715855696181200818e-01 -4.526439367706238670e-01 1.560683455908695727e-01
-1.462154452290106432e-01 -3.271562116135023901e-01 8.136221744261540323e-03 -4.827325395227264337e-01 7.326965942761433544e-03 -4.347183481129147098e-01 1.462154452290106432e-01 3.289070074933574395e-01
3.006940028849979241e-01 -2.594585924263402843e-01 1.875651199107386535e-02 3.531893781708075331e-01 1.768306607794447108e-02 3.329761479743513775e-01 -3.006940028849979241e-01 2.603319139773727087e-01
-2.952383859698037849e-01 3.426055292261412921e-01 1.132598583687154381e-01 -1.886068063601845646e-01 1.106145969401232665e-01 -1.842017654461270693e-01 2.952383859698037849e-01 -3.446162562152511044e-01
8.934771168060740010e-02 -1.885581845387444000e-01 -1.375093164024361325e-01 4.199661944212296216e-01 -1.257758384262522566e-01 3.841310654139563630e-01 -8.934771168060740010e-02 1.888933862048640944e-01
5.059117556461156795e-03 4.008256383327531980e-01 2.943761574061882769e-01 2.604593963908357068e-01 2.739720989061646961e-01 2.424062061879808661e-01 -5.059117556461156795e-03 -4.040454945815996624e-01
-4.330246467982779013e-02 -5.685368276672486676e-02 -2.331042561345172404e-01 -1.444758116771669432e-01 -2.248036628557478489e-01 -1.393311825260792614e-01 4.330246467982779013e-02 5.686287129190926992e-02
4.639005228382828694e-01 5.907635036228220393e-02 -4.882784202890466663e-02 -3.489953645057320974e-01 -4.605207806382860536e-02 -3.291556845911428608e-01 -4.639005228382828694e-01 -5.908665923023611460e-02
-3.532311857212732109e-01 4.948297662211690318e-01 -1.036302376374353962e-02 -3.757536308566158390e-01 -9.700339427353953103e-03 -3.517253114020782445e-01 3.532311857212732109e-01 -5.008878803929044388e-01
2.683322153707579094e-02 -6.911889861420128511e-02 -1.597467241491441481e-01 -3.159786070160951477e-01 -1.505864638788161070e-01 -2.978596359039188957e-01 -2.683322153707579094e-02 6.913540912204736710e-02
3.655526182272831326e-01 2.022145104886963196e-03 4.967793452074263927e-01 2.635586190387574357e-01 4.330059521039749670e-01 2.297246289988869039e-01 -3.655526182272831326e-01 -2.022145518321690622e-03
3.078665332650922792e-01 1.805099195535820877e-01 -2.180870459939262540e-01 2.989143764425261640e-02 -2.129878735480218443e-01 2.919253508216147763e-02 -3.078665332650922792e-01 -1.808040047897265801e-01
2.885538744752402796e-01 -4.305663502798782183e-01 -4.614474771940865194e-01 -2.995135170217173570e-01 -4.043055634232989304e-01 -2.624241917816927949e-01 -2.885538744752402796e-01 4.345574287025187887e-01
3.109342250751058190e-01 3.160447201070553103e-01 1.611417510563221134e-01 4.242272640150531737e-01 1.467391672959431070e-01 3.863105313038784350e-01 -3.109342250751058190e-01 -3.176231148375059932e-01
5.757818866264419189e-02 -3.323036925652772533e-01 4.819522897797295924e-01 3.613834050276759635e-01 4.128344016603709976e-01 3.095565784172832902e-01 -5.757818866264419189e-02 3.341384366910878367e-01
-4.420501939899452726e-01 -2.492229844343432088e-01 1.079466245269822267e-01 -3.158605885405885161e-01 1.023929104006078838e-01 -2.996099700499260110e-01 4.420501939899452726e-01 2.499969725307034929e-01
4.240851622800423382e-02 -4.707654281204024516e-01 3.119001836741319700e-01 4.505754201392806468e-01 2.735230057509930313e-01 3.951352057002137097e-01 -4.240851622800423382e-02 4.759819819081490544e-01
-3.021470655950553308e-02 4.044792542687088988e-01 -4.576235252927137731e-01 -2.674130590031138510e-01 -4.043391626484538204e-01 -2.362762541314267217e-01 3.021470655950553308e-02 -4.077879646878110331e-01
1.157368760335693025e-01 4.970471450204329011e-01 2.310437961893504477e-01 -8.060434434626950750e-02 2.244224567276604798e-01 -7.829435492086116166e-02 -1.157368760335693025e-01 -5.031870656227896976e-01
-1.547632101381425374e-01 -4.966677227080908974e-01 3.491681513249605961e-01 5.905297606228054885e-02 3.291395549700530387e-01 5.566564472458736257e-02 1.547632101381425374e-01 5.027935932649482131e-01
2.158308727513141845e-01 4.980776646486922976e-01 5.504922069758388936e-02 -4.427009679873942227e-01 5.027347970022802426e-02 -4.042948809330261795e-01 -2.158308727513141845e-01 -5.042558538708211691e-01
3.126209616521135048e-01 1.104284489824332027e-01 -3.643591934916772246e-01 6.550609813070173981e-02 -3.416962437736661973e-01 6.143165336664200421e-02 -3.126209616521135048e-01 -1.104957796501495615e-01
3.531554131904021121e-01 1.208359585628048238e-01 1.823571469673899159e-01 -4.505768273206562924e-01 1.640081727967233616e-01 -4.052392976219378884e-01 -3.531554131904021121e-01 -1.209241768413909235e-01
3.953854335225193140e-02 -2.507843911546632221e-01 -2.143621406798731366e-01 3.123342963358758384e-01 -2.004607134491868115e-01 2.920793554289133898e-01 -3.953854335225193140e-02 2.515730179184744175e-01
2.446032407755606153e-01 4.773905492356049773e-01 -4.958715432023406144e-01 -5.095699004427833856e-02 -4.437899738305254305e-01 -4.560495876046852248e-02 -2.446032407755606153e-01 -4.828304559935665541e-01
-4.851399753667718917e-01 -4.753042620862883982e-01 1.873893700525356421e-01 7.225121481130480916e-02 1.837208065958748082e-01 7.083673667798383311e-02 4.851399753667718917e-01 4.806731598036780295e-01
1.233415327354925317e-02 -4.702939460166016827e-01 -2.455506970702281411e-02 -3.753429996882086117e-01 -2.298296238323400964e-02 -3.513121382089627320e-01 -1.233415327354925317e-02 4.754948420106320794e-01
-4.065396254413496946e-01 -4.264961193932396144e-01 2.598078427099402843e-01 2.523803709821046404e-01 2.442774247043602576e-01 2.372939416546751001e-01 4.065396254413496946e-01 4.303750789917878405e-01
4.104021236063346567e-01 4.470303629320977468e-01 4.690195488861419459e-01 2.846288955696303358e-01 4.112003482656662046e-01 2.495407734339792905e-01 -4.104021236063346567e-01 -4.514970041619779662e-01
1.734669252847205190e-01 4.909367486495765931e-01 -3.609944670065619032e-01 -6.462127513297999393e-03 -3.395411322142563026e-01 -6.078093413930955174e-03 -1.734669252847205190e-01 -4.968530001893962100e-01
-4.116601858259897329e-01 3.414979711751959801e-01 2.091867671879616974e-01 1.954596350300890073e-01 2.011073247055513158e-01 1.879103770149318786e-01 4.116601858259897329e-01 -3.434892606032398099e-01
2.145757833976905671e-01 1.900263853157123650e-01 -9.686291885277586999e-02 4.202396671021099150e-01 -8.894431053108965701e-02 3.858847935918941485e-01 -2.145757833976905671e-01 -1.903694782120391449e-01
2.217553174317995479e-01 1.396291484955626272e-01 1.575486409921483810e-01 -2.129188648394458871e-01 1.522969172031400920e-01 -2.058214309259303598e-01 -2.217553174317995479e-01 -1.397652610777370130e-01
4.309158358477515050e-01 -3.101079525224392786e-02 4.834791816066387193e-01 4.807243048269062013e-01 3.994675450393636584e-01 3.971913687199847831e-01 -4.309158358477515050e-01 3.101228635892150018e-02
2.713206432667459866e-01 -4.830901886452922955e-01 1.079573100952709863e-01 -4.041308786886255167e-02 1.072471118583032124e-01 -4.014722996883186845e-02 -2.713206432667459866e-01 4.887272745874673974e-01
-2.741872733365652293e-01 -2.203204538185632444e-02 4.712860082615137891e-01 -9.754465621123364905e-03 4.262971239991297789e-01 -8.823305949125184733e-03 2.741872733365652293e-01 2.203258011174148365e-02
2.186028103822502677e-01 3.138582852339900642e-01 4.334488090248161951e-01 -4.801763286128267749e-01 3.639412064376013611e-01 -4.031755277660135639e-01 -2.186028103822502677e-01 -3.154041475034001785e-01
-2.331502928333806235e-02 3.400464200610346932e-01 -2.257915751282860706e-01 1.956566648364119754e-01 -2.163422212324953298e-01 1.874684537968329401e-01 2.331502928333806235e-02 -3.420124250947939593e-01
5.374844125550370944e-02 4.578372219957906886e-01 3.706117127113122134e-01 -3.514529951359089965e-01 3.300529336632350152e-01 -3.129908961611638785e-01 -5.374844125550370944e-02 -4.626356976711056279e-01
-4.617065958141634008e-01 4.755259672661387160e-01 4.577244694951817516e-01 4.946992841538493391e-01 3.795650582246040128e-01 4.102261843257263840e-01 4.617065958141634008e-01 -4.809023814387888285e-01
1.745998146996052824e-03 4.454265373802790418e-01 1.724333762033611883e-01 3.622107475596431092e-01 1.600362381795417399e-01 3.361695209127093520e-01 -1.745998146996052824e-03 -4.498452755379722112e-01
-1.442276571763366766e-01 4.195410426141130689e-01 -1.920625521705453531e-01 4.327517933727981214e-01 -1.735894087345351278e-01 3.911284479531886848e-01 1.442276571763366766e-01 -4.232333118672872985e-01
3.066911496104902657e-01 5.308641716702056090e-02 -2.565974002181076186e-01 2.799360113989156629e-01 -2.398833285194872378e-01 2.617017246852924584e-01 -3.066911496104902657e-01 -5.309389748829616840e-02
-4.600407913100227342e-01 -1.276314205876853958e-01 4.870237591362021057e-01 8.785964668226364793e-02 4.364966512236047591e-01 7.874449826126862784e-02 4.600407913100227342e-01 1.277353749727531407e-01
-2.433924331510034511e-01 -3.425607405203991984e-01 -4.996995177669134591e-01 -1.698519208305675487e-01 -4.419266517398530159e-01 -1.502144548781579603e-01 2.433924331510034511e-01 3.445706790276045206e-01
1.010518911325100078e-01 3.030740722448461710e-01 1.627993636988255277e-01 -3.665797178484667684e-01 1.510978309793064300e-01 -3.402310610401302338e-01 -1.010518911325100078e-01 -3.044659989190459659e-01
-1.038822076594030364e-01 -2.232805495244738481e-01 -1.053786671080210180e-01 2.243812368164710414e-02 -1.047723161973049683e-01 2.230901427931257508e-02 1.038822076594030364e-01 2.238371232254570964e-01
-4.531036806107502368e-01 3.843256633664334787e-01 -2.012708186089634532e-01 4.674106150793918557e-01 -1.793787298852988488e-01 4.165706834568104200e-01 4.531036806107502368e-01 -3.871640278296263338e-01
-6.039476222540951511e-02 -1.848727138460898312e-01 3.133094795587648695e-01 -3.718002960101907117e-01 2.817697309554226259e-01 -3.343724853888073167e-01 6.039476222540951511e-02 1.851886420902930652e-01
1.127291819290540120e-01 3.821012380772482731e-01 -2.856737277984382484e-01 4.304551079388524437e-01 -2.538042844049980262e-01 3.824340147791984168e-01 -1.127291819290540120e-01 -3.848906030243540166e-01
-2.561249040241889707e-01 -4.263720330381283175e-01 1.002271015901960993e-01 2.734569322728236385e-01 9.622889435866237295e-02 2.625483310384327806e-01 2.561249040241889707e-01 4.302476079451554303e-01
-4.689499979876654567e-02 2.795523385965584806e-01 2.363552471090443197e-01 -2.091184750405655768e-01 2.253974510211953497e-01 -1.994234179782645167e-01 4.689499979876654567e-02 -2.806446825107991594e-01
-3.319272024673813881e-01 -3.387502427319201148e-01 -3.899692849097076142e-01 -2.062297852171578461e-01 -3.567943074774262979e-01 -1.886856638332710945e-01 3.319272024673813881e-01 3.406938514998469336e-01
-2.362442045874577623e-01 -4.048107217916012690e-01 1.535974448440635687e-02 -4.327573027643816239e-01 1.409498034934579883e-02 -3.971228613010093778e-01 2.362442045874577623e-01 4.081275732639864096e-01
3.294019198272358784e-01 1.639989175927695220e-01 -2.301098794294975658e-01 -1.840805134620078221e-01 -2.207258605992653833e-01 -1.765735997697795434e-01 -3.294019198272358784e-01 -1.642194604259346047e-01
-3.151324500090876279e-01 -1.707692302817237495e-01 3.710523086890985534e-01 3.788995504900707356e-01 3.278076615202641930e-01 3.347403389997516965e-01 3.151324500090876279e-01 1.710182300064915506e-01
-3.832704890530367337e-01 -1.316954854412619724e-01 1.749486461965255035e-02 4.213173807005414773e-01 1.612026419764179749e-02 3.882137779061043403e-01 3.832704890530367337e-01 1.318096897966359038e-01
3.413986575018211900e-01 -3.587366692431873672e-01 -3.343693301683032804e-01 3.534213204353883198e-01 -3.006717258721953168e-01 3.178036643547749729e-01 -3.413986575018211900e-01 3.610449961767093208e-01
-3.055218256779618224e-01 -9.804138223031488852e-02 4.541227305606254649e-01 -4.592332338624502963e-01 3.814780252219316381e-01 -3.857710160287638468e-01 3.055218256779618224e-01 9.808850147073301662e-02
2.088498263689552159e-01 -2.415781945955290944e-01 3.766072913120419585e-01 -4.516977183187870226e-01 3.246296286344004800e-01 -3.893564090115778642e-01 -2.088498263689552159e-01 2.422831200585093270e-01
-1.788579685350405457e-01 -1.600240881740609966e-01 -2.088362632278920605e-01 -4.891090904774760828e-01 -1.843824657305316583e-01 -4.318365915934945232e-01 1.788579685350405457e-01 1.602289806865758448e-01
4.820039163431012463e-01 1.431865588124749955e-01 1.660887992362555243e-01 -4.905931873745504879e-01 1.474806255145840739e-01 -4.356283535066844403e-01 -4.820039163431012463e-01 -1.433333421505229854e-01
1.063130834591574647e-02 -4.349707963857780690e-01 -2.142843149320533547e-01 2.647035504718040499e-01 -2.028434837964292747e-01 2.505707912779809865e-01 -1.063130834591574647e-02 4.390856112833401714e-01
3.427384994497643111e-01 4.576279927537043601e-01 -4.223117634729350867e-01 2.423349333615792967e-01 -3.796954881556396377e-01 2.178804588894341088e-01 -3.427384994497643111e-01 -4.624198927992796415e-01
2.731155992767138052e-01 2.870374263456895170e-01 4.371679662979220948e-01 -3.409732737160376947e-01 3.823381590181643697e-01 -2.982082489963221450e-01 -2.731155992767138052e-01 -2.882198839715938155e-01
-3.643902277329307271e-01 3.434582647629155217e-01 1.412087161983914818e-01 -1.224776987341740231e-01 1.388045728453437266e-01 -1.203924595702214467e-01 3.643902277329307271e-01 -3.454840430812304852e-01
-1.792803027714151565e-02 2.182306450921884799e-01 8.006367985011653143e-02 -2.108102689802343610e-01 7.810250127252515995e-02 -2.056464220994229097e-01 1.792803027714151565e-02 -2.187503026089532288e-01
3.972799448193480298e-01 2.931538941794459285e-01 -3.436548139666667501e-01 -4.326417244323106370e-01 -3.007952731271189006e-01 -3.786840177348057002e-01 -3.972799448193480298e-01 -2.944135648197260813e-01
-2.632891235198395741e-01 3.068185578640386657e-01 -4.472224528183632586e-02 4.554458372087255569e-01 -4.066614950112432819e-02 4.141390573947112408e-01 2.632891235198395741e-01 -3.082627164187826674e-01
-4.788348088278450154e-01 1.592396066294410328e-02 8.621557258412393399e-02 2.559108857573679785e-01 8.323410934980832176e-02 2.470611052098658500e-01 4.788348088278450154e-01 -1.592416255688833271e-02
-2.495760668498256951e-01 1.924582984485032622e-01 -3.099355381971516943e-01 4.405157919495809038e-01 -2.728709474503127064e-01 3.878353615571654145e-01 2.495760668498256951e-01 -1.928147331094961781e-01
-1.425368018801153047e-01 1.380396395660041797e-01 2.006204805735523067e-01 -4.312206533127440622e-01 1.811734860038975714e-01 -3.894206053848286997e-01 1.425368018801153047e-01 -1.381711564329173580e-01
2.091059640719905577e-01 -2.794191747835879092e-01 3.393810109729418212e-01 3.798167624771162654e-01 3.024118157603295498e-01 3.384428506109676826e-01 -2.091059640719905577e-01 2.805099584382787503e-01
4.407070384832232346e-01 4.199486982636281285e-01 -1.859808878556559186e-01 4.670145392209580359e-01 -1.661675652590715868e-01 4.172615251904970846e-01 -4.407070384832232346e-01 -4.236517409854846927e-01
-2.257051809846037926e-01 1.035916961612696197e-01 9.214387844793980875e-02 3.666450539922595508e-01 8.619036997299767133e-02 3.429557490378147833e-01 2.257051809846037926e-01 -1.036472795264257868e-01
7.813642988246749521e-02 1.279879624064400589e-01 -4.961467206854253131e-02 3.416486993528340399e-01 -4.689851566897366986e-02 3.229451332006766928e-01 -7.813642988246749521e-02 -1.280927904256321803e-01
3.922694516926878983e-01 2.294520559851257469e-01 -2.492291029964733839e-01 1.489544762617869278e-01 -2.393445310780957791e-01 1.430468546579217737e-01 -3.922694516926878983e-01 -2.300560683995131195e-01
-3.488479803574361382e-01 4.421499192747000428e-01 -2.529381961088156272e-01 2.670830564602917345e-01 -2.373870244906571836e-01 2.506622291150636950e-01 3.488479803574361382e-01 -4.464718584893906939e-01
3.568310426277525593e-01 6.153623364838511911e-02 4.311792239875369415e-01 3.304520863186884982e-01 3.788818576097126578e-01 2.903718299726072427e-01 -3.568310426277525593e-01 -6.154788463595627784e-02
3.381705485307050507e-01 -3.673022930878386827e-01 1.346817838623959318e-02 4.962079319111660780e-01 1.206367127718802057e-02 4.444616936337565383e-01 -3.381705485307050507e-01 3.697799486028062188e-01
3.093673338215349178e-01 -1.699921252851953613e-01 3.845983157047473400e-01 1.217123066813364796e-01 3.566711529611052423e-01 1.128743080271686766e-01 -3.093673338215349178e-01 1.702377411498879334e-01
-4.098932652755614692e-01 3.966985473416657637e-01 1.369940029688142547e-01 3.367752180014640384e-01 1.287487069239183768e-01 3.165056345683954775e-01 4.098932652755614692e-01 -3.998199646540210872e-01
-1.319733191645405812e-01 4.084481053516957338e-01 2.714250944269657184e-01 3.583123142333690669e-01 2.475637495626318574e-01 3.268125970936904268e-01 1.319733191645405812e-01 -4.118551722564468554e-01
-1.279710978261655585e-01 -4.717445876117896120e-01 -1.161046692072335018e-01 3.923964585077467371e-01 -1.074557252222651943e-01 3.631658081583118425e-01 1.279710978261655585e-01 4.769937593606047854e-01
-3.018993427837310950e-01 3.099721019217031026e-01 -2.157248172074542891e-01 -3.132232743336860192e-02 -2.107750996990501169e-01 -3.060364946897000532e-02 3.018993427837310950e-01 -3.114612498070944424e-01
9.893644907267484800e-02 1.171050774113157056e-01 -3.135044654603696967e-01 -3.530480012477703600e-01 -2.834936250430555860e-01 -3.192517769753671630e-01 -9.893644907267484800e-02 -1.171853740158503993e-01
-1.483473605679120899e-01 2.917917471600870449e-01 1.672211498656417383e-02 -3.700171551741354703e-01 1.568101772155620563e-02 -3.469803653561405743e-01 1.483473605679120899e-01 -2.930339399886870422e-01
2.433212319725496231e-01 -4.063245952246269388e-01 2.039547231012760475e-01 4.721372233844499666e-01 1.813729205512031040e-01 4.198623390724394722e-01 -2.433212319725496231e-01 4.096787981896533593e-01
-3.408062666219064951e-01 1.809495248305892368e-01 3.420404605008783294e-01 -2.281614147132606796e-01 3.163450679844919677e-01 -2.110210533081625650e-01 3.408062666219064951e-01 -1.812457639072002635e-01
1.998939845292527773e-01 4.474836190516685575e-01 -3.082479789942295101e-01 -4.796972269745541917e-01 -2.677759753699642808e-01 -4.167144688328452418e-01 -1.998939845292527773e-01 -4.519638606053377194e-01
3.957089487035581055e-01 8.990679021223524359e-02 -2.944831541283865484e-01 -1.449880680631954188e-01 -2.797957869754307270e-01 -1.377567783999724405e-01 -3.957089487035581055e-01 -8.994312707959148390e-02
-1.493436087168670268e-01 3.723053226599074561e-01 1.843516467349062271e-01 4.776516922316897951e-02 1.810969677379289378e-01 4.692188794084193454e-02 1.493436087168670268e-01 -3.748856080287594206e-01
9.905179746149261888e-02 2.141498933545606942e-01 3.726674863907509794e-01 -3.701912886152092241e-01 3.299205224565048833e-01 -3.277283578764272343e-01 -9.905179746149261888e-02 -2.146409409533622803e-01
-8.249085616073303928e-02 -4.955923550769306685e-01 -2.449392645935106749e-01 4.893371207718898441e-01 -2.148717302899001980e-01 4.292685127875553452e-01 8.249085616073303928e-02 5.016785211609087192e-01
1.158078753671167860e-01 1.558872760436635918e-02 1.436514862833917494e-01 -1.994724520557635827e-01 1.394986944276519203e-01 -1.937059431544393973e-01 -1.158078753671167860e-01 -1.558891701397609360e-02
-1.991286910592927617e-01 -2.900078299099541068e-01 -3.682243395144497722e-01 -1.371746470641080906e-01 -3.427150647426560059e-01 -1.276716745873393288e-01 1.991286910592927617e-01 2.912273786869351011e-01
-3.308891634374645507e-01 -2.712443862840840936e-01 -3.457902042831915157e-01 -4.716425075889418839e-01 -2.984926168102056687e-01 -4.071306952751460595e-01 3.308891634374645507e-01 2.722422064585845458e-01
4.086488808086682356e-01 -4.071523549127088470e-01 -3.842611232564682178e-01 3.287902922231566993e-02 -3.585221745416680150e-01 3.067669441474063854e-02 -4.086488808086682356e-01 4.105270990958197475e-01
1.979698587538014642e-02 -2.872733094858558323e-01 2.108113585559412417e-01 3.249131922342991530e-01 1.965817498106888495e-01 3.029817952102711875e-01 -1.979698587538014642e-02 2.884586846869848231e-01
2.978805960212307369e-01 -4.108739419845863772e-02 -3.872194695905215589e-01 -3.731006074342491097e-01 -3.410410380814983822e-01 -3.286059417486703049e-01 -2.978805960212307369e-01 4.109086233191128895e-02
3.735402542362953326e-02 2.612384930199894706e-01 4.747165612855708261e-01 2.009324913798166135e-01 4.219528272320662854e-01 1.785992731976621672e-01 -3.735402542362953326e-02 -2.621299112549296817e-01
-4.215048802558951646e-02 2.177664610879490592e-01 1.406046059299274065e-01 2.176001614655811434e-01 1.361109366106416640e-01 2.106457436996594657e-01 4.215048802558951646e-02 -2.182828096652955907e-01
1.503971819314672276e-01 -3.050653352169132582e-01 -4.955819112658578218e-01 3.579371529476289560e-01 -4.228304610580244094e-01 3.053919603805952954e-01 -1.503971819314672276e-01 3.064848783335027971e-01
-4.411776318981529554e-01 4.986391120657998055e-01 -1.794704451836254266e-01 4.123264304961389293e-01 -1.636818305793412143e-01 3.760526969819497634e-01 4.411776318981529554e-01 -5.048382175434457109e-01
2.182371803196472282e-01 -3.243913174707518943e-01 4.315266199049020424e-01 -3.977546760178912733e-01 3.721683715910615864e-01 -3.430418964626827938e-01 -2.182371803196472282e-01 3.260980979572564720e-01
4.442607122388011476e-01 -2.866869488196968074e-01 -2.316637675046706590e-01 3.003182560374514365e-01 -2.166066763321316258e-01 2.807989353830350754e-01 -4.442607122388011476e-01 2.878650803302071348e-01
6.284704670425633743e-02 1.899479852479291075e-01 1.072948457117147703e-01 -4.973124742322513336e-01 9.563018434727744987e-02 -4.432466748385316957e-01 -6.284704670425633743e-02 -1.902906536651473302e-01
3.254645285620169082e-01 1.977504707515315152e-01 3.362206409319478118e-01 2.848521360624478582e-02 3.185736861417151067e-01 2.699013205709840935e-02 -3.254645285620169082e-01 -1.981371248183220468e-01
3.388465876135260402e-01 -3.597645038102394999e-01 -4.540755824281843545e-01 1.912288925968697040e-01 -4.073199829527375804e-01 1.715382907314708660e-01 -3.388465876135260402e-01 3.620927287584141396e-01
-1.744883621677512098e-01 -3.867468655826102886e-01 3.629141040544315855e-01 -1.818605006915207101e-01 3.362651925260835561e-01 -1.685064195486656868e-01 1.744883621677512098e-01 3.896392126981873538e-01
-4.411059885592262253e-01 1.118274905625101789e-01 -2.913144912827582145e-01 -3.352248867975388125e-01 -2.662388971439595409e-01 -3.063695999577202289e-01 4.411059885592262253e-01 -1.118974128684556146e-01
-4.125069474760946209e-01 4.962322660739506563e-01 3.673645037531280133e-01 1.229188777968118762e-01 3.425593766438513876e-01 1.146191690423467857e-01 4.125069474760946209e-01 -5.023420380638407012e-01
-1.807639110114547254e-01 4.843806461699240451e-03 -4.001527499124439835e-01 -1.644869472035217495e-01 -3.672551148707652868e-01 -1.509640323681111784e-01 1.807639110114547254e-01 -4.843812144080259299e-03
-1.992999433637966389e-01 -4.947094908306171046e-01 3.301283257987035480e-01 -4.014098474167497876e-01 2.929283054077869708e-01 -3.561775745637899004e-01 1.992999433637966389e-01 5.007631885443786235e-01
9.020136298542291708e-02 -4.183841659531339907e-03 -4.596810108853710553e-01 -2.648706135948712959e-01 -4.060724405063180220e-01 -2.339810736878498720e-01 -9.020136298542291708e-02 4.183845321340647939e-03
-5.723034667854876023e-02 3.526460585286664839e-01 1.362682433519531999e-01 -3.996066440258861929e-01 1.255379704231246729e-01 -3.681401170560166247e-01 5.723034667854876023e-02 -3.548387983658174982e-01
2.932693253264205824e-01 3.418139823787437193e-01 8.150117510529331089e-02 -4.134816598566130041e-01 7.510402556536630025e-02 -3.810268638772579264e-01 -2.932693253264205824e-01 -3.438108049487750839e-01
5.908651640325834897e-02 -2.884709732217695111e-01 -3.168359722418835345e-01 1.439902035247436762e-01 -2.992325130558513568e-01 1.359900839265776318e-01 -5.908651640325834897e-02 2.896712360698704414e-01
-4.885714731759337459e-01 3.814339679725216037e-01 4.921908931812915000e-01 -1.559744219470188265e-01 4.373380646680473105e-01 -1.385916577836825703e-01 4.885714731759337459e-01 -3.842087450732936116e-01
2.546476915298572230e-01 1.121567861137895417e-02 -1.439639909306240639e-01 -4.181689187168778910e-01 -1.316626468598461885e-01 -3.824374853522640727e-01 -2.546476915298572230e-01 -1.121574915320087441e-02
1.476374985671280449e-02 4.696883321348268581e-01 -2.420423798978544871e-01 -4.075445608423523547e-01 -2.187160323970172848e-01 -3.682682735562303744e-01 -1.476374985671280449e-02 -4.748691618667491010e-01
-3.239578667163061088e-01 -4.234412247808045926e-01 -3.751303486568960954e-01 4.134030871532262674e-01 -3.275498280806447005e-01 3.609681557620298964e-01 3.239578667163061088e-01 4.272374276738221677e-01
-4.309666583827459485e-01 1.502313723923658362e-01 2.568353115420497490e-01 4.202742441929943062e-01 2.304039734059293021e-01 3.770231406298894528e-01 4.309666583827459485e-01 -1.504009044793060135e-01
-3.391473007314521615e-01 -1.670647897351651423e-02 -4.943749962878006832e-01 -2.603754816198975419e-01 -4.315748668386673037e-01 -2.273001560595593051e-01 3.391473007314521615e-01 1.670671211780981949e-02
1.009542072456763862e-01 -2.704415762958936043e-01 -3.673356226625346110e-03 -4.742693027735250810e-01 -3.318981072269181452e-03 -4.285157066048351782e-01 -1.009542072456763862e-01 2.714305628340741294e-01
-3.578299523984730390e-01 1.939306736886564630e-01 -6.918134410545617730e-02 -2.106531378843059521e-01 -6.754107476188764281e-02 -2.056586138740259528e-01 3.578299523984730390e-01 -1.942953516537403447e-01
4.889169741962011706e-01 3.330666167054225912e-01 3.497818487077968275e-01 1.221289566879434352e-01 3.279947161640072717e-01 1.145218159039807226e-01 -4.889169741962011706e-01 -3.349140268360819017e-01
1.963082718089970147e-01 -1.681955187290588016e-01 2.818523710669957882e-01 -3.577176266579029651e-01 2.565048780027304742e-01 -3.255474340625694740e-01 -1.963082718089970147e-01 1.684334290408587009e-01
-4.065596230562329438e-01 2.554070833545397656e-01 -4.947466765423103041e-01 7.721937729441852305e-02 -4.423844656499965056e-01 6.904675580836452942e-02 4.065596230562329438e-01 -2.562401290358519157e-01
3.347088498900263609e-02 -3.874024060395808711e-01 -3.705901107867286548e-01 -3.727792279461638048e-01 -3.280327509510010398e-01 -3.299704770345143756e-01 -3.347088498900263609e-02 3.903094857854327859e-01
-5.816682557700392220e-02 8.222290258600939428e-02 -2.897061829422475920e-02 8.272648120499848101e-02 -2.885996533665865366e-02 8.241050832097499002e-02 5.816682557700392220e-02 -8.225069641724382097e-02
3.487640718112321458e-01 -4.813255446366947465e-01 -4.187656105681877294e-01 -3.237353469604887790e-01 -3.701155405273277577e-01 -2.861254121739135736e-01 -3.487640718112321458e-01 4.869010820847305965e-01
-2.426971127949961726e-01 2.309863003941184934e-01 4.567430081451863133e-01 -2.745993674505325943e-01 4.030752989837547706e-01 -2.423336978607668613e-01 2.426971127949961726e-01 -2.316025102969210270e-01
4.222327869035462644e-01 -4.896199607228444162e-01 6.262926988808648066e-02 2.780565108493451287e-01 6.023053613258969735e-02 2.674068012215332635e-01 -4.222327869035462644e-01 4.954887342211273249e-01
-2.025159030240781810e-01 -1.690294798238183294e-01 -1.936496591122806032e-01 3.358333441720263712e-01 -1.805569270544937210e-01 3.131275154529298832e-01 2.025159030240781810e-01 1.692709465918375011e-01
-3.919362272205474396e-01 -4.868604546375009390e-01 -3.075352670361318763e-01 2.919986749289544825e-01 -2.831282167563917707e-01 2.688246617196949351e-01 3.919362272205474396e-01 4.926305568347492114e-01
4.659462515078151013e-01 2.592389399123936622e-01 -2.626315633073795786e-01 -2.089843719699091551e-02 -2.539652963127085883e-01 -2.020883449181827898e-02 -4.659462515078151013e-01 -2.601100453303503701e-01
-1.931173500914296071e-02 -1.876627828070664972e-02 -2.890781756467855068e-01 4.469568118488475017e-01 -2.551790509809571672e-01 3.945438455251003007e-01 1.931173500914296071e-02 1.876660872972083643e-02
-4.913407285827089410e-01 1.569378460971377898e-01 -3.747674802231335534e-01 1.398490954260115382e-01 -3.479616049722150661e-01 1.298461533251882016e-01 4.913407285827089410e-01 -1.571311110333692140e-01
-3.831205604256018304e-01 -6.466223676116145125e-02 -2.077413199223321350e-01 -3.891058328482694950e-01 -1.900723472498402067e-01 -3.560113077442908502e-01 3.831205604256018304e-01 6.467575506410122577e-02
2.943090618265341574e-01 -2.944992995906511313e-01 3.975217020000976209e-02 4.160945158511284436e-01 3.667706779110360693e-02 3.839067575076574035e-01 -2.943090618265341574e-01 2.957763934099211234e-01
-4.508048422262713739e-01 2.138466445456660425e-01 -1.136198600074284082e-01 -4.412019012556082087e-01 -1.033947162618594068e-01 -4.014962295459090225e-01 4.508048422262713739e-01 -2.143356090404521519e-01
4.876254749018722467e-01 -2.443374474844742794e-01 4.397533525682799649e-01 1.830231941647867400e-01 3.970160160716055819e-01 1.652361237762735302e-01 -4.876254749018722467e-01 2.450668043950823549e-01
-2.636466047762217046e-01 -4.729969196679524313e-01 3.825001639840587275e-01 -7.424933058140514852e-03 3.572488411434879829e-01 -6.934764950059530558e-03 2.636466047762217046e-01 4.782880071446843351e-01
2.063308852006670024e-01 -1.754379528031295710e-01 -1.834292601022124991e-02 -7.539690243665264635e-02 -1.828795133637847389e-02 -7.517093411960765192e-02 -2.063308852006670024e-01 1.757079384378387454e-01
1.937373642619116820e-01 2.108151819484294087e-01 4.058443310889323641e-01 -3.723024730753710099e-02 3.758308141594660090e-01 -3.447694863547032945e-02 -1.937373642619116820e-01 -2.112836453365342648e-01
5.662069254183943467e-02 9.425677189189429761e-02 1.102106252903733985e-02 -1.330597915967544065e-01 1.092412388886887173e-02 -1.318894293721953048e-01 -5.662069254183943467e-02 -9.429864234784472721e-02
3.443857945393475894e-01 4.757037370929743103e-01 9.014425115292945545e-02 1.219721878367600043e-01 8.912499922215559589e-02 1.205930606449169967e-01 -3.443857945393475894e-01 -4.810861832489108925e-01
-5.922617509933347790e-02 4.759758481645792738e-02 -6.531291393591287520e-02 -1.300016273430192326e-01 -6.463248358195754217e-02 -1.286472695601988681e-01 5.922617509933347790e-02 -4.760297650446563417e-02
-4.495223298460023775e-01 -3.108418135984065689e-01 6.807693724578123273e-02 -4.865393572862801719e-01 6.110151901094880433e-02 -4.366867105297799201e-01 4.495223298460023775e-01 3.123435313234864119e-01
1.380350813446267200e-01 -3.442376547694085964e-01 4.417797536287310090e-01 1.574676777099638381e-01 3.999742643011872656e-01 1.425665572628070088e-01 -1.380350813446267200e-01 3.462772553516557661e-01
3.858270961677057187e-01 -3.924876553034721827e-01 1.501140340562004960e-01 4.806978175296652278e-01 1.340729004981770778e-01 4.293306156519456351e-01 -3.858270961677057187e-01 3.955107239520459506e-01
4.320836755651092931e-01 -2.898467476918917818e-01 -4.414011998219443678e-01 -8.467156745270987273e-03 -4.038001807607788929e-01 -7.745877051647050322e-03 -4.320836755651092931e-01 2.910642654354977932e-01
2.827148182449711333e-01 -2.627657970194505754e-01 2.838909740292421269e-01 1.287927742441822287e-01 2.710268480077494546e-01 1.229567081832578790e-01 -2.827148182449711333e-01 2.636729415947873800e-01
-5.682291297265262831e-02 3.367461790502267460e-01 1.202657886890242667e-01 1.788630404199507140e-01 1.175659748049533715e-01 1.748477928159827832e-01 5.682291297265262831e-02 -3.386554960273799320e-01
-1.158855513078004273e-01 -1.970703137573776020e-01 9.561951291420500709e-02 3.555866480681653119e-01 8.972980251819706599e-02 3.336841899403163447e-01 1.158855513078004273e-01 1.974529918744824253e-01
2.504646104874910240e-01 2.000843086171844032e-01 1.806733084434803960e-01 -2.672724129597626730e-01 1.719468561997050948e-01 -2.543632568267106264e-01 -2.504646104874910240e-01 -2.004848146821557597e-01
4.952587848202559817e-01 -2.076794581644065829e-01 4.066722654745322796e-01 3.997836817605520121e-01 3.532663846099491356e-01 3.472824381490779988e-01 -4.952587848202559817e-01 2.081273267801721227e-01
7.377623145120215664e-02 -2.297673456901755396e-01 2.183481082263836193e-01 -3.723151496781884617e-02 2.131811686084553181e-01 -3.635047692592630747e-02 -7.377623145120215664e-02 2.303738514450143771e-01
-1.487864970035912560e-01 1.499366722126735940e-01 -2.053057298118010632e-02 4.263977611806433199e-01 -1.888203847535931124e-02 3.921594852613406457e-01 1.487864970035912560e-01 -1.501052085716128581e-01
2.710712553078544751e-01 -4.785356717190873965e-01 3.942658646465623251e-01 4.981887673808208516e-01 3.327834178965973222e-01 4.205004176948037853e-01 -2.710712553078544751e-01 4.840148187632308807e-01
2.120311863871623403e-01 -3.396327814138884182e-01 2.692522950992428665e-01 2.229867591675644967e-01 2.541677429808336108e-01 2.104941808252387414e-01 -2.120311863871623403e-01 3.415916207184532816e-01
-3.251861051778806022e-01 -1.140139030038044288e-01 1.130026811490878469e-01 -3.532545691122498388e-01 1.059502284947472089e-01 -3.312080911149111739e-01 3.251861051778806022e-01 1.140880073096254971e-01
-7.007389714342771025e-02 -7.858757518919978757e-02 -2.028431339651347587e-01 -2.725973300779428454e-01 -1.920588634065908129e-01 -2.581045380192156236e-01 7.007389714342771025e-02 7.861184305982216181e-02
-4.902300228803142534e-01 -3.767768181928881077e-01 3.804620017635493845e-01 -2.494115800399058225e-01 3.463102173267225692e-01 -2.270234033544849817e-01 4.902300228803142534e-01 3.794511945680350551e-01
-3.546919222066746702e-02 3.163677514534665169e-01 -2.277118542298838255e-01 3.873481733982608866e-03 -2.220266374262532816e-01 3.776773622246088185e-03 3.546919222066746702e-02 -3.179509909947534907e-01
-2.425245765954568977e-01 2.668838519088612138e-03 -2.659144528072627800e-01 -4.867425525237849548e-01 -2.325410892583428812e-01 -4.256543491989379091e-01 2.425245765954568977e-01 -2.668839469555290157e-03
-2.513874921972305554e-01 1.467201951223600087e-01 3.345671224507501540e-01 -3.628404463137848701e-01 3.000163608407225846e-01 -3.253698972914164100e-01 2.513874921972305554e-01 -1.468781160520360451e-01
4.031717397299214856e-01 -3.491428625851342726e-01 6.834757079333786400e-03 -2.963984273928216284e-01 6.552829171411176518e-03 -2.841722447243726357e-01 -4.031717397299214856e-01 3.512709012245885942e-01
1.155021170585407431e-01 -2.582541378895130135e-01 -1.424480738935296475e-02 -7.480244850864115058e-02 -1.420368813837985522e-02 -7.458652276324083397e-02 -1.155021170585407431e-01 2.591153534549860971e-01
-2.274738240088648444e-01 4.603874411608421813e-01 -4.692999354162463721e-01 -4.344923582381273741e-01 -3.953584131932954548e-01 -3.660350158481870952e-01 2.274738240088648444e-01 -4.652665489038303459e-01
9.737164823088428900e-02 1.482099352415908733e-01 1.008065876257190352e-01 2.826238588369321958e-01 9.655350685884250828e-02 2.706998157104777425e-01 -9.737164823088428900e-02 -1.483727155836995493e-01
-1.602921563621363399e-01 3.296645652434765372e-01 -3.567009704815039539e-01 -3.589243735153304637e-01 -3.182721974262220921e-01 -3.202560646648922038e-01 1.602921563621363399e-01 -3.314559414844072127e-01
-2.940497416310274836e-01 -6.304109320618056511e-02 1.078160471751425931e-01 1.337288687754037975e-01 1.062597044435778515e-01 1.317984701160940242e-01 2.940497416310274836e-01 6.305362003698208873e-02
7.302890403318584855e-02 -2.510947280248349012e-01 3.255339815952614790e-01 3.031151814245742759e-01 2.974369344708663321e-01 2.769531153481833430e-01 -7.302890403318584855e-02 2.518862861067697745e-01
1.938900663424116821e-01 -1.669642195626740433e-01 2.290688662070788917e-01 3.433460131727743558e-01 2.117417563134814662e-01 3.173748098386856009e-01 -1.938900663424116821e-01 1.671969430626492614e-01
-1.065808875634846054e-01 -2.720061934839109741e-01 -2.792026874938339231e-01 -4.966078802467893683e-01 -2.425948397729978667e-01 -4.314948047953106047e-01 1.065808875634846054e-01 2.730124446182831122e-01
6.978629264047353509e-03 4.002946187524032418e-01 -4.419338594185471258e-01 -2.091156797975841641e-01 -3.970228536995916158e-01 -1.878645461920507298e-01 -6.978629264047353509e-03 -4.035016948117521318e-01
-3.154282633903738864e-01 -1.366068063226865137e-01 3.383480152551276987e-01 2.916851207377161304e-01 3.089247613713038132e-01 2.663197425630333681e-01 3.154282633903738864e-01 1.367342701688837314e-01
2.847385807604740915e-01 -1.045964067698887945e-01 2.977161831745701592e-01 -1.272578059245244031e-02 2.853178944726539323e-01 -1.219581980879577005e-02 -2.847385807604740915e-01 1.046536231397755395e-01
1.853598183677972466e-01 3.443584735081981485e-01 3.245692241181684645e-01 4.297292850189344815e-01 2.857658897036641221e-01 3.783537142155097843e-01 -1.853598183677972466e-01 -3.464002223894293575e-01
3.279031757485711962e-01 4.330603851526194648e-01 -3.204892204092930630e-01 -4.889640740336158586e-01 -2.766748361361840436e-01 -4.221173332661920519e-01 -3.279031757485711962e-01 -4.371212204722438877e-01
4.770807259226818031e-01 4.613006691117158553e-01 -1.085948921672710288e-01 -2.511207558157558806e-01 -1.047453041115165850e-01 -2.422187582830237218e-01 -4.770807259226818031e-01 -4.662088691894109571e-01
-2.868134346213518926e-01 -1.336710336327341375e-01 3.670738434351173973e-01 2.536616467376828776e-01 3.352185263729102749e-01 2.316484405998319174e-01 2.868134346213518926e-01 1.337904549681398214e-01
-1.997893884059869229e-01 4.970371629824810178e-02 -3.794094098380821345e-01 -4.865763522175289291e-01 -3.228919143065437369e-01 -4.140950797473958445e-01 1.997893884059869229e-01 -4.970985584893973519e-02
-4.369545290521592573e-02 -4.040799332056200788e-01 1.134037984800384535e-01 3.187622709543125321e-02 1.126250689360225876e-01 3.165733707478225051e-02 4.369545290521592573e-02 4.073788537495515172e-01
-3.109705471443646729e-01 -4.053136185369302646e-01 -4.971402771829479539e-01 2.930204735387772486e-01 -4.305884096124156790e-01 2.537940003571827474e-01 3.109705471443646729e-01 4.086428469557132348e-01
3.320847613127486664e-01 7.628396794315972507e-02 -3.907795819133934589e-01 4.443973780862965350e-01 -3.363048884570014052e-01 3.824483611352508250e-01 -3.320847613127486664e-01 -7.630616369340144367e-02
8.105790713490490518e-02 2.208912195238541543e-01 4.698629174778052864e-01 2.598202006874672509e-02 4.251419839728436401e-01 2.350908562638591090e-02 -8.105790713490490518e-02 -2.214301160239748045e-01
-3.860156381364502343e-01 -4.098388311549792107e-01 1.583325997105612393e-01 -1.226834403115744099e-01 1.552488984601740063e-01 -1.202940455881744697e-01 3.860156381364502343e-01 4.132808188798295923e-01
4.670457532300502645e-01 -2.846730250864130118e-01 -1.870304332136811798e-01 1.259357119474571185e-01 -1.824500317981639919e-01 1.228515287834836545e-01 -4.670457532300502645e-01 2.858265021245751103e-01
4.254436801126126877e-02 -3.284069804377865998e-01 -8.760477104251451763e-02 -1.298867465206315908e-01 -8.654903008535515252e-02 -1.283214578216010371e-01 -4.254436801126126877e-02 3.301779338778172979e-01
-1.681559997655056593e-01 -4.880866043700550216e-01 3.527221762738942390e-01 -4.860630819045758111e-01 3.023822680564183241e-01 -4.166929867507634944e-01 1.681559997655056593e-01 4.939004121657760704e-01
-2.112651194580247305e-01 3.434576971052345495e-01 2.320736399666426530e-01 2.496183566095993012e-01 2.196651331165826726e-01 2.362717693438670385e-01 2.112651194580247305e-01 -3.454834653791263310e-01
-4.569026437950055586e-01 2.424475863144007759e-01 -1.433797610682904233e-01 -3.039563740875861342e-01 -1.359097348664554672e-01 -2.881203728156383481e-01 4.569026437950055586e-01 -2.431601498577279641e-01
3.133160836708041019e-01 3.853142710276724614e-01 -1.416871092733331672e-01 -5.543779301132023551e-02 -1.400751143491389683e-01 -5.480706914800548279e-02 -3.133160836708041019e-01 -3.881745954064385606e-01
2.632405871436810374e-01 2.575366841711616006e-01 -3.284695058073396901e-01 -1.013171528498324481e-01 -3.106301378982704864e-01 -9.581455996607265990e-02 -2.632405871436810374e-01 -2.583907420503664398e-01
4.748124993966691409e-01 8.878233046561145869e-02 -2.745219363271821367e-01 -1.307327940887476059e-01 -2.626489093483938553e-01 -1.250786230159553203e-01 -4.748124993966691409e-01 -8.881732092356187103e-02
3.859202535226232689e-01 1.500025791733544667e-01 1.380091288901745816e-01 -2.742258114862177187e-01 1.319320370881972571e-01 -2.621505564340708694e-01 -3.859202535226232689e-01 -1.501713378782142116e-01
-3.953802554771468358e-01 -1.966328022248201579e-01 -3.929845469985364659e-01 3.442192494803355540e-01 -3.483166856317810312e-01 3.050942054220166511e-01 3.953802554771468358e-01 1.970129372699268577e-01
1.366958284853916350e-01 -1.741906861960521580e-01 -2.490856150473459429e-01 5.277027465507255766e-02 -2.413842033278120469e-01 5.113868460281542627e-02 -1.366958284853916350e-01 1.744549543277175707e-01
1.336482349262754221e-01 4.113002243524483958e-01 -1.631674707162489302e-02 -4.632688274535379236e-02 -1.629710121667467954e-02 -4.627110378311850847e-02 -1.336482349262754221e-01 -4.147791635902793317e-01
3.211056578369284598e-01 -3.677086360446376601e-01 -4.397928281924341487e-01 3.754167764950163688e-01 -3.807258543374973936e-01 3.249959158068719267e-01 -3.211056578369284598e-01 3.701945236786483573e-01
-4.127577081013633631e-02 4.886302119030286883e-01 4.410554241236380735e-01 8.989865403550989509e-02 4.021892545245005501e-01 8.197671011787005524e-02 4.127577081013633631e-02 -4.944634667656864213e-01
1.275618527056289198e-01 -1.809998112270128079e-02 -2.950933448576059659e-01 -1.636441154893626404e-01 -2.796045359864902657e-01 -1.550547912234406245e-01 -1.275618527056289198e-01 1.810027760882362141e-02
4.702395302265890420e-01 1.769927850435898398e-01 -1.929771500663796102e-01 -3.147769940857229054e-01 -1.810317117495786610e-01 -2.952920490282090471e-01 -4.702395302265890420e-01 -1.772700127893664934e-01
2.072963093414372793e-01 -1.129306471312625515e-01 7.902304686886552076e-02 -9.987623419791313850e-03 7.877355669701419094e-02 -9.956090671028473144e-03 -2.072963093414372793e-01 1.130026592277551950e-01
2.207999019074070590e-01 -3.639660720766225710e-01 6.839450139778135984e-02 -2.355589529908750368e-01 6.642541662273891701e-02 -2.287771863505773107e-01 -2.207999019074070590e-01 3.663768250423505290e-01
2.547235662269491385e-01 2.131278653062647077e-01 -3.015831089547541533e-01 2.337671453471606986e-01 -2.817673164238308492e-01 2.184072623988073114e-01 -2.547235662269491385e-01 -2.136119158468989254e-01
-2.920729018678486222e-01 -3.473761241922586063e-01 6.659580184712954321e-02 2.920689333117021391e-02 6.642041637929174680e-02 2.912997459892437829e-02 2.920729018678486222e-01 3.494720210190816467e-01
-4.853651248967500997e-01 -4.837906080089556804e-01 -2.925515670036363813e-01 2.825943647079507404e-01 -2.709919262041010635e-01 2.617685217378443174e-01 4.853651248967500997e-01 4.894522486921059623e-01
-3.337978522954663241e-01 -2.297748226080735812e-01 2.727568754312601484e-01 2.585933989589557225e-01 2.553183938324173896e-01 2.420604473250218547e-01 3.337978522954663241e-01 2.303813875742153627e-01
4.323019787625624888e-01 -4.089068949197474101e-01 -7.756318650513627233e-04 -4.620379211868809177e-01 -7.041081890183664444e-04 -4.194318188863505048e-01 -4.323019787625624888e-01 4.123254556948834915e-01
3.030075367168978406e-01 -3.842424228110168372e-01 -4.842615737034090539e-01 1.955254885973183310e-01 -4.292499463725229503e-01 1.733139899022085317e-01 -3.030075367168978406e-01 3.870789434015163843e-01
-4.053409592563469444e-01 -9.459603874782407384e-02 3.941418883866624201e-01 1.330528087199452925e-01 3.639101497235774918e-01 1.228473018704304004e-01 4.053409592563469444e-01 9.463836295736480220e-02
-1.536528499199669717e-01 -2.190785330667928132e-01 1.864953229410869495e-01 3.671475385987615914e-01 1.724461023348275446e-01 3.394892751985122969e-01 1.536528499199669717e-01 2.196042711980799866e-01
1.628217513999887789e-01 -1.424415943029140319e-01 2.044040681265694159e-01 3.833878684628766464e-02 2.001221472140800595e-01 3.753565384281466744e-02 -1.628217513999887789e-01 1.425860985069660469e-01
-8.772392264659933936e-02 1.467258201580720067e-01 -6.497917406328335144e-02 2.436556633719495490e-01 -6.300673679433385632e-02 2.362595165579350620e-01 8.772392264659933936e-02 -1.468837592518104085e-01
-6.632033102615142450e-02 -1.326561716647303157e-01 2.946375870867020685e-01 1.426478563161104329e-01 2.800161053934992483e-01 1.355689121789292184e-01 6.632033102615142450e-02 1.327728935742321925e-01
-2.579241245964726259e-01 1.393403927232834683e-01 3.957449001494220964e-01 -3.323321590850087937e-01 3.515741707233235314e-01 -2.952391886563499046e-01 2.579241245964726259e-01 -1.394756626002577049e-01
3.917625699356942492e-01 4.497097563140352028e-01 -2.602953317871317118e-01 -3.137885076797040096e-01 -2.410331166910452960e-01 -2.905677234723660352e-01 -3.917625699356942492e-01 -4.542571958471458005e-01
3.773352415649346980e-01 -2.239440514427772921e-01 4.837021425298527744e-01 -2.695896221011085947e-01 4.231545208232597721e-01 -2.358436263326613436e-01 -3.773352415649346980e-01 2.245056016567235635e-01
7.609071201198769341e-02 -3.386553421035228828e-01 3.471190899730157708e-01 -3.144070592692140842e-01 3.143514526776826079e-01 -2.847273995246958345e-01 -7.609071201198769341e-02 3.405973178273816182e-01
-4.532607728386049972e-01 3.531013937258001834e-01 -2.617331269083197354e-01 -3.360759896388260115e-01 -2.407968388913944158e-01 -3.091929435461687192e-01 4.532607728386049972e-01 -3.553026383058314752e-01
-9.462071157043094871e-02 2.043004302256007376e-01 6.803707396184299760e-03 4.182013378973745699e-01 6.276796271323072801e-03 3.858138578752977055e-01 9.462071157043094871e-02 -2.047267915945014394e-01
6.674992457499995258e-02 3.284910914724890052e-01 -2.621679348350990368e-01 -2.920218683807865867e-01 -2.440478652802262061e-01 -2.718384063188374888e-01 -6.674992457499995258e-02 -3.302634059817623480e-01
-1.148864004345134804e-01 -3.928345682600157263e-01 -3.759518653040323510e-01 -2.359571612692571430e-01 -3.436230917881494817e-01 -2.156667828189320346e-01 1.148864004345134804e-01 3.958656601080915993e-01
-2.377843388680497272e-01 4.888203784289157916e-02 2.609481818724295188e-01 4.769138810755751967e-01 2.292602319140180644e-01 4.190003785190305474e-01 2.377843388680497272e-01 -4.888787791101439212e-02
3.398874811543804997e-01 -4.709549304319503582e-01 7.450646056301490905e-02 -3.463805081759666615e-01 7.022880295843211829e-02 -3.264936795213561060e-01 -3.398874811543804997e-01 4.761777863837478586e-01
-4.080507150923523563e-01 4.289101150237433213e-01 6.051276952034689849e-02 -3.806452503190553838e-01 5.646399271553591975e-02 -3.551771107417540652e-01 4.080507150923523563e-01 -4.328553136154732472e-01
3.000687506941451810e-01 -1.267246202033373015e-01 -1.208434187539172422e-01 -1.230851523414772108e-01 -1.190848330403513761e-01 -1.212939435798268545e-01 -3.000687506941451810e-01 1.268263745568204148e-01
-3.679448727280131282e-01 -2.425777974800761294e-01 -3.221658074618772849e-01 -3.552710334162459960e-01 -2.904861440888904522e-01 -3.203360201897674231e-01 3.679448727280131282e-01 2.432915097282168648e-01
-3.998286123290678562e-01 -7.661533610913806580e-02 1.404601813355759177e-01 3.567333814274740167e-01 1.311516719856274937e-01 3.330921189366979340e-01 3.998286123290678562e-01 7.663782236447172491e-02
-4.907788983301211161e-01 -2.043553063351923882e-01 -4.861144413917986018e-01 1.136875926278141380e-01 -4.349275839187858317e-01 1.017165214051025807e-01 4.907788983301211161e-01 2.047820113647252360e-01
-3.523798077147023422e-01 -4.345705771321719535e-01 -1.866215744289797529e-01 -3.579916431207722516e-01 -1.730512238320174034e-01 -3.319599684722429056e-01 3.523798077147023422e-01 4.386740442792488315e-01
-2.061684447962319755e-01 4.689634365996631082e-01 -2.448324236593047987e-01 -4.092118954657968377e-01 -2.209918978418140278e-01 -3.693649396873729396e-01 2.061684447962319755e-01 -4.741203157653950950e-01
-3.067462677135389670e-01 4.901677425951612710e-01 -2.571356872491757928e-01 4.633087827572146544e-01 -2.272093188849372281e-01 4.093872542151906768e-01 3.067462677135389670e-01 -4.960562359130740173e-01
2.690121570235064485e-01 -4.455389994839972223e-01 -1.773604729756634857e-01 2.731518741359212354e-01 -1.686420178933910607e-01 2.597246301432908355e-01 -2.690121570235064485e-01 4.499610854399891391e-01
2.819491186191483978e-01 -8.094328299110564728e-02 2.175303100603431794e-01 2.948174603758975110e-01 2.042527524209251932e-01 2.768224700586312537e-01 -2.819491186191483978e-01 8.096979926213657142e-02
3.190358641362125436e-01 4.669742032937830301e-01 -3.593611359314407006e-01 2.643341872939214410e-01 -3.281853296087186567e-01 2.414022934312483604e-01 -3.190358641362125436e-01 -4.720657375937190037e-01
3.980243088495153403e-01 -1.917021138125809543e-01 -1.094137768210901029e-01 3.336393163380035887e-02 -1.087049119256506685e-01 3.314777494315147843e-02 -3.980243088495153403e-01 1.920543635753993450e-01
-2.642880435640030390e-01 3.996944797582808739e-01 2.704877295307783758e-01 4.057841488055146106e-01 2.431185243537710428e-01 3.647250233305763256e-01 2.642880435640030390e-01 -4.028871528716108097e-01
-4.755673550168358910e-01 3.136217164732040263e-01 4.319261918698378278e-01 9.244650316661606748e-02 3.950992629644098364e-01 8.456432129444481360e-02 4.755673550168358910e-01 -3.151640858240421506e-01
-3.685283983882439163e-01 -2.803424301663064444e-01 -3.619644084702706710e-01 3.343273044806619465e-01 -3.246881759208419260e-01 2.998972277719780255e-01 3.685283983882439163e-01 2.814440620719234620e-01
-6.598600666670628723e-02 -2.041812734344045088e-01 3.787967343228979544e-01 -6.825450028192769913e-02 3.535149097605563839e-01 -6.369902726603036969e-02 6.598600666670628723e-02 2.046068892215070489e-01
1.557267427145981875e-01 8.980904151582547179e-02 2.050368126301127525e-01 4.821533348159725563e-01 1.816184182415031545e-01 4.270839216424793805e-01 -1.557267427145981875e-01 -8.984525999319846468e-02
-4.607182327746126571e-01 3.647649667829786502e-01 -4.456827915184434774e-01 1.651829955933394878e-01 -4.025270341007992636e-01 1.491882176413822647e-01 4.607182327746126571e-01 -3.671916292117023972e-01
1.125260668293881494e-01 2.386988312628168796e-02 -8.379791761225163782e-03 1.200469688595529050e-02 -8.378893869851107915e-03 1.200341058743031528e-02 -1.125260668293881494e-01 -2.387056314502309512e-02
1.452277456840331826e-01 -4.645130807657271710e-03 -1.280154232325501074e-01 4.966122044990000095e-01 -1.139091527265610748e-01 4.418895318995221255e-01 -1.452277456840331826e-01 4.645135819112436622e-03
6.651699590732829126e-02 2.313319921709864335e-01 4.033796569089795891e-01 -1.878769018746005992e-01 3.685388268315458182e-01 -1.716495411201025556e-01 -6.651699590732829126e-02 -2.319509728570328944e-01
6.319068449274500843e-02 -5.147541063505445269e-02 4.143203585585494286e-01 4.380833397931268580e-01 3.548103024595988808e-01 3.751601365554069201e-01 -6.319068449274500843e-02 5.148223040090305069e-02
8.033135146797654169e-02 2.637611533649839579e-01 -2.655650203306902934e-02 1.227927778095614375e-01 -2.634937587999392622e-02 1.218350614784938363e-01 -8.033135146797654169e-02 -2.646786458251310648e-01
2.885387936212613358e-02 4.242317085892221007e-01 9.353964956684479581e-02 4.568459913362190594e-01 8.477518728176199059e-02 4.140405128070715479e-01 -2.885387936212613358e-02 -4.280492115509566542e-01
1.177669784693171628e-01 -1.771838644246953587e-01 2.789561501543261768e-01 1.406673646590400617e-01 2.662644166923606170e-01 1.342673885407076051e-01 -1.177669784693171628e-01 1.774619910158430069e-01
3.799151745179160100e-01 -2.011728033473169086e-01 1.568617129363271134e-01 -2.663719987569319603e-01 1.498645593809148080e-01 -2.544899037365817018e-01 -3.799151745179160100e-01 2.015798815120892207e-01
3.568503024577331928e-01 1.545982033421369195e-01 -3.750689173930227271e-01 -3.823060307680512526e-01 -3.306356748376198529e-01 -3.370154300070452580e-01 -3.568503024577331928e-01 -1.547829528676807065e-01
4.346503847491600681e-02 2.172501940645406027e-01 1.695737944604466252e-01 -6.525608640449132025e-02 1.668421249992896038e-01 -6.420487410513246729e-02 -4.346503847491600681e-02 -2.177628789611040783e-01
2.488038825386118535e-01 -9.912331536483787175e-02 -5.592142283744261366e-02 -3.057204150818612076e-01 -5.340176865950987256e-02 -2.919455559660703026e-01 -2.488038825386118535e-01 9.917201183283443078e-02
4.378494408664137527e-01 -1.895328309762889241e-01 -2.079092341110403419e-01 1.900150631232678800e-01 -2.001226555831157328e-01 1.828986538073273105e-01 -4.378494408664137527e-01 1.898732574709641741e-01
-3.349841022808515145e-01 4.048139767028247071e-01 3.503688793748200858e-01 -4.379701437814020881e-01 3.055854286292737920e-01 -3.819896742914972720e-01 3.349841022808515145e-01 -4.081309081840384656e-01
2.204956683600789447e-02 -3.184088138404691515e-01 -1.188685218090735907e-01 -4.526359222419469308e-01 -1.076622385082835337e-01 -4.099638480917790484e-01 -2.204956683600789447e-02 3.200228945495475763e-01
1.454886627441757119e-01 -2.598070750204504176e-01 -3.045410507086795393e-01 -4.542004598886029143e-01 -2.671985066420768939e-01 -3.985068164569788296e-01 -1.454886627441757119e-01 2.606839202123806265e-01
-4.626697629357274799e-01 -2.066352095748491546e-02 4.906692306763057454e-01 9.830946526323069978e-02 4.387940071356782323e-01 8.791585350228864337e-02 4.626697629357274799e-01 2.066396210412863726e-02
9.335391514138646762e-03 4.924586947447050500e-01 1.355308938638994931e-01 3.744662062692684090e-01 1.259136307272225863e-01 3.478941093929565076e-01 -9.335391514138646762e-03 -4.984301396998169764e-01
3.052231968327464573e-01 -3.959859348892909026e-01 -3.032607333289537577e-01 2.320036027240224286e-02 -2.901378568825134230e-01 2.219642066563031271e-02 -3.052231968327464573e-01 3.990905608558815709e-01
-4.982403508956402272e-01 2.609648782115683296e-01 3.209682309863416405e-01 3.427434543162400926e-01 2.905322055737116771e-01 3.102425789070923368e-01 4.982403508956402272e-01 -2.618534984301568169e-01
2.524961702186028223e-01 -3.825277738351615664e-01 -4.864107049424456486e-01 1.801699678508741354e-01 -4.317801071819294401e-01 1.599344077734065062e-01 -2.524961702186028223e-01 3.853264904335215180e-01
4.655527156217962315e-01 2.011729025692875483e-01 4.679474559715064430e-01 -1.480113587547705611e-01 4.200798168807939326e-01 -1.328708676338385408e-01 -4.655527156217962315e-01 -2.015799813363945148e-01
-1.621841129353205346e-01 -4.549544505028269015e-01 -4.681132823209657179e-01 -3.720124936419474393e-01 -4.017698208405030558e-01 -3.192889383097512468e-01 1.621841129353205346e-01 4.596628549117264817e-01
4.092222456715097767e-01 1.919304613653527447e-01 1.455425315756676552e-01 2.710649587420478346e-01 1.391074951185586051e-01 2.590800573330533929e-01 -4.092222456715097767e-01 -1.922839713837676823e-01
-4.747360545681829080e-01 -2.333991174268080782e-01 1.628090792433423140e-03 -1.625419277135571328e-01 1.606998725327462045e-03 -1.604361819757887664e-01 4.747360545681829080e-01 2.340348400002350282e-01
1.805743744444446852e-01 -3.009221154853656266e-01 3.831624935411331867e-01 1.908363003317865569e-01 3.522475973483718548e-01 1.754389571314023955e-01 -1.805743744444446852e-01 3.022846023469852317e-01
1.443266150414169724e-01 -1.872242839564439709e-01 2.073279384566467654e-01 4.217263391735155409e-01 1.876414644198879933e-01 3.816820273043132761e-01 -1.443266150414169724e-01 1.875524219658663838e-01
5.066078422181508056e-02 3.026482835613490963e-01 -2.768013184706284990e-01 1.479874905562365006e-01 -2.640975152367832646e-01 1.411956010830061059e-01 -5.066078422181508056e-02 -3.040343519213636325e-01
2.338940376588334313e-01 -4.311636895764806576e-01 4.650248941651993206e-01 -6.195090568349592708e-02 4.209989074473046711e-01 -5.608573634524063878e-02 -2.338940376588334313e-01 4.351714019298624780e-01
-4.792480506405984997e-01 3.612943252306177744e-01 -2.860253819917496498e-01 -1.826575200818519873e-01 -2.708527194143981465e-01 -1.729681669897628338e-01 4.792480506405984997e-01 -3.636523774865200176e-01
-4.582621874830389297e-01 -4.121630709402585024e-01 -1.351157506638629435e-01 -4.805166495485561073e-01 -1.208921899258050409e-01 -4.299329262082252079e-01 4.582621874830389297e-01 4.156639510309215191e-01
-1.266592399485307885e-01 -2.147343768781871942e-01 -3.809135600863334803e-01 5.964955199045263168e-02 -3.554119026816627835e-01 5.565609363507708490e-02 1.266592399485307885e-01 2.152294561383487348e-01
-4.350930175933903632e-01 -2.579302451388318929e-01 7.941929538065217731e-02 -1.791076720588535842e-03 7.916988223713723738e-02 -1.785451915268653367e-03 4.350930175933903632e-01 2.587882244527322517e-01
-4.795700311885047196e-01 -1.113436548926147740e-01 5.905677780624951634e-02 -4.465311533183197179e-01 5.384668821289310264e-02 -4.071374139130685132e-01 4.795700311885047196e-01 1.114126735367769322e-01
2.605307121989587360e-01 -3.594012732146057987e-01 -1.318804642645552416e-01 3.171792662661755413e-01 -1.247270092445770806e-01 2.999748408256247556e-01 -2.605307121989587360e-01 3.617224533127495478e-01
-8.786622463605930911e-02 3.253221089727125204e-01 -4.667085910822766914e-01 1.588296208826609490e-01 -4.186032414058716289e-01 1.424584749523639671e-01 8.786622463605930911e-02 -3.270436236964366916e-01
2.917569962766239922e-01 -2.508034043708675664e-01 -2.631705870817951931e-01 2.878095174291017688e-01 -2.451848129692400513e-01 2.681398536367933794e-01 -2.917569962766239922e-01 2.515922105174695500e-01
-1.969374393489652375e-01 -1.532009695772418301e-02 3.176159229732351541e-01 1.077757626294386650e-01 3.011293850554190299e-01 1.021814297616827766e-01 1.969374393489652375e-01 1.532027674317603533e-02
-2.820915637971572743e-01 -2.788047135064448678e-01 1.298968348041116272e-01 2.437351466248613985e-01 1.252091109449847972e-01 2.349392197351557188e-01 2.820915637971572743e-01 2.798883168577064318e-01
-1.926205814625355783e-01 -1.090444373981275250e-01 -2.993058868768718739e-01 2.590563174316188322e-01 -2.782953705066551486e-01 2.408712190528349284e-01 1.926205814625355783e-01 1.091092680745270466e-01
-1.035581211215494957e-01 2.442620917032978234e-02 -5.998090379019860308e-02 -2.184530792731051996e-01 -5.849862449555660177e-02 -2.130545531456908837e-01 1.035581211215494957e-01 -2.442693785262856077e-02
3.847186881060605801e-01 -1.974173904513358835e-01 1.241306412669799242e-01 -1.508746254105195472e-01 1.218272478691897892e-01 -1.480749652096413627e-01 -3.847186881060605801e-01 1.978020940289225704e-01
-1.897162930598810249e-01 8.383106529762029968e-02 4.607407952348514524e-01 -3.124117442469588335e-01 4.025690521844859093e-01 -2.729675797618342226e-01 1.897162930598810249e-01 -8.386052205648079905e-02
-1.692806880178679974e-01 -9.978790975721818501e-02 -3.708854561634628011e-01 -9.977452719194923603e-02 -3.462273556792397344e-01 -9.314107668484547520e-02 1.692806880178679974e-01 9.983759229611106900e-02
-1.074707560534127193e-01 -4.957760864915929933e-01 -6.781408176794856413e-02 2.077172152607645872e-01 -6.625094043349891160e-02 2.029292515136194019e-01 1.074707560534127193e-01 5.018690240753911347e-01
-8.776259148254472731e-02 3.851907855493335031e-01 -3.839637928991690430e-01 -3.141851459777047495e-01 -3.439590712296268782e-01 -2.814505768595087498e-01 8.776259148254472731e-02 -3.880483607799377621e-01
2.509266518441872762e-01 -4.869313866268508706e-01 1.211277966332597877e-01 2.781909237873594343e-01 1.159097964327925334e-01 2.662068843146887520e-01 -2.509266518441872762e-01 4.927040111759746766e-01
6.512635395780452807e-02 1.482792162720237839e-01 -2.159649843888687970e-01 1.977319782273233573e-01 -2.072624661073958485e-01 1.897641765939962477e-01 -6.512635395780452807e-02 -1.484422249968458951e-01
3.027759363482463995e-01 2.143751515210080560e-01 1.290909626495879703e-01 -3.326884803309916316e-01 1.215814184168954315e-01 -3.133351591729917618e-01 -3.027759363482463995e-01 -2.148677503072174977e-01
4.818348580878781817e-01 -3.222331977242763879e-01 -3.653604196004305305e-01 2.770402747102845842e-01 -3.321129625581120681e-01 2.518298683874113930e-01 -4.818348580878781817e-01 3.239061395824479606e-01
-2.243803663962385953e-01 -2.223610730964945548e-01 3.462740453125295881e-01 -1.325532102382205313e-01 3.246749681133682119e-01 -1.242851143191401053e-01 2.243803663962385953e-01 2.229107991092683372e-01
1.712569051256316310e-01 3.115371477991413229e-01 -1.796305609929671476e-02 -3.088662788073123222e-01 -1.716051130890240348e-02 -2.950668995917126725e-01 -1.712569051256316310e-01 -3.130489658375524287e-01
4.075429465160510523e-01 4.464418322439492881e-01 9.364422862367094424e-02 1.285692473489817855e-01 9.248167514740014694e-02 1.269731145424662921e-01 -4.075429465160510523e-01 -4.508908552335899600e-01
3.212164761982603256e-01 2.073898899099136939e-01 3.472739199350465267e-01 -2.484683817926357507e-01 3.193756236227994205e-01 -2.285076414618558982e-01 -3.212164761982603256e-01 -2.078358877418287343e-01
2.665601265709067746e-01 -5.160706011046067854e-02 -4.468742955604627642e-01 2.397672749159409644e-01 -3.985527244993721796e-01 2.138406742408142103e-01 -2.665601265709067746e-01 5.161393233534165154e-02
-4.148579376272698571e-02 4.011414967516501173e-01 4.678727674569982398e-01 -2.721293332955521116e-01 4.114673130371030996e-01 -2.393221690980131267e-01 4.148579376272698571e-02 -4.043689709289491341e-01
-1.622453531148164707e-01 -1.299047131019670509e-02 4.767080260738778552e-01 3.487007059005109433e-01 4.104609132700227092e-01 3.002425014334540454e-01 1.622453531148164707e-01 1.299058091882142676e-02
-2.321118142979081700e-01 -1.071089446787902855e-01 2.514209327286175411e-01 -4.911501010637391307e-01 2.201350660672824200e-01 -4.300332465289281592e-01 2.321118142979081700e-01 1.071703841154955927e-01
-7.125267087095732421e-02 2.730506942808770265e-01 -4.612198039351138590e-01 -8.196763576156551601e-02 -4.176642477016989652e-01 -7.422697515186801875e-02 7.125267087095732421e-02 -2.740685819652302624e-01
-7.050782156836166159e-02 5.259803039930044388e-02 4.916129363227399462e-01 -2.848919132607981020e-01 4.274334896072319312e-01 -2.476996345067722372e-01 7.050782156836166159e-02 -5.260530616071918547e-02
-2.209103929278740663e-01 4.308159224933445497e-01 3.465732304205961789e-01 -3.049562094319613337e-03 3.274630420120999141e-01 -2.881408004301952690e-03 2.209103929278740663e-01 -4.348139450704103792e-01
-4.513719937365944235e-01 -3.485162870494985521e-01 4.826545769798094021e-01 -4.058262880593143107e-01 4.082602994282615305e-01 -3.432739888549456442e-01 4.513719937365944235e-01 3.506328892344367509e-01
8.419582853067553163e-02 -7.128965442633206084e-02 -7.525897799484426720e-03 4.477147799579431764e-01 -6.868727706981680482e-03 4.086198080092190987e-01 -8.419582853067553163e-02 7.130776989327329562e-02
-1.316580946697765153e-01 -1.785348944793426762e-01 3.799693575880420671e-01 -4.567972638164787824e-01 3.266579136941905603e-01 -3.927065122479804771e-01 1.316580946697765153e-01 1.788194318656903536e-01
3.385770150538872647e-01 -4.175630952959004105e-01 2.938839212240893506e-01 -2.220933278280203815e-01 2.757689161021989466e-01 -2.084034949362286449e-01 -3.385770150538872647e-01 4.212033881996372631e-01
-1.185884650953679120e-01 3.897329460901544085e-01 -1.335673143134741281e-02 4.996498787040118961e-01 -1.194744385874275949e-02 4.469311152602557513e-01 1.185884650953679120e-01 -3.926928074263397739e-01
3.644791938019532607e-01 1.026417082776404088e-01 -6.096008776164962839e-02 -7.010272931470395985e-02 -6.069871957915998206e-02 -6.980216178566449325e-02 -3.644791938019532607e-01 -1.026957764411704915e-01
-3.483135756050208531e-01 -4.053835612781927500e-01 2.781298308142053921e-01 4.715877319119964328e-01 2.439593454548050211e-01 4.136493883628776791e-01 3.483135756050208531e-01 4.087145135143072094e-01
-2.117468612077836321e-01 1.393729219984777279e-01 3.382349609471311247e-01 3.198965297579482447e-01 3.066339203062319885e-01 2.900088350931036008e-01 2.117468612077836321e-01 -1.395082866345872807e-01
-1.850731281573116949e-01 -4.195363826428085696e-01 -3.422253300266632214e-01 3.303267871607025175e-01 -3.090476750063386735e-01 2.983026579487119689e-01 1.850731281573116949e-01 4.232285288638411580e-01
-1.395146898459412865e-01 -2.685758309003605238e-01 -4.360460750625226867e-01 1.565242488306048951e-01 -3.956482996943385677e-01 1.420229568673052056e-01 1.395146898459412865e-01 2.695444896112606514e-01
-3.774900185625801319e-01 3.209913422120398430e-01 -3.927465886768857217e-01 -1.152092135081925761e-01 -3.634793063469797803e-01 -1.066238796670761907e-01 3.774900185625801319e-01 -3.226450164495796025e-01
3.286813263076766578e-01 -4.438160190880596767e-01 3.405620427928017779e-01 8.367287565518999326e-02 3.213731018869190326e-01 7.895833420715915596e-02 -3.286813263076766578e-01 4.481870001529316694e-01
