4.185517481459487543e-01 -2.718867979121045719e-01 2.795504005071858256e-01 3.233880941905298290e-02 2.690979023898428246e-01 3.112964876696128202e-02 -4.185517481459487543e-01 2.728917245633816768e-01
-2.623410781203167064e-01 1.633887180533457606e-01 -3.676302433045784968e-01 1.399052313279864901e-01 -3.421147974878345210e-01 1.301950825727036798e-01 2.623410781203167064e-01 -1.636068082782136390e-01
-2.834537151902805086e-01 1.292398158002824315e-01 -1.540283848356329699e-01 -5.591650681688009605e-02 -1.520011808245773366e-01 -5.518057644258991812e-02 2.834537151902805086e-01 -1.293477499800317343e-01
9.539924535237920278e-02 2.275902968249708946e-01 -4.144793133887388903e-01 3.674784089991319780e-01 -3.625707236306063286e-01 3.214561218510721963e-01 -9.539924535237920278e-02 -2.281797254607535741e-01
-6.720639974108744141e-02 -4.247939165694456509e-01 1.325213957780231322e-01 -1.227148916029833225e-01 1.304113988560186843e-01 -1.207610331935826536e-01 6.720639974108744141e-02 4.286266169535482007e-01
1.692474106394472599e-01 -4.409575688702658258e-01 6.203425230051418104e-02 -3.237139551309418106e-01 5.891643786352543377e-02 -3.074442330768628051e-01 -1.692474106394472599e-01 4.452446372320772450e-01
-1.430508548769143795e-01 -2.296482730201098166e-01 -3.341848612715920819e-01 1.748317005045360029e-01 -3.126849775831936906e-01 1.635838504026799478e-01 1.430508548769143795e-01 2.302538363324082016e-01
4.630980777029286566e-01 -1.685631987877611593e-02 1.668193012124221664e-01 9.994037830077562301e-02 1.637517530300508506e-01 9.810262976943712188e-02 -4.630980777029286566e-01 1.685655935273669762e-02
4.101286300615489822e-01 -2.931861243292506192e-01 -2.502767636500697890e-01 3.216437558534928076e-01 -2.317682308705243388e-01 2.978574725736193862e-01 -4.101286300615489822e-01 2.944462104902318966e-01
3.505374562408011263e-01 -3.540105203987744531e-01 4.965771458136972738e-01 -2.094746407148666556e-01 4.371324290211595631e-01 -1.843986564544360385e-01 -3.505374562408011263e-01 3.562288113607954831e-01
1.597998907991029505e-01 -4.539754123027640587e-01 2.201959158839266184e-01 -2.327501260068569611e-01 2.096952888129097470e-01 -2.216508180831872066e-01 -1.597998907991029505e-01 4.586534853562629910e-01
-3.693358009605693937e-01 2.625113165476695709e-01 -2.874911607384587064e-01 1.803480669973552830e-01 -2.722404624122326533e-01 1.707810460272850273e-01 3.693358009605693937e-01 -2.634158280510915939e-01
8.907031910844909195e-02 2.803512141887798403e-02 -2.275714505169496027e-01 -1.288163155396693238e-01 -2.201681095764469465e-01 -1.246256707972238642e-01 -8.907031910844909195e-02 -2.803622315433976914e-02
-4.753833451311457736e-01 5.145382796003239445e-02 -2.113914012176263402e-01 -2.371127673560926574e-01 -2.014705852761005667e-01 -2.259848212391932232e-01 4.753833451311457736e-01 -5.146063915127711830e-02
-4.401557896308226914e-01 4.934059310280608512e-01 1.892539866895139866e-01 -4.249859264075488419e-01 1.715937463562427490e-01 -3.853283544329708099e-01 4.401557896308226914e-01 -4.994119002364521553e-01
-4.905872299190305874e-01 -2.715642104018189951e-01 -3.776117274735045770e-01 3.987183747110863985e-01 -3.309879751448968066e-01 3.494885828405490114e-01 4.905872299190305874e-01 2.725655643274691453e-01
-2.230036436161905167e-01 4.101295133782237867e-01 -1.111413430911687428e-01 3.290447184746388976e-01 -1.049895099842423352e-01 3.108316203018815504e-01 2.230036436161905167e-01 -4.135788300897478287e-01
-1.818511375829323651e-02 -1.198942913711102953e-01 4.885903007406765530e-01 -3.468569124498358525e-01 4.191121851376496954e-01 -2.975334514143508358e-01 1.818511375829323651e-02 1.199804632415504835e-01
1.817935532090345641e-01 -4.622979472699791925e-01 -8.216950812397916248e-02 3.489755001346127594e-01 -7.734870213086933455e-02 3.285014432623349911e-01 -1.817935532090345641e-01 4.672380490818051624e-01
1.463898656774009766e-01 -4.148743400587568964e-01 -2.579641369472601697e-01 -3.611469051966922361e-01 -2.357855747313590544e-01 -3.300971662648711225e-01 -1.463898656774009766e-01 4.184447635241043129e-01
1.954454525534745635e-01 3.636140350064365201e-01 3.297850900334183821e-01 -2.634500603908804806e-01 3.038282252923520943e-01 -2.427143212981917597e-01 -1.954454525534745635e-01 -3.660177995145997287e-01
-4.285748662813705367e-01 -1.957572572812694700e-01 3.307679151092030034e-01 1.581407856849077476e-01 3.105540656165521329e-01 1.484765047965122819e-01 4.285748662813705367e-01 1.961323370322783088e-01
-6.359676231053079665e-02 7.454922749329473408e-02 3.705678714266766871e-01 4.414478211872380209e-01 3.210580634937784672e-01 3.824680808356756279e-01 6.359676231053079665e-02 -7.456994318536579180e-02
1.372697753917474506e-01 -5.006558603225275128e-02 -3.236266630087917262e-01 -2.596236846931483377e-01 -2.989198786574985833e-01 -2.398031101750732197e-01 -1.372697753917474506e-01 5.007186065929040975e-02
2.984257526281475226e-01 -1.513361260809554798e-01 -3.000110207372187476e-01 1.194416339475329325e-01 -2.854953231326110563e-01 1.136625841128894865e-01 -2.984257526281475226e-01 1.515094257934838651e-01
-4.827055891236472496e-01 1.375344516565322195e-01 8.980987505720305908e-02 4.285178275168709527e-01 8.227006410344901710e-02 3.925424583524813049e-01 4.827055891236472496e-01 -1.376645298525091266e-01
4.942393627965921965e-01 -4.696975559219253027e-01 4.425062967906705502e-01 4.182388452837917381e-01 3.779571940638356553e-01 3.572296746022109448e-01 -4.942393627965921965e-01 4.748786908848206534e-01
4.589347319832971506e-01 3.687905051441776605e-01 -2.443708354341096456e-01 2.627285454073151616e-01 -2.300126718415408944e-01 2.472917629095404135e-01 -4.589347319832971506e-01 -3.712983992685644496e-01
-1.206667085169338405e-01 -1.840430145096856318e-01 -1.924887827492183234e-01 -4.373023167193533789e-01 -1.736823986163484324e-01 -3.945773577219621742e-01 1.206667085169338405e-01 1.843547082056424535e-01
3.691889231977583119e-01 2.382975037719470279e-01 -4.132036165354193713e-01 3.677953309819177452e-01 -3.615686414169358431e-01 3.218346907455614248e-01 -3.691889231977583119e-01 -2.389740983035655852e-01
-4.117464599707260087e-01 -4.268672316883973528e-01 4.468410560341073978e-02 2.372419699750327737e-01 4.343628646745130439e-02 2.306169057382101983e-01 4.117464599707260087e-01 4.307563258402939410e-01
4.445437789753847735e-01 -2.057200686024283076e-01 4.477175537086856005e-01 -2.524339254229218676e-01 3.981995026230959467e-01 -2.245144571972879921e-01 -4.445437789753847735e-01 2.061553799473864468e-01
-4.676066677640011715e-02 4.928799605212063062e-01 -2.408323958126505904e-01 -3.514661835249773825e-01 -2.215607183369295019e-01 -3.233414667082866734e-01 4.676066677640011715e-02 -4.988667431154084064e-01
-1.400765498247742435e-01 3.787344958309089016e-01 2.493688450199469386e-01 2.406650836417700834e-01 2.356204180228920197e-01 2.273965202295109289e-01 1.400765498247742435e-01 -3.814507761948168207e-01
-1.782605881626029287e-01 3.073598239484440775e-01 -2.627388727350842279e-01 4.923258646520414228e-01 -2.294320127383309427e-01 4.299147395830846818e-01 1.782605881626029287e-01 -3.088116390201152694e-01
1.301816696921676009e-01 3.299533780980568043e-01 1.412646526610439324e-01 -1.304915164249106363e-01 1.387227000191527948e-01 -1.281434183786386849e-01 -1.301816696921676009e-01 -3.317494666368767664e-01
-4.786023265868558640e-01 -1.001228227256474312e-01 -8.474995622985659338e-02 4.246234987314511100e-01 -7.777229735319882153e-02 3.896632691695012252e-01 4.786023265868558640e-01 1.001730071861098720e-01
2.950694058795145791e-01 2.781668069541647359e-01 -2.808010154773407097e-01 3.793240948305355298e-01 -2.539407092531488774e-01 3.430394634233362439e-01 -2.950694058795145791e-01 -2.792429894409778068e-01
4.925807852532736453e-01 -3.140452116287119066e-01 4.167063337811344192e-01 -2.825803782828567590e-01 3.721933877355704245e-01 -2.523948876571096567e-01 -4.925807852532736453e-01 3.155938375778549188e-01
2.584773055982036993e-01 2.265479012812818826e-01 -5.175202661619993094e-02 -4.498100554346144975e-01 -4.714466043736651596e-02 -4.097644809554135126e-01 -2.584773055982036993e-01 -2.271292679570202644e-01
1.889062995586893168e-01 3.321221321578926577e-02 -3.842682194748096025e-01 3.474927820693212155e-01 -3.411961128911791263e-01 3.085427846774259630e-01 -1.889062995586893168e-01 -3.321404495421643316e-02
-1.036154540550321412e-01 1.103798782730500694e-01 -3.869216783527557046e-01 4.634944763793034106e-01 -3.312307448183198222e-01 3.967821634701135802e-01 1.036154540550321412e-01 -1.104471201359304017e-01
-4.443577913572911431e-01 -3.652273397027447910e-01 4.258680717326076559e-01 -3.059798973148197820e-01 3.771569802099991597e-01 -2.709817000525963082e-01 4.443577913572911431e-01 3.676632418827798787e-01
2.117804063827496419e-01 -4.891962534858783629e-01 4.845352530490011356e-01 -2.365817505377637575e-01 4.264863128651510404e-01 -2.082384673625180260e-01 -2.117804063827496419e-01 4.950498040108326503e-01
-1.764831250181710942e-01 -8.988744952436755753e-02 -3.257363525633316659e-02 4.561831682270143240e-01 -2.962262920086126960e-02 4.148552881409088289e-01 1.764831250181710942e-01 8.992376294648110613e-02
-3.049575723224703383e-01 3.040116508798269557e-01 -1.625402062229808209e-02 -2.052628271140658489e-01 -1.592004260174020858e-02 -2.010452077147386607e-01 3.049575723224703383e-01 -3.054165355951734551e-01
-3.057025147869935067e-01 -2.899156073745544626e-01 2.658598686990818472e-01 -1.552353190181818832e-01 2.540911055188679879e-01 -1.483635496320404590e-01 3.057025147869935067e-01 2.911339930713664481e-01
4.161062828001360625e-02 -3.537383548440282688e-01 1.071981766570898609e-01 3.377223681168488589e-01 1.010428105207409333e-01 3.183302021955590755e-01 -4.161062828001360625e-02 3.559515334296075584e-01
-3.304375213411169243e-01 -2.995891941262190938e-01 -4.066130056317541763e-01 2.270361548650778882e-01 -3.686018145608762064e-01 2.058122526704945221e-01 3.304375213411169243e-01 3.009336558377226356e-01
4.177723860005874146e-01 -1.598788013971119693e-02 -4.096838665209415753e-01 1.404844191316354518e-01 -3.759395521703357002e-01 1.289131789927517868e-01 -4.177723860005874146e-01 1.598808447466101151e-02
3.570609425871988929e-01 -2.814791568521367582e-01 -2.108682379931016149e-01 -1.856400703064611246e-01 -2.030088671361426622e-01 -1.787209905420722167e-01 -3.570609425871988929e-01 2.825942437905403226e-01
-4.272627891156521862e-01 -2.577876781312624654e-01 3.595963649503428616e-01 2.414789924762396067e-01 3.299713548722346679e-01 2.215849716155229021e-01 4.272627891156521862e-01 2.586442355264715887e-01
4.744278969127050383e-01 4.511815256073986591e-01 3.610616012910228267e-02 -4.481858627703678710e-01 3.293044490077466635e-02 -4.087657011017834519e-01 -4.744278969127050383e-01 -4.557737587603803986e-01
-1.754179502132868773e-01 1.776492327221007583e-01 -2.580496213064600308e-01 -4.376630520706454863e-01 -2.300588743791044111e-01 -3.901895635689329178e-01 1.754179502132868773e-01 -1.779295565484840802e-01
3.628181436259446668e-01 2.222147181912178526e-01 -4.720443469038061446e-01 8.002340938023111416e-02 -4.257614087267907466e-01 7.217728531720112028e-02 -3.628181436259446668e-01 -2.227633594526731431e-01
9.594006580567771003e-02 3.436096994776047797e-01 -1.114013910306271837e-01 -1.366729386388624290e-01 -1.097090303008291939e-01 -1.345966637195042670e-01 -9.594006580567771003e-02 -3.456381585446993143e-01
2.887568695330922086e-01 1.223901434086778206e-01 4.390394845933859314e-01 3.548483169877658661e-03 4.019995276458357414e-01 3.249112228416429181e-03 -2.887568695330922086e-01 -1.224818096312986493e-01
-2.876112696259806034e-01 3.022479877027942630e-01 3.758149746865535601e-01 3.760933722059158768e-01 3.318290404872416555e-01 3.320748539538314059e-01 2.876112696259806034e-01 -3.036285635099785774e-01
1.501305180131333739e-01 2.484129888587319757e-01 2.983855924747050858e-01 1.374713047192538395e-01 2.834792227774765583e-01 1.306036873054564063e-01 -1.501305180131333739e-01 -2.491794548770935314e-01
-3.772784237596757961e-01 -1.591819938931722245e-01 2.953545672098225605e-01 2.021188244912974774e-01 2.780817711279970905e-01 1.902986001666256977e-01 3.772784237596757961e-01 1.593836687815700093e-01
-3.176480565997795713e-01 -3.958793651236558464e-02 -3.710182821094187844e-02 2.426344468750881722e-01 -3.603226601231765414e-02 2.356398418926534122e-01 3.176480565997795713e-01 3.959103863240811400e-02
1.608104815038441382e-01 8.319952013215781150e-02 1.384781865818002222e-01 -1.401928085552321956e-01 1.358654644519470822e-01 -1.375477359817106615e-01 -1.608104815038441382e-01 -8.322831615229663027e-02
2.371050566004083704e-01 -3.718845870776987805e-01 -4.190412592307100059e-01 -4.299560100503656557e-01 -3.592644600121908671e-01 -3.686222069476359220e-01 -2.371050566004083704e-01 3.744561345256099405e-01
1.228322010381959206e-01 1.130091693438872724e-02 -4.670057991379672480e-02 3.893021932604504576e-01 -4.347792775543424248e-02 3.624377398493399127e-01 -1.228322010381959206e-01 -1.130098909680265530e-02
4.913709810231138286e-01 4.558985505175113806e-01 -1.181649627125016533e-01 -1.886371399792026171e-01 -1.153420832512790789e-01 -1.841307288075032522e-01 -4.913709810231138286e-01 -4.606363277714932147e-01
-4.938800502141954540e-01 -3.982207902844938641e-01 5.948840613045536241e-02 -3.104060948325049196e-03 5.938313873134933724e-02 -3.098568173447534442e-03 4.938800502141954540e-01 4.013782789049422650e-01
-4.202798822437802118e-01 -7.611939101027087595e-03 -2.288829128848282046e-01 8.460871411413606324e-03 -2.231057606764238477e-01 8.247313564987257539e-03 4.202798822437802118e-01 7.611961153430041663e-03
-3.710419254214595286e-01 -1.336142173949216305e-01 -1.335299442205698517e-01 -7.563874472820419914e-02 -1.319847716340297183e-01 -7.476347352580429984e-02 3.710419254214595286e-01 1.337334865166295295e-01
-1.240824922864508517e-01 2.216336178483025998e-01 -1.283152611823509259e-01 2.423796134497051558e-01 -1.237459867093981813e-01 2.337485358187598727e-01 1.240824922864508517e-01 -2.221779661992037136e-01
-1.078093370870782941e-01 3.531121356932032107e-02 6.576431742713673145e-02 4.698483888974176459e-01 5.941658091148658422e-02 4.244974464455638086e-01 1.078093370870782941e-01 -3.531341501480369377e-02
3.738134432795386930e-01 -3.819430883775742913e-02 2.422689022342446874e-01 3.769676647986625051e-01 2.210866613214314824e-01 3.440083381229452342e-01 -3.738134432795386930e-01 3.819709474062726873e-02
-3.569739229124284652e-01 -3.305174293486881076e-01 -3.171059173287897881e-01 4.204462232517468534e-01 -2.805773362781033842e-01 3.720134974518614079e-01 3.569739229124284652e-01 3.323227448168155629e-01
4.988644640789365869e-01 4.155068577253794304e-01 1.475852390817533610e-01 -2.831869934461705984e-01 1.405907671517727942e-01 -2.697659800106899652e-01 -4.988644640789365869e-01 -4.190936365099740546e-01
-1.350840391137150265e-01 -2.104602738851801824e-01 3.001760924622921545e-01 -2.624088335567990038e-01 2.788310353954219778e-01 -2.437493477823803600e-01 1.350840391137150265e-01 2.109263752751457111e-01
-3.485190859741518210e-01 -3.931376576670253531e-02 -1.722311619032176333e-01 3.275646565468116611e-01 -1.615246180189193748e-01 3.072019920236850332e-01 3.485190859741518210e-01 3.931680387983309960e-02
6.357017186905800088e-02 3.994511347204248164e-01 -6.057438258146763399e-02 1.867981812499495131e-01 -5.943915290123433920e-02 1.832973805726444139e-01 -6.357017186905800088e-02 -4.026379800206333348e-01
-1.078014532519306901e-01 -3.947243223793974742e-01 -2.934674832256428667e-01 4.142136590407408114e-03 -2.815898648515526292e-01 3.974490358758683145e-03 1.078014532519306901e-01 3.977993687411271462e-01
3.747865017350444639e-01 -4.829827073032294527e-01 4.460781951429129144e-01 1.805622567917178900e-01 4.019556939472604951e-01 1.627024768743653427e-01 -3.747865017350444639e-01 4.886160315455039260e-01
-4.263588724903909499e-01 -1.301248342192778962e-01 2.240113689482724491e-01 -8.160663551168445551e-02 2.179040426603411351e-01 -7.938175579834622075e-02 4.263588724903909499e-01 1.302350009780008921e-01
1.694061399806628954e-01 9.439710357150532527e-02 -2.005101923125246488e-01 -2.753059402220929819e-01 -1.898037567797726810e-01 -2.606057134317394941e-01 -1.694061399806628954e-01 -9.443916131915655598e-02
-6.102787958385869072e-02 -1.863158324820357592e-01 -3.984119217896100462e-01 4.341867082516280840e-01 -3.432481490587245831e-01 3.740695892929937760e-01 6.102787958385869072e-02 1.866392170477226276e-01
3.721742734762872873e-01 3.361239001575468954e-01 5.839580829326174172e-02 1.744868056865334083e-01 5.743170473933122133e-02 1.716060621127556696e-01 -3.721742734762872873e-01 -3.380226519061729218e-01
4.244036582990947659e-01 2.873491291799188385e-01 1.059925116680787704e-01 5.788129008726805580e-02 1.052279327424121558e-01 5.746376234031073255e-02 -4.244036582990947659e-01 -2.885354431926752117e-01
3.293176945213215356e-01 2.894653199793270071e-01 -1.518138698211098925e-01 4.462338816566149280e-01 -1.373236262486350334e-01 4.036420048859711285e-01 -3.293176945213215356e-01 -2.906780374191219596e-01
1.431802889485781494e-01 3.582340886055348506e-01 2.710366142963505087e-02 -3.867854888361189625e-01 2.527058534292236924e-02 -3.606263947183869778e-01 -1.431802889485781494e-01 -3.605327274086065903e-01
4.149372648441234102e-01 -4.249781612987423296e-01 -3.151706515968233369e-01 2.686006580165156699e-02 -3.004960494267605586e-01 2.560943926677620303e-02 -4.149372648441234102e-01 4.288158508868338270e-01
6.888525255656041679e-02 4.178778816788166761e-01 -2.749813378869159219e-02 -3.393735025773996217e-01 -2.603062781037457016e-02 -3.212619955296183161e-01 -6.888525255656041679e-02 -4.215264136635308856e-01
1.118495893255411211e-01 -3.159898902735709392e-01 -2.866293398327677266e-01 1.448118602518778664e-01 -2.729027519100378774e-01 1.378768663215243773e-01 -1.118495893255411211e-01 3.175674636508891147e-01
-4.414875081179252536e-01 -2.732466728260382061e-01 3.477086011621854933e-02 3.511960161549986248e-01 3.278887391962856390e-02 3.311773668034995732e-01 4.414875081179252536e-01 2.742667538103508718e-01
6.750555403201075055e-02 -2.309795760679800303e-03 2.343402967030598916e-01 -3.233817621542447451e-01 2.176272421107366684e-01 -3.003183064827942284e-01 -6.750555403201075055e-02 2.309796376835888693e-03
3.222418099011370440e-01 3.902369830306118281e-02 1.680163660697090444e-01 -4.788204390863741722e-01 1.498296784319559927e-01 -4.269912157556977061e-01 -3.222418099011370440e-01 -3.902666966311510444e-02
-2.585876247331388988e-01 -1.754071022571804805e-01 1.481601779313024281e-02 1.598163476641197844e-01 1.462879136741860285e-02 1.577967872153387408e-01 2.585876247331388988e-01 1.756769454870193981e-01
-4.591061716426876327e-01 -1.515307997210624258e-02 3.216532353885065421e-01 3.898588679817072133e-01 2.870701825822172260e-01 3.479425794602291067e-01 4.591061716426876327e-01 1.515325394145998657e-02
-1.587928459765652889e-01 -7.031550727573632198e-02 -2.874393993439119388e-01 3.594982076989754471e-01 -2.611078958367734071e-01 3.265656022926105573e-01 1.587928459765652889e-01 7.033289022037517157e-02
4.528912974870458186e-03 1.223005136847983287e-01 -3.835935392124105725e-01 -8.435804554060322147e-02 -3.570420831092894765e-01 -7.851897706276805833e-02 -4.528912974870458186e-03 -1.223919786656530451e-01
3.377743224956901713e-01 -3.526171786803692365e-01 -4.168120428856171289e-01 -1.783025635804050824e-01 -3.796228217941767236e-01 -1.623938738691963757e-01 -3.377743224956901713e-01 3.548093798402284227e-01
1.945392266423493499e-01 -2.433102609342008282e-01 -2.807598259334970203e-01 3.202849906909491784e-01 -2.583062465675460828e-01 2.946704126996324002e-01 -1.945392266423493499e-01 2.440304578841240302e-01
3.441041698808215976e-01 2.656156713580032358e-01 -3.715381751001274324e-01 1.927013583809222830e-01 -3.427301232566911660e-01 1.777598231778650395e-01 -3.441041698808215976e-01 -2.665526530151252071e-01
4.551237416263632651e-01 2.537938246880780957e-01 -5.282044381392214660e-02 5.168336583670052331e-02 -5.267680118873518252e-02 5.154281543970962859e-02 -4.551237416263632651e-01 -2.546111842662409641e-01
2.661430149769978826e-01 -4.230394812114294245e-01 3.174922285146933865e-01 -4.391845401485047207e-01 2.791379808752599279e-01 -3.861294065124166730e-01 -2.661430149769978826e-01 4.268248893103882002e-01
-4.171419898793640169e-01 -3.518725262513607843e-01 1.317209528239411398e-01 4.502192351363826228e-01 1.192522126961456513e-01 4.076013636201200607e-01 4.171419898793640169e-01 3.540508683331310968e-01
-3.694008954643308584e-01 -4.507411283900027987e-01 5.118384825925414994e-02 -4.599639626709591811e-01 4.645048056656272961e-02 -4.174275252057398355e-01 3.694008954643308584e-01 4.553199272610152781e-01
-1.206506220976729660e-01 -1.685727267675367624e-01 -3.153476585716512570e-01 -3.442561445221564709e-01 -2.857417715157013482e-01 -3.119362326534467766e-01 1.206506220976729660e-01 1.688122413389749332e-01
-6.143601670016307637e-02 5.340655790926107649e-02 1.085584696591106457e-01 4.580132745022319485e-01 9.822139888186198764e-02 4.144006881207542570e-01 6.143601670016307637e-02 -5.341417437984632977e-02
4.672531085605693413e-01 4.333224896131160353e-01 -4.920814908105800578e-01 -5.828552261601782636e-02 -4.409181197903800364e-01 -5.222538039486386563e-02 -4.672531085605693413e-01 -4.373907027078248189e-01
2.274250507928683440e-01 -1.498899716029667983e-01 -4.723557407428099486e-01 1.618780696218313775e-02 -4.270592729500499174e-01 1.463548015962356369e-02 -2.274250507928683440e-01 1.500583505294507958e-01
-1.502177863989685447e-01 1.596410825747972551e-01 3.994653547415594197e-02 2.824449917707478885e-01 3.841419886321539162e-02 2.716104901968347529e-01 1.502177863989685447e-01 -1.598445074212938855e-01
-4.867993744351004626e-01 2.457312266389926059e-01 -3.770939271038755702e-01 2.703077969255219815e-01 -3.420690964210647556e-01 2.452013602022594940e-01 4.867993744351004626e-01 -2.464731363403381004e-01
-3.676021636179287455e-01 -8.161652541374475600e-02 1.478691768584026178e-01 4.394761463032302862e-01 1.341493888220104125e-01 3.987001056000039068e-01 3.676021636179287455e-01 8.164370884720643928e-02
3.144875806380291738e-01 4.493479290338698862e-01 4.559351179881981908e-01 1.702096740060573543e-01 4.099631770676141485e-01 1.530474314658350210e-01 -3.144875806380291738e-01 -4.538844010651775229e-01
-2.953999260042214914e-01 1.154230188965110759e-01 -3.566151185453338979e-01 -1.411173975001653869e-01 -3.329670781545373548e-01 -1.317595499429991268e-01 2.953999260042214914e-01 -1.154999049008329087e-01
-1.271459721251925190e-01 4.341409790636058252e-01 4.997082634487053365e-01 -1.891390686238715313e-01 4.407410907981947901e-01 -1.668200538500735353e-01 1.271459721251925190e-01 -4.382322886954903574e-01
3.750499437542854642e-01 -2.428351393880454623e-01 1.240038339231694930e-01 4.515896189715775666e-01 1.122995512900607507e-01 4.089656744740546301e-01 -3.750499437542854642e-01 2.435511255003554587e-01
3.314603556029752651e-01 5.161948335494459528e-02 1.135942588312807144e-01 -1.316593484376054057e-01 1.119148285483563265e-01 -1.297128354793702365e-01 -3.314603556029752651e-01 -5.162636054402330865e-02
-1.260549104238040119e-01 1.857872403453578736e-01 -1.509069978871888651e-01 -2.915678631922308250e-01 -1.433777266543858342e-01 -2.770205356628328008e-01 1.260549104238040119e-01 -1.861078803128646264e-01
-1.277539875758819665e-01 4.063506964819979528e-01 -5.899488346609493838e-02 4.095056766716830277e-01 -5.451341585707283888e-02 3.783981243231894775e-01 1.277539875758819665e-01 -4.097055458849210852e-01
-3.199206045819845690e-01 3.305526345309146574e-01 -1.204145569267548455e-01 4.527967931349632380e-01 -1.090394642854055490e-01 4.100228495099489945e-01 3.199206045819845690e-01 -3.323585269419597754e-01
4.826009739582526326e-02 4.969984166059362440e-01 2.710172176383671694e-01 1.859840190590457132e-01 2.574655264558439183e-01 1.766842483170414091e-01 -4.826009739582526326e-02 -5.031365315892355472e-01
-4.609507852215954937e-01 -3.978890939588985987e-01 4.759533886692491889e-01 2.559069289571115347e-01 4.187258835351350128e-01 2.251372875607234869e-01 4.609507852215954937e-01 4.010386990990691403e-01
-3.757392897500763107e-01 -1.572169291462843788e-01 4.719716842164247694e-01 -4.473092300281453770e-01 3.956739704946519165e-01 -3.749983844432983604e-01 3.757392897500763107e-01 1.574112269679956988e-01
2.220182295169471631e-01 -3.777164915162545267e-01 -1.428770532955232486e-01 -4.889617975849802622e-01 -1.273103849219226480e-01 -4.356886793703880212e-01 -2.220182295169471631e-01 3.804109273485657416e-01
-1.416662172950302612e-01 1.054214557797614749e-01 -7.089488798253573698e-02 3.474828567920703604e-01 -6.681746638617751255e-02 3.274978600600455536e-01 1.416662172950302612e-01 -1.054800368135936500e-01
-2.437200506733698813e-01 5.073779823596102911e-02 -2.478438759886445464e-01 4.212899201418532913e-01 -2.226680985303512439e-01 3.784956359070497656e-01 2.437200506733698813e-01 -5.074432901297717957e-02
2.303571516567824995e-01 -1.997789075040183882e-01 4.842223920775557966e-01 6.071367757818635358e-02 4.351679745919912468e-01 5.456304486121094088e-02 -2.303571516567824995e-01 2.001775824149588934e-01
2.777024105738201687e-01 7.155565644937567082e-02 -4.078696814201112630e-01 -2.719284047553607309e-01 -3.662330831425011923e-01 -2.441691123518434370e-01 -2.777024105738201687e-01 -7.157397545580898579e-02
-6.701007466135588952e-02 -4.512189736900172887e-01 3.232053146260416288e-01 -1.499117522196184993e-01 3.044591423095682203e-01 -1.412167481086093468e-01 6.701007466135588952e-02 4.558123504044528929e-01
-2.757875293752188872e-01 -4.392414339096674114e-01 -1.238954814632725610e-01 -2.676083470259649211e-02 -1.229120489538775979e-01 -2.654841795814177202e-02 2.757875293752188872e-01 4.434786431064652312e-01
-2.570446345268824206e-01 2.795587630981034577e-01 -1.999824388116832052e-01 -4.712378481695848054e-01 -1.780131923721635090e-01 -4.194696005195228672e-01 2.570446345268824206e-01 -2.806511823248220572e-01
3.816542352080908307e-01 7.294608230727483988e-02 -2.844230350443422983e-01 -2.293534443854328142e-02 -2.735061317343649989e-01 -2.205502566416002105e-02 -3.816542352080908307e-01 -7.296549008999225761e-02
-3.577941776860571466e-02 2.590729124376223158e-01 2.353036634238958591e-01 3.234118328255279895e-01 2.184774485331925920e-01 3.002851338267316095e-01 3.577941776860571466e-02 -2.599423452500612131e-01
1.873265451308601115e-01 1.219555186823367832e-01 -1.530887367674824695e-01 3.863758649712656368e-01 -1.413662104165673561e-01 3.567897480947342381e-01 -1.873265451308601115e-01 -1.220462118095507198e-01
-2.269060398821700630e-01 -7.680654828549093871e-02 -2.502879798664336963e-01 1.950993461775349935e-01 -2.385634822970713609e-01 1.859601066053294671e-01 2.269060398821700630e-01 7.682920332108884864e-02
-1.735407240967744569e-01 -2.804656511530068119e-02 1.327481472314726574e-01 -3.737189990740400480e-01 1.233978948398196523e-01 -3.473957166947757025e-01 1.735407240967744569e-01 2.804766820047019035e-02
-9.583160991060157841e-04 -2.834027188990578816e-01 -4.597055435404354684e-01 2.518751279789063213e-01 -4.071587554912923790e-01 2.230844615387610197e-01 9.583160991060157841e-04 2.845408231400571863e-01
2.248824410420182662e-01 2.702356035821318336e-01 1.945691168731568110e-01 -8.366183896548606835e-02 1.903468064511817381e-01 -8.184630801040720938e-02 -2.248824410420182662e-01 -2.712223321560727762e-01
2.823767793194250642e-01 5.888460786043392403e-02 1.667386377995500046e-01 4.828287549530166922e-01 1.484880677816810823e-01 4.299801763919754993e-01 -2.823767793194250642e-01 -5.889481667619223676e-02
1.181170879664932283e-01 2.358435784502224131e-01 2.113664347034363011e-01 -4.458158403467749054e-03 2.067955217763667031e-01 -4.361748328207093808e-03 -1.181170879664932283e-01 -2.364994853079922243e-01
2.122326779115835116e-01 2.660834739962970596e-01 2.531781056405588703e-01 -9.176846645845304629e-02 2.444687341913193146e-01 -8.861161504078562956e-02 -2.122326779115835116e-01 -2.670254150172579610e-01
1.942500575985520728e-01 -1.643311276949072086e-01 4.463155179314951537e-01 1.009763543365427285e-01 4.058430604402463726e-01 9.181969039743614891e-02 -1.942500575985520728e-01 1.645530134955754120e-01
-3.589957418001158418e-01 7.821787822867742879e-02 1.897730065038575331e-01 -8.694065517670712673e-02 1.857689519155133473e-01 -8.510627875148635280e-02 3.589957418001158418e-01 -7.824180522027585072e-02
-2.983031495322684412e-01 -6.719426444579468249e-02 3.626866607464590553e-01 -5.775963202098133298e-02 3.404528975557232773e-01 -5.421879603408440856e-02 2.983031495322684412e-01 6.720943378339951091e-02
3.011790684205007951e-01 -2.726103464407495514e-01 3.914871130659296483e-01 1.631141035893477476e-01 3.604132022081982245e-01 1.501670794207116688e-01 -3.011790684205007951e-01 2.736233174317081462e-01
-4.006323460116266721e-01 1.040759527552062025e-01 3.227214042431132413e-01 -4.534431144714967665e-01 2.819888578122276002e-01 -3.962114202884178815e-01 4.006323460116266721e-01 -1.041323192709717599e-01
1.753739235805821250e-01 1.228270297035137792e-01 3.425898899385958485e-01 -2.799016447275843866e-01 3.133005158581312344e-01 -2.559717383907893495e-01 -1.753739235805821250e-01 -1.229196810751131408e-01
-2.810485214730571446e-01 9.327048302176077499e-02 3.506316382035966628e-01 -2.075428624661859178e-01 3.247122977390762832e-01 -1.922009094672992857e-01 2.810485214730571446e-01 -9.331105280449535078e-02
-4.709059035401771398e-01 -3.592772601329786708e-01 3.603883045005360497e-01 -2.778062976889885682e-01 3.280250169385588999e-01 -2.528589700805156659e-01 4.709059035401771398e-01 3.615960382581449584e-01
-3.366175055953539719e-01 -2.343093811183850628e-01 1.987614887473134750e-01 -8.150442833967597167e-02 1.943280299227405084e-01 -7.968643769500087515e-02 3.366175055953539719e-01 2.349525707503987981e-01
-2.087327714325621919e-01 -3.640601120000924729e-01 -9.377009904756927750e-02 2.994936451681744494e-01 -8.946773942817165537e-02 2.857522779485014985e-01 2.087327714325621919e-01 3.664727340873324968e-01
7.479959971982830247e-02 1.409477839925122877e-01 3.134672341062137990e-01 -4.431738002915909247e-01 2.754948561710405808e-01 -3.894892004206608194e-01 -7.479959971982830247e-02 -1.410877893842041597e-01
-3.386611765448083178e-01 -3.728087177787487994e-01 -2.941381773296648516e-01 -2.738823781243884259e-01 -2.729206525983280951e-01 -2.541259963310160130e-01 3.386611765448083178e-01 3.753994837399231010e-01
2.913117617130083215e-01 4.686765314123984005e-01 -2.270255190792314082e-01 -1.873683263044207958e-01 -2.177861911102300374e-01 -1.797429394106890843e-01 -2.913117617130083215e-01 -4.738239516504625937e-01
6.405955060224111097e-02 3.925114857370086696e-01 -4.805879683347301645e-01 1.595430605933119139e-01 -4.287515308218426413e-01 1.423346732928211233e-01 -6.405955060224111097e-02 -3.955351050684614567e-01
3.803618402785287067e-01 -2.618422362027242878e-01 3.642942735025178624e-02 2.779619536168264071e-01 3.507713866576946810e-02 2.676437896506822511e-01 -3.803618402785287067e-01 2.627398491499669531e-01
3.539194254387950656e-01 1.316870898960360581e-01 -2.650581293353734269e-01 -1.939074126995098402e-01 -2.518253764156152541e-01 -1.842267857064943948e-01 -3.539194254387950656e-01 -1.318012724113285516e-01
3.583884005911736059e-01 -1.971560577308342221e-01 -2.870046152784806459e-01 -4.119028704180304201e-01 -2.564959650855296314e-01 -3.681175097719559530e-01 -3.583884005911736059e-01 1.975392355673568079e-01
1.784464693624413512e-01 -4.871490741661264057e-01 3.674963508970576775e-01 8.770478634335232559e-02 3.437781211077680088e-01 8.204431578076193388e-02 -1.784464693624413512e-01 4.929294443053259256e-01
6.997233819913184494e-02 -1.150976819489335501e-02 4.712100881113903128e-01 -3.580669017306833402e-01 4.055153978372793566e-01 -3.081462934922470365e-01 -6.997233819913184494e-02 1.150984443258456363e-02
-4.984268413990018409e-01 2.779690363795772612e-02 -1.600535071700084355e-01 -1.793412714709019529e-01 -1.556207248450968972e-01 -1.743743024093683536e-01 4.984268413990018409e-01 -2.779797752664883714e-02
1.215951688718420742e-01 4.996842886452723675e-01 -5.997149565449599873e-02 3.388272683388254825e-01 -5.670824462429890217e-02 3.203905356811058147e-01 -1.215951688718420742e-01 -5.059224569434210839e-01
1.926362577413174293e-01 -2.243800821269572587e-01 1.506777142817344872e-01 4.907909109186243679e-01 1.340441111447752964e-01 4.366115568292538995e-01 -1.926362577413174293e-01 2.249449188337603878e-01
-4.767239101241145249e-01 4.592094111962264913e-01 2.601126376367840498e-01 -3.506022758189428767e-01 2.383867227319650672e-01 -3.213182115032572339e-01 4.767239101241145249e-01 -4.640511610100029327e-01
3.894051801682467673e-01 4.346645061346643413e-02 4.777207833030511219e-01 -3.565531761385942744e-02 4.308359248429065591e-01 -3.215600467185408123e-02 -3.894051801682467673e-01 -4.347055674198483516e-02
1.857875990098626362e-01 9.223341277331154053e-03 2.683109991462933053e-01 -3.031400544166596989e-01 2.487044177665176936e-01 -2.809883716108825258e-01 -1.857875990098626362e-01 -9.223380508824492729e-03
-6.245788463412837999e-03 -2.488962484706866984e-01 -1.379049822371124501e-01 -2.146330007453856048e-01 -1.336250252317564280e-01 -2.079717474663609900e-01 6.245788463412837999e-03 2.496671964178950875e-01
2.674015051186732217e-01 8.876802415221607401e-02 3.622839587598447597e-02 2.985571109265063861e-01 3.469336748037127327e-02 2.859069885044913661e-01 -2.674015051186732217e-01 -8.880299769788917164e-02
1.967248438532509525e-01 -2.206640174582471525e-01 -2.587588998665028006e-01 1.275460399687151636e-01 -2.486200371374940599e-01 1.225484464886894415e-01 -1.967248438532509525e-01 2.212012527899660241e-01
-2.588917894394323627e-01 -3.494831252547832001e-01 -2.139642411494089291e-01 -4.717235873748980568e-01 -1.899894756844574262e-01 -4.188668001339802549e-01 2.588917894394323627e-01 3.516173917003093119e-01
-4.012467807950815812e-01 -3.557783226514366071e-02 4.845257676591150364e-01 1.862562942772540975e-01 4.300391005152620072e-01 1.653111033563200716e-01 4.012467807950815812e-01 3.558008395439216792e-02
-2.186420577505583385e-01 1.390552773987526747e-01 -4.765831062498170345e-01 3.361444739846825014e-01 -4.116859632195006835e-01 2.903711015739545709e-01 2.186420577505583385e-01 -1.391897186146633936e-01
3.582719620968821683e-01 2.179221484458537805e-02 -9.045292726666853689e-02 2.933574275444446045e-01 -8.647016168234204769e-02 2.804405004572091964e-01 -3.582719620968821683e-01 -2.179273230141095738e-02
-1.580934488234320145e-01 3.475371962455736652e-01 8.356012658055944620e-02 -3.449490587916855810e-01 7.874722622443017239e-02 -3.250806656256655103e-01 1.580934488234320145e-01 -3.496360099133137833e-01
6.691350559118514063e-03 4.003441005756074311e-01 -1.178634001514722307e-02 -3.289742756286322400e-01 -1.119535726841012352e-02 -3.124790684000099406e-01 -6.691350559118514063e-03 -4.035523660957715530e-01
-2.180782777667571448e-01 -2.654076468846341408e-01 -2.002811545681472127e-01 5.463879146091854544e-02 -1.960999770305371648e-01 5.349812254460860339e-02 2.180782777667571448e-01 2.663424287938875312e-01
9.604216145540633853e-03 -2.352085151479578196e-01 -4.107420266899131089e-02 3.372807757787630312e-01 -3.889063022368583616e-02 3.193503727407082105e-01 -9.604216145540633853e-03 2.358591377183874849e-01
-3.776687887088227003e-01 -1.013788155448311912e-01 -2.636479193990458603e-01 -3.541404657016186119e-01 -2.411870015664090150e-01 -3.239702298830817728e-01 3.776687887088227003e-01 1.014309124161985737e-01
-1.590439422699674310e-01 4.046903961895972346e-01 1.172254982629375997e-01 -1.806724267156182284e-01 1.145978503104441160e-01 -1.766225950734743866e-01 1.590439422699674310e-01 -4.080042908465252305e-01
-4.191418272323632621e-02 -3.984210252773239258e-01 -2.193659049761583768e-01 2.321665758256935552e-01 -2.089651457137915447e-01 2.211589004798210356e-01 4.191418272323632621e-02 4.015832792768182502e-01
-5.554972451027784253e-02 2.260154744422779860e-01 4.868807398838940204e-01 8.113500522367744772e-02 4.365922247134689238e-01 7.275480324235361618e-02 5.554972451027784253e-02 -2.265927518062878787e-01
-2.751927260912035988e-01 -4.911925077686224439e-01 4.427754142067594767e-01 -1.226235015238197334e-02 4.048382328124858209e-01 -1.121170689820665499e-02 2.751927260912035988e-01 4.971180105431973195e-01
-4.872434320898177962e-02 2.349488026560490050e-01 7.626842257478427811e-02 -4.418531153818605617e-01 6.959275523815912357e-02 -4.031783360910146663e-01 4.872434320898177962e-02 -2.355972723924405210e-01
2.928879809301641046e-01 -4.598801517920599879e-01 1.442848418916111708e-01 4.927183076334133993e-01 1.283564546588168431e-01 4.383244579553731701e-01 -2.928879809301641046e-01 4.647431488009418077e-01
-2.964018638444197995e-01 3.182951555106545705e-01 2.931360410181457210e-01 -1.868046358936914508e-01 2.768855997433093408e-01 -1.764488374223949219e-01 2.964018638444197995e-01 -3.199075083632893501e-01
7.797934616576640554e-02 -2.459530497563515716e-01 -4.279677604238951716e-01 1.605961235296374801e-01 -3.892309174608057920e-01 1.460600126518304953e-01 -7.797934616576640554e-02 2.466969704515443174e-01
6.392260907871505360e-02 -3.521956552392245809e-01 3.747858090657267827e-01 1.584795340370259709e-02 3.509089583763735365e-01 1.483831214195014368e-02 -6.392260907871505360e-02 3.543800040308485721e-01
-3.728459682844390555e-01 -3.193392325404776910e-01 -3.263932903334213487e-01 7.174992282747783001e-02 -3.095645368207471937e-01 6.805051538995497695e-02 3.728459682844390555e-01 3.209675040953289260e-01
-2.983659248858847590e-01 3.152504264593014582e-03 4.740669627786324725e-01 -1.105915473864272913e-01 4.262457990030768529e-01 -9.943570461527008464e-02 2.983659248858847590e-01 -3.152505831117013210e-03
1.416133447590691707e-01 -4.519109400264494925e-01 1.023404389519351199e-01 -3.999713192610904189e-01 9.459555445004289020e-02 -3.697024274772523489e-01 -1.416133447590691707e-01 4.565254816678565586e-01
1.564553345969578180e-01 1.073569322379283042e-01 -1.338135457877991374e-01 -3.444950494985573597e-01 -1.255161238686786640e-01 -3.231338281221304287e-01 -1.564553345969578180e-01 -1.074187994125607726e-01
4.677724534466054518e-02 3.881033512270013475e-01 -3.000673010280231479e-01 -2.815914731742714672e-01 -2.774912905157918552e-01 -2.604055191007773051e-01 -4.677724534466054518e-02 -3.910262392847860813e-01
-2.809130407894160353e-01 -2.532387725785280042e-01 3.256594982552241113e-01 -3.415760115005226361e-01 2.945091354854597610e-01 -3.089031838117948792e-01 2.809130407894160353e-01 2.540507811319239750e-01
-3.094582448625192717e-01 3.959883715183271091e-01 -3.558291168126977988e-01 -2.703983191124952334e-01 -3.248626582107705940e-01 -2.468665788495551239e-01 3.094582448625192717e-01 -3.990930547965618747e-01
4.258020926735462952e-01 2.485893019135805293e-01 4.394490608684414878e-01 -2.257544283138028796e-01 3.939891775821974251e-01 -2.024007091313863860e-01 -4.258020926735462952e-01 -2.493574011062419382e-01
-4.912842676962151378e-01 -8.967039904356188806e-02 4.407910281321847368e-01 6.704585507484717155e-02 4.025880230325641906e-01 6.123504455498172266e-02 4.912842676962151378e-01 8.970645004320615401e-02
-2.660595788000031936e-01 8.303033945382731762e-02 -4.173580509473934219e-01 -3.068144839806670188e-01 -3.705901600779162308e-01 -2.724337735297466812e-01 2.660595788000031936e-01 -8.305896016656333369e-02
3.189506063832414640e-02 -4.221568576747806167e-01 -4.147881582430827940e-01 2.325687514726260119e-02 -3.830480342543559624e-01 2.147722911326986270e-02 -3.189506063832414640e-02 4.259186217087510551e-01
-3.482133374155274019e-01 2.384217654866465086e-01 -4.274181220366283229e-01 2.708340062157090777e-01 -3.813745092087622024e-01 2.416584156642458681e-01 3.482133374155274019e-01 -2.390994190135663500e-01
2.514620547274744045e-01 -1.272640369974822327e-01 3.508483635164973968e-01 -3.998594525100616082e-01 3.097484537647610114e-01 -3.530181697210384439e-01 -2.514620547274744045e-01 1.273670962743934376e-01
-1.217561764589086826e-01 3.399005583560316124e-01 -4.794571592468448440e-01 1.866491861491854642e-01 -4.263370884174789710e-01 1.659699287905865850e-01 1.217561764589086826e-01 -3.418640345421967153e-01
3.599202225500619523e-01 3.228709128801133810e-01 -8.768815165579180171e-02 3.766949562919390537e-01 -8.178426366595628605e-02 3.513327518630731117e-01 -3.599202225500619523e-01 -3.245538069078320320e-01
2.723787596805580247e-01 3.163099273423716218e-01 4.522114609945923069e-01 -2.455429858278735944e-01 4.020989541112069965e-01 -2.183327631139175551e-01 -2.723787596805580247e-01 -3.178922989125700926e-01
3.370928826059415018e-01 -3.381932006037180471e-01 3.946405745355622274e-01 -3.034769566714887734e-01 3.532827070841774719e-01 -2.716729290107748329e-01 -3.370928826059415018e-01 3.401272368979965099e-01
-4.948784104014473106e-01 -2.780964914499728380e-01 4.779886936272842446e-01 -2.714084059194343812e-01 4.188798782261704545e-01 -2.378456259254963234e-01 4.948784104014473106e-01 2.791718580250527326e-01
9.262200083518190574e-03 2.969526825388254521e-01 -3.236424324387898732e-01 -3.958517466286820552e-01 -2.881586334989730824e-01 -3.524509982116647011e-01 -9.262200083518190574e-03 -2.982619602146751037e-01
4.555741449310662938e-01 -2.340194929619578978e-01 -7.637505586058401796e-02 2.521022330524236299e-01 -7.385565406111750664e-02 2.437860778307343879e-01 -4.555741449310662938e-01 2.346602982787891478e-01
-9.468050730186861053e-02 2.073048394992638155e-01 -1.356088588019331853e-01 -1.941349267306179405e-01 -1.319593100682751596e-01 -1.889103058447262340e-01 9.468050730186861053e-02 -2.077502888462228747e-01
-1.810769040265345353e-01 -3.679531663141827336e-01 -1.641341606980084578e-02 -4.367971100587634270e-01 -1.503945004445370048e-02 -4.002328514889238464e-01 1.810769040265345353e-01 3.704440166744927265e-01
3.685987737772554729e-01 -2.156665748352549761e-01 4.980284906565151104e-01 -2.238277134863841944e-02 4.457117791066070311e-01 -2.003151431354264003e-02 -3.685987737772554729e-01 2.161681297927124656e-01
3.330846652741157321e-01 3.375242108155805942e-01 -2.080486780177045469e-01 9.878195182057603052e-02 -2.027412351097623300e-01 9.626196671604107802e-02 -3.330846652741157321e-01 -3.394467924784876911e-01
-2.450891955787545262e-01 4.696674292692204489e-01 -2.491474205281968279e-01 -8.359583205279597085e-02 -2.409654662885201137e-01 -8.085056071491242280e-02 2.450891955787545262e-01 -4.748475673337488878e-01
-2.470073171784935573e-01 3.318204674950292477e-01 3.995812265837909161e-01 -2.213234954662879339e-02 3.709770711144333433e-01 -2.054799791743336726e-02 2.470073171784935573e-01 -3.336472191812653865e-01
-1.877537341754418332e-01 4.674906952545302419e-01 2.327389381276608882e-01 -3.236650295875296290e-01 2.161927412949206928e-01 -3.006545899485362772e-01 1.877537341754418332e-01 -4.725991425628099374e-01
-3.197962423907569907e-01 -2.455782480446083715e-01 1.325968724876021021e-01 3.524984372366593011e-01 1.240884071407529488e-01 3.298793461391145709e-01 3.197962423907569907e-01 2.463187729932344305e-01
-2.480148447904243492e-01 -4.274174084955467690e-01 1.473683061018982166e-02 -2.502170612652256931e-01 1.429463456398007669e-02 -2.427090021640239403e-01 2.480148447904243492e-01 4.313215596596427504e-01
-4.520197743981700933e-01 4.705461371058272668e-01 2.937980761067210400e-01 2.166616754313458459e-01 2.759842167290857962e-01 2.035248276010187818e-01 4.520197743981700933e-01 -4.757554043947080924e-01
2.491850113828908420e-03 -3.962241076883687985e-01 -4.476006396425907807e-01 2.498847427185304504e-01 -3.983137988730652834e-01 2.223690771132793009e-01 -2.491850113828908420e-03 3.993343390229412981e-01
-2.821009908683110856e-01 3.015712016203742074e-02 2.426522899533796185e-01 -1.592727641207448697e-01 2.330344292918473947e-01 -1.529597668158987900e-01 2.821009908683110856e-01 -3.015849148454358836e-02
-4.852132646904578905e-01 1.604753566905895434e-01 3.965496086742651416e-01 -2.033009092650961414e-02 3.685582115715026474e-01 -1.889504311455566382e-02 4.852132646904578905e-01 -1.606819874887876753e-01
-1.142453854510271372e-01 4.068351772161733493e-01 -3.846749901241908187e-01 -6.616543509016536984e-02 -3.583449075098678049e-01 -6.163656938050684347e-02 1.142453854510271372e-01 -4.102020406150696519e-01
-3.338802033427096250e-01 -1.381275002443560496e-02 1.899297378246667112e-02 3.234678495622334005e-02 1.897962585807452460e-02 3.232405221068965911e-02 3.338802033427096250e-01 1.381288179258941158e-02
2.480513321261874626e-01 -2.233750882864682374e-01 1.243955275355548284e-01 -1.329942861228807782e-01 1.223828637187848734e-01 -1.308424982506024292e-01 -2.480513321261874626e-01 2.239323692600378723e-01
-4.680963335601052711e-01 -1.026677179264039452e-01 3.939525716954129786e-01 -8.194295308922461274e-02 3.654745018535627832e-01 -7.601945541771654158e-02 4.680963335601052711e-01 1.027218272033475072e-01
-3.803898538442214150e-01 4.435845475586914777e-01 -1.115928974804932805e-01 4.001621979741809554e-01 -1.030539877654066128e-01 3.695424277465151897e-01 3.803898538442214150e-01 -4.479486931554443330e-01
4.679157592963495427e-01 -1.865676591442054777e-01 -2.473081452129264335e-01 -1.387604447861121582e-01 -2.379265794595094297e-01 -1.334966058793366217e-01 -4.679157592963495427e-01 1.868923567541240782e-01
6.018141831608070369e-02 4.218078936325586614e-01 4.022051766859804367e-01 -2.349211611081162276e-01 3.645944448798142945e-01 -2.129533762605113900e-01 -6.018141831608070369e-02 -4.255603367077306909e-01
-3.449212110304660239e-01 1.102135334486727958e-01 1.644695231214367004e-01 2.941401104379803844e-02 1.622208770814358159e-01 2.901185933691102781e-02 3.449212110304660239e-01 -1.102804717647117572e-01
-2.456008149586240696e-01 -1.730812474523520939e-01 -3.131358612102178585e-01 7.955739442089615476e-02 -2.979702208742169844e-01 7.570431025099749744e-02 2.456008149586240696e-01 1.733404982219289292e-01
-2.844873028482459709e-01 -4.681461397364532484e-01 -4.006567818333752751e-01 2.896982539699899384e-01 -3.591563994906852297e-01 2.596910536706468209e-01 2.844873028482459709e-01 4.732761040523038032e-01
3.128709088700580843e-01 -4.146254419511159472e-01 2.308374644137984877e-01 -4.234960363457974664e-01 2.079165585230178526e-01 -3.814451811310647922e-01 -3.128709088700580843e-01 4.181894431927780098e-01
3.670913858768583005e-01 4.284256824801419006e-01 3.968374022553797786e-01 8.525750061071812880e-03 3.688435797461705468e-01 7.924324054825728977e-03 -3.670913858768583005e-01 -4.323575284503128890e-01
-1.156617458159922007e-01 -1.030674430422758858e-01 4.459993746549163474e-01 -3.543298332266435757e-01 3.875377332646481321e-01 -3.078842442389971290e-01 1.156617458159922007e-01 1.031221867880518644e-01
-3.364669211678694705e-01 2.104263717106328313e-01 1.402889365586048598e-01 1.788245894250907186e-01 1.367999398358604179e-01 1.743772080295547533e-01 3.364669211678694705e-01 -2.108922478898485608e-01
-1.992818396063367192e-02 -1.553569242285758323e-01 3.877553566084914749e-01 2.533904909818640583e-02 3.614272100289697143e-01 2.361855655701865578e-02 1.992818396063367192e-02 1.555444072084696261e-01
4.259944794902178478e-01 4.291713023767014246e-01 2.686367877978040886e-01 1.147786654077918023e-01 2.578591864140354351e-01 1.101737908734178178e-01 -4.259944794902178478e-01 -4.331237127143781618e-01
-2.802994228559335665e-01 3.481646053431086685e-02 2.107747005705519205e-01 -6.224062151598752646e-02 2.058617759961091642e-01 -6.078986163756401606e-02 2.802994228559335665e-01 -3.481857073548026704e-02
3.055285729393307781e-01 -4.744906956151662136e-01 2.144996491575149600e-01 8.496116356426142158e-02 2.090091433251448361e-01 8.278642917235583265e-02 -3.055285729393307781e-01 4.798320710698921743e-01
1.818015734339673006e-01 8.089302972727141494e-03 1.084894192384985301e-01 -5.735241108906186103e-02 1.076816464024907827e-01 -5.692538585395161277e-02 -1.818015734339673006e-01 -8.089329439641313943e-03
1.122587414151844376e-01 3.391650502422558500e-01 7.297802635641637004e-02 3.664187846859803255e-01 6.836252284945558422e-02 3.432445873258764824e-01 -1.122587414151844376e-01 -3.411158077385486598e-01
1.136545338982016817e-01 4.492138440365853747e-01 -4.376102477840270177e-01 1.081554822336882049e-01 -3.989500382821104529e-01 9.860060178217099069e-02 -1.136545338982016817e-01 -4.537462562426837209e-01
-2.306153047201363604e-01 -1.480030624363459779e-02 -1.514688389893426024e-02 1.578451319083296056e-03 -1.514512777475738800e-02 1.578268314014930019e-03 2.306153047201363604e-01 1.480046834329674758e-02
-2.205404463513758184e-01 -1.516647828336721293e-01 4.076062351021798591e-01 -1.004354645498560794e-01 3.758327913898196204e-01 -9.260638760062925301e-02 2.205404463513758184e-01 1.518392140652255751e-01
-4.544673543453950915e-01 3.723499487308548073e-01 4.048397957517241297e-01 -2.395147431410885597e-01 3.663352190597183866e-01 -2.167343398978315017e-01 4.544673543453950915e-01 -3.749311620622707841e-01
2.599190806207414273e-01 -1.053072894875742849e-01 2.955324848606802890e-01 -4.786132357961379036e-01 2.575785096156572584e-01 -4.171469813777430868e-01 -2.599190806207414273e-01 1.053656804062377411e-01
2.562566569312343390e-01 -3.131592516382639690e-01 1.128616704280392957e-01 1.999185975405458615e-01 1.100001023511710807e-01 1.948497316047093919e-01 -2.562566569312343390e-01 3.146948079377311913e-01
4.002754517505583420e-01 6.192639469663285823e-02 2.411774864864976164e-01 3.353137870012442567e-01 2.229113332566952377e-01 3.099179961143823658e-01 -4.002754517505583420e-01 -6.193826870617998720e-02
-3.178874622867220445e-01 -6.282344183105448288e-02 4.466182804362928138e-01 -4.824907783380538717e-01 3.731855069730026231e-01 -4.031598651716394310e-01 3.178874622867220445e-01 6.283583936145624438e-02
-2.544408946753443646e-01 2.354940572399241150e-01 -2.513842692934176171e-01 4.864991099311187783e-01 -2.204891531309601804e-01 4.267083897062569076e-01 2.544408946753443646e-01 -2.361470522468777367e-01
-1.657117476193772365e-01 -2.574320044396735119e-01 -2.353585492883413233e-01 -1.330816300365176286e-01 -2.272003506764400660e-01 -1.284686411618141122e-01 1.657117476193772365e-01 2.582850213073931700e-01
-1.607984786499911944e-01 2.278307809033088827e-01 -8.018735656918196675e-02 -3.927948993135926825e-01 -7.442906549748547207e-02 -3.645881163680296244e-01 1.607984786499911944e-01 -2.284220799795587675e-01
-4.071539680933673466e-01 2.343819374007845013e-01 -4.133554659934622899e-01 -2.574772099475538534e-01 -3.716303991013274466e-01 -2.314868585621149555e-01 4.071539680933673466e-01 -2.350257247284717466e-01
-2.041857425062690856e-01 3.882648796439356342e-01 4.836479561399553706e-02 3.042550970170644353e-01 4.622107933376986416e-02 2.907693250513831984e-01 2.041857425062690856e-01 -3.911914187344157079e-01
-2.036544936987296772e-01 4.915016075441562826e-01 4.617918548193920003e-01 -1.942198686799271323e-01 4.128785181618910283e-01 -1.736479557646758431e-01 2.036544936987296772e-01 -4.974383038388056066e-01
2.053509680111091917e-01 8.852362210368303064e-02 -4.122561089640737197e-01 -8.814018729457429036e-02 -3.798790782881186767e-01 -8.121799139311940141e-02 -2.053509680111091917e-01 -8.855830756947442872e-02
4.355993852819169954e-01 -5.714650815641575399e-02 -8.749812108331700422e-02 -3.448994028351779484e-01 -8.243499832401704475e-02 -3.249416255190121228e-01 -4.355993852819169954e-01 5.715583939084568910e-02
1.719104719587664087e-01 -3.592106452908355729e-01 -3.642004025453847715e-01 1.091648517112608907e-01 -3.404249234422237480e-01 1.020384272687801380e-01 -1.719104719587664087e-01 3.615281338570641156e-01
1.214300291700716183e-01 1.068308938877482461e-02 -4.038795073479344300e-01 4.899867672432114407e-01 -3.409503569995198657e-01 4.136410988356822305e-01 -1.214300291700716183e-01 -1.068315035096918143e-02
-2.663735381520331291e-01 -4.772330469120038554e-01 -4.774270205089653496e-01 -2.097104335821768917e-01 -4.233289269915218589e-01 -1.859477763378972193e-01 2.663735381520331291e-01 4.826675711882051911e-01
2.304173325598778410e-01 -2.552822043420549525e-01 -3.961757731935922067e-02 -4.963741518913686868e-01 -3.546403356960516062e-02 -4.443338229356552649e-01 -2.304173325598778410e-01 2.561140286899828422e-01
6.416027886181108197e-02 -2.548341332326538033e-01 -2.718290913094962846e-01 -3.848183897899386530e-01 -2.459034099248622873e-01 -3.481163616273874051e-01 -6.416027886181108197e-02 2.556615852117694043e-01
-4.308706749360504684e-01 -4.170964838983967082e-01 4.721715210254404660e-01 -2.006180240705207618e-01 4.201117628279096294e-01 -1.784986768458180773e-01 4.308706749360504684e-01 4.207245867540197470e-01
-2.918619696373493388e-01 -8.493521724435681985e-02 -4.122792446635868968e-01 1.630440342145954569e-01 -3.768987344183038490e-01 1.490521071466470171e-01 2.918619696373493388e-01 8.496585333954106978e-02
2.210843955809712602e-01 -3.283467560734525392e-01 -4.834502478385716007e-02 -9.574028569506098929e-02 -4.806933392642982750e-02 -9.519432007457334644e-02 -2.210843955809712602e-01 3.301167354021450895e-01
5.663205143440264155e-02 7.581743624455328234e-02 -2.014478102391553671e-01 -3.875316723929854712e-01 -1.846078074638162203e-01 -3.551360140292529333e-01 -5.663205143440264155e-02 -7.583922725096790829e-02
4.664620412773903269e-01 -3.907862626290056207e-01 -4.412595857939521915e-01 -3.147967027311615595e-02 -4.035365328556890785e-01 -2.878848960209422214e-02 -4.664620412773903269e-01 3.937701874004120306e-01
2.956095704114208855e-01 2.898015838646215148e-01 1.139369405177995676e-01 5.062132983698264255e-02 1.130616059589396732e-01 5.023242524449154922e-02 -2.956095704114208855e-01 -2.910185325572330339e-01
-4.289264875375918828e-01 4.544829362812140561e-01 -8.470611664093230520e-02 -4.068833654018685353e-01 -7.821965617836321161e-02 -3.757258413975049227e-01 4.289264875375918828e-01 -4.591767165038160292e-01
-1.953160696949179931e-01 -1.808199822872734730e-01 1.474956071542349312e-01 -1.534993098075825291e-01 1.442630404006768341e-01 -1.501351637482409851e-01 1.953160696949179931e-01 1.811155855827719374e-01
-2.553192891049060886e-02 1.886567654991925247e-01 -1.895692055898076100e-01 3.157379168702257877e-01 -1.778893513267638671e-01 2.962844785183190721e-01 2.553192891049060886e-02 -1.889924931851414969e-01
8.143830081337433136e-02 -2.542537283482196875e-01 -4.098495269153897835e-01 4.820568853597211323e-01 -3.463421042223747137e-01 4.073607142770638290e-01 -8.143830081337433136e-02 2.550755394325581182e-01
4.194596229083114025e-01 -3.014484328370390376e-01 -2.424695533423063543e-01 -5.718238728060476284e-02 -2.352785952018253690e-01 -5.548652011856526622e-02 -4.194596229083114025e-01 3.028180812403723499e-01
-3.292384905323131328e-02 -4.088849495397214318e-01 -3.279430381728654087e-01 1.281218372721594223e-01 -3.093304206842110160e-01 1.208502002147710808e-01 3.292384905323131328e-02 4.123029599383043475e-01
-4.649634758985626837e-01 4.313812655624873482e-01 3.482077536835229692e-01 9.813574828782212212e-02 3.274389333654830758e-01 9.228245036034804505e-02 4.649634758985626837e-01 -4.353950481538271244e-01
-2.485879196739468888e-01 3.772014981761658836e-01 -3.144470119672670982e-03 4.537379772395983002e-01 -2.863478840930519694e-03 4.131917454147896462e-01 2.485879196739468888e-01 -3.798849279327326522e-01
-4.180999399816548445e-01 -7.436349416512355592e-02 -1.718403462210531529e-01 -2.767051321909130834e-01 -1.633913107997727876e-01 -2.631001115159450343e-01 4.180999399816548445e-01 7.438405540825306084e-02
-3.564794516314698791e-01 4.944616211428380925e-01 -1.972742346110019085e-01 -4.427683563704012393e-01 -1.775185557955275550e-01 -3.984281035474342425e-01 3.564794516314698791e-01 -5.005062239646098643e-01
1.562771296593434833e-03 -2.862738909336848270e-01 -1.613737393358638528e-02 -4.561915436084080788e-01 -1.468022427567516539e-02 -4.149990079178596525e-01 -1.562771296593434833e-03 2.874469374303307290e-01
1.801050156046420936e-01 -9.276018233447391736e-02 2.279271835777958444e-01 -2.254485654809501582e-01 2.170461594489608292e-01 -2.146858681918303313e-01 -1.801050156046420936e-01 9.280008985863547055e-02
-3.897677240978114632e-02 -2.607464419667748778e-02 1.527184410879334209e-02 4.765814548547988583e-01 1.378494218220011058e-02 4.301803864341105510e-01 3.897677240978114632e-02 2.607553058734967538e-02
4.992762362587352953e-01 4.736187057082386076e-02 -3.036145354012212971e-01 -2.943107535240956363e-01 -2.796419901135034913e-01 -2.710728085482558836e-01 -4.992762362587352953e-01 -4.736718255220654511e-02
-2.555000935778395377e-02 8.755054302942089084e-02 2.915841952848230445e-01 -4.707091095286828342e-01 2.550906730772343201e-01 -4.117970230038291990e-01 2.555000935778395377e-02 -8.758409720221679851e-02
-4.999879664305149074e-01 9.077566746701681843e-03 -2.185294752289259623e-01 4.402648004407413440e-01 -1.961197044412548718e-01 3.951165052122777577e-01 4.999879664305149074e-01 -9.077604147283398553e-03
-1.431289451647854705e-02 1.755816747863514493e-03 -3.688262131396743415e-01 -1.521670957875531638e-01 -3.425665201634806589e-01 -1.413331011469743659e-01 1.431289451647854705e-02 -1.755817018513224385e-03
4.490941816782103579e-01 2.932645612175613925e-01 -3.613465352065480252e-01 -3.153278430221393425e-01 -3.258148054118031878e-01 -2.843211980888538659e-01 -4.490941816782103579e-01 -2.945256589920586809e-01
-2.810166783853138561e-01 3.577844696076166731e-01 -3.703378993867375568e-01 2.044343127910325242e-01 -3.410763869707594265e-01 1.882813422419940264e-01 2.810166783853138561e-01 -3.600744642160795261e-01
-4.758410428848364182e-01 1.821042734543960595e-01 2.163647337745494559e-01 2.545100598719346463e-01 2.052174756117491616e-01 2.413975285784640545e-01 4.758410428848364182e-01 -1.824062202443698932e-01
3.724318623454284660e-01 4.494326906184542558e-01 -2.719150686614594248e-01 -3.174925285536340791e-01 -2.508779686638274997e-01 -2.929292628818832012e-01 -3.724318623454284660e-01 -4.539717303110562541e-01
4.189412906048164409e-01 3.103218000072529570e-01 -1.424066372529209090e-01 4.427176551402991489e-01 -1.291260016399821131e-01 4.014304513220486315e-01 -4.189412906048164409e-01 -3.118159935713425979e-01
-2.636198398471797377e-01 -3.085570924217607702e-01 1.560574317327556582e-01 -4.171069320370144329e-01 1.425593991258037041e-01 -3.810296820995506817e-01 2.636198398471797377e-01 3.100259395709910604e-01
4.480729516272934365e-01 5.578974756811450053e-02 -8.506878219553759557e-03 -2.123099835472322949e-01 -8.321111479426709229e-03 -2.076737195121670654e-01 -4.480729516272934365e-01 -5.579842983623693742e-02
1.063816692752006521e-02 -2.225053323708803266e-02 -1.466442281805446779e-01 6.831306763846234364e-02 -1.447621625250679611e-01 6.743632206164826282e-02 -1.063816692752006521e-02 2.225108403371808471e-02
-3.637666188780487309e-01 -2.281862142908450686e-01 -9.535609697163416332e-02 3.007530444359224342e-01 -9.093727314652759464e-02 2.868160780495767059e-01 3.637666188780487309e-01 2.287802851016332850e-01
3.552454346787748962e-01 4.141897646092871366e-01 9.202313732007572078e-02 -3.549625318765043946e-01 8.639749831710800965e-02 -3.332626515847574855e-01 -3.552454346787748962e-01 -4.177425427801335078e-01
3.242785326613685237e-01 -4.855103394830915242e-01 4.369770575419715808e-01 4.058741755536904305e-01 3.753008894688115715e-01 3.485879555200442348e-01 -3.242785326613685237e-01 4.912325713779485681e-01
-3.620139472417427395e-01 4.027791887975151752e-02 -4.295069462801389681e-01 1.686638732887830727e-01 -3.899899787731851419e-01 1.531458825832203718e-01 3.620139472417427395e-01 -4.028118604478939102e-02
-2.832490723257010679e-01 -4.326263996577849325e-01 -2.548719954137413923e-01 3.134157805437577382e-01 -2.363180754831527008e-01 2.906000479335428821e-01 2.832490723257010679e-01 4.366750386775335446e-01
-4.183420636290754446e-01 7.464643910435342367e-02 2.410939994512628637e-01 -2.983650695794477503e-01 2.251006086844777598e-01 -2.785725025317233872e-01 4.183420636290754446e-01 -7.466723594144757115e-02
3.318491198300042022e-01 -1.466094679245197874e-01 -6.769841059635095526e-02 -2.208186048408251612e-01 -6.596193297259550503e-02 -2.151545639447799974e-01 -3.318491198300042022e-01 1.467670315833612404e-01
-4.367486192512907150e-01 4.096642880691079291e-01 -6.936848661323102849e-02 3.691721405025251146e-01 -6.493821644401719106e-02 3.455946862257410768e-01 4.367486192512907150e-01 -4.131018800220824794e-01
-3.949705082832271064e-01 1.247942585325070297e-01 -3.297233975807624118e-01 4.878686556930607043e-01 -2.841246801157415458e-01 4.203994219225381523e-01 3.949705082832271064e-01 -1.248914333691862333e-01
-3.752328668691969904e-01 4.156653284459554953e-01 -3.940320172800639842e-01 -4.457359311773363419e-01 -3.386347494646591016e-01 -3.830695698881490530e-01 3.752328668691969904e-01 -4.192562126951278056e-01
-3.079842149935996254e-02 -4.317571235308568234e-01 4.440022251672965936e-01 -2.353709331335314126e-01 3.967251987190972828e-01 -2.103088113689422778e-01 3.079842149935996254e-02 4.357814067658997148e-01
-2.970951071117067244e-01 -3.717145567328572486e-01 1.770084181049236260e-01 1.164538874174225747e-03 1.742987983251494399e-01 1.146712278119861811e-03 2.970951071117067244e-01 3.742825785609968370e-01
-4.471337980164752368e-01 -3.096720674041918420e-01 4.295391115117035419e-01 -1.259252597313610389e-01 3.920547975399454321e-01 -1.149362209075543845e-01 4.471337980164752368e-01 3.111568952546601152e-01
8.076691369209376692e-02 -4.875205964240136858e-02 2.064389473314223178e-01 -2.680237863640606566e-01 1.955512531133423437e-01 -2.538880766696152702e-01 -8.076691369209376692e-02 4.875785324775647189e-02
6.174524127857261568e-02 -1.846346506710249136e-01 4.599405674352539108e-01 -2.331483665688303120e-01 4.087910874983378684e-01 -2.072201955343936086e-01 -6.174524127857261568e-02 1.849493600105426017e-01
-2.211364486935891716e-01 -4.179552506607818740e-01 -3.927921701620220585e-01 -2.949751642908040594e-01 -3.525535870274145167e-01 -2.647571926187514690e-01 2.211364486935891716e-01 4.216058095688025031e-01
-2.734121231005716135e-01 4.644794862040864114e-01 -3.665188306178271960e-01 -4.752594073797892227e-01 -3.142633245343322002e-01 -4.075004853846778130e-01 2.734121231005716135e-01 -4.694898541303961226e-01
4.849272720028722228e-01 1.608324931482125741e-01 -2.654739968089994129e-01 -4.904235836511988689e-01 -2.318579606184646147e-01 -4.283229744206393241e-01 -4.849272720028722228e-01 -1.610405065838256544e-01
-2.022462597076345459e-01 -1.340843401603162288e-01 4.270165657789745106e-01 3.253622181529636226e-01 3.762291565285852402e-01 2.866651149204346161e-01 2.022462597076345459e-01 1.342048726651106083e-01
-2.578656930310485595e-01 -2.734060162040314879e-01 3.980774688536006245e-01 -2.014635134856891385e-01 3.635367896399042675e-01 -1.839827788623172311e-01 2.578656930310485595e-01 2.744278828052016395e-01
-1.597391971521874288e-01 -3.226312770700957566e-01 -3.074387843146023647e-01 3.563345506672288554e-01 -2.781718491266778059e-01 3.224129352703757334e-01 1.597391971521874288e-01 3.243104267305033650e-01
1.953137196187978430e-01 1.899541790362186955e-01 -3.247313699070681903e-01 1.285161095966668166e-01 -3.065732313160954292e-01 1.213298210348418421e-01 -1.953137196187978430e-01 -1.902968809755324897e-01
-4.581913808787704268e-01 -2.884034608136136768e-01 9.612247734277779010e-02 -4.306576861068699413e-01 8.794162987877456039e-02 -3.940050223737331936e-01 4.581913808787704268e-01 2.896028811470792719e-01
2.801469697635361467e-01 1.011787813419842141e-01 4.469621368946093964e-01 -4.455578164112450334e-01 3.779819265238914539e-01 -3.767943365292513169e-01 -2.801469697635361467e-01 -1.012305704387763128e-01
6.532118988909374480e-02 -7.131002466004376927e-02 2.073226500301156294e-01 3.328175832543872614e-01 1.930149070761206787e-01 3.098491886719242361e-01 -6.532118988909374480e-02 7.132815566030820120e-02
2.696143002713380366e-02 -8.711992293676018573e-02 8.284232178836337113e-02 2.684515285190902656e-01 7.975461339941436467e-02 2.584457727804695959e-01 -2.696143002713380366e-02 8.715298442903138265e-02
4.508710326261453627e-01 -3.662346501888689154e-01 2.181044924269812668e-01 2.781311313749001979e-02 2.130163223572836551e-01 2.716425969922960093e-02 -4.508710326261453627e-01 3.686907629324529534e-01
2.140509260335565767e-01 -2.051705311296795342e-01 -2.388269347332226955e-01 -1.510571166250972430e-01 -2.298265880852512211e-01 -1.453644320257340694e-01 -2.140509260335565767e-01 2.056023632597728523e-01
2.605676767673900107e-01 -2.886472455381999813e-01 -4.336252834114656673e-01 -4.622217937954665734e-01 -3.662605793658267883e-01 -3.904145548413446853e-01 -2.605676767673900107e-01 2.898497100194826759e-01
-3.846223972581305217e-01 -2.111210451984570913e-01 1.896410830404232639e-01 -4.904699971575954276e-01 1.678486450204424441e-01 -4.341080694447129740e-01 3.846223972581305217e-01 2.115915505702717359e-01
-2.222871670287560608e-01 -4.801580481865833638e-01 -1.655502405510814734e-01 -1.782499802224746244e-01 -1.608588439183439300e-01 -1.731986957651547032e-01 2.222871670287560608e-01 4.856931121306136134e-01
-2.184811631315731750e-01 -3.512203601872629921e-01 1.438899559188542288e-01 -1.545549537561949904e-01 1.407852721483245917e-01 -1.512201535366965444e-01 2.184811631315731750e-01 3.533866125837236138e-01
3.873809450857724768e-01 -2.964686150671365095e-01 4.034688119428494479e-01 6.554033076325371798e-02 3.734729646897510524e-01 6.066774162550748334e-02 -3.873809450857724768e-01 2.977715003491838153e-01
-3.506278256803437854e-01 -4.384639848300523335e-01 6.305601396502880096e-02 7.140058398095350256e-02 6.277185793199356600e-02 7.107882392311540287e-02 3.506278256803437854e-01 4.426787344849295036e-01
3.999687613588128743e-01 2.859914414431339313e-01 4.403730930362470541e-01 8.973092254967640624e-02 4.016725347198824569e-01 8.184525274870807499e-02 -3.999687613588128743e-01 -2.871610192379186466e-01
3.165615277135780392e-01 4.991153515091909521e-01 -3.270847003924540752e-01 -3.449090240945693608e-01 -2.954094928277556931e-01 -3.115076913021013749e-01 -3.165615277135780392e-01 -5.053322358513906432e-01
3.690191781420667505e-01 -4.377587005363754447e-01 -3.957521425735177623e-01 4.763763622640653228e-01 -3.364536055716830232e-01 4.049972885821900848e-01 -3.690191781420667505e-01 4.419531441829388507e-01
3.881709899968180943e-01 2.610241774081826227e-01 4.532498201126063941e-01 -5.301009274702062068e-02 4.123443543399127331e-01 -4.822597052953833674e-02 -3.881709899968180943e-01 -2.619134035294517493e-01
9.949622305409855372e-03 -4.793579562539550531e-01 -5.166420413539896117e-02 1.721216119516204568e-01 -5.084963307955539524e-02 1.694078319655108467e-01 -9.949622305409855372e-03 4.848653968887109422e-01
3.456720544791447303e-01 -2.208872020679025772e-01 1.668759129027294064e-01 -4.017280505173095317e-01 1.530242216464789695e-01 -3.683822378835550082e-01 -3.456720544791447303e-01 2.214260691650404012e-01
-3.202718713677522588e-01 -3.915400909853713474e-01 -3.452021089038646018e-01 -4.108232447992966607e-01 -3.041764485901345405e-01 -3.619988185997045083e-01 3.202718713677522588e-01 3.945413170988423812e-01
1.990939708348082871e-02 -3.010895135589131133e-02 -2.392748343609252260e-02 4.679016264381598011e-01 -2.166732653709815479e-02 4.237042877640183058e-01 -1.990939708348082871e-02 3.011031611780581180e-02
3.002291364720891531e-01 -4.865492795610282251e-01 1.079766623886866395e-01 3.453114534935686208e-02 1.072894555376556897e-01 3.431137527003544352e-02 -3.002291364720891531e-01 4.923083250091096486e-01
-2.026877804363177438e-01 4.659395067917199151e-01 2.580605390964580970e-01 3.139820653714240350e-01 2.390700064880279807e-01 2.908762985161919556e-01 2.026877804363177438e-01 -4.709972713780322673e-01
-4.299787545669619959e-01 3.180482313276322692e-02 1.077910655912619475e-01 -4.456090809592117008e-02 1.070652366667717431e-01 -4.426084986920120201e-02 4.299787545669619959e-01 -3.180643173607591162e-02
-4.349154629574855102e-01 2.545078905941257075e-01 2.609142404441214813e-01 -3.985337512425715101e-01 2.355549557417203066e-01 -3.597986831831462284e-01 4.349154629574855102e-01 -2.553321686891156794e-01
3.337153810867172776e-01 4.649200366366168513e-02 -1.099444785602229357e-01 3.735882980018693234e-01 -1.024500172081228705e-01 3.481223255616233692e-01 -3.337153810867172776e-01 -4.649702830184591212e-02
-3.551290109536748840e-01 3.808237982988785797e-01 3.600546252250580448e-02 -3.183142407406736041e-01 3.428904523857612824e-02 -3.031398747903200075e-01 3.551290109536748840e-01 -3.835852804806728633e-01
1.798479515780969651e-01 -3.781433945289314202e-02 -4.838636328818585186e-01 -1.487638496357502893e-01 -4.317020712492942169e-01 -1.327267801307408790e-01 -1.798479515780969651e-01 3.781704303497673836e-02
-2.384568597160058312e-01 4.548160043177635892e-01 2.411778600065259681e-01 2.028751995933945063e-01 2.300246422766663301e-01 1.934932800714589951e-01 2.384568597160058312e-01 -4.595201116220984372e-01
-2.844290731703866815e-01 -1.240913644628645063e-01 -1.039162074076834807e-01 2.869464393487267673e-01 -9.939076268701842187e-02 2.744502149246595413e-01 2.844290731703866815e-01 1.241869065411626422e-01
-4.324011063964230406e-01 2.757875365490158881e-01 7.721384392065411273e-02 -3.038226320008127201e-01 7.367846673733620400e-02 -2.899115566494152030e-01 4.324011063964230406e-01 -2.768363395249857639e-01
-1.436946669483712968e-01 1.782920284219050577e-01 -4.449684298297511553e-01 -2.262167921829421058e-01 -3.981239120221802819e-01 -2.024015822952655586e-01 1.436946669483712968e-01 -1.785754061944202220e-01
-4.692532416135785089e-01 3.705818822588431427e-01 3.076256379564363819e-01 1.240959650594977148e-01 2.919809488026681721e-01 1.177849085055324291e-01 4.692532416135785089e-01 -3.731265000124558417e-01
1.298289991078229733e-01 3.149444297558229300e-01 -1.783936778209205265e-01 2.691661766880570905e-02 -1.755594308325750807e-01 2.648897727540095934e-02 -1.298289991078229733e-01 -3.165063965581030314e-01
-3.636416482407620610e-01 -3.941674858667285619e-01 4.901621780201801393e-01 -4.000452087668900925e-01 4.142189924271208468e-01 -3.380642789903227086e-01 3.636416482407620610e-01 3.972295367002091626e-01
-2.555242978020096922e-01 8.549080526596786189e-02 2.569518881873518179e-01 1.820616631689598863e-01 2.450864140236395372e-01 1.736544552057373014e-01 2.555242978020096922e-01 -8.552204650343142589e-02
6.571165701693681971e-02 2.666916569046190455e-01 -2.729407209023585468e-01 1.527231672555372510e-01 -2.604969043567372800e-01 1.457602667791587092e-01 -6.571165701693681971e-02 -2.676400716402866364e-01
4.657491980429997458e-01 -4.433333080616405075e-01 1.603234790482790384e-01 -1.694565475708297297e-01 1.561314842517285140e-01 -1.650257494751595222e-01 -4.657491980429997458e-01 4.476900425017741325e-01
4.871613672846661913e-01 2.997410743212635120e-01 -4.550339589881390312e-01 2.846300632183523804e-01 -4.009350706790059671e-01 2.507904569750906698e-01 -4.871613672846661913e-01 -3.010875818406454352e-01
-4.320825032055854997e-01 -1.260722919104572126e-01 3.684104553162285134e-01 -3.930825924285543671e-01 3.243371261519283344e-01 -3.460577096249718432e-01 4.320825032055854997e-01 1.261724829652053348e-01
-1.552122430083449078e-01 -3.667091675078041346e-01 2.664705830744430459e-01 -1.405046162139655941e-01 2.551449846591242743e-01 -1.345328543767750906e-01 1.552122430083449078e-01 3.691748395222667622e-01
-2.065165340679668837e-01 8.023833460945062335e-02 -5.720751441243010493e-02 -3.788245039211118881e-01 -5.342110784864317896e-02 -3.537511616704903661e-01 2.065165340679668837e-01 -8.026416409299323707e-02
-2.832390771338610946e-01 -8.773661561116774532e-02 1.979707246607419480e-01 -2.038483065618413859e-01 1.904316129574256111e-01 -1.960853650646314505e-01 2.832390771338610946e-01 8.777038417864975461e-02
1.575045759473215901e-01 -4.944800083094971210e-01 2.120647823881782745e-01 4.050110019699599828e-01 1.928654495126979063e-01 3.683432396122316432e-01 -1.575045759473215901e-01 5.005252854844305377e-01
3.128411710026234305e-01 4.344340030104383299e-01 -6.321429713802784178e-02 -9.168817025897768591e-02 -6.282589028819587917e-02 -9.112481173108979982e-02 -3.128411710026234305e-01 -4.385336025373265945e-01
-4.113827400862722916e-01 2.805815731594203388e-01 -3.513598411839480296e-01 -2.111565675123496799e-01 -3.251045960887123387e-01 -1.953779645427434208e-01 4.113827400862722916e-01 -2.816860266751585740e-01
4.122560843186190427e-01 -2.617472694960663038e-01 1.337760469079577463e-01 -3.746029162383855970e-01 1.243031675018439475e-01 -3.480767306265001859e-01 -4.122560843186190427e-01 2.626439061405497766e-01
2.489948217819071274e-02 2.385401940916632713e-01 5.372644253503655598e-02 1.214979274225490569e-01 5.325853722805371643e-02 1.204397980853729871e-01 -2.489948217819071274e-02 -2.392188579302689244e-01
-4.661782689562108395e-01 1.585246195864655760e-01 -3.137978662029015098e-01 -3.469900314158460564e-01 -2.842307633484098539e-01 -3.142954497971112149e-01 4.661782689562108395e-01 -1.587238062070378264e-01
-2.057160047027820626e-01 1.129782078313888993e-01 -8.087235672686077237e-02 4.816823360285821254e-01 -7.266777918225650335e-02 4.328152046902415950e-01 2.057160047027820626e-01 -1.130503109498077613e-01
1.134462454060178871e-01 -1.442049350713914269e-02 3.674618926906876304e-01 -2.352629285680933879e-01 3.367984347925356836e-01 -2.156310291830433046e-01 -1.134462454060178871e-01 1.442064344467678359e-02
-4.569233719054041076e-01 -1.181861153256571484e-01 4.142202382704951447e-01 3.428121784653912485e-01 3.648280706898006098e-01 3.019348021252993841e-01 4.569233719054041076e-01 1.182686562595574448e-01
1.689037930967858259e-01 -1.064325783078474696e-01 3.031787882614583873e-01 1.432570262543908512e-01 2.874488157678106726e-01 1.358243523017527155e-01 -1.689037930967858259e-01 1.064928611546462900e-01
-2.853542544221994159e-01 4.555786601226285981e-01 1.101348131380345263e-01 3.196385040676996692e-01 1.043335190794623529e-01 3.028017119426266723e-01 2.853542544221994159e-01 -4.603064713024442312e-01
-3.459752913898485049e-01 -2.356785505025169591e-01 -1.323014445616315093e-01 3.144744383576436597e-01 -1.252146348846270851e-01 2.976294182574640845e-01 3.459752913898485049e-01 2.363330814410486147e-01
-2.624587799650877074e-01 -4.385611108391702651e-01 1.023038251047687641e-01 -4.461545173845584689e-01 9.302193267393288334e-02 -4.056755007529317392e-01 2.624587799650877074e-01 4.427786619955189629e-01
2.726394398435724176e-01 -1.102482385034520007e-03 3.486723804307231278e-01 -2.808989275247282258e-01 3.182296862430002427e-01 -2.563735546296024848e-01 -2.726394398435724176e-01 1.102482452036090532e-03
-1.806086336196354170e-01 -4.965669772378510372e-01 4.274744511760935062e-01 3.090099281408775767e-02 3.929083935517469484e-01 2.840230430692063796e-02 1.806086336196354170e-01 5.026891207846474474e-01
4.218865879320106149e-01 -4.272360264606418490e-01 -6.383119313873719669e-02 8.587673271859586066e-02 -6.346889209214696959e-02 8.538930284909503066e-02 -4.218865879320106149e-01 4.311352093497094473e-01
4.138979879200604950e-01 -3.141677568966078082e-01 4.873011849764390391e-01 -3.794588599937251949e-01 4.146003370491424533e-01 -3.228470935429562094e-01 -4.138979879200604950e-01 3.157181964461964752e-01
2.755265146048466729e-01 1.528860762398583928e-01 -3.139573780727752395e-01 1.956036805952955371e-01 -2.944577057341540294e-01 1.834548733168997747e-01 -2.755265146048466729e-01 -1.530647553614487011e-01
3.903990773419538929e-01 3.010264408385455726e-01 2.357346323625982842e-01 4.568095669526817115e-02 2.292191248668520864e-01 4.441837337105356692e-02 -3.903990773419538929e-01 -3.023903452550736337e-01
1.218453689509784166e-01 1.792782875198813963e-01 -2.121277934598895243e-01 3.067796080494341604e-01 -1.987533120818297250e-01 2.874374082928451424e-01 -1.218453689509784166e-01 -1.795663940418925353e-01
-6.288198734918892807e-02 2.054244923808128398e-01 1.558148919678092881e-01 1.494898183407266101e-01 1.523047015327017029e-01 1.461221188618218592e-01 6.288198734918892807e-02 -2.058579300694416969e-01
2.275404440072510415e-01 -1.643295043535133448e-01 3.635903403471690831e-01 -8.699849460330877360e-02 3.405684082287397940e-01 -8.148989546051939314e-02 -2.275404440072510415e-01 1.645513835785646639e-01
2.137247646424876857e-01 3.583832438780920615e-02 3.190756678488901876e-01 5.249471344631251313e-02 3.035974032577251069e-01 4.994821070031114918e-02 -2.137247646424876857e-01 -3.584062589900951362e-02
3.706411668621805156e-01 2.438268737079244408e-01 2.239645185024944363e-01 -4.691177125864409714e-02 2.183216905229627969e-01 -4.572982039786649411e-02 -3.706411668621805156e-01 -2.445516679176275299e-01
3.230649697146495969e-01 3.460184097136750347e-01 4.681862286643312387e-02 1.559151074988346375e-01 4.621030554006586022e-02 1.538892926515133541e-01 -3.230649697146495969e-01 -3.480898271218575424e-01
1.410300846501192362e-01 1.872629412303934426e-01 3.856978871263225805e-01 4.481175578215730315e-01 3.320084958073441506e-01 3.857393086223296907e-01 -1.410300846501192362e-01 -1.875912825394086825e-01
4.849384577010080744e-01 -1.845705546769084160e-01 4.086530959885464886e-01 4.270656495738012204e-02 3.779903849953802353e-01 3.950213784878009449e-02 -4.849384577010080744e-01 1.848849363757671949e-01
1.860850791873134291e-01 1.620888393125867744e-01 9.757110419976322557e-02 2.516114336517066841e-01 9.420112343192459103e-02 2.429210975185975563e-01 -1.860850791873134291e-01 -1.623017656292456423e-01
1.287794476624981588e-02 -2.537394483660960764e-01 -4.312975343746584533e-01 -2.765248807632815220e-01 -3.838522648749579380e-01 -2.461055149066949943e-01 -1.287794476624981588e-02 2.545562826893302821e-01
1.820515791306043241e-01 -1.251818593706843785e-02 1.346406004081390773e-01 1.248439668063581198e-01 1.324267796513355633e-01 1.227912266652728956e-01 -1.820515791306043241e-01 1.251828402017175421e-02
-1.299231223507072430e-01 -3.299695252921526212e-01 -3.008590932223738079e-01 3.128836874061462492e-01 -2.759812362203925007e-01 2.870115239618808989e-01 1.299231223507072430e-01 3.317658775337695709e-01
-1.825647865855952734e-01 1.328182695480547570e-01 -3.255272861973611542e-01 2.115663715001599998e-01 -3.034596778828113073e-01 1.972242133562633337e-01 1.825647865855952734e-01 -1.329354198621278405e-01
-1.594898783105209716e-01 4.254463005360389349e-01 -1.679046420754204405e-02 2.291796152005524112e-01 -1.636397055535487866e-02 2.233582364771560802e-01 1.594898783105209716e-01 -4.292966864436227881e-01
-2.903007797051437855e-01 -4.559865693854592283e-02 -3.064585122137500894e-01 2.982396393432985571e-01 -2.817762183797041242e-01 2.742192968895805771e-01 2.903007797051437855e-01 4.560339746045202064e-02
4.501726778033008358e-01 4.913733974519042258e-01 -2.595968435383410045e-01 -4.621672310079837365e-01 -2.293647612798832836e-01 -4.083442431990685351e-01 -4.501726778033008358e-01 -4.973054491278723344e-01
1.180099123132202221e-01 -4.815372020024034638e-01 -7.538688972471629945e-02 3.161610860825336822e-03 -7.517320617117498327e-02 3.152649299390411324e-03 -1.180099123132202221e-01 4.871200980205058761e-01
-1.338314671409563950e-01 1.288715928591090965e-01 -2.589268834338024350e-01 3.400635660459316867e-01 -2.380906550928794940e-01 3.126981491429275395e-01 1.338314671409563950e-01 -1.289786071045689320e-01
-2.595910436753210426e-01 1.523743642553943012e-02 -1.051214295762248341e-01 3.152666323679431670e-01 -9.975691558701003936e-02 2.991780739599344541e-01 2.595910436753210426e-01 -1.523761331653420564e-02
-3.594023348282454622e-01 1.419516773631668283e-01 -4.977824258361236431e-01 1.524912423911558568e-01 -4.415295687848038719e-01 1.352586772892455380e-01 3.594023348282454622e-01 -1.420946956562509633e-01
-4.838409638669118884e-01 -4.421056153974258773e-01 -2.487674065050488048e-01 -2.883390771122941176e-01 -2.324802484902039335e-01 -2.694611052076942848e-01 4.838409638669118884e-01 4.464262555540109978e-01
-1.024754365895452768e-02 2.010321116886991666e-01 2.668770355612793965e-01 -1.830187769353007754e-01 2.539131825484803873e-01 -1.741284334189261707e-01 1.024754365895452768e-02 -2.014383363714405961e-01
-3.183586198491097363e-01 -4.170995008234443802e-01 -2.372575610097786836e-01 4.766577377292524620e-01 -2.094224242399698732e-01 4.207360917947123302e-01 3.183586198491097363e-01 4.207276824075676935e-01
-3.932200060062911451e-01 3.211390737909913806e-02 -1.895781998107456401e-01 3.145084596499798657e-01 -1.779582467021934289e-01 2.952310661679018455e-01 3.932200060062911451e-01 -3.211556333762594084e-02
-2.290636478338865523e-01 3.282800826978975461e-01 1.550499503656117550e-01 -1.866079643177415148e-01 1.506786571391451890e-01 -1.813469621148812438e-01 2.290636478338865523e-01 -3.300489840211005554e-01
3.381490322209999011e-01 -6.699098308554840564e-02 -2.734449840223227568e-01 -4.203501039991694999e-01 -2.444332991882341155e-01 -3.757522307531027672e-01 -3.381490322209999011e-01 6.700601516482614095e-02
-1.047581817363675283e-01 -5.139844963741868611e-05 -1.489645904257277387e-01 1.900021309847880202e-01 -1.448039611748781486e-01 1.846953099366462903e-01 1.047581817363675283e-01 5.139844964420790590e-05
2.011070990918640833e-01 1.556676387521099825e-01 -2.441473459897125498e-01 -4.187847387467058535e-02 -2.369846926943413312e-01 -4.064986748664060900e-02 -2.011070990918640833e-01 -1.558562488836325588e-01
-3.549424056834926677e-02 -4.086679766367620203e-01 1.901243316130716288e-01 -2.949190637760545908e-01 1.794005403148253575e-01 -2.782844202089965191e-01 3.549424056834926677e-02 4.120805486680921836e-01
-4.014809240829733117e-01 1.829089743924328104e-01 2.432685047063815054e-01 1.487338238417347247e-01 2.339443278953471372e-01 1.430330428345286120e-01 4.014809240829733117e-01 -1.832149417163507210e-01
-1.397705802308929490e-01 4.187017961981115421e-01 5.469656758601670887e-02 -3.380414290585149750e-01 5.174664826347958463e-02 -3.198100301351808894e-01 1.397705802308929490e-01 -4.223719517921042943e-01
-3.680073098855990432e-01 3.423367992259445103e-01 -1.535408375138844761e-01 -1.498195910568502764e-01 -1.501252577295233981e-01 -1.464867919475009439e-01 3.680073098855990432e-01 -3.443427984547040022e-01
4.039737192915885400e-01 -3.725478172774778773e-01 3.751467553837878333e-01 -3.049948608066397338e-01 3.377430243451906566e-01 -2.745855727665626467e-01 -4.039737192915885400e-01 3.751331478034072853e-01
4.132128069896430222e-01 -1.251482622305788439e-02 -4.035148533231086576e-01 4.973051538003879779e-01 -3.398043429097330481e-01 4.187861973880082078e-01 -4.132128069896430222e-01 1.251492422720980671e-02
-2.175728727614745228e-02 4.191926985638092518e-01 -4.231569179980494422e-01 -1.084865607721225977e-01 -3.877719219528124039e-01 -9.941475700239048308e-02 2.175728727614745228e-02 -4.228757784008436715e-01
-1.767433235152965354e-01 -8.349204203180848882e-02 -4.093770473101838725e-01 -2.425075354379514492e-01 -3.696643007683398374e-01 -2.189824249008247292e-01 1.767433235152965354e-01 8.352114285361010582e-02
-2.530212990080836777e-01 -1.427243872328464169e-01 3.819733737670960583e-02 -4.767362412779215797e-01 3.445908286223984401e-02 -4.300795492527023645e-01 2.530212990080836777e-01 1.428697538103717024e-01
