1.573994627797582480e-01 4.108738642708616995e-01 -2.792358475018270614e-01 1.245089294855439288e-01 -2.670340949376839856e-01 1.190682700458600418e-01 -1.573994627797582480e-01 -4.143419957556012667e-01
2.434559676519720828e-02 -2.078707220337140393e-01 -6.164801198982661212e-02 1.945667799404124931e-01 -6.040275791244564818e-02 1.906366438626478921e-01 -2.434559676519720828e-02 2.083198291927551293e-01
1.972517123433287223e-01 -7.837863536429068301e-02 -3.834483353242055248e-01 -4.838606867100360143e-01 -3.262765315562717316e-01 -4.117174911783234026e-01 -1.972517123433287223e-01 7.840271018700573080e-02
-1.755738303275570233e-01 -5.008495008143720728e-02 -4.510747465491903307e-01 2.061114581247841526e-01 -4.041086473182213257e-01 1.846510432623159337e-01 1.755738303275570233e-01 5.009123199187227177e-02
6.999764712552514201e-02 9.668251656272586203e-02 1.157219384184987598e-01 4.908410943274397198e-01 1.033265964303311385e-01 4.382655558497462467e-01 -6.999764712552514201e-02 -9.672770359745452851e-02
2.101410328217634405e-02 1.298830526532522844e-01 4.577118476177687301e-01 2.678758121004649606e-01 4.043653455773334460e-01 2.366547772262827809e-01 -2.101410328217634405e-02 -1.299926064583435958e-01
4.160181907022660885e-01 -3.265940797311848165e-01 4.092084302455486489e-01 -4.618694798901997745e-01 3.482435821952865607e-01 -3.930590630479482428e-01 -4.160181907022660885e-01 3.283358662626075231e-01
-1.429293716471210507e-01 4.810336272636672739e-02 9.684483684877753795e-02 3.461649768821419837e-01 9.113585756865419385e-02 3.257586367526167925e-01 1.429293716471210507e-01 -4.810892812550391501e-02
2.714423445636822141e-01 -4.001251864655486212e-02 -4.332883391080029067e-01 1.403336594121624703e-01 -3.943170923755962565e-01 1.277116311409384752e-01 -2.714423445636822141e-01 4.001572165197043313e-02
2.540531969831748560e-01 3.187842560531287672e-01 -2.746962538755067795e-01 -2.496137863936684909e-01 -2.575291756958439926e-01 -2.340142311566182076e-01 -2.540531969831748560e-01 -3.204040530818598742e-01
-1.624705797882008973e-01 -3.360438858967214060e-01 1.594611305586168815e-01 -2.079129317118130205e-01 1.542538271195162958e-01 -2.011234042542836276e-01 1.624705797882008973e-01 3.379412819751240749e-01
-2.583970833461501915e-01 -3.836496633964413538e-01 3.413637334023525982e-01 2.772855722233277254e-01 3.124793790841141061e-01 2.538231656120373825e-01 2.583970833461501915e-01 3.864730767787376564e-01
3.950965406208951647e-01 5.247480343688548654e-02 2.804017794972522015e-01 1.618304145275926142e-01 2.667694747043523051e-01 1.539626986394946329e-01 -3.950965406208951647e-01 -5.248202818093020139e-02
-2.763612400540192970e-01 1.210860453279327675e-02 -2.233941549066803534e-01 -4.576062316478568537e-02 -2.178031445569242053e-01 -4.461534647734288067e-02 2.763612400540192970e-01 -1.210869329994613414e-02
-1.376652686914681123e-02 3.555837745644541137e-02 4.600313488732287182e-01 -2.266195869914662264e-01 4.093438627198636715e-01 -2.016500339254714280e-01 1.376652686914681123e-02 -3.556062545388099377e-02
4.312060196890217245e-01 8.287817645462203231e-02 -6.689709941982879826e-02 -1.832352140223456605e-01 -6.565957613409773019e-02 -1.798455626609989366e-01 -4.312060196890217245e-01 -8.290664010294117314e-02
-4.715706745359959928e-02 -2.060044221816172971e-01 2.596066424743626033e-01 -3.296625898232723451e-01 2.393859485781870688e-01 -3.039852563995131263e-01 4.715706745359959928e-02 2.064415411311764370e-01
3.889885968841091390e-01 1.720723095134707448e-01 -6.700174782376644433e-02 -4.211211825234030259e-01 -6.163227617036298039e-02 -3.873728352690187227e-01 -3.889885968841091390e-01 -1.723270529290862052e-01
-1.174888610701662062e-01 -4.519500053833476194e-01 1.731166233944514410e-01 -1.093740796721145436e-01 1.695973543360359825e-01 -1.071506258706520637e-01 1.174888610701662062e-01 4.565657438377808131e-01
2.626221115857030330e-02 3.601115833410829525e-01 -3.672949285848184919e-01 -5.391512361479955384e-02 -3.443337558293129708e-01 -5.054465925194089743e-02 -2.626221115857030330e-02 -3.624465531936485463e-01
-1.470216340556053103e-01 -1.117315793563901094e-01 5.396141091001838141e-03 1.008672248927674486e-01 5.368820718185154418e-03 1.003565395451122694e-01 1.470216340556053103e-01 1.118013219055740970e-01
-4.383346698301313626e-01 4.896962264528147424e-01 1.650097293008244703e-01 6.934358751131353138e-03 1.628043176042326401e-01 6.841678665157582134e-03 4.383346698301313626e-01 -4.955677428295713338e-01
-3.387999907831530377e-01 1.321521424016934843e-01 1.831631885697418971e-01 -2.178861998338194050e-01 1.761654340130957008e-01 -2.095618516958370758e-01 3.387999907831530377e-01 -1.322675388995673829e-01
-3.964414196365931842e-01 -1.066126470813956173e-01 2.071763689229902949e-01 4.684195894946298067e-01 1.843963091778267060e-01 4.169145540025797625e-01 3.964414196365931842e-01 1.066732364161335350e-01
-4.087082100103857085e-01 2.644647933703085929e-01 3.473011176268594458e-01 3.944763151734073103e-01 3.074268316862371897e-01 3.491857572405439591e-01 4.087082100103857085e-01 -2.653896482660416112e-01
-1.154382956901789381e-02 1.494844346538382052e-02 -3.998237078443529491e-01 3.065569229204904156e-01 -3.570657133781655612e-01 2.737730760483872983e-01 1.154382956901789381e-02 -1.494861048132459756e-02
-4.695607333343768675e-01 3.214158752778042416e-01 2.024578005235615485e-01 4.838457373832425468e-01 1.792929020572205934e-01 4.284848802027838577e-01 4.695607333343768675e-01 -3.230761194897262545e-01
-3.344985995342125706e-01 -3.057455549698837594e-01 8.699110909988627682e-02 -2.124097339062327450e-01 8.478627957812480409e-02 -2.070261118686264612e-01 3.344985995342125706e-01 3.071746149585044550e-01
-8.700817088616541461e-02 -4.936231718987174055e-01 -3.467760226448279859e-01 6.094930270507292747e-02 -3.270935687331553154e-01 5.748991750222151587e-02 8.700817088616541461e-02 4.996370776748201292e-01
-1.895054335042575255e-01 7.602376424990830994e-02 -2.960757285727462218e-01 3.268686758861697461e-01 -2.709000019811048654e-01 2.990745826143190733e-01 1.895054335042575255e-01 -7.604573364569312821e-02
3.756717248700832679e-01 -3.359667930166165828e-01 1.513498353842159805e-01 1.557103050747450368e-01 1.479030029640663602e-01 1.521641675694049289e-01 -3.756717248700832679e-01 3.378628835318516210e-01
-2.251976166653971712e-01 3.227704352972896595e-01 -7.021735174666987600e-02 2.462348986980356091e-02 -7.002376579905812692e-02 2.455560406235881774e-02 2.251976166653971712e-01 -3.244517586616171290e-01
-8.509822742674799656e-02 -1.859756184041368998e-01 -4.934521763690115082e-01 1.174291814706732717e-01 -4.400765829930651796e-01 1.047271354755175687e-01 8.509822742674799656e-02 1.862972346948680857e-01
3.905670068163591413e-02 4.741907629378853128e-01 3.706828760806100131e-01 7.378052870913853756e-02 3.467432608650584669e-01 6.901560002839572661e-02 -3.905670068163591413e-02 -4.795220157036717001e-01
1.288514030646470410e-01 -4.292686310921051129e-01 -1.783715604524930276e-01 3.296016099005809608e-01 -1.670270438726166040e-01 3.086387898255332773e-01 -1.288514030646470410e-01 4.332237310569651001e-01
-1.178164142769289047e-02 -2.959858646516400071e-01 6.400550460947063147e-02 4.380274537832946624e-01 5.852725225145812005e-02 4.005365388033432783e-01 1.178164142769289047e-02 2.972823956881090468e-01
4.527513947953482054e-01 -4.088546005721716003e-02 -3.728340623274665200e-01 4.226596138833349503e-02 -3.490699116787226997e-01 3.957196216659888965e-02 -4.527513947953482054e-01 4.088887730657975172e-02
-2.911200327093177442e-02 -3.617195582227732409e-01 -5.847139997071337802e-02 -3.166023844922036812e-01 -5.565787651233326111e-02 -3.013681291777413063e-01 2.911200327093177442e-02 3.640859463603963730e-01
-1.793342645338444896e-01 4.196304342503806017e-01 4.902989899205701940e-01 3.635104213839850384e-01 4.185039994787123629e-01 3.102812127474204318e-01 1.793342645338444896e-01 -4.233250641425890803e-01
3.078354592960694802e-01 3.555595873168996279e-01 -3.228513425162796713e-01 1.795745656879658148e-01 -3.028458978243466215e-01 1.684472492767994101e-01 -3.078354592960694802e-01 -3.578071260489995020e-01
3.212276083065594978e-01 -4.567520723394107307e-01 6.030388119638163680e-02 -9.122575599976956440e-02 5.994650542154645462e-02 -9.068512951622409446e-02 -3.212276083065594978e-01 4.615165092856907680e-01
4.139199387225516169e-01 -3.193098337821584920e-01 -7.106984602526755790e-02 -1.286976674039264079e-02 -7.088519828910852527e-02 -1.283632958769832626e-02 -4.139199387225516169e-01 3.209376556764267363e-01
-4.472442068754967082e-01 4.108913259642041904e-01 7.842235320750590155e-02 -2.275968579875353726e-02 7.816219075024931351e-02 -2.268418161478542860e-02 4.472442068754967082e-01 -4.143598996432092396e-01
2.120487867813948268e-01 4.371500079718579901e-01 2.745714091330527795e-01 -2.727531699551063449e-01 2.560632358162580058e-01 -2.543675596026896968e-01 -2.120487867813948268e-01 -4.413269791279151866e-01
-1.258001025384059002e-01 3.385695678866605940e-01 4.499036926124411195e-01 -2.138672187657354451e-01 4.027038009504718130e-01 -1.914301734123756149e-01 1.258001025384059002e-01 -3.405100684004099265e-01
4.899141340532302547e-01 2.388183387203249852e-01 -3.483684603390790890e-02 -1.526787889555966116e-01 -3.441736932811930577e-02 -1.508403562980434598e-01 -4.899141340532302547e-01 -2.394993793520112102e-01
-2.423550057575574179e-02 6.655032325642906699e-03 -1.403461636704695925e-01 -3.539188840385671941e-01 -1.311614529055915024e-01 -3.307572777708310263e-01 2.423550057575574179e-02 -6.655047063030727211e-03
-3.304762764337908498e-01 3.753351921510779121e-01 -8.063603757420023666e-02 5.398375322588722103e-02 -8.025904667817576610e-02 5.373136751706981962e-02 3.304762764337908498e-01 -3.779789876822977623e-01
4.266129377700565994e-01 -1.165825234432003032e-01 -2.339884739598179220e-01 4.859713087717798530e-01 -2.059420425835616075e-01 4.277215978709010824e-01 -4.266129377700565994e-01 1.166617499228055216e-01
4.848991923603040988e-02 -4.697472145699391755e-01 4.618602548065686708e-02 -3.959894746043738367e-01 4.290223942857324113e-02 -3.678349689948283152e-01 -4.848991923603040988e-02 4.749299930288898297e-01
-4.340636530940948923e-01 3.680644577907554726e-02 -3.725699685085770430e-01 -4.318398820804459914e-01 -3.236321947907010443e-01 -3.751168925270874643e-01 4.340636530940948923e-01 -3.680893889027468668e-02
1.829138543754175172e-01 -2.206847717243289875e-01 -1.890470688793673970e-01 3.676478812466360546e-01 -1.747066145404601589e-01 3.397593893220263728e-01 -1.829138543754175172e-01 2.212221586572089005e-01
4.152010678295413593e-01 -2.977723894599042520e-01 2.055165103930264303e-01 -2.188858126765613754e-01 1.968357498307790332e-01 -2.096403494936547873e-01 -4.152010678295413593e-01 2.990925394661074210e-01
-2.239509516693048985e-01 -3.902394263062897162e-01 1.934564269024356964e-01 9.579092557779556039e-03 1.899264804914377602e-01 9.404305480728847311e-03 2.239509516693048985e-01 3.932108421716639102e-01
3.223475682359706607e-01 1.561405758081706452e-01 -1.783367516823620713e-01 -3.515659065468301758e-01 -1.659106194170829329e-01 -3.270695286914420130e-01 -3.223475682359706607e-01 -1.563309102286601360e-01
-2.106271884215638046e-01 2.644490065818403401e-01 2.602353929443368408e-02 1.122245715933303245e-01 2.585255264201445288e-02 1.114872044120710781e-01 2.106271884215638046e-01 -2.653736958644093424e-01
-2.824931114858786341e-02 -2.435273761627542166e-01 -3.094724892805920113e-01 -2.470996274896485323e-01 -2.877312319621407877e-01 -2.297402279610042120e-01 2.824931114858786341e-02 2.442495028130219625e-01
-2.344130308434144716e-02 4.501103473912675401e-01 4.978479887068887333e-01 3.533562088705499704e-01 4.249196814360234331e-01 3.015940831592184290e-01 2.344130308434144716e-02 -4.546699500152613926e-01
-3.528524280583069661e-01 2.722370974565838653e-01 2.539899200282395020e-01 -4.102120808725259193e-01 2.287561825147475247e-01 -3.694577707312030612e-01 3.528524280583069661e-01 -2.732459133635647963e-01
6.174065606887646496e-02 -2.807478587544618431e-01 2.149389043842414582e-01 -2.071107745764885211e-01 2.059597835408577826e-01 -1.984586756081017367e-01 -6.174065606887646496e-02 2.818542770846220180e-01
3.953667845370619771e-01 7.695111712555258165e-02 2.758019319398508085e-02 8.008572050365347916e-02 2.748178685582287895e-02 7.979997404646170522e-02 -3.953667845370619771e-01 -7.697390032916148761e-02
3.077876312168311701e-01 -3.823617352032681049e-01 -1.302296715803150651e-01 -3.173551472464932743e-01 -1.231834491379388274e-01 -3.001842910691221999e-01 -3.077876312168311701e-01 3.851568089806451378e-01
4.696116416313241837e-01 2.739662669356300873e-01 3.843913023898071213e-02 2.125261829193770824e-01 3.757282607662336404e-02 2.077364721291399818e-01 -4.696116416313241837e-01 -2.749944283008655677e-01
1.374835780068095481e-01 -4.869092726419277373e-02 1.084798505732957885e-01 2.609419193512585444e-01 1.043916206680392672e-01 2.511079220458690142e-01 -1.374835780068095481e-01 4.869669910228652948e-02
2.176364354133486501e-01 3.716800988542341422e-01 -1.581790134894042188e-01 1.455413706850983147e-01 -1.546467882186063625e-01 1.422913510008189109e-01 -2.176364354133486501e-01 -3.742474065829641816e-01
3.277002926517436077e-01 -4.486986533075426609e-01 -4.035890935812059821e-01 9.895228182357651558e-02 -3.726923313539296512e-01 9.137699009252203686e-02 -3.277002926517436077e-01 4.532154891030344968e-01
2.969513574435643788e-01 -4.454224298233672164e-01 4.053554186477543730e-01 -1.153865063511505529e-01 3.735356822417085221e-01 -1.063288546015913189e-01 -2.969513574435643788e-01 4.498410457383364425e-01
-5.187934249727665925e-02 2.295121595199208775e-01 -3.125051166009872317e-01 3.359394536871053161e-01 -2.840351491212138590e-01 3.053345617555071057e-01 5.187934249727665925e-02 -2.301166467105039692e-01
8.357727998939534775e-02 2.615290875617304334e-02 1.659945095025857631e-01 -4.553281368970450993e-01 1.493763062479698256e-01 -4.097438850493487772e-01 -8.357727998939534775e-02 -2.615380315248591950e-02
-1.454889819543939700e-01 4.129785868431055107e-01 1.977380396260929318e-01 -1.972727988637258401e-01 1.904484496867360765e-01 -1.900003599712143110e-01 1.454889819543939700e-01 -4.165002888583967944e-01
2.504098591020348374e-01 3.627039384880808015e-01 -1.978738225830052322e-01 -6.914732987616456494e-02 -1.936651741282684469e-01 -6.767661081270473500e-02 -2.504098591020348374e-01 -3.650896988500528795e-01
1.749187698667876711e-01 -2.751227299606511245e-01 -3.712625786336350986e-01 4.761408542540217503e-01 -3.178242889058579546e-01 4.076067374720386827e-01 -1.749187698667876711e-01 2.761639665500687513e-01
-2.277900513221393641e-01 -4.162141299280167628e-01 3.666162698844110945e-02 -1.986055475829914263e-01 3.593606718360804753e-02 -1.946750018276568184e-01 2.277900513221393641e-01 4.198192560599725565e-01
-3.700360584558293198e-02 1.196419590419111056e-01 4.470798440491605685e-01 4.107173660029683759e-01 3.821657116725481473e-01 3.510829140790776015e-01 3.700360584558293198e-02 -1.197275879786266067e-01
-4.240112534828299751e-02 -1.403401084648217001e-01 2.332158338725698332e-01 4.020858148595838344e-01 2.114852397853595189e-01 3.646202470812268115e-01 4.240112534828299751e-02 1.404783108148244808e-01
-3.793675716938418319e-01 -9.975397698808785574e-02 -4.579787253005074277e-01 -3.867486713218575289e-01 -3.928118698947105081e-01 -3.317173055616287058e-01 3.793675716938418319e-01 9.980360886073526283e-02
3.306403259938046624e-01 -8.262428259099141581e-02 1.544182517243863906e-01 -2.169448602673281767e-01 1.492183145546079059e-01 -2.096393790168995241e-01 -3.306403259938046624e-01 8.265248544824140009e-02
-2.767600371159772976e-02 2.898859590776569073e-01 7.373168765782867062e-02 -3.719076799450329318e-01 6.894270217715332827e-02 -3.477517093442527574e-01 2.767600371159772976e-02 -2.911039710170793549e-01
4.484282960587185896e-01 3.174844695622196511e-01 -3.400653304898922924e-01 3.308903476943613198e-01 -3.072350542390110961e-01 2.989458342448231276e-01 -4.484282960587185896e-01 -3.190845339576773299e-01
4.391113537321853499e-01 1.540218366347201329e-02 -9.721720635494746077e-02 -4.758278661211334803e-01 -8.744961695124520151e-02 -4.280205756488896229e-01 -4.391113537321853499e-01 -1.540236635436467369e-02
4.288751140115937277e-01 1.725308697908485289e-01 -4.061826821204107540e-01 -1.573138288253372874e-01 -3.723889875805557192e-01 -1.442255911622590814e-01 -4.288751140115937277e-01 -1.727876552571395163e-01
1.544825573820041154e-02 3.182954760580944953e-01 3.352030877236489292e-02 -4.410483214656942819e-01 3.065536411578037232e-02 -4.033523968708574992e-01 -1.544825573820041154e-02 -3.199078337820201456e-01
2.123451824521829234e-01 -1.806407822517630546e-01 3.584834924852871030e-01 5.434272670327222610e-02 3.370147266603937819e-01 5.108826367126354656e-02 -2.123451824521829234e-01 1.809355075529130996e-01
-4.663257954971518071e-01 -2.396890696088543882e-01 2.681738269584630352e-01 4.868935239201536147e-01 2.343956073221107606e-01 4.255661506376003933e-01 4.663257954971518071e-01 2.403775866491693891e-01
1.462541094487922466e-01 -4.551633607854088659e-01 3.277568902549100605e-01 3.208719412798001214e-01 2.979136169192940220e-01 2.916555637327247208e-01 -1.462541094487922466e-01 4.598782543219871455e-01
-9.473235976604499342e-02 3.818100041174853354e-01 -1.006206920716267161e-01 2.904034316942908367e-01 -9.618062962359767709e-02 2.775888769014583368e-01 9.473235976604499342e-02 -3.845929958417087513e-01
1.961604635169689193e-01 -3.758295671385821768e-01 4.706642786602582840e-01 -4.633378875835503230e-02 4.254796403040664865e-01 -4.188565962759158851e-02 -1.961604635169689193e-01 3.784838233091734061e-01
-2.759213630536806461e-01 1.972248052781890859e-01 -3.718479212079259799e-01 -1.749061688695731087e-01 -3.439406787503679896e-01 -1.617794345688685909e-01 2.759213630536806461e-01 -1.976083840923438806e-01
-1.190588668514616089e-01 4.692760954489991754e-01 2.696975504706573545e-01 -3.509090782665362784e-01 2.466234104738418975e-01 -3.208868360031366107e-01 1.190588668514616089e-01 -4.744432957973989118e-01
1.985466383465933626e-01 5.614857784090276915e-02 -3.880513223635619902e-01 3.890806310635631649e-01 -3.400862590853311329e-01 3.409883401376395118e-01 -1.985466383465933626e-01 -5.615742871751627091e-02
-1.727063534846133841e-01 1.227810443865496870e-01 4.976753962378986929e-01 5.447995102336988804e-02 4.450189187768480159e-01 4.871570723147884696e-02 1.727063534846133841e-01 -1.228735917336252481e-01
-3.987811975718835722e-01 4.692788873290909546e-01 1.061281673480748422e-01 -3.962951167941286545e-02 1.054536451106732053e-01 -3.937763710593172178e-02 3.987811975718835722e-01 -4.744461799022369752e-01
-1.828928726057138521e-01 -1.753740245970443201e-01 -4.364060277913495156e-01 1.827286636290849087e-01 -3.944831172211956116e-01 1.651750164837974544e-01 1.828928726057138521e-01 1.756437151973811728e-01
-1.013977090241343637e-01 -3.016425041826376052e-01 -1.203814050722764595e-01 4.492630720195096572e-01 -1.091525482268028147e-01 4.073570092132484666e-01 1.013977090241343637e-01 3.030147996125617804e-01
4.406613933963881014e-01 3.194724781232162192e-01 -7.596566067208643247e-02 -2.725436007443216013e-02 -7.571945849458526501e-02 -2.716602960067124664e-02 -4.406613933963881014e-01 -3.211027887372567835e-01
1.574263851618576959e-01 -1.868989419131819041e-01 -7.255962732886478417e-02 1.442250304796721672e-02 -7.236188255241475520e-02 1.438319779315734917e-02 -1.574263851618576959e-01 1.872253722645618734e-01
-1.216238665685807074e-01 -2.153451813389082314e-01 2.981392895724858105e-01 -2.530942437773582299e-01 2.776611742037677910e-01 -2.357101105735018853e-01 1.216238665685807074e-01 2.158444973346658746e-01
-1.709504561132378919e-01 2.427563191082552363e-01 -3.349791328215169228e-01 2.102182814841857539e-01 -3.115036909831126466e-01 1.954861189199559868e-01 1.709504561132378919e-01 -2.434716082549999994e-01
4.684132012168494841e-01 7.121219956275526286e-02 -2.429530304647856687e-01 3.487874932486478841e-03 -2.360839587774239967e-01 3.389261373717661601e-03 -4.684132012168494841e-01 -7.123025604748756123e-02
-2.187682931177747925e-01 2.952333085611460461e-01 -1.828654851875988196e-01 -1.640738216316561804e-01 -1.775845067893985219e-01 -1.593355283071501982e-01 2.187682931177747925e-01 -2.965199752720662496e-01
-4.603714261331056656e-01 -1.723698784507571302e-01 -2.806493029991841137e-01 -4.337628429561170007e-01 -2.493390841856701345e-01 -3.853707415648393586e-01 4.603714261331056656e-01 1.726259457556001409e-01
1.972931747872619379e-02 3.237461300908711648e-01 3.236070103414329102e-01 8.435004987466032667e-02 3.069004121538287388e-01 7.999537786408338069e-02 -1.972931747872619379e-02 -3.254427468851825989e-01
-1.506412658320208653e-01 -1.912730724789931669e-01 1.556070633050348206e-01 -3.957132824592071163e-01 1.431992236732972934e-01 -3.641597858208354688e-01 1.506412658320208653e-01 1.916229624599670167e-01
4.223395975318838813e-01 2.001136312583979837e-01 1.216209953957619883e-01 3.762755599876351775e-01 1.130991167727439101e-01 3.499102548806641289e-01 -4.223395975318838813e-01 -2.005143134333836064e-01
3.872889518527348196e-01 2.926712773169131143e-01 -1.286078555295558923e-01 4.190259320127301956e-01 -1.177896186018019542e-01 3.837783043097330316e-01 -3.872889518527348196e-01 -2.939247368372695512e-01
-3.042256706775458008e-01 -2.075690882772296408e-02 -4.925751277537124828e-01 -3.298223923945875491e-02 -4.416838339762645393e-01 -2.957461930089657146e-02 3.042256706775458008e-01 2.075735598266761558e-02
3.767009301816353073e-01 4.324995372217993461e-01 1.725694086830638074e-01 -3.854004166793686403e-01 1.589766534938769904e-01 -3.550436254397671409e-01 -3.767009301816353073e-01 -4.365446156432299940e-01
3.569756261117601470e-01 -3.575170265087591615e-01 2.581419631248791369e-01 -3.388949864949396540e-01 2.374893392220504551e-01 -3.117817244204263427e-01 -3.569756261117601470e-01 3.598018896571906766e-01
1.725610295221127188e-01 -2.698200961103001116e-01 1.996162092731862403e-01 -2.195419316216217220e-01 1.913693215747619691e-01 -2.104718382571052759e-01 -1.725610295221127188e-01 2.708022801717742123e-01
5.053367201341196768e-03 -2.062538587737590134e-01 4.720106734936198034e-01 1.075022342210512072e-01 4.248469618043591023e-01 9.676051869325272281e-02 -5.053367201341196768e-03 2.066925674785436429e-01
-1.305140843396159767e-01 5.131951215730712335e-02 2.295647829337770229e-01 2.086520145143740956e-01 2.192569171137430661e-01 1.992831690790776156e-01 1.305140843396159767e-01 -5.132627014757955991e-02
-2.118544006920064504e-01 1.181857022194578999e-01 -4.088754156025352637e-01 -4.251993046864810388e-02 -3.781691945227114715e-01 -3.932671724171681038e-02 2.118544006920064504e-01 -1.182682422878237188e-01
4.811953575957429452e-01 2.780741808327621412e-01 4.270613525529988186e-01 4.053206191921288060e-01 3.680105683624741442e-01 3.492759776697753060e-01 -4.811953575957429452e-01 -2.791492886109710470e-01
1.461275766592474712e-01 3.481110847927462171e-01 -3.586609302401039256e-01 -1.247430270432652311e-01 -3.352998709136856825e-01 -1.166180014003443122e-01 -1.461275766592474712e-01 -3.502203129588650765e-01
2.822301513237782666e-01 -8.683388394802060706e-02 -4.284765991245476080e-01 -4.836642850442984809e-02 -3.934570256748338157e-01 -4.441341987111852713e-02 -2.822301513237782666e-01 8.686662085804057465e-02
1.649689629047610406e-01 -5.098080406002980514e-02 -8.250100300278295773e-02 -4.985531566481105070e-01 -7.363339030667138962e-02 -4.449662166029069721e-01 -1.649689629047610406e-01 5.098742912355237744e-02
-4.445004968872773299e-01 -4.300609359159204281e-01 -2.842093764097123332e-01 -3.560522045512881650e-01 -2.586343323653645387e-01 -3.240122665009714242e-01 4.445004968872773299e-01 4.340379762130602836e-01
-7.354642731505767195e-02 -1.201075833075407884e-01 7.297574822892549662e-02 -4.110621268143290763e-01 6.734253838552736737e-02 -3.793310479940804614e-01 7.354642731505767195e-02 1.201942158958823614e-01
4.607778274826422882e-01 2.425011397753991105e-01 -3.046726254357844388e-01 -2.175995787081761446e-01 -2.853301604936356317e-01 -2.037850385388088326e-01 -4.607778274826422882e-01 -2.432141756105839214e-01
4.144213209521963037e-02 1.703979831481650109e-01 -4.478973137969325391e-01 -1.608895721286726088e-01 -4.044316465875262834e-01 -1.452762331239667026e-01 -4.144213209521963037e-02 -1.706453624472240860e-01
-1.174991744400388782e-04 -1.769905608017749987e-01 -3.408251113832208024e-01 7.051312470184545322e-02 -3.218865656788001406e-01 6.659493912711564323e-02 1.174991744400388782e-04 1.772677780960443539e-01
-4.751007724496519868e-01 -2.734603434962298296e-01 4.166002985176445739e-01 2.709035556918872878e-01 3.730748791205950599e-01 2.426001893246595154e-01 4.751007724496519868e-01 2.744828193701377983e-01
-2.866146464200844957e-01 4.265387090440507789e-01 2.668301773539265564e-01 3.368186570297777571e-01 2.451550276862976274e-01 3.094582029972992032e-01 2.866146464200844957e-01 -4.304188308104944238e-01
-2.548906473594418909e-01 3.525994904986708978e-01 3.702951184827347753e-01 1.819303386197554939e-01 3.423061978570657859e-01 1.681790533533070175e-01 2.548906473594418909e-01 -3.547913617757871840e-01
-4.236917106260428278e-01 -1.432053096326540986e-01 -4.627400179173616346e-01 1.150415307379548668e-02 -4.199340542897878614e-01 1.043995646452173555e-02 4.236917106260428278e-01 1.433521506437498982e-01
-3.918161685663590355e-01 4.744572468195600301e-01 2.012948458124766971e-01 4.326623717682092085e-01 1.816701757479710078e-01 3.904811809830881497e-01 3.918161685663590355e-01 -4.797974927475125995e-01
2.281612831471337977e-01 3.075500986858035191e-01 3.193036293395508096e-01 2.629683361938754960e-01 2.950567388651061940e-01 2.429993666612450254e-01 -2.281612831471337977e-01 -3.090046117169068518e-01
-2.254577720709264321e-01 -1.683501417402557543e-01 1.194570963506738082e-01 1.462814620836394575e-02 1.186012748575397263e-01 1.452334639058606124e-02 2.254577720709264321e-01 1.685887087919744620e-01
3.576088734266992253e-01 4.370947669703432181e-01 2.272382328463987688e-01 -4.831429138699013803e-01 2.004559610673539161e-01 -4.261997460530230764e-01 -3.576088734266992253e-01 -4.412701548421097408e-01
1.036529738579119453e-01 -3.800012608909467682e-01 4.743263166703248768e-02 4.512319427486563006e-01 4.319453017526609512e-02 4.109144081214368693e-01 -1.036529738579119453e-01 3.827448882019353071e-01
3.486759755335859801e-01 -8.680662698638308417e-02 1.910984765401362306e-01 1.918948683012131617e-01 1.844540132102213126e-01 1.852227145577035050e-01 -3.486759755335859801e-01 8.683933307795077550e-02
1.295501714623319423e-01 3.859616994673953361e-01 -1.268883127819659951e-01 2.529439929065242509e-01 -1.220937400944523271e-01 2.433863091981422755e-01 -1.295501714623319423e-01 -3.888364663584044090e-01
1.050889026557298989e-01 -2.356217802283420149e-01 1.734242712672651177e-01 2.941216758494805683e-01 1.641210428619458428e-01 2.783437163436505157e-01 -1.050889026557298989e-01 2.362758382903533683e-01
3.414767148983972600e-01 3.597590874616505285e-01 -1.335555709646891742e-01 -4.849382002494725397e-01 -1.193125425124702266e-01 -4.332219855395130770e-01 -3.414767148983972600e-01 -3.620872072553038556e-01
-2.337270660697277069e-02 4.838960714592499546e-01 -4.025157383991201376e-01 1.136571570174527146e-01 -3.713433063913295085e-01 1.048550912562072612e-01 2.337270660697277069e-02 -4.895614155607204143e-01
3.941453369562155640e-01 -2.058767185888967788e-01 1.045686819412062762e-01 1.623032354886072559e-01 1.026725315526864774e-01 1.593601808634875217e-01 -3.941453369562155640e-01 2.063130251229365331e-01
-1.417744555408780860e-01 4.872471130303539510e-01 3.232914561104646145e-01 4.491407209696461900e-01 2.828667807419378843e-01 3.929797321874985427e-01 1.417744555408780860e-01 -4.930309737744401066e-01
7.262533264395398813e-02 -3.647644466314540201e-01 -2.133622614702269660e-01 2.098333016958182640e-01 -2.044058551893411235e-01 2.010250321907179338e-01 -7.262533264395398813e-02 3.671910986789969078e-01
-4.768096319006378536e-01 1.968940385765474144e-01 1.368282038574908377e-02 -4.806473848810904892e-01 1.233132411013385457e-02 -4.331722933255836572e-01 4.768096319006378536e-01 -1.972756907197376897e-01
2.406467308597891597e-01 -2.305963131144953548e-01 9.330487127574671469e-03 -2.206290420715535383e-01 9.110986105591611581e-03 -2.154387128259638018e-01 -2.406467308597891597e-01 2.312094071374929116e-01
-3.756281485758182770e-01 2.390696321837244565e-01 -4.928969959280440349e-01 2.312204475295214223e-01 -4.328973502009111907e-01 2.030743134462338062e-01 3.756281485758182770e-01 -2.397528249265601097e-01
-4.139652023203066467e-02 -8.117104254580864708e-02 -2.347676116336114838e-01 -3.271915035878188993e-01 -2.177726473739525492e-01 -3.035059199127710383e-01 4.139652023203066467e-02 8.119778328303527137e-02
3.726271831441870797e-01 -1.565756720731986684e-01 4.925015745753918983e-01 2.436577216825497327e-01 4.316326866014914554e-01 2.135437579295250410e-01 -3.726271831441870797e-01 1.567676020707945705e-01
-3.345570852489343494e-02 -4.835512467686254867e-01 9.161386813542382601e-02 1.476959172750968996e-02 9.122194296890824561e-02 1.470640724665560339e-02 3.345570852489343494e-02 4.892044881137106449e-01
1.723692184292864304e-01 -1.780360280372778048e-01 4.327546414337379854e-01 1.987689721600419679e-01 3.907125711636547094e-01 1.794585863317613716e-01 -1.723692184292864304e-01 1.783181868987872287e-01
-4.006524858403693878e-01 -3.421472441914644724e-01 -2.873326449520178238e-01 -4.056366422993966658e-01 -2.572966510427357467e-01 -3.632338734823661874e-01 4.006524858403693878e-01 3.441499130442933763e-01
4.187092051422680594e-01 -4.407991546861244059e-01 -4.647324943089802263e-01 4.428297284638704756e-02 -4.211051752940913606e-01 4.012585578021408972e-02 -4.187092051422680594e-01 4.450816043145103817e-01
-1.280547989307603274e-01 -8.378775750419797941e-02 -4.027227605565558699e-01 -4.522727140267724932e-01 -3.444798486886170297e-01 -3.868637468580655159e-01 1.280547989307603274e-01 8.381716863385302307e-02
-2.957460214465699178e-01 1.809757971170928847e-01 -2.860132420045553570e-01 1.065614049987992917e-01 -2.735548958507250106e-01 1.019197357501691742e-01 2.957460214465699178e-01 -1.812721652463990529e-01
-4.552337391548609835e-01 -4.238048119725698060e-01 6.718502250089797290e-02 -4.569626182335895237e-01 6.099345552054487307e-02 -4.148503355700988715e-01 4.552337391548609835e-01 4.276108020768311646e-01
3.995757788613247818e-01 -3.031949692584470224e-01 2.232735419434633828e-01 -1.438890189116630580e-01 2.157907103469098309e-01 -1.390666951927966299e-01 -3.995757788613247818e-01 3.045885623264062980e-01
4.049284888231673429e-01 -1.210436509848804576e-01 4.876390127582570511e-01 -3.412149311902076265e-01 4.190384957406171340e-01 -2.932131920320021901e-01 -4.049284888231673429e-01 1.211323249335782282e-01
-2.959864134702089311e-01 -2.053161897808285508e-01 4.553527810202921966e-01 -1.135890455866309656e-01 4.122150364612798268e-01 -1.028282125853722390e-01 2.959864134702089311e-01 2.057489422880013352e-01
-4.717296071425006732e-01 -1.071359573240447949e-01 3.555987576799238825e-01 -1.988122325790719902e-02 3.349870370668297515e-01 -1.872883953780606764e-02 4.717296071425006732e-01 1.071974432571554253e-01
-1.553104796133664145e-02 2.148934825586794606e-01 3.722296651622669650e-02 -1.378024768741870076e-02 3.719367975819302258e-02 -1.376940548924275587e-02 1.553104796133664145e-02 -2.153896631092176717e-01
4.504454053381363732e-01 -2.296162402743424646e-01 1.331576700659197199e-01 1.213572327470685552e-01 1.310478428062958611e-01 1.194343784520397328e-01 -4.504454053381363732e-01 2.302215502189612073e-01
3.917334375542191882e-01 3.180374743094045442e-01 -4.931972707993302896e-01 4.590470888417582662e-01 -4.090188032712667732e-01 3.806973437199113186e-01 -3.917334375542191882e-01 -3.196459144092030358e-01
2.314212789001066639e-01 4.351169274831817591e-01 4.089236092006353074e-01 2.325543619727699074e-01 3.700249408953983909e-01 2.104327363542393137e-01 -2.314212789001066639e-01 -4.392358909658128363e-01
3.070553190721129200e-01 3.021682720955329859e-01 -3.677445668728491768e-01 3.002429082625260870e-01 -3.322083466413329744e-01 2.712295683736539731e-01 -3.070553190721129200e-01 -3.035477558416934118e-01
-4.286603127427927040e-01 -2.576860278087902412e-01 1.959308411732209043e-01 -1.798945490593648611e-01 1.893470617302115133e-01 -1.738496302149681871e-01 4.286603127427927040e-01 2.585415723354917428e-01
-3.924088676856635205e-01 -6.428870084291760101e-02 1.993652716464400232e-02 -1.400621088538855918e-01 1.973995960132783611e-02 -1.386811427897880755e-01 3.924088676856635205e-01 6.430198622206112491e-02
-2.438555487940488042e-01 3.570234378123661179e-01 -6.186899015794078416e-02 3.047833131183925737e-01 -5.907789587031889167e-02 2.910336307325061544e-01 2.438555487940488042e-01 -3.592988505606456995e-01
3.168939943424481376e-01 3.072005205099108682e-01 1.079520691099101759e-01 -4.438876005179426265e-02 1.072241287215606603e-01 -4.408943858906659574e-02 -3.168939943424481376e-01 -3.086500793405450582e-01
-4.568300644024785306e-01 4.332612253671294100e-01 4.965497686577319270e-01 -1.723120389638482797e-01 4.395359244694863610e-01 -1.525271707364390938e-01 4.568300644024785306e-01 -4.373277131825524244e-01
1.849040370601138239e-01 2.001657153343474604e-01 1.218412468024803186e-01 -1.512917465283163398e-01 1.196055164342814670e-01 -1.485156131494488330e-01 -1.849040370601138239e-01 -2.005667104504282594e-01
-4.307479299901645353e-01 -4.160628523199377815e-01 2.131514327645346318e-01 9.536997767450572372e-02 2.075673302833259959e-01 9.287149233918393088e-02 4.307479299901645353e-01 4.196640489121178930e-01
6.955988672543322870e-02 1.125827063289852603e-02 -4.510153427178015262e-01 4.409366710119898558e-01 -3.814719295302931301e-01 3.729473185502095167e-01 -6.955988672543322870e-02 -1.125834198143303190e-02
2.290620102834528549e-02 1.588215617744619390e-01 5.788266229605387725e-02 -1.024998145321069920e-01 5.748575355335901887e-02 -1.017969603284715058e-01 -2.290620102834528549e-02 -1.590218698190496716e-01
-3.952886964267562364e-01 2.959103772080438066e-01 4.068499659332249774e-01 4.412713561040275678e-01 3.488392523219964181e-01 3.783526676261462773e-01 3.952886964267562364e-01 -2.972059165060584873e-01
-3.360177224127737228e-01 1.165501453108307439e-01 -4.106063172301008812e-01 -4.501357157970652390e-01 -3.506485950155076026e-01 -3.844058157100603834e-01 3.360177224127737228e-01 -1.166293057987330822e-01
-4.605914418318820536e-01 3.605991793014342583e-01 -1.456498614777294032e-01 4.458959147028034309e-01 -1.318631865067312614e-01 4.036890633914931859e-01 4.605914418318820536e-01 -3.629436467446650050e-01
-3.654295413553123595e-01 7.149851411237473364e-02 3.114240831267847121e-01 -2.024588997739882323e-01 2.919348327773628737e-01 -1.897888064929962593e-01 3.654295413553123595e-01 -7.151678926671406478e-02
-4.427464401998323362e-01 2.186978796890629573e-01 3.605275368315041806e-01 -1.312352643936782748e-01 3.366032790429497878e-01 -1.225266194898887995e-01 4.427464401998323362e-01 -2.192208821372882144e-01
-3.399665385546721819e-01 -8.984524681271055524e-02 6.896779442026079732e-02 -1.415268782938077230e-01 6.812863034179633681e-02 -1.398048532036957337e-01 3.399665385546721819e-01 8.988150911070810767e-02
4.925577191726402404e-01 3.791850207683671314e-01 4.029401316108196518e-01 -8.750197358099076617e-02 3.725155222244292963e-01 -8.089500356761121502e-02 -4.925577191726402404e-01 -3.819110061500403108e-01
-4.404673455875330879e-01 -4.177669359430880025e-02 4.225931412633920914e-02 4.147261171846322592e-01 3.900573133832636874e-02 3.827959785984430541e-01 4.404673455875330879e-01 4.178033922103131792e-02
-4.090702210856855814e-02 -3.761509226064104761e-01 -2.923069837498257773e-01 -4.336741209227017446e-01 -2.590221379722735251e-01 -3.842918720025669810e-01 4.090702210856855814e-02 3.788119932164014658e-01
-3.867894649390224426e-01 -1.003343166840177103e-01 1.140468383857706769e-01 2.797189778221403911e-01 1.091745080637368248e-01 2.677687714281578590e-01 3.867894649390224426e-01 1.003848198374266976e-01
1.077707514438671632e-01 -2.450795833513277344e-01 -1.199522547838215436e-01 8.419153453948224897e-02 -1.186845455695070412e-01 8.330176065156885690e-02 -1.077707514438671632e-01 2.458156063827089399e-01
2.754825532263566190e-01 -2.752815276629517749e-01 -4.372651738048038972e-01 4.279132574117999743e-01 -3.729945128428532874e-01 3.650171716134950062e-01 -2.754825532263566190e-01 2.763245682628793221e-01
4.553834518208789151e-01 3.247463593325339293e-02 3.595231813188717318e-01 -3.773833195425572162e-01 3.188150512865733366e-01 -3.346529198292399476e-01 -4.553834518208789151e-01 -3.247634832401951471e-02
-4.928567247210015045e-01 9.800710365056886086e-02 -3.753501831570580372e-01 4.687003004099622450e-01 -3.217929675403711220e-01 4.018233301164411131e-01 4.928567247210015045e-01 -9.805417348482967088e-02
-2.284047797404361591e-01 -3.487815348108581626e-01 2.991233714797451038e-01 -2.363806719646266430e-02 2.865038185480997535e-01 -2.264081365952949620e-02 2.284047797404361591e-01 3.509029733670719353e-01
-1.995810956819602522e-01 1.899836293275636301e-02 -1.339309644318609216e-02 -3.414706600379352475e-01 -1.267350888978980780e-02 -3.231240411021532588e-01 1.995810956819602522e-01 -1.899870579411680818e-02
-2.461870452923806685e-01 -4.870043417988796364e-01 -1.412238195118713513e-01 -3.302775125713706128e-01 -1.329094043845818474e-01 -3.108327449944951471e-01 2.461870452923806685e-01 4.927795614112714939e-01
2.963907007825484774e-01 -3.478971315790698737e-01 -2.501976684795821360e-01 -4.632447566965913754e-02 -2.424713822538777097e-01 -4.489394212210661567e-02 -2.963907007825484774e-01 3.500024730648040316e-01
-2.315610198981288281e-01 1.071375469001651926e-01 3.479335509098300250e-01 -4.580752214450534154e-01 3.015956824680227633e-01 -3.970686605880535125e-01 2.315610198981288281e-01 -1.071990355701166603e-01
-1.276153106149410243e-01 -3.212346004950165090e-01 6.315512615987817213e-02 2.667279392078927280e-01 6.090846286864460418e-02 2.572394320002949764e-01 1.276153106149410243e-01 3.228920372161535601e-01
1.587482589541454603e-01 1.834670713805222064e-01 3.892911989720779786e-01 4.048154265090203596e-01 3.394234490266044291e-01 3.529590410666410549e-01 -1.587482589541454603e-01 -1.837758479870095218e-01
7.492449644699727962e-02 1.604632515337904852e-01 2.202358797470097551e-01 1.506886277771024574e-02 2.150582158865327886e-01 1.471459940195030125e-02 -7.492449644699727962e-02 -1.606698355750985907e-01
1.567046803932748977e-01 -9.839925776716684780e-02 1.385069178386136857e-01 -2.516407361560205613e-01 1.331239094381480303e-01 -2.418608333340866723e-01 -1.567046803932748977e-01 9.844689488436789149e-02
9.604912012515043340e-02 -2.983860766629319317e-01 -3.537122829136574165e-01 -1.856028510708910284e-01 -3.284758000860890648e-01 -1.723605538986957286e-01 -9.604912012515043340e-02 2.997144057013724772e-01
1.690132408839137845e-01 2.025023847332036997e-01 -2.981094014680163440e-04 -1.906809203264967501e-01 -2.928333242320618193e-04 -1.873061617374979226e-01 -1.690132408839137845e-01 -2.029175876829713288e-01
2.370801479974837811e-02 -4.446652101594306128e-02 6.466324131766121308e-02 -1.898191046002983828e-02 6.451690076916323513e-02 -1.893895215587347927e-02 -2.370801479974837811e-02 4.447091713515908401e-02
-5.021639107011188763e-02 -2.418783170794529536e-01 -4.443210058788914507e-01 -2.741009679754634609e-01 -3.938755221109681015e-01 -2.429812240339690732e-01 5.021639107011188763e-02 2.425858730810634412e-01
-4.985731194372418074e-01 -3.384744005253409460e-01 -4.123189528558469652e-01 -2.774799494329127647e-01 -3.692323259204843833e-01 -2.484837682473268750e-01 4.985731194372418074e-01 3.404132651530538678e-01
-1.314767073102853789e-01 1.308213101319432026e-01 -7.767160132026584840e-02 1.037130732793323240e-03 -7.743832307631572098e-02 1.034015822942358246e-03 1.314767073102853789e-01 -1.309332553345599337e-01
-2.583505064127443740e-01 -2.142631609951185512e-01 3.126074216257043181e-01 -3.719083923831117966e-01 2.811791754685337708e-01 -3.345182739945312123e-01 2.583505064127443740e-01 2.147549881772137237e-01
5.756390093406826836e-02 -2.420461210976676547e-02 2.743128931923868308e-01 -2.302760533701395662e-01 2.582490962677705948e-01 -2.167910592275358594e-01 -5.756390093406826836e-02 2.420532113939937932e-02
-3.195483807973183987e-01 -6.893167854357173940e-02 2.733707820220616647e-01 -2.674989256115403169e-01 2.553320678143889411e-01 -2.498476732199198247e-01 3.195483807973183987e-01 6.894805525009964353e-02
1.463560193551532995e-01 -2.601240039736815168e-01 4.776049453973120196e-01 -3.158818035209166597e-01 4.144652511225612179e-01 -2.741220171253300197e-01 -1.463560193551532995e-01 2.610040619737724055e-01
-3.391742348627059256e-01 4.715769183534420650e-01 -1.642381034860679323e-01 3.868640123009802201e-01 -1.514092825142846765e-01 3.566456339290207667e-01 3.391742348627059256e-01 -4.768204950494875360e-01
-2.259884514841159486e-02 4.092702224593884885e-01 -4.319376248885217207e-01 2.916226636623189261e-01 -3.830393611254426789e-01 2.586090035748651594e-01 2.259884514841159486e-02 -4.126979038526473187e-01
3.379179943092606164e-01 -4.217327441015104039e-01 1.327585848055394813e-01 3.487132363244002109e-01 1.243820514293410562e-01 3.267108319821717677e-01 -3.379179943092606164e-01 4.254831819218897193e-01
-1.911473151362028666e-01 -9.456808910314384864e-02 -7.778046778235914172e-02 -4.168225189725671687e-02 -7.747937866060411460e-02 -4.152089940125947010e-02 1.911473151362028666e-01 9.461037580803371982e-02
3.890238955692091327e-01 -2.749697410371328976e-01 -4.910347457299830687e-01 -1.522969168924709349e-01 -4.367023491341710528e-01 -1.354454485170103195e-01 -3.890238955692091327e-01 2.760092415747901762e-01
3.690583863056698943e-01 -2.627806548408707643e-01 -3.358588804327846677e-01 -4.563029317759829118e-01 -2.922154668761957064e-01 -3.970083330060428795e-01 -3.690583863056698943e-01 2.636879533055765390e-01
3.272763289795971309e-01 -2.405721337776288715e-01 1.333775576476117219e-01 3.265769212965119461e-02 1.321375761274169169e-01 3.235408082166812277e-02 -3.272763289795971309e-01 2.412682888069657694e-01
-1.458959230787815198e-02 1.263318523550149841e-02 3.001231639316233046e-01 -1.234714880400189507e-02 2.874360101483854346e-01 -1.182519583773041123e-02 1.458959230787815198e-02 -1.263328604665790549e-02
2.193241225090415414e-01 -2.276512528492663501e-01 2.569155498555310002e-01 -2.504282814078219177e-01 2.418228277193159026e-01 -2.357166593652343378e-01 -2.193241225090415414e-01 2.282411552159234469e-01
4.992083013973249717e-01 -4.673566354811986567e-01 -3.755782856183622620e-01 2.541610981978155159e-01 -3.420492204525885649e-01 2.314713305770685625e-01 -4.992083013973249717e-01 4.724606892843656314e-01
-8.190045732243411702e-02 5.988695536087929039e-02 2.675794757506579913e-01 2.788264097399831831e-01 2.495904601967439684e-01 2.600812776345278743e-01 8.190045732243411702e-02 -5.989769443171374941e-02
-3.119700714174138412e-01 4.997330141673057557e-01 2.009661068630560488e-01 -3.887233857094585243e-01 1.841098511243091096e-01 -3.561187793734498230e-01 3.119700714174138412e-01 -5.059730075437357533e-01
1.258692404776312612e-01 -4.417263167234537491e-01 -2.350867660571909212e-03 3.867123867838395679e-02 -2.349105328328838279e-03 3.864224871355292218e-02 -1.258692404776312612e-01 4.460358459095210004e-01
8.351675888389586966e-03 1.909825452546333180e-01 2.912479090271702376e-02 3.590046727457587572e-01 2.740154078977409188e-02 3.377631522513247497e-01 -8.351675888389586966e-03 -1.913308432983769347e-01
4.501295004136456335e-01 2.211219472259051688e-02 -5.847844728852669149e-02 1.382542782831974737e-02 -5.837315328311475787e-02 1.380053430360978113e-02 -4.501295004136456335e-01 -2.211273530953725489e-02
4.263165744773145249e-02 2.966116310355754182e-01 -2.396018266296946475e-01 2.115704835917247006e-01 -2.282262603315596272e-01 2.015257602409892823e-01 -4.263165744773145249e-02 -2.979164027564457640e-01
1.093866410446241444e-01 3.451647964507859045e-01 -4.639942484753373231e-01 -3.498764105599496688e-01 -4.011737956730694332e-01 -3.025064386078588075e-01 -1.093866410446241444e-01 -3.472209213410626938e-01
9.562111302037412663e-02 1.300027122182449979e-01 3.574512183871471072e-01 -3.187493395083360603e-01 3.223851524480503827e-01 -2.874799388676674283e-01 -9.562111302037412663e-02 -1.301125690938617074e-01
-3.317246946327556678e-01 -2.350823837903246449e-01 -4.765473695335034066e-01 3.805841060788893726e-01 -4.068536861443396435e-01 3.249247742102129854e-01 3.317246946327556678e-01 2.357319602263205915e-01
4.091283748867312609e-01 -1.315920405186529196e-01 -3.067377381471920739e-01 3.009294344888924222e-01 -2.818206492911690120e-01 2.764841689540910030e-01 -4.091283748867312609e-01 1.317059759676902087e-01
-3.074917810401446294e-01 1.992859712643673120e-01 -5.925261071589571493e-02 2.085426553619844636e-01 -5.790738597463475357e-02 2.038080666879711622e-01 3.074917810401446294e-01 -1.996817023688626513e-01
-2.124200578800997663e-01 -3.625348187302421810e-01 -1.861394597766311554e-01 -1.576073095076878650e-01 -1.808383083403699854e-01 -1.531187383247450129e-01 2.124200578800997663e-01 3.649172433872311383e-01
-5.847025729736021749e-02 -1.582919081936996486e-01 4.136436609225421224e-01 -4.804086210749569652e-02 3.818577992006512711e-01 -4.434923004780548517e-02 5.847025729736021749e-02 1.584902188938517864e-01
2.630720727810837989e-01 2.367542185563070722e-01 1.281281684791431008e-01 -3.253355763209254681e-01 1.209477695342461717e-01 -3.071035258929786238e-01 -2.630720727810837989e-01 -2.374177525584009185e-01
-3.718521459972671250e-01 -1.758641762284509635e-01 5.600080103663418463e-02 1.087195556550213382e-01 5.558666578264664232e-02 1.079155564271325890e-01 3.718521459972671250e-01 1.761361344237833138e-01
-7.537446720435869718e-02 1.581111061964737274e-01 1.998616674623410194e-02 -7.933861933527674992e-02 1.991960639638950051e-02 -7.907439626908328856e-02 7.537446720435869718e-02 -1.583087381373723401e-01
4.855162416953693327e-01 -2.771085590220352390e-01 -1.286032497304723243e-01 -4.606465593336301900e-01 -1.160173647834563254e-01 -4.155649256333730501e-01 -4.855162416953693327e-01 2.781725056055487921e-01
-3.624622797640241201e-01 3.141954072403518872e-02 -4.057355900278012406e-01 -4.446144047285592871e-01 -3.476211517450017996e-01 -3.809312647272816155e-01 3.624622797640241201e-01 -3.142109157298986905e-02
2.340406775670077488e-01 4.237625976350212209e-02 -2.083138009166231042e-01 1.355930974373986686e-01 -2.021625685239384906e-01 1.315892117154190688e-01 -2.340406775670077488e-01 -4.238006461639880901e-02
-2.579773925358671560e-01 -1.738807149293306598e-01 1.062071109875891706e-01 2.871743134269690856e-01 1.015534667736008451e-01 2.745912851376330899e-01 2.579773925358671560e-01 1.741435747794008726e-01
1.365023424296673005e-01 -3.457824438746718299e-01 -4.388751510308178672e-01 -2.856319681556860335e-01 -3.887968158468347313e-01 -2.530396160779608272e-01 -1.365023424296673005e-01 3.478496263882536743e-01
-4.077376541532479193e-01 -2.606368713780282675e-03 -8.283035294506202462e-02 -1.386200799816512674e-01 -8.177106681921401943e-02 -1.368473200902875775e-01 4.077376541532479193e-01 2.606369599053989881e-03
4.601446916211000548e-01 2.426779134370044000e-01 -2.941367863005872607e-02 -1.096329780226252826e-01 -2.922599924846033814e-02 -1.089334446600404016e-01 -4.601446916211000548e-01 -2.433925097332290399e-01
-1.237525858977093218e-01 -1.026136693015379242e-01 2.744038422684292877e-01 1.069868274682600484e-01 2.632246958730467545e-01 1.026282099038775819e-01 1.237525858977093218e-01 1.026676931672321630e-01
-2.241154834918535066e-01 -3.535633715671618882e-01 -3.648616028981892523e-01 2.077437756581832495e-01 -3.364128178489473875e-01 1.915456940511506834e-01 2.241154834918535066e-01 3.557732674069134515e-01
-4.957396223349401776e-01 2.785448947369330019e-01 9.588199640490990827e-02 -2.868652745313667873e-01 9.177579890642274807e-02 -2.745801165575053604e-01 4.957396223349401776e-01 -2.796254714729080604e-01
-1.829561180638038520e-01 2.852137653116322280e-01 -2.321800947827739048e-01 1.219977209157080411e-01 -2.245838806813162114e-01 1.180063330715750841e-01 1.829561180638038520e-01 -2.863738279787235164e-01
2.172422322752299850e-01 -2.078346241432139641e-01 1.501680066208771480e-01 3.794713356705036178e-01 1.390355748952655235e-01 3.513399191908017083e-01 -2.172422322752299850e-01 2.082834973731218509e-01
3.284531949961253527e-01 3.319439935347425763e-01 -1.641901258665403596e-01 -3.061598365732538518e-01 -1.550971626274990078e-01 -2.892044921240123356e-01 -3.284531949961253527e-01 -3.337727861024486486e-01
-3.350232844914978747e-01 -4.169330017197852012e-01 -1.752458347954459761e-01 -1.739423287990145006e-01 -1.701362119644776738e-01 -1.688707121438132175e-01 3.350232844914978747e-01 4.205568401109504584e-01
1.591583970705608975e-01 -3.443651998600163466e-01 4.760744478129420587e-01 2.551719765732257672e-01 4.188745946026030675e-01 2.245133271320872703e-01 -1.591583970705608975e-01 3.464070683879872936e-01
4.608778491357932161e-01 3.861938563573561467e-01 -2.176208437223459136e-01 -3.653805326089447636e-01 -2.002631113746404790e-01 -3.362372879564248795e-01 -4.608778491357932161e-01 -3.890738139068921075e-01
-2.227804173057047477e-01 1.303734331444929007e-01 2.580117022107475400e-02 -1.769368955675700850e-01 2.539834219071006663e-02 -1.741744184965840492e-01 2.227804173057047477e-01 -1.304842325194381092e-01
-2.832580097098270633e-01 4.564935079162260045e-01 -2.470778792628625098e-02 1.139588222854331923e-01 -2.454150476008035153e-02 1.131918805485504220e-01 2.832580097098270633e-01 -4.612498580903702794e-01
-8.511402156055680734e-02 -1.073944295323427944e-01 1.958171758510771632e-01 -3.621018943908490550e-01 1.810746681220676835e-01 -3.348402920643711034e-01 8.511402156055680734e-02 1.074563615559415569e-01
-1.392195062147788542e-01 2.822705914973476782e-01 1.781657600983213019e-01 1.457862348056433444e-01 1.736243957354677014e-01 1.420702098467758745e-01 1.392195062147788542e-01 -2.833951107732693431e-01
-2.880098258670221734e-01 4.384468324119419336e-01 -2.673498841662665937e-01 -3.995664538016366896e-01 -2.409506845937003372e-01 -3.601116599860090806e-01 2.880098258670221734e-01 -4.426610874515978789e-01
-2.236828137892066248e-01 -1.120105335892656040e-01 2.739336539890787625e-01 -3.255137203423981163e-01 2.520697073012532208e-01 -2.995329234447460798e-01 2.236828137892066248e-01 1.120807998111312959e-01
1.501283286286326790e-01 -1.985301868139840442e-01 5.411915740462369673e-02 4.259713332624631699e-01 4.972850572543137393e-02 3.914125588954986412e-01 -1.501283286286326790e-01 1.989214325866263955e-01
3.079129521391970048e-01 -2.864985477106573031e-01 -3.950087286419545762e-02 -3.931166753553189119e-01 -3.673743212267850666e-02 -3.656146340565992192e-01 -3.079129521391970048e-01 2.876743580609213979e-01
-4.784158559291328272e-01 -2.200718125056220220e-01 4.456896097834101012e-01 3.304748904230027096e-01 3.897203311097968137e-01 2.889741669807275315e-01 4.784158559291328272e-01 2.206047340346135310e-01
2.370880595522907308e-01 2.468470344834251540e-01 4.928482353336010036e-01 -4.855725723727487564e-01 4.052995213813854192e-01 -3.993162946913888511e-01 -2.370880595522907308e-01 -2.475990966591786469e-01
-1.227484733251182902e-02 -3.390598342423205569e-01 3.910711030146669653e-01 3.666496178362267377e-01 3.446706305685659499e-01 3.231467474920958205e-01 1.227484733251182902e-02 3.410087768060254820e-01
2.347369077925267611e-01 1.115829717156171519e-01 -4.743584325931846646e-01 1.672114937106413679e-01 -4.237749852212887580e-01 1.493808129196410317e-01 -2.347369077925267611e-01 -1.116524363533024505e-01
-7.229516697244942058e-02 4.096843374752062727e-01 -2.561660663602605137e-01 1.786984497519712445e-01 -2.445167492879739835e-01 1.705720225047372418e-01 7.229516697244942058e-02 -4.131224341711049464e-01
-1.923454099071484347e-01 -1.775650568687821007e-01 -5.668446467671672817e-02 -5.157353298263356312e-02 -5.651874154860193900e-02 -5.142275221293664267e-02 1.923454099071484347e-01 1.778449824049292138e-01
-3.308989366346166694e-01 -4.422912427715396388e-01 1.214940224110312439e-01 -1.985670484671018254e-01 1.183301820581136865e-01 -1.933961402344766267e-01 3.308989366346166694e-01 4.466173275494196293e-01
2.928148553566388701e-01 -3.581024449149017297e-01 -1.072089899045478578e-01 2.646269709210913312e-01 -1.030893225123114681e-01 2.544582798049775385e-01 -2.928148553566388701e-01 3.603985505410459145e-01
-3.342860752538825420e-01 -2.622330018718039835e-01 3.554743018864131576e-01 3.466174112624649251e-01 3.183912261308455283e-01 3.104582862516451214e-01 3.342860752538825420e-01 2.631346395331016774e-01
-1.433379512854265903e-01 4.512456088267534637e-01 3.058238658027854218e-01 -4.266516095141767995e-01 2.707827261774979899e-01 -3.777660898013993629e-01 1.433379512854265903e-01 -4.558397990205378392e-01
4.554683230029259455e-01 2.807304911647672263e-01 3.398481447022727586e-02 -1.540332750598797373e-01 3.356975226773487031e-02 -1.521520410028428250e-01 -4.554683230029259455e-01 -2.818367041722834032e-01
-2.234369275488657935e-01 -4.852813939192403003e-01 2.881840479602113536e-01 4.248095983130144582e-01 2.563775769960627837e-01 3.779239561351377952e-01 2.234369275488657935e-01 4.909955345635819701e-01
-4.892139704945752676e-02 3.139350789453603241e-01 3.207240566538416271e-01 -2.514089609104277478e-01 2.970086880439453125e-01 -2.328189734862636251e-01 4.892139704945752676e-02 -3.154820762004155732e-01
4.971412080072745709e-02 -4.993086473679514414e-01 -3.798317198962766206e-01 3.851927987878044357e-01 -3.340807786809342206e-01 3.387961126481464080e-01 -4.971412080072745709e-02 5.055327574753619713e-01
-4.363777143014481164e-01 -2.528056517180221618e-01 -2.618737252795931836e-01 4.369039750436676250e-02 -2.531053287120490491e-01 4.222749880728322858e-02 4.363777143014481164e-01 2.536135009951970831e-01
2.448236736818095727e-01 3.618908893343419919e-02 2.921084522507646497e-01 -3.489256696148514969e-01 2.658745276770433374e-01 -3.175890560113084349e-01 -2.448236736818095727e-01 -3.619145868573587360e-02
1.966959021894129078e-01 -3.474004982712449729e-01 1.890782878350388829e-01 1.409182846103932407e-01 1.840306707147325860e-01 1.371563426438772992e-01 -1.966959021894129078e-01 3.494968363126692568e-01
1.741113273466744493e-01 -3.396842588515801564e-01 1.945041492699467467e-01 3.697386648303876422e-01 1.794713929928378748e-01 3.411624557598818552e-01 -1.741113273466744493e-01 3.416439889828088439e-01
-3.076364256591492818e-01 -9.116826336149463916e-02 -3.549594854650549580e-01 -4.884607738972841506e-01 -3.038628927037705374e-01 -4.181466049126424389e-01 3.076364256591492818e-01 9.120615130653374203e-02
1.792299961209404824e-01 -4.902574970883695205e-01 -3.712312040655757484e-01 3.308610128292928110e-01 -3.324009170258839796e-01 2.962533937560449249e-01 -1.792299961209404824e-01 4.961492257202599898e-01
1.439879792316223206e-01 1.363238149667501675e-01 -4.310471339778519928e-01 3.488695701530470927e-01 -3.769658297128371527e-01 3.050986692816325951e-01 -1.439879792316223206e-01 -1.364504882997567281e-01
2.967609569319022977e-01 -1.447540832193993099e-01 -4.938653908058892039e-01 3.285502414658533210e-01 -4.247609812309597888e-01 2.825776528316316094e-01 -2.967609569319022977e-01 1.449057402239415093e-01
4.734755682697008305e-01 -4.190696174919765760e-01 3.108181284362256935e-01 7.965250004568513731e-02 2.959565459912052998e-01 7.584396351553925053e-02 -4.734755682697008305e-01 4.227494540640782672e-01
3.469065604599740338e-01 -4.554533804450350276e-01 4.431907720906342885e-01 1.771113773978622019e-01 3.999717167937363871e-01 1.598398390547701720e-01 -3.469065604599740338e-01 4.601772923917384905e-01
2.093943937252127352e-01 -2.916251602470602000e-01 2.534821959985360529e-01 -4.820829369365418060e-01 2.226049800455432159e-01 -4.233593690251741815e-01 -2.093943937252127352e-01 2.928652267480346683e-01
-3.028730527678269446e-02 -1.301019260515204889e-01 2.623727573915097810e-01 3.541891842905376953e-01 2.400844006898998906e-01 3.241010952762504171e-01 3.028730527678269446e-02 1.302120346366979764e-01
-3.509209501324435099e-01 4.550215718185226521e-01 -2.539961331942903744e-01 -3.488077382990064645e-01 -2.332124043601799257e-01 -3.202658650158392017e-01 3.509209501324435099e-01 -4.597320604861422910e-01
-2.871168137554169775e-03 1.806025158213098170e-02 -8.229784675882734213e-02 -2.646931897326264549e-01 -7.930741717206044039e-02 -2.550751210082797815e-01 2.871168137554169775e-03 -1.806054612017049185e-02
2.686475065195093048e-01 2.742315525552211364e-01 -1.291186895654603539e-01 -1.652234479840317682e-01 -1.263702987478848017e-01 -1.617065395580268017e-01 -2.686475065195093048e-01 -2.752627035654289234e-01
2.004314282099708411e-01 -2.842035236001749787e-01 4.624509185962646374e-01 4.563238155682922681e-01 3.877946002331187358e-01 3.826566334267557656e-01 -2.004314282099708411e-01 2.853513028750919167e-01
1.005489174641225336e-01 -2.576017574949666100e-01 -3.491247111277847592e-01 -2.854686311780184615e-01 -3.182578480759643003e-01 -2.602297384176106010e-01 -1.005489174641225336e-01 2.584564629374003220e-01
-2.130131368226850785e-02 -3.741918350487964950e-01 2.864177527141965607e-01 -6.177153016411118802e-02 2.748620902350653039e-01 -5.927932796424188050e-02 2.130131368226850785e-02 3.768115432815608012e-01
-4.609668485247746528e-01 1.643260602450324903e-02 -9.966108424638353558e-02 -3.694460394655895152e-01 -9.307932342165109452e-02 -3.450472935780199424e-01 4.609668485247746528e-01 -1.643282788977779019e-02
-1.417477129110333856e-02 3.713559196315916466e-01 -1.536312621955380209e-01 8.102481123095461868e-02 -1.513650673590141438e-01 7.982962474209918946e-02 1.417477129110333856e-02 -3.739165156036221571e-01
2.519535611422075716e-01 -4.428568559313249553e-01 -2.740380025496539362e-01 -2.606244441893331709e-01 -2.563206007689902144e-01 -2.437742703134382904e-01 -2.519535611422075716e-01 4.471995588607037275e-01
-1.564634702956416712e-01 3.566830458693316386e-01 -4.836590339695718832e-01 1.181309596938646678e-01 -4.329649305271706106e-01 1.057492141461372076e-01 1.564634702956416712e-01 -3.589519565743183871e-01
2.326219094520809438e-01 7.429285203179869512e-03 -4.550685149818405328e-01 -1.920716073455785988e-02 -4.141341873701839815e-01 -1.747943802003538646e-02 -2.326219094520809438e-01 -7.429305705881746047e-03
3.688851589766610761e-01 -3.549388314073063100e-01 -2.962526208452862519e-01 6.397832418814042299e-02 -2.835169012393497501e-01 6.122793502569860019e-02 -3.688851589766610761e-01 3.571746190407507626e-01
-3.505136966757695927e-01 3.852328174375586611e-01 -2.933805064724456235e-01 -3.013729653363337313e-01 -2.704343669037022058e-01 -2.778017123993118953e-01 3.505136966757695927e-01 -3.880913282231706063e-01
-2.930952016295722551e-01 -3.118796579333958929e-01 2.029754714335572086e-01 -1.107197925984604314e-01 1.977584109075122831e-01 -1.078739715968504292e-01 2.930952016295722551e-01 3.133964678243565949e-01
-6.159076855910650128e-02 4.169853749785908947e-01 7.476207378567067963e-02 -3.974243001262656172e-02 7.449552780970621069e-02 -3.960073805227131566e-02 6.159076855910650128e-02 -4.206105791724174536e-01
1.343798686338387727e-01 -3.966310273084606708e-01 1.611143269557696600e-01 2.240562542086212972e-01 1.553087534797271962e-01 2.159826392101730219e-01 -1.343798686338387727e-01 3.997508510505953794e-01
-4.473982574212114205e-01 -3.611862456045765724e-01 4.556667056701708685e-01 -3.506879708968602127e-01 3.950219423984864253e-01 -3.040148461927226209e-01 4.473982574212114205e-01 3.635421822902387690e-01
-1.720889007033236107e-01 -8.372713572333045917e-03 -4.484458881964150656e-01 -1.045217052320740470e-01 -4.073367837885794041e-01 -9.494018423619327018e-02 1.720889007033236107e-01 8.372742919670611225e-03
-1.330990595979373303e-01 2.615112185509760323e-01 -7.652356614384092648e-02 1.744981557674550876e-01 -7.517116951721589113e-02 1.714142597978317306e-01 1.330990595979373303e-01 -2.624054315471264220e-01
-1.629657205697320199e-01 3.851404133120045481e-01 -2.397869661681779618e-01 9.310910788793191895e-02 -2.322271196123114889e-01 9.017362486383502518e-02 1.629657205697320199e-01 -3.879968676152118490e-01
2.929816823338567966e-01 2.599335792572645687e-01 -3.386417247559804222e-01 -4.290358389665753780e-01 -2.971513395085494946e-01 -3.764703665443422387e-01 -2.929816823338567966e-01 -2.608117059229754786e-01
-1.005511776142844482e-01 -3.947062827073651858e-01 3.935927554225107095e-01 1.672537909396858424e-01 3.618887507865078956e-01 1.537814521064961026e-01 1.005511776142844482e-01 3.977809074814992463e-01
1.645907555488578256e-01 7.209804193194169208e-02 -3.386278578784187587e-01 -3.260303739014747126e-01 -3.064581260663571394e-01 -2.950574062410220577e-01 -1.645907555488578256e-01 -7.211678067320706487e-02
-3.397975893808304892e-01 4.223280085419000018e-01 -2.204791519307918168e-01 -1.025330188172390855e-02 -2.152972804839891896e-01 -1.001232085566739101e-02 3.397975893808304892e-01 -4.260943497150627701e-01
2.471983676863187540e-02 -3.381718611032863420e-01 -3.933467370018616238e-01 -4.031424820347060400e-01 -3.427221608321854296e-01 -3.512571722834224031e-01 -2.471983676863187540e-02 3.401055313160100124e-01
2.844648673127480043e-01 -4.357056029151002985e-01 -1.142017725483871482e-01 1.485816947897554696e-01 -1.122477891593177818e-01 1.460394736222517253e-01 -2.844648673127480043e-01 4.398413068257815417e-01
-4.943580460810020893e-01 -1.544919332368602793e-01 -4.723810341815040115e-01 2.611473898009875061e-02 -4.270046914938336879e-01 2.360618918784627290e-02 4.943580460810020893e-01 1.546763020362703911e-01
-3.931232557433586017e-01 -3.457824121058237221e-01 9.198664208149753829e-02 2.515696041200218280e-01 8.885426134591718761e-02 2.430030148438856730e-01 3.931232557433586017e-01 3.478495940496368899e-01
2.418472006834667676e-01 -2.544868566821620881e-01 4.560334517348374472e-02 1.799112539007186040e-01 4.483760705900479565e-02 1.768903153311598142e-01 -2.418472006834667676e-01 2.553109304256092615e-01
4.623842889477336460e-02 1.440869522905317002e-01 2.275664701252511080e-02 -1.030295674776819936e-01 2.263102060618932265e-02 -1.024608002818192809e-01 -4.623842889477336460e-02 -1.442365221102801798e-01
3.354685611475347606e-01 1.501946546552886952e-01 -4.265169773586248159e-01 -1.538998711992937141e-01 -3.884493154959069994e-01 -1.401639390593533985e-01 -3.354685611475347606e-01 -1.503640624676538529e-01
4.896022973054644511e-01 2.870929926848564406e-03 -8.870620622970493141e-02 4.806421220801341265e-01 -7.969634349159671061e-02 4.318234460240172323e-01 -4.896022973054644511e-01 -2.870931109993043930e-03
2.782136015438966270e-01 -6.452823117803219155e-02 -3.705409748201409226e-01 7.486798826551133157e-02 -3.466019611721510296e-01 7.003109865092665975e-02 -2.782136015438966270e-01 6.454166560930804653e-02
-2.414105014073542055e-01 8.745372542190821274e-02 4.845160291807091291e-01 -2.570393013602003673e-01 4.248138959918409951e-01 -2.253668825332541814e-01 2.414105014073542055e-01 -8.748716840029752140e-02
-2.184661821515062607e-01 -3.179799232097100248e-01 -3.709423510846544536e-01 9.945085126781749718e-02 -3.462838294359028568e-01 9.283982138189703082e-02 2.184661821515062607e-01 3.195874902921352345e-01
-4.513074628836505342e-01 -2.612406440370592664e-01 -4.905863079436734164e-01 3.391871064179340367e-01 -4.213373603638164711e-01 2.913089863567527305e-01 4.513074628836505342e-01 2.621320842917823080e-01
3.765321564895721673e-01 -3.119553375173537146e-01 -3.856200864530329175e-01 2.972675650511826806e-01 -3.467068001866192573e-01 2.672700149677398329e-01 -3.765321564895721673e-01 3.134732518669963719e-01
-4.074181968550427690e-01 -2.660902527360647918e-01 1.919220329368640510e-01 9.752255853439495414e-02 1.876235904159038181e-01 9.533836370307520458e-02 4.074181968550427690e-01 2.670322657494981766e-01
3.453451587639734255e-01 1.192354646583524413e-01 -6.817434958241375131e-02 -1.780558086169151677e-01 -6.696801703878334233e-02 -1.749051439192292057e-01 -3.453451587639734255e-01 -1.193202237609275879e-01
1.096147983345592269e-01 -1.944842107543337528e-01 -2.110113395307211537e-01 -1.504105080978360709e-01 -2.042646630405891284e-01 -1.456014251304975082e-01 -1.096147983345592269e-01 1.948520203461902578e-01
2.749003758140171616e-01 4.590077781677198709e-01 -4.137953773355295128e-01 -2.178894740515981976e-01 -3.748321162220384917e-01 -1.973728493226812319e-01 -2.749003758140171616e-01 -4.638431529287083133e-01
-2.483876316597911638e-01 -1.263758486994723818e-01 4.517867210990098581e-01 3.504863572172710606e-01 3.921984447110513639e-01 3.042590624591001158e-01 2.483876316597911638e-01 1.264767652180764090e-01
4.213790806783380694e-01 2.695973691264704764e-01 -2.414128382478560875e-01 -1.876740128610341340e-01 -2.308610316190870260e-01 -1.794710527064395378e-01 -4.213790806783380694e-01 -2.705771229201254791e-01
-1.686427890375943317e-01 -3.127329898676873832e-01 3.812086071601255011e-01 9.193234379092607433e-02 3.548973720034309665e-01 8.558712106888739790e-02 1.686427890375943317e-01 3.142622842566602515e-01
3.329401087337757748e-01 -2.265797415768250334e-01 -1.073998223549739173e-01 2.468038043746979548e-01 -1.037088159998940939e-01 2.383219057045676270e-01 -3.329401087337757748e-01 2.271613534124843070e-01
-2.187068164433679796e-01 4.567816576873906520e-02 3.383324238937717165e-01 -4.207863473237077878e-01 2.977085958576275448e-01 -3.702622148243566724e-01 2.187068164433679796e-01 -4.568293113157050750e-02
2.778600665672813497e-01 4.315023915455653558e-01 -1.293620178557567391e-01 4.433762026242679122e-01 -1.174409733486406482e-01 4.025179388735157238e-01 -2.778600665672813497e-01 -4.355195561327730447e-01
3.264480494367361096e-02 -1.103145985573471544e-01 -2.075753264421132949e-01 -3.260686707812697760e-01 -1.936148063887533910e-01 -3.041388571794408913e-01 -3.264480494367361096e-02 1.103817211883277305e-01
1.806891118423470388e-03 -3.573353278736943750e-01 3.616513869045786533e-01 -8.817122922403886065e-02 3.389308106004435550e-01 -8.263191370098590949e-02 -1.806891118423470388e-03 3.596167091273239635e-01
-1.385349213714633931e-01 -6.839574002829484911e-02 1.399515992288863364e-01 -4.918088063355782191e-01 1.246065060632837035e-01 -4.378840781119254233e-01 1.385349213714633931e-01 6.841173771410105631e-02
-4.258123252677417092e-01 3.947035962579936719e-01 -4.105347560404730700e-01 3.018541916168369088e-01 -3.657835479989969829e-01 2.689499380098538395e-01 4.258123252677417092e-01 -3.977781582530339755e-01
9.985443754344636158e-02 -4.998150809700604436e-01 -4.351254062862940364e-01 3.748236220725406076e-01 -3.773261378537894895e-01 3.250344559286540980e-01 -9.985443754344636158e-02 5.060581490707500851e-01
-7.294650698627236363e-02 -4.380668024864856624e-01 4.350120957823405687e-01 -3.725590612190992079e-01 3.774821720743215536e-01 -3.232884901787247967e-01 7.294650698627236363e-02 4.422701087281241672e-01
3.020538609156231402e-02 1.184535124778690607e-01 -8.260032973722042371e-02 -1.214612025982937382e-01 -8.172341704374032345e-02 -1.201717298968814213e-01 -3.020538609156231402e-02 -1.185366149291162546e-01
2.149075175062504783e-01 3.142482445937637703e-01 4.360421664100501138e-01 -1.771345751816946201e-01 3.945300403672426515e-01 -1.602709932212134092e-01 -2.149075175062504783e-01 -3.157998760856789988e-01
-5.518763504562129718e-02 2.176529748301250233e-01 -3.778138402187155576e-01 -3.521964465146167900e-01 -3.356806428194604175e-01 -3.129200600388694076e-01 5.518763504562129718e-02 -2.181685165623550304e-01
-3.527699081883999277e-01 -9.879878209042902704e-03 -7.186898619535875277e-02 4.110210065110310174e-01 -6.632669269838914472e-02 3.793244546032054076e-01 3.527699081883999277e-01 9.879926428773241551e-03
-3.668305542407498399e-01 2.499451441365526660e-01 -3.528771084046231632e-01 1.986250966072780066e-01 -3.270783605469465560e-01 1.841036706957334401e-01 3.668305542407498399e-01 -2.507258799756683088e-01
4.226031530779568168e-01 -1.169189540019137663e-01 2.560108074168890857e-01 4.598545401584106518e-01 2.265486799361612624e-01 4.069337544250315464e-01 -4.226031530779568168e-01 1.169988683513633471e-01
9.259468732337294838e-02 -3.448055083178874769e-01 4.618572052271374684e-02 -1.892425890930188315e-01 4.533361676445046839e-02 -1.857511566856726859e-01 -9.259468732337294838e-02 3.468552191191980882e-01
4.095935277196136592e-01 1.688668017610364114e-01 1.269571277929371078e-01 -4.517388515107075841e-01 1.149328170467526083e-01 -4.089539490706617375e-01 -4.095935277196136592e-01 -1.691075720194366860e-01
-3.813701796264238331e-01 -3.721228367717795971e-01 1.079161752111910122e-01 1.943062596170870293e-01 1.053454649490598305e-01 1.896776198917034806e-01 3.813701796264238331e-01 3.746993298104052683e-01
-3.969539906813879249e-02 -3.523493858683413027e-02 2.122962876716165681e-01 1.615952789459929040e-01 2.051212314690880612e-01 1.561337834991472218e-01 3.969539906813879249e-02 3.523712579722757671e-02
-7.974316632746492051e-02 4.520162922399957317e-01 -2.116385025427246491e-01 -2.360469871093777705e-01 -2.017427207976026371e-01 -2.250099147526761489e-01 7.974316632746492051e-02 -4.566340619434626213e-01
-4.912008892997205001e-01 -4.705988085116737940e-01 -2.086604892210659479e-01 -7.893232611267497756e-02 -2.036541401945516638e-01 -7.703851873462343181e-02 4.912008892997205001e-01 4.758098253217440399e-01
3.231121116605417676e-01 -4.114708725515925369e-02 5.593848426585223965e-02 -2.765932339739421986e-01 5.383598120829655165e-02 -2.661972046971097794e-01 -3.231121116605417676e-01 4.115057052642291657e-02
2.341258067376583707e-02 -2.229298172044845705e-01 4.833583349518395522e-01 -3.010064001869109385e-01 4.200353471943693018e-01 -2.615726649729415709e-01 -2.341258067376583707e-02 2.234837722011936978e-01
-3.631238812025491258e-01 1.991942549110867766e-01 4.738784965204611010e-01 4.447519584462217290e-01 3.973392364507402075e-01 3.729171187900964246e-01 3.631238812025491258e-01 -1.995894398911522427e-01
-1.296489170119647927e-01 -6.360218722704469307e-02 3.394960408794237550e-01 1.855544806855604634e-01 3.166246405052245971e-01 1.730539201252877524e-01 1.296489170119647927e-01 6.361505152697721766e-02
-3.651353686031031387e-01 -1.291622551101757610e-01 3.736028248447275102e-01 6.430271176355084606e-03 3.499693736632649710e-01 6.023503641893552564e-03 3.651353686031031387e-01 1.292699950829046540e-01
2.234651778309412196e-01 8.434863419659788253e-02 -2.584622578634976353e-01 -3.686322785048381512e-01 -2.356784283443231209e-01 -3.361367990559400165e-01 -2.234651778309412196e-01 -8.437863992462743545e-02
-1.047229737636519165e-01 -1.547331269153757738e-01 4.553552319137071924e-01 -6.634525335696939141e-02 4.136602616896115636e-01 -6.027029655543395675e-02 1.047229737636519165e-01 1.549183605764406224e-01
2.411188729132642816e-01 1.218826819177620813e-02 1.239761034526720707e-03 3.970223525821364730e-01 1.152267778239810924e-03 3.690034219344560662e-01 -2.411188729132642816e-01 -1.218835872250365049e-02
-3.877872148683004783e-01 -4.188187241846419440e-02 -8.409275295336038347e-02 -4.484734510014117825e-01 -7.650488200123384264e-02 -4.080067216800288832e-01 3.877872148683004783e-01 4.188554564973469285e-02
3.618667195226829003e-01 2.409964745099502093e-01 4.384439199561147582e-01 -1.836684154366534649e-01 3.959812606229663468e-01 -1.658803951221593798e-01 -3.618667195226829003e-01 -2.416963198458013939e-01
-1.393088922830341136e-01 9.808523997231965996e-02 -2.889984079472198708e-01 -1.258235351261913770e-01 -2.756304128668296549e-01 -1.200034047991363484e-01 1.393088922830341136e-01 -9.813242247586279055e-02
1.301452844417436694e-01 2.908316312385733626e-01 -2.539499813937670103e-01 1.843892521911755233e-01 -2.422981697345313878e-01 1.759290474424792527e-01 -1.301452844417436694e-01 -2.920616023804636918e-01
-2.951509097022049222e-01 3.924831409031366292e-01 -1.973481362657467653e-01 1.678211618943217243e-01 -1.910417940152729088e-01 1.624583664618245438e-01 2.951509097022049222e-01 -3.955061052387341958e-01
-8.897089759405718556e-02 3.028860336216209204e-01 2.440329692502485326e-01 -4.231369349059929119e-01 2.192721626763955434e-01 -3.802033434668941614e-01 8.897089759405718556e-02 -3.042753710909818499e-01
7.486258758914909883e-02 2.337776649638684257e-01 -2.516053409768302940e-01 2.247789235163389909e-01 -2.384021908121790601e-01 2.129835066562963675e-01 -7.486258758914909883e-02 -2.344164857718268047e-01
4.552803950076347306e-01 4.000419619671502502e-02 1.708665890419770461e-01 -3.390518552197657742e-01 1.597406226222727044e-01 -3.169745165377907403e-01 -4.552803950076347306e-01 -4.000739720390789067e-02
4.418092681914485009e-01 -4.685379100893964921e-01 1.970396153973524855e-01 -7.414151605645047383e-02 1.928130506823140800e-01 -7.255115609227924534e-02 -4.418092681914485009e-01 4.736807642922695738e-01
-4.206421230691863578e-01 -4.954512113330395984e-01 1.757974900178633781e-01 1.621395094751725274e-01 1.709760697747593206e-01 1.576926728729484417e-01 4.206421230691863578e-01 5.015321789128457386e-01
3.187449926232988062e-01 8.998495851327314998e-02 -3.342673008134253720e-01 -3.882587027507994337e-01 -2.974964145176979824e-01 -3.455485226720579339e-01 -3.187449926232988062e-01 -9.002139024092092878e-02
-1.291251007105157500e-01 -6.515885672704335718e-02 -3.383359347763001956e-01 3.171854968792853224e-02 -3.203448629355977739e-01 3.003191032313356351e-02 1.291251007105157500e-01 6.517268889874029691e-02
-3.530696843064564661e-01 2.328919271953427961e-01 -1.672069605033010831e-02 3.928391661611855268e-01 -1.556102367492308639e-02 3.655936060718337766e-01 3.530696843064564661e-01 -2.335235143788124690e-01
-2.014205718656010280e-01 3.937160440017932750e-01 1.116855805023917458e-01 1.162662005092480744e-01 1.102618372854816120e-01 1.147840645559196071e-01 2.014205718656010280e-01 -3.967675859369405034e-01
-1.575398745988595417e-01 4.239125658053686241e-01 -4.264768571378088069e-01 -4.495250487164282882e-01 -3.625220613134648162e-01 -3.821139284471339881e-01 1.575398745988595417e-01 -4.277214597060744472e-01
2.799187922401146222e-01 4.561793268639441346e-01 9.570786223117500047e-02 1.974326495201748077e-01 9.348416246574352273e-02 1.928454512880579674e-01 -2.799187922401146222e-01 -4.609258631404653528e-01
3.719049073459854693e-01 -1.075225336436167467e-01 -2.066581109520704285e-02 8.003036702787746925e-02 -2.059557702385280201e-02 7.975837874334090749e-02 -3.719049073459854693e-01 1.075846875562178895e-01
-2.696971209790351987e-01 -2.707950485897648862e-01 -1.307128447520482517e-01 6.161720435201467616e-03 -1.296078645220349324e-01 6.109632369360027196e-03 2.696971209790351987e-01 2.717879180713630993e-01
-1.407794401252704386e-02 9.955937668786218886e-02 -2.556517377625892040e-01 6.250367679090118589e-02 -2.472328474556610700e-01 6.044536260423622603e-02 1.407794401252704386e-02 -9.960871866085020676e-02
3.328734127375139185e-01 -2.396430351937840486e-01 -2.505111379986243447e-01 1.196610218523517233e-01 -2.413815932913400686e-01 1.153001353167344423e-01 -3.328734127375139185e-01 2.403311556028434881e-01
-4.279488666402384567e-01 -3.830331489443293824e-01 -1.851976265688488610e-01 4.390459208781737344e-01 -1.671870400107937360e-01 3.963484268149995993e-01 4.279488666402384567e-01 3.858429727452845071e-01
-3.709265992122465772e-01 -3.825840796880948247e-01 7.020654866341891065e-02 -3.151815760518117404e-01 6.680982041847201292e-02 -2.999324834522791305e-01 3.709265992122465772e-01 3.853840323325609662e-01
-3.352833412209871300e-01 4.923938664544834642e-01 3.158457723813050677e-01 -2.200680478369797521e-01 2.947599487091434600e-01 -2.053763328978120417e-01 3.352833412209871300e-01 -4.983629534396060712e-01
-3.936970383672311335e-02 -4.325473258803749221e-01 -3.757162976674180976e-01 -2.107032178783310172e-01 -3.450631040483477241e-01 -1.935127830372454782e-01 3.936970383672311335e-02 4.365937453221899189e-01
1.254700344138703905e-02 6.930229598254811219e-02 3.111696169807631751e-02 -2.616423677525427927e-01 3.008998840069882288e-02 -2.530072147529781046e-01 -1.254700344138703905e-02 -6.931893826441790085e-02
-4.024854730899708466e-01 -1.494369334146982142e-01 -2.400303061890577405e-01 4.684537923342346755e-01 -2.124026018257233750e-01 4.145343390452855270e-01 4.024854730899708466e-01 1.496037901895365119e-01
-7.874629140072664235e-02 -1.087439494667913342e-01 3.202301465530049684e-01 -4.899268496342152890e-01 2.763712282367218886e-01 -4.228261662339899418e-01 7.874629140072664235e-02 1.088082456674308862e-01
-2.659802855347526140e-01 4.973834006145133602e-01 -1.528654296643995325e-01 -3.672231113344424092e-01 -1.420409698186111680e-01 -3.412199016367898352e-01 2.659802855347526140e-01 -5.035357907362439933e-01
4.886343345619386103e-01 5.050907673094173767e-02 -4.755559274434989492e-01 6.416122011260350089e-02 -4.287472664908166808e-01 5.784587290474412641e-02 -4.886343345619386103e-01 -5.051551958500581641e-02
3.484008808376887201e-01 -3.684875240701582788e-01 3.738005394984175167e-01 -2.115950130966230969e-01 3.434571176680112359e-01 -1.944186956193489357e-01 -3.484008808376887201e-01 3.709892421648240401e-01
-7.762595635685964890e-02 -2.500384167208999919e-01 -6.582870466029921985e-02 4.751622790107171701e-01 -5.935302718058688143e-02 4.284197874900811387e-01 7.762595635685964890e-02 2.508200269330054244e-01
-6.280333156849771115e-02 9.273595841083648317e-02 3.635281512198559328e-01 -1.721507280684900776e-01 3.372675007088290489e-01 -1.597148545608801096e-01 6.280333156849771115e-02 -9.277583467812591800e-02
4.918087035831010256e-01 1.615317883985666336e-01 -3.739485628360845748e-01 -1.713000041026053744e-01 -3.458366002529748573e-01 -1.584223525098384933e-01 -4.918087035831010256e-01 -1.617425269587414449e-01
9.034585430633512715e-02 4.298267609560302294e-02 -4.270490779545658144e-01 -2.269702699809318380e-01 -3.844502932920081939e-01 -2.043296458586876252e-01 -9.034585430633512715e-02 -4.298664664275363839e-02
5.731762586797928272e-02 3.731883907118611621e-01 -4.239582224579321323e-01 1.823014385716484886e-01 -3.849437272030941659e-01 1.655252605584730252e-01 -5.731762586797928272e-02 -3.757870801396228644e-01
4.272083143456884002e-01 4.707668388963848205e-02 3.122388044415802533e-01 -1.905772893242625443e-01 2.932352679526069039e-01 -1.789783387129817438e-01 -4.272083143456884002e-01 -4.708190049032481145e-02
-4.110930292724558344e-01 -2.172538281930341819e-01 7.880175242726283891e-02 5.346214384512981699e-02 7.844688020002549278e-02 5.322138485849792905e-02 4.110930292724558344e-01 2.177665388183750161e-01
-1.482983232596700729e-01 -2.869398503376336951e-01 2.732961489681284828e-01 -4.532874266424905541e-01 2.415468279960616416e-01 -4.006281848075353147e-01 1.482983232596700729e-01 2.881211024732460158e-01
-2.621592698829267043e-01 -1.941844139624371302e-02 -1.766569460151623527e-01 -4.668919708885710396e-02 -1.737797243986125562e-01 -4.592876750964382249e-02 2.621592698829267043e-01 1.941880750752425847e-02
-4.647266636865372558e-01 3.755001147069120249e-01 3.462628041807098711e-01 7.144949334257355567e-02 3.264592731197266673e-01 6.736313973018057122e-02 4.647266636865372558e-01 -3.781473968267182739e-01
-2.019867507991465194e-01 2.001386192546207310e-01 1.506905109556779809e-01 -6.439970718890264401e-02 1.487069802003877228e-01 -6.355201745030691907e-02 2.019867507991465194e-01 -2.005394515467405769e-01
-3.185957109426330591e-01 -4.897892943024085843e-01 -1.198945951174654745e-01 3.453437967411624454e-01 -1.126062742528523286e-01 3.243505534945644309e-01 3.185957109426330591e-01 4.956641589994135733e-01
4.613937134379235694e-01 -4.543014823971307514e-01 4.060840259830719168e-01 7.496921833222480736e-03 3.762359729077821013e-01 6.945881884685692863e-03 -4.613937134379235694e-01 4.589896428400863093e-01
9.852705939223938003e-04 1.747781952137192896e-01 3.322316766972577273e-02 -4.391608124051761264e-01 3.040500355024480100e-02 -4.019088785587188739e-01 -9.852705939223938003e-04 -1.750451463388674744e-01
1.324339984373901213e-02 1.366328285189140068e-01 -4.469046252660476837e-01 -4.758879105711277813e-02 -4.076286536654680215e-01 -4.340647585965339700e-02 -1.324339984373901213e-02 -1.367603652206558495e-01
-3.688893576520860806e-01 -1.954817048041167515e-01 -1.647548629539200560e-01 -3.296765052935035634e-01 -1.545900112265275739e-01 -3.093365120803706070e-01 3.688893576520860806e-01 1.958552028706378734e-01
-1.326443915360467907e-01 2.221971636246887760e-01 -9.208879943351511166e-02 -3.421633507243659889e-01 -8.680070189470652509e-02 -3.225149984386753155e-01 1.326443915360467907e-01 -2.227456748713712575e-01
-2.257414068055787482e-01 -4.369893522258777585e-01 -2.763863616110027177e-01 4.332835662415398525e-01 -2.458225721033275857e-01 3.853695243237274526e-01 2.257414068055787482e-01 4.411617198740929724e-01
3.078708464535515610e-01 3.001928057605164346e-01 1.643646079481696498e-01 -1.798064505213510245e-01 1.596942854244790821e-01 -1.746973572301753208e-01 -3.078708464535515610e-01 -3.015454103114745266e-01
-8.725075773600055040e-02 4.819213344991385428e-01 3.396858886664003707e-01 1.680787516070003651e-02 3.215953948860046929e-01 1.591274595103503095e-02 8.725075773600055040e-02 -4.875176019639521630e-01
3.269435283639895440e-01 -4.485132984404914813e-01 -1.396231466277693123e-01 4.155953273535647474e-01 -1.278734240955671786e-01 3.806216865209142708e-01 -3.269435283639895440e-01 4.530245389103230158e-01
-3.024671105328431420e-01 -2.463189531863693160e-01 4.713436153413455010e-01 4.509550098944593577e-01 3.947754846498291448e-01 3.776989372337797857e-01 3.024671105328431420e-01 2.470661990075245229e-01
4.462759271724278110e-01 -1.999281468030735809e-01 2.747339239157678970e-01 -3.866832562154707276e-01 2.482240009824978888e-01 -3.493709972277495024e-01 -4.462759271724278110e-01 2.003277158387599399e-01
2.123267228435931075e-01 -6.139861804197110917e-02 1.762221953481261094e-01 -3.584272617108563708e-01 1.636517553816000947e-01 -3.328596062472420347e-01 -2.123267228435931075e-01 6.141019103769972814e-02
2.535185187029176390e-01 -1.822711201044053819e-01 -3.910334997875476448e-01 1.613900880562642026e-01 -3.601351756148284955e-01 1.486375150369820819e-01 -2.535185187029176390e-01 1.825738975994694036e-01
-1.912663427021645823e-01 -4.551781838878610209e-02 4.817807971796761457e-01 -4.054929419655970424e-01 4.076835817334233947e-01 -3.431286923760594743e-01 1.912663427021645823e-01 4.552253374298119437e-02
4.196283793375943372e-02 -3.132749112510937461e-01 1.675118323277285937e-01 -4.344048477593099866e-01 1.518593853073846867e-01 -3.938136920752728365e-01 -4.196283793375943372e-02 3.148121695674887532e-01
8.070537061188576278e-02 -3.269262955987324304e-01 9.871299785223774936e-02 -3.340053120320817248e-01 9.322077164621786483e-02 -3.154218147459554311e-01 -8.070537061188576278e-02 3.286734028444801559e-01
-1.860053227873378345e-01 -4.845675845631093326e-01 -4.204987737235980072e-01 3.269785396753415174e-01 -3.711309562451698962e-01 2.885902782230838071e-01 1.860053227873378345e-01 4.902565471739164793e-01
