2.765591849971003047e-01 -1.936767744976399808e-01 3.506564028121215149e-01 4.502818537195284465e-01 3.045488105082518882e-01 3.910745728410598976e-01 -2.765591849971003047e-01 1.940400219989150132e-01
1.445261893744573811e-01 -1.779723281302177940e-01 -4.890195597243998105e-01 3.872643692201960253e-02 -4.390392663568678522e-01 3.476839753493946722e-02 -1.445261893744573811e-01 1.782541842373334684e-01
3.522629265975512070e-01 2.167954018596761623e-01 4.971353677713836738e-01 -1.565231763512833218e-01 4.408512184011059154e-01 -1.388020999427400370e-01 -3.522629265975512070e-01 -2.173048737235294681e-01
-2.942063230499279980e-01 1.344379466773086840e-01 4.205250328911311897e-01 5.102360570352626468e-05 3.876438531962332901e-01 4.703403025236969838e-05 2.942063230499279980e-01 -1.345594353022147582e-01
3.418676325919995929e-01 -1.044265085262373605e-01 -4.481767529014052398e-01 2.482493142584655255e-01 -3.988736350533596542e-01 2.209398540570030045e-01 -3.418676325919995929e-01 1.044834465353381842e-01
-7.463270809461353128e-02 -1.547844676358249849e-01 3.560139082083413342e-02 2.738573841342412107e-01 3.431684003239580949e-02 2.639762050398719584e-01 7.463270809461353128e-02 1.549698857406271169e-01
3.034141641594489958e-01 3.651444888780643883e-01 8.694970458421646953e-02 -1.500271352514014334e-01 8.567124539817333462e-02 -1.478212212677361415e-01 -3.034141641594489958e-01 -3.675787337008499245e-01
-4.747985763292510430e-01 -2.929133483064875199e-01 1.749891840730818382e-01 2.474872140008014254e-01 1.674655628775373606e-01 2.368465560724517527e-01 4.747985763292510430e-01 2.941699206422688229e-01
2.131919606020560298e-01 -2.746882196136303245e-01 4.140586072444267796e-01 -4.690464285953039880e-01 3.510170060148498639e-01 -3.976327750875363054e-01 -2.131919606020560298e-01 2.757245306131462237e-01
1.619677904397076595e-01 -4.313124448966143554e-01 3.772470709191594329e-01 3.725367841163385041e-01 3.332993978009659575e-01 3.291378393002599712e-01 -1.619677904397076595e-01 4.353243067708556513e-01
-3.232878384155739582e-01 -5.634301599414281991e-02 -7.723568500567667972e-02 -3.193310784944572989e-01 -7.337706469296488565e-02 -3.033776058753135385e-01 3.232878384155739582e-01 5.635195913922819155e-02
-1.692529738305952325e-01 -2.467490602554458512e-01 3.760246867964563977e-01 2.057995760597429724e-01 3.456103369722813845e-01 1.891537000847538785e-01 1.692529738305952325e-01 2.475002273002909203e-01
-2.362214707199802310e-01 -4.469237556872568407e-01 -1.379487449249049424e-01 -7.688922858985480779e-03 -1.366506499934687369e-01 -7.616570248623665516e-03 2.362214707199802310e-01 4.513872020820267061e-01
-4.687524377347384030e-01 -3.946101358561565631e-01 -4.214884648174430648e-01 3.626527979401670265e-01 -3.683729577171009906e-01 3.169516960789502402e-01 4.687524377347384030e-01 3.976825143258847506e-01
-4.565103020637225617e-01 3.812946924485224320e-01 1.864102624377016459e-01 3.718519388402702353e-01 1.721141668029692595e-01 3.433340299542303464e-01 4.565103020637225617e-01 -3.840664311404939912e-01
-4.543210347545999506e-01 -3.784384007483122536e-01 -1.955833706842642350e-01 -9.598584624487627170e-02 -1.911005471382666854e-01 -9.378582479047738174e-02 4.543210347545999506e-01 3.811483153178721883e-01
-1.867414715702864214e-01 1.427787092719934314e-01 -1.585830813370154857e-01 -6.201575761166744361e-02 -1.563328751985624820e-01 -6.113578834078397389e-02 1.867414715702864214e-01 -1.429242418957346883e-01
3.166839194553539016e-02 1.688397353653747768e-01 4.957276970397561655e-02 -2.335623239389212902e-01 4.821741004516261891e-02 -2.271765409057001361e-01 -3.166839194553539016e-02 -1.690803898685430129e-01
-3.293144739659739084e-01 -1.584303466807551741e-01 -3.962261289092328109e-01 -3.613388925710487865e-01 -3.491879229431191778e-01 -3.184423443320052449e-01 3.293144739659739084e-01 1.586291781501197873e-01
-4.849438657516299545e-01 -2.778385227805465485e-01 -4.144229471484399685e-01 -4.068849158702243507e-01 -3.583678937998469594e-01 -3.518494603705226709e-01 4.849438657516299545e-01 2.789108995268447799e-01
-1.433757188772410984e-01 1.478406511531121792e-01 -2.374431237642243842e-01 -2.523068216181911794e-01 -2.243588598815803026e-01 -2.384034961349832948e-01 1.433757188772410984e-01 -1.480022177600421596e-01
2.731865694302109127e-01 -4.509556531355908282e-01 -3.050806214938797112e-01 -3.577277413030991449e-01 -2.760889887092795036e-01 -3.237330835567631682e-01 -2.731865694302109127e-01 4.555409927891447830e-01
1.418117636288316330e-01 7.333575903778011273e-02 4.351169796032695603e-01 1.807822665882159452e-01 3.936124497137774014e-01 1.635379774916560225e-01 -1.418117636288316330e-01 -7.335547951309827341e-02
-2.123647417841120211e-01 -4.804612568285587804e-01 4.966047711983431201e-01 1.031759448191332806e-01 4.428922354842547149e-01 9.201648372986576119e-02 2.123647417841120211e-01 4.860068131880266318e-01
2.988855115046296085e-01 -2.088838815535438709e-01 -4.760209178557582854e-01 2.153339275316557000e-02 -4.297275609402299024e-01 1.943925571226643931e-02 -2.988855115046296085e-01 2.093395876006941547e-01
4.512937542798095558e-01 2.495037790514453846e-02 3.463532341233976908e-01 3.607330527295919964e-01 3.097767350589042401e-01 3.226379784939203965e-01 -4.512937542798095558e-01 -2.495115451230085768e-02
3.689166264320787869e-01 -3.903921255527847967e-01 3.776288618963510313e-01 3.269786359470492343e-01 3.378265822698770515e-01 2.925149166367926323e-01 -3.689166264320787869e-01 3.933670308953895467e-01
4.585140665956837225e-01 -5.425671533435538763e-04 3.428253374360226147e-01 -4.826093406157295762e-01 2.950088921765013916e-01 -4.152961621620157029e-01 -4.585140665956837225e-01 5.425671613295757678e-04
3.802989561574967592e-01 1.221852462457631017e-01 6.560845405711712708e-02 -2.467095240736382200e-01 6.356972452865120027e-02 -2.390432255925793170e-01 -3.802989561574967592e-01 -1.222764528548351826e-01
3.284088749584657130e-02 2.079093872875372728e-01 3.976681706338911493e-01 4.046599743246585001e-01 3.458782295309488775e-01 3.519594622278874874e-01 -3.284088749584657130e-02 -2.083587451034139837e-01
-2.982567737350346748e-01 2.001977471477516257e-01 3.402487318957161389e-01 -2.736574911664976240e-01 3.118193536851139314e-01 -2.507921236067402471e-01 2.982567737350346748e-01 -2.005989348041428144e-01
4.134954904132798204e-01 4.834619799393520267e-01 -3.013376779158022378e-01 1.492270930842607424e-01 -2.856219563848400034e-01 1.414444239669839509e-01 -4.134954904132798204e-01 -4.891120909826675578e-01
5.236720018549134714e-03 2.021622659497585017e-01 4.698639990799069466e-01 -2.845444409877876391e-01 4.118228374674177128e-01 -2.493953554701739683e-01 -5.236720018549134714e-03 -2.025753803127504360e-01
-2.850756158693047437e-01 -1.565417221958279592e-01 -2.088330096538619784e-01 -3.120891288947676978e-01 -1.955033755618102442e-01 -2.921687441856183898e-01 2.850756158693047437e-01 1.567335273735131207e-01
-4.575708081174538755e-01 2.048748572055500983e-01 -4.599122272515854259e-02 -2.081757799466303904e-01 -4.498035044671501448e-02 -2.036001432811521961e-01 4.575708081174538755e-01 -2.053048250681286935e-01
-4.388462314066693404e-01 -2.889792905341195262e-01 -3.473109594250377574e-01 3.737518169775079224e-01 -3.093704859148831976e-01 3.329229271121194045e-01 4.388462314066693404e-01 2.901859095514161546e-01
3.701458933690014996e-01 -3.051507435094514831e-01 -3.168808874453898916e-02 -3.930875436118520527e-01 -2.947860620119578320e-02 -3.656791355940057220e-01 -3.701458933690014996e-01 3.065714792364727104e-01
4.949682108840802730e-02 8.937964446353419135e-02 1.734649174318737552e-01 -2.127537175643284817e-01 1.672768653334734956e-01 -2.051641074696333999e-01 -4.949682108840802730e-02 -8.941534591497385387e-02
4.411824956874714765e-01 -1.013754841150772412e-01 3.233710978025708949e-01 -2.920706611383657725e-01 2.964494769485340742e-01 -2.677548962008462485e-01 -4.411824956874714765e-01 1.014275758507159342e-01
-7.963219791251097135e-02 -7.635106356170673347e-02 9.431700834188272431e-02 1.116596414747387245e-01 9.332539449116313002e-02 1.104856936470957757e-01 7.963219791251097135e-02 7.637331793034006500e-02
-4.671460617715523789e-01 4.055896325372565503e-02 1.605040628359643007e-01 -2.520624937965196821e-01 1.537846063974662725e-01 -2.415099699730206828e-01 4.671460617715523789e-01 -4.056229928827818215e-02
2.443608893284423544e-01 3.521833762914617916e-01 -1.379903957906840617e-01 1.170811024326482430e-01 -1.357848755392251638e-01 1.152097784104312295e-01 -2.443608893284423544e-01 -3.543674966256711301e-01
-4.370984598191589576e-01 -5.165635951106228863e-02 -1.936551092851078737e-01 -9.744914166439466729e-02 -1.892587213308498106e-01 -9.523683632348374506e-02 4.370984598191589576e-01 5.166325144954349996e-02
2.649598604516815170e-01 4.982795301717684033e-01 -4.924452237230901863e-01 -6.531119470557356088e-02 -4.410269532533307446e-01 -5.849177903800956146e-02 -2.649598604516815170e-01 -5.044652342998110495e-01
-4.568709636466372626e-01 -3.196094243747252817e-01 4.150484707247769078e-01 9.831628259107016987e-02 3.817707899656269666e-01 9.043349757615674889e-02 4.568709636466372626e-01 3.212418324525092572e-01
-1.681262874601241464e-01 -2.137797916494392769e-01 -1.852819205174259798e-01 3.940159536300797960e-01 -1.698777846508506550e-01 3.612578989512092442e-01 1.681262874601241464e-01 2.142682977062461691e-01
-1.936353284099927574e-01 -2.301511811708205624e-01 -2.567458577926072794e-01 -4.152997092326515816e-02 -2.484793954664696325e-01 -4.019282787062017359e-02 1.936353284099927574e-01 2.307607315821070537e-01
-7.145971853979071753e-02 1.559472667421736292e-01 -3.587508606742345618e-01 -2.452027840096406841e-01 -3.290286362394029274e-01 -2.248879277200052929e-01 7.145971853979071753e-02 -1.561368951097525659e-01
2.406687530036422107e-02 1.995866830533631342e-01 4.413232987251292094e-02 -4.313915021799095140e-01 4.048929122061583480e-02 -3.957809662965505182e-01 -2.406687530036422107e-02 -1.999842082730798887e-01
-8.216375599728420465e-02 4.384310263601531865e-01 -4.748255734275722562e-01 -3.072705607807597605e-01 -4.133022584756823048e-01 -2.674574071843852652e-01 8.216375599728420465e-02 -4.426448256433032635e-01
-8.509416262531277475e-02 -1.163708454568085360e-01 4.857320408866141470e-01 2.613339044061830929e-01 4.253236074522189214e-01 2.288329153018701934e-01 8.509416262531277475e-02 1.164496411667871462e-01
-1.219975913514445010e-01 3.069426929025779183e-01 -2.642281663099801392e-01 4.652324125286794176e-01 -2.329781076493580572e-01 4.102097388092999508e-01 1.219975913514445010e-01 -3.083886050333077278e-01
1.636412576192515234e-01 -1.394772999348238285e-01 4.644957051464699838e-01 -2.124034566723951301e-01 4.136626316893938227e-01 -1.891586335320819268e-01 -1.636412576192515234e-01 1.396129689270142471e-01
-2.048276947802575298e-01 -1.841078553150913288e-01 4.220077491054213814e-01 -1.555827726161479463e-01 3.848705027912202037e-01 -1.418912805496151397e-01 2.048276947802575298e-01 1.844198785686506359e-01
-1.696651789961258761e-01 -3.592586445829830666e-01 -4.923163179558155411e-01 -4.403796212725873405e-01 -4.107903227394923973e-01 -3.674541756032090878e-01 1.696651789961258761e-01 3.615770622921276600e-01
1.110893003188685446e-01 6.113169716415289834e-02 -4.616091946489082609e-01 4.092961633886360584e-02 -4.188220290314271232e-01 3.713579616965554525e-02 -1.110893003188685446e-01 -6.114311987973818779e-02
-4.303394095875545666e-01 -9.426573348107125661e-02 1.452426690832229195e-01 -2.272774311315364226e-01 1.402312695297979472e-01 -2.194355343661752167e-01 4.303394095875545666e-01 9.430761588082668678e-02
4.424206123971431426e-01 -3.300634653809073615e-01 -3.475793852581533505e-01 -1.017505275476520143e-01 -3.268068179233286630e-01 -9.566955792033159101e-02 -4.424206123971431426e-01 3.318613522872960742e-01
-2.086622815670177156e-01 4.204465606015443946e-01 -2.613083022166451386e-02 4.642809775128533545e-01 -2.369428621027044532e-02 4.209895464420854716e-01 2.086622815670177156e-01 -4.241627891627451907e-01
-1.287288283321036397e-01 4.449057917484059432e-01 -2.631789846794411192e-01 -2.566300744486285090e-01 -2.470187408179225497e-01 -2.408719599079066909e-01 1.287288283321036397e-01 -4.493090502524301200e-01
-4.126208212102036033e-01 4.105218912042584156e-01 2.108316575255864134e-02 3.134694494396496056e-01 2.011382928123499683e-02 2.990571276112392041e-01 4.126208212102036033e-01 -4.139811174488625678e-01
-5.763162618072192878e-03 -4.860961748153159734e-01 -3.136524698636284914e-01 2.290490214224940591e-01 -2.923755066287568871e-01 2.135112269651169570e-01 5.763162618072192878e-03 4.918391457056576765e-01
-1.533699850097359763e-01 3.700257768707971850e-01 3.319938239888063913e-01 -2.373689812795093390e-01 3.073800891709804195e-01 -2.197706504160161223e-01 1.533699850097359763e-01 -3.725589562357166651e-01
2.816594256660813755e-01 -3.112002381339129542e-03 -1.307074184956618090e-01 4.867975625149333352e-01 -1.167190437527185071e-01 4.347002385314728268e-01 -2.816594256660813755e-01 3.112003888257635319e-03
-6.487738125482789275e-02 -4.440665592722344845e-01 -8.773315132376091618e-02 -2.824738296614811572e-01 -8.413009487511279028e-02 -2.708730933585041245e-01 6.487738125482789275e-02 4.484449469516000319e-01
-1.672400423830507910e-01 -2.661404345166851204e-02 4.519059159905053358e-01 3.650251424395553057e-01 3.907574352057263667e-01 3.156327089293568533e-01 1.672400423830507910e-01 2.661498599774325333e-02
-1.734116987827605261e-01 -1.747318876993836367e-01 2.725713841805680326e-01 -1.708301996593092342e-01 2.594767186223897459e-01 -1.626233061202076446e-01 1.734116987827605261e-01 1.749986266944994207e-01
-2.713897481669010903e-01 -3.144733392528964444e-02 -3.130951237680477117e-01 4.846293854259615674e-01 -2.711929935973715899e-01 4.197704909524163086e-01 2.713897481669010903e-01 3.144888889345125171e-02
-1.073383300514085814e-02 -4.473704314981983288e-01 -2.442422280012718216e-01 3.525772561204257860e-01 -2.244663906154279187e-01 3.240297336872932643e-01 1.073383300514085814e-02 4.518472741833904904e-01
-3.352213767757036278e-01 -8.525691580620975429e-02 5.159485048389766959e-02 4.587950376218176141e-01 4.684338032353829034e-02 4.165437100080013888e-01 3.352213767757036278e-01 8.528790133113570149e-02
4.536599623823226457e-01 3.759929350330687425e-01 -1.550546609838361345e-01 -1.706494146147218283e-01 -1.510904428481137651e-01 -1.662864918881576115e-01 -4.536599623823226457e-01 -3.786506540133691145e-01
4.240151916739524074e-01 -3.356955276570152691e-01 -2.554746804069355504e-01 9.724954632489513084e-02 -2.464332087521272918e-01 9.380780010120308432e-02 -4.240151916739524074e-01 3.375870290714106936e-01
2.157470842863542515e-01 -4.044823944533730842e-01 -1.439316707432011233e-01 -1.683266734052436542e-01 -1.405265008330354448e-01 -1.643443606842270588e-01 -2.157470842863542515e-01 4.077911819348382649e-01
1.942391189527604700e-01 -3.418047598618756400e-01 -1.843192384510168313e-01 -2.941570430342878018e-01 -1.741262950617799843e-01 -2.778900157158637474e-01 -1.942391189527604700e-01 3.438014208068660982e-01
-1.501737149967007356e-01 -4.964265665349308909e-01 3.819086975363026326e-01 -3.594796217354092605e-01 3.382134366734202979e-01 -3.183505352601637139e-01 1.501737149967007356e-01 5.025435182054606154e-01
2.709779736613111556e-01 -3.473290378992143212e-01 2.824911556829052817e-01 -1.041841665487164281e-02 2.718385937581633827e-01 -1.002554478493472914e-02 -2.709779736613111556e-01 3.494240825548985963e-01
4.126771525142096664e-01 -3.259636702274518738e-01 -1.964288836319945108e-01 -3.841181694543791547e-01 -1.803594933012055146e-01 -3.526943549726214711e-01 -4.126771525142096664e-01 3.276953899445541607e-01
3.423330461034712613e-01 -4.528703227709646173e-01 -9.642098350429451070e-02 4.361149318791763818e-01 -8.803850410152974648e-02 3.982007320768840564e-01 -3.423330461034712613e-01 4.575143161233413136e-01
6.410781188396608155e-02 6.788995861181779112e-02 -7.399536066172152093e-02 3.829095670569337972e-01 -6.893826291581429955e-02 3.567402087196934746e-01 -6.410781188396608155e-02 -6.790560401055721618e-02
3.762664517041590662e-01 2.013419421870022985e-01 -3.913466541690884259e-01 -4.727846639539978746e-02 -3.640808202129015569e-01 -4.398448955745509065e-02 -3.762664517041590662e-01 -2.017500479852183670e-01
4.184586465896005247e-01 4.759589849721856947e-02 -6.079280767470640612e-02 2.152912432014287836e-01 -5.932640353056322507e-02 2.100981293561594854e-01 -4.184586465896005247e-01 -4.760128961218553639e-02
-2.334101594427221427e-01 4.232690293671901305e-01 -4.582287098443248441e-01 -1.234061250451726766e-01 -4.139790248120274740e-01 -1.114891891417886111e-01 2.334101594427221427e-01 -4.270606028838179746e-01
1.892518747775440158e-01 1.446103481083067521e-01 2.233035087725629975e-01 -1.008378433653832618e-01 2.168881928810301452e-01 -9.794085969250813928e-02 -1.892518747775440158e-01 -1.447615537929672902e-01
2.624305583027201072e-01 4.900202824416985958e-01 -3.924067047751704784e-01 -3.650168797263741993e-02 -3.650784003770820574e-01 -3.395960796273592847e-02 -2.624305583027201072e-01 -4.959034629440730035e-01
-4.708506821524882646e-01 1.972293949846017913e-01 -3.474226736718613040e-01 4.218161432468443550e-01 -3.048703665438621258e-01 3.701521286640172548e-01 4.708506821524882646e-01 -1.976130005786808086e-01
7.281228776535675351e-02 4.956570373048324596e-01 -4.602591986537259983e-01 -4.384005354660022169e-01 -3.884308656965720363e-01 -3.699834788984101008e-01 -7.281228776535675351e-02 -5.017455867074349651e-01
-3.828949643034104122e-01 -4.977909600531598144e-01 -3.389157399783992997e-01 7.373894625815313741e-02 -3.202022039072973114e-01 6.966738430964361517e-02 3.828949643034104122e-01 5.039584865054748120e-01
-6.589065311453401463e-02 -9.875122026747118475e-02 3.691194927537582160e-01 -2.908958057239952044e-02 3.461533415300951377e-01 -2.727966340580778928e-02 6.589065311453401463e-02 9.879937039226416307e-02
3.931661865670433853e-01 -2.208999213561109176e-01 5.902553534200150054e-02 -4.918465610925606413e-01 5.289151631651812374e-02 -4.407331549052304065e-01 -3.931661865670433853e-01 2.214388815469254812e-01
6.914053205563541749e-02 2.944712764953967277e-01 1.033656921993163502e-01 -2.917713753999495729e-01 9.874333619586285471e-02 -2.787238047793683671e-01 -6.914053205563541749e-02 -2.957480057835814025e-01
-3.655074384642753582e-02 -2.519718675808165775e-01 2.061384693927250655e-01 -4.719810220089190045e-01 1.832606839397707132e-01 -4.195993360907289138e-01 3.655074384642753582e-02 2.527717500325594724e-01
-2.973509486522761813e-01 5.786100881632383341e-02 -4.350140524870484970e-01 -1.424281054643201649e-01 -3.955452945046828983e-01 -1.295056253919655842e-01 2.973509486522761813e-01 -5.787069444930967310e-02
-3.011009081705008361e-01 -4.050880326861971970e-02 2.548741134227135996e-01 -4.696413736908379155e-01 2.247944898725836860e-01 -4.142154399446477120e-01 3.011009081705008361e-01 4.051212694127475505e-02
1.433284592958725678e-01 -4.156298820960231399e-01 3.894453606733478956e-01 9.448724320159873624e-02 3.614981575692690630e-01 8.770669208158050900e-02 -1.433284592958725678e-01 4.192198477728946715e-01
-2.953513659621574972e-01 -1.940828491032461356e-01 4.648979116352258689e-01 2.452351465154096744e-01 4.115155552266521743e-01 2.170757814858971513e-01 2.953513659621574972e-01 1.944483862193436829e-01
6.342603610163721761e-02 2.136553301853338915e-02 -4.728290722126957668e-01 -4.043785092344680532e-01 -4.014689472463794928e-01 -3.433490534575110997e-01 -6.342603610163721761e-02 -2.136602067186990986e-02
2.914209427703906563e-02 1.931732530029771633e-01 4.327334720570601423e-01 1.542397332597086335e-01 3.932237888386361790e-01 1.401572474011112401e-01 -2.914209427703906563e-02 -1.935336747473840324e-01
-4.014499905965491777e-01 -1.801240620222200883e-01 3.939828050969088613e-01 -5.550861808575757728e-02 3.660716141023561687e-01 -5.157618341807157503e-02 4.014499905965491777e-01 1.804162653793109639e-01
2.383997586209003483e-01 -7.516376433057281314e-02 6.978260730024266056e-02 1.792185680801535730e-01 6.852675023655475928e-02 1.759932242104539912e-01 -2.383997586209003483e-01 7.518499655865733267e-02
-3.928125957684200920e-01 -2.844317628826310562e-01 2.436668469623151090e-01 -6.219798632572171027e-02 2.363090514136453324e-01 -6.031984790587177625e-02 3.928125957684200920e-01 2.855823096681721074e-01
-3.459338791004901159e-01 9.892466791937670756e-03 -2.256717569495927389e-01 -2.217395968503835801e-01 -2.151601704488831923e-01 -2.114111668136293698e-01 3.459338791004901159e-01 -9.892515196222462920e-03
-1.550200403228088053e-01 -2.975755565150008941e-01 -2.168939088274363103e-01 -1.469384568556677539e-01 -2.098132381918841605e-01 -1.421415364519737767e-01 1.550200403228088053e-01 2.988930903220979318e-01
4.681392312157550695e-02 -1.034795386012830054e-01 -1.350105694909916609e-01 -8.908105425299983615e-02 -1.332783269920143621e-01 -8.793810678886782028e-02 -4.681392312157550695e-02 1.035349416233896508e-01
