-2.463203513386168497e-01 -3.919889711339179517e-01 -2.836217552078612592e-02 1.201010534584741052e-01 -2.814865201796705463e-02 1.191968774862212227e-01 2.463203513386168497e-01 3.950005313301184207e-01
5.014742758805157408e-02 4.562059620470553245e-01 2.939972910686757812e-01 2.147114029717908101e-01 2.762596371773971549e-01 2.017572817328476820e-01 -5.014742758805157408e-02 -4.609533297876776126e-01
5.807070778257372723e-03 1.709964315948869773e-01 -2.829158479027863438e-01 -3.845592709576977075e-01 -2.553118450795703320e-01 -3.470379540010818387e-01 -5.807070778257372723e-03 -1.712464264936535141e-01
2.594861401652808208e-01 4.560174218029903193e-01 -4.057195431001610064e-01 2.906614000176915846e-01 -3.630184058214137588e-01 2.600698927687439266e-01 -2.594861401652808208e-01 -4.607589060167552875e-01
-3.104431217429926004e-01 -3.765532362449348636e-01 -1.003831129909105169e-02 3.465484893645094377e-01 -9.484480106075186823e-03 3.274288030363946000e-01 3.104431217429926004e-01 3.792228544648732491e-01
-4.130843823572347695e-01 2.054113678622571104e-01 -4.932612446666685413e-01 3.499831451851429520e-01 -4.220697799084349722e-01 2.994707381881950847e-01 4.130843823572347695e-01 -2.058447224795226516e-01
2.365002639632688419e-01 1.642700591625320117e-01 -2.525848979325584498e-02 -6.784889504624969092e-03 -2.524985549029278367e-02 -6.782570173895645198e-03 -2.365002639632688419e-01 -1.644916976843281420e-01
2.345190530086492808e-01 1.478457833611274141e-01 4.837611791643730008e-01 -3.214669159396559284e-01 4.183173701562035718e-01 -2.779784750409045602e-01 -2.345190530086492808e-01 -1.480073667947328919e-01
-1.193601083646751437e-01 2.134477813710674576e-01 1.113168751711405280e-01 -3.199237240536741966e-01 1.054323048050322814e-01 -3.030115203730832651e-01 1.193601083646751437e-01 -2.139340149407458480e-01
4.074646464280812230e-01 -3.484118643897828882e-01 -2.558767276479746444e-01 -3.527744989390335650e-01 -2.345694257435620989e-01 -3.233983504234366202e-01 -4.074646464280812230e-01 3.505265646118400080e-01
4.437975058830455621e-01 4.905261929788566899e-01 -4.690280759205345262e-01 4.562642446951812314e-01 -3.924729585394009512e-01 3.817924495027505971e-01 -4.437975058830455621e-01 -4.964276141768850792e-01
-2.205463958093931698e-01 3.491222369578498297e-01 -8.606335399264020136e-02 3.238896469478471651e-01 -8.160280212467464767e-02 3.071028671782431441e-01 2.205463958093931698e-01 -3.512498984777037148e-01
-1.525486632889443417e-01 4.532345658901082430e-02 3.955358096916704591e-01 -2.085228536593289883e-01 3.610836201246431787e-01 -1.903599750847472238e-01 1.525486632889443417e-01 -4.532811179685491965e-02
-9.040861033235059185e-02 -1.423348640290721390e-01 2.037267226119121588e-01 2.838578269721773184e-01 1.923251669882327930e-01 2.679717381864403780e-01 9.040861033235059185e-02 1.424790436491444046e-01
-6.472369180971504488e-02 -1.197968651280568730e-01 -2.288784126921207251e-01 -2.990039157300738992e-01 -2.141963018826842924e-01 -2.798233885166593882e-01 6.472369180971504488e-02 1.198828270990623390e-01
-4.153383889795897455e-01 6.297863817107940410e-02 3.105277130166871347e-01 -1.550623924843033130e-01 2.933593254100424486e-01 -1.464893371794419030e-01 4.153383889795897455e-01 -6.299112780762636254e-02
1.669277715396260131e-01 1.780825165712107694e-01 2.809243049057060793e-01 3.730903258765423391e-01 2.545336439436570730e-01 3.380413816360889889e-01 -1.669277715396260131e-01 -1.783648965212950854e-01
-2.330977031947863987e-01 -3.515668687165425244e-01 2.201290763283436647e-02 4.807578788787933988e-01 1.983537113627792045e-02 4.332008798340996614e-01 2.330977031947863987e-01 3.537395390131208850e-01
-8.929249407677364303e-03 3.887982067957123089e-01 -4.214410656798347476e-01 -3.101128844745651980e-01 -3.734127993440171656e-01 -2.747718002219260991e-01 8.929249407677364303e-03 -3.917368222889225926e-01
-6.426525875600030968e-02 3.873367944360613935e-01 -2.158082297460317545e-02 3.070497988750754415e-01 -2.062583102171697963e-02 2.934622685289852151e-01 6.426525875600030968e-02 -3.902423973774957755e-01
9.568811706833446618e-02 7.337270471597012733e-02 6.571403933005348641e-02 3.391371525184314617e-01 6.211244667446407658e-02 3.205500455592450448e-01 -9.568811706833446618e-02 -7.339245501112486025e-02
2.842874859235720031e-01 1.787381750390851787e-01 2.563656260481150806e-01 2.546869972062989484e-01 2.411056869593273533e-01 2.395269770273653620e-01 -2.842874859235720031e-01 -1.790236854587813620e-01
-2.712060778829766816e-01 -8.387274544741185611e-02 -2.497846134372624372e-01 -1.743176131032208032e-01 -2.389458629469410622e-01 -1.667535558600842793e-01 2.712060778829766816e-01 8.390224616513124178e-02
-3.843713461331050851e-01 1.403539835590614793e-01 4.227770142236245698e-01 -1.113166562634925194e-01 3.873748823574883482e-01 -1.019953194562529392e-01 3.843713461331050851e-01 -1.404922269043344663e-01
-3.190351639748976176e-01 3.525749277335588072e-01 2.844731029204655703e-01 8.477515481400410557e-03 2.736081331056464672e-01 8.153731092421361362e-03 3.190351639748976176e-01 -3.547663409725577699e-01
4.839657157628715067e-01 -3.185773074629824064e-01 -4.608106803460625400e-01 1.763161351254114440e-01 -4.132484098406311035e-01 1.581177815043338097e-01 -4.839657157628715067e-01 3.201939519162281256e-01
-8.096596544769962822e-02 1.996343827122788461e-01 9.299920798414684775e-03 -2.219025871262404470e-01 9.078702293003261536e-03 -2.166241595207749060e-01 8.096596544769962822e-02 -2.000321930163888318e-01
-2.282065824084605898e-01 -3.333038458723923680e-01 -1.780145498722133235e-01 -3.387709532251929057e-01 -1.662558768204691617e-01 -3.163935864242078955e-01 2.282065824084605898e-01 3.351552063100360912e-01
2.031298800517051806e-01 -1.831557659994086373e-01 -3.503572344461753918e-01 2.471108912992884266e-01 -3.220099982913418590e-01 2.271172673538166265e-01 -2.031298800517051806e-01 1.834629734827513681e-01
1.515013891215800657e-01 -4.865889783287892234e-01 -3.320097134305437514e-01 -3.353986256743408667e-01 -3.002526191095267194e-01 -3.033173781691898552e-01 -1.515013891215800657e-01 4.923494335764868057e-01
4.375715839509419780e-01 4.993640396351306521e-01 -2.971607802039999413e-02 2.330677780699208501e-02 -2.969490936583456947e-02 2.329017490508522581e-02 -4.375715839509419780e-01 -5.055902214420063823e-01
3.904578386460342276e-01 -2.399545641335565360e-01 5.612296545630501843e-02 7.565394562394289757e-02 5.587561223140691258e-02 7.532051264736723539e-02 -3.904578386460342276e-01 2.406453716419848232e-01
-3.417765928152005639e-01 -3.638257487144296309e-01 -4.659346871784778576e-01 3.802573108487163900e-01 -3.992875775681219985e-01 3.258654585705754725e-01 3.417765928152005639e-01 3.662337144322628246e-01
-5.865929562732996594e-02 1.718524705164677924e-01 4.798979887955281409e-01 -4.454958378174455058e-01 4.014837556277259800e-01 -3.727028373933768957e-01 5.865929562732996594e-02 -1.721062388010067834e-01
3.841978639752682279e-01 -3.318696703103022339e-01 2.195301641990461405e-01 2.616255140026183534e-01 2.077482331940341542e-01 2.475843740691793526e-01 -3.841978639752682279e-01 3.336972347371282011e-01
2.652433965306144614e-01 -4.552811758826323940e-01 -8.338226747483445944e-02 -3.630747416663713256e-01 -7.813661138107065585e-02 -3.402333715670425307e-01 -2.652433965306144614e-01 4.599997315951457888e-01
-1.458544618206346621e-01 1.846575726665048434e-01 2.379436146701907617e-02 3.345137956570811699e-01 2.255956647396278880e-02 3.171543905493565130e-01 1.458544618206346621e-01 -1.849723992320412014e-01
2.282694401932469086e-01 2.094779588302756457e-01 4.742549766690878910e-01 1.261778244011166894e-01 4.257495962705535875e-01 1.132727339507826614e-01 -2.282694401932469086e-01 -2.099375641054243569e-01
3.351992446551523841e-01 4.636292785722830878e-01 -5.005549819559296232e-02 -2.286580424193661587e-01 -4.873812027333512126e-02 -2.226401409362381845e-01 -3.351992446551523841e-01 -4.686121831090929724e-01
1.977288245972708136e-01 -4.351006396648858798e-01 -1.714875830714667204e-01 3.722531577061771735e-02 -1.689066694577684435e-01 3.666506923541192758e-02 -1.977288245972708136e-01 4.392191406068993720e-01
4.069351140476340500e-01 1.488742579496097340e-01 -2.855496602564752129e-01 -4.497739416270717383e-01 -2.520153576025713771e-01 -3.969535128763795884e-01 -4.069351140476340500e-01 -1.490392370129984823e-01
-1.563797292603041900e-01 3.807601642433009470e-01 4.585047889216292694e-01 3.173930149931943889e-01 4.004500322076672281e-01 2.772054865019917824e-01 1.563797292603041900e-01 -3.835202623602054772e-01
2.345191799960761880e-01 1.281842029389644866e-01 2.692206175863725015e-01 1.950033989432633508e-01 2.554746709709401764e-01 1.850468572202210171e-01 -2.345191799960761880e-01 -1.282895138878896724e-01
-1.688254969088772706e-01 2.203947755349259241e-01 -3.101859521949412724e-01 2.206657226045134479e-01 -2.898923135979309396e-01 2.062288649918585792e-01 1.688254969088772706e-01 -2.209300467513605759e-01
4.539559739542826655e-01 -1.353706469179052352e-01 -4.645927765222925832e-01 -2.858571350108417564e-01 -4.078576411370666288e-01 -2.509488366574455509e-01 -4.539559739542826655e-01 1.354946817083905464e-01
-3.815544836664152006e-01 7.352991783833928707e-02 4.928269577652508726e-01 1.995833514019680344e-01 4.351408841026935814e-01 1.762218454425515946e-01 3.815544836664152006e-01 -7.354979536050518241e-02
2.554517782974108364e-03 2.700155538880211203e-02 4.320980172595295654e-01 -3.999496035100789104e-01 3.723505003165358263e-01 -3.446473462499871632e-01 -2.554517782974108364e-03 -2.700253970889367541e-02
2.243970059375852699e-01 1.068268842823968390e-01 1.184578019747010158e-01 -4.196710578285103299e-01 1.085829698888679667e-01 -3.846866063339136610e-01 -2.243970059375852699e-01 -1.068878396128630920e-01
3.610143117530719703e-01 3.624711223109970959e-01 4.693742368165914058e-01 3.873041972702906399e-01 4.009671286212514452e-01 3.308580652736365924e-01 -3.610143117530719703e-01 -3.648522914312672394e-01
-1.067532716334443910e-01 3.287729376848287366e-01 -7.457747237451328726e-02 3.949361452676014572e-01 -6.919763563614182711e-02 3.664464161849145252e-01 1.067532716334443910e-01 -3.305498180607874259e-01
3.437069939906554072e-01 -3.970792205643268735e-01 -7.041755709633057414e-03 -3.127778115826463923e-01 -6.720531292415485997e-03 -2.985097974130013765e-01 -3.437069939906554072e-01 4.002096324691699070e-01
6.278361313608504801e-02 -2.266444725375761360e-01 -1.073674272311757605e-01 -4.786265533486914192e-01 -9.639504444482327461e-02 -4.297134528815741983e-01 -6.278361313608504801e-02 2.272265829930499026e-01
-1.686857652262859775e-01 3.959477652886734811e-01 3.010448702715240454e-01 4.513184701575418956e-01 2.646128975687770390e-01 3.967006247506593697e-01 1.686857652262859775e-01 -3.990514935649634998e-01
-4.661223821015908486e-01 1.355676318258011159e-01 1.040195173435712883e-01 -3.435886208264948838e-01 9.790215529888025847e-02 -3.233822591579494365e-01 4.661223821015908486e-01 -1.356922088731188913e-01
-2.839105044196236216e-01 -4.372481869733680915e-01 -3.596628289804828515e-01 2.001224589016824540e-01 -3.325927915042808936e-01 1.850602338792790291e-01 2.839105044196236216e-01 4.414279730645185307e-01
-4.383709060733816942e-01 -4.583235408393275812e-01 -4.418202624323332994e-01 -4.565732998045468616e-01 -3.729185600337248108e-01 -3.853708668217418198e-01 4.383709060733816942e-01 4.631373237155390066e-01
3.455391004159390489e-01 -1.190769340685338129e-02 -3.956597388788818392e-01 -1.115404104565513865e-01 -3.659458728752909562e-01 -1.031637764839296312e-01 -3.455391004159390489e-01 1.190777782832855639e-02
3.679683291284061575e-01 -3.817299509435485572e-01 2.143405728943367228e-01 -3.066820380569934557e-03 2.095794314858276386e-01 -2.998697181545038372e-03 -3.679683291284061575e-01 3.845111925254748875e-01
-6.683134619116593012e-02 -1.708048313451053790e-01 -3.349838379376940400e-01 2.002183971474058577e-01 -3.120619195955098291e-01 1.865180652798443806e-01 6.683134619116593012e-02 1.710539868327671242e-01
-2.269038233619029565e-01 -9.290679399659096394e-02 -2.488062800104855476e-01 4.575895169311209321e-01 -2.206675921207244262e-01 4.058385378239667829e-01 2.269038233619029565e-01 9.294689104693061588e-02
-7.398223977465590018e-02 1.157777728371819359e-01 -7.258883574263130800e-02 -4.397427605549714125e-01 -6.630174121951773469e-02 -4.016555771309742173e-01 7.398223977465590018e-02 -1.158553699526252423e-01
-1.134287173563706119e-01 4.336373047981617601e-01 4.379194248891852270e-01 1.833396432965392897e-01 3.956012019351164977e-01 1.656226673864031051e-01 1.134287173563706119e-01 -4.377143911869229576e-01
-1.281662936371399386e-01 2.130318993270460259e-01 4.597671570997319268e-02 -3.391754361897407755e-01 4.349921848505976935e-02 -3.208986587178648264e-01 1.281662936371399386e-01 -2.135152962956442246e-01
1.361340147641433296e-01 3.860541914683512932e-02 -2.035738017394580490e-01 -4.000687501742888896e-01 -1.857207753055454547e-01 -3.649834989719503153e-01 -1.361340147641433296e-01 -3.860829598095197324e-02
3.100822671084134674e-01 -2.214889045012357061e-01 4.665946692716885780e-01 -2.534062945435889835e-01 4.121054968208930913e-01 -2.238133733362902278e-01 -3.100822671084134674e-01 2.220321872685558362e-01
7.258116742440723357e-02 -1.681854680042260686e-02 -9.894331134929634786e-02 -4.005937736721720821e-01 -9.146276044867744648e-02 -3.703071168627322662e-01 -7.258116742440723357e-02 1.681878466808710629e-02
3.723839842064726735e-01 2.793451413202147071e-01 -2.923821855606135722e-01 3.479675219901317007e-01 -2.661796647134737626e-01 3.167835897967530845e-01 -3.723839842064726735e-01 -2.804350581793743635e-01
-3.772107472339840673e-01 1.366457718486638884e-01 -4.134723324937348288e-01 6.135479773037200157e-02 -3.814859728881282996e-01 5.660836980883104247e-02 3.772107472339840673e-01 -1.367733447987799777e-01
4.425858497269802294e-01 4.077027032032675136e-01 -3.682574366008311006e-01 7.698624021737987544e-02 -3.446719004253036567e-01 7.205555430801957595e-02 -4.425858497269802294e-01 -4.110911508290435723e-01
4.074622090196785562e-01 -4.614018240278143779e-01 1.887244431124929234e-01 2.683534707333037339e-01 1.793208130676704204e-01 2.549821409871302902e-01 -4.074622090196785562e-01 4.663132536528258876e-01
4.199873476978978060e-01 2.585064751963139784e-02 -2.035648767239855994e-01 1.888301707471319313e-01 -1.961443227633408726e-01 1.819467412774853909e-01 -4.199873476978978060e-01 -2.585151126211735276e-02
2.190984938726487918e-01 1.745277745388550406e-01 -3.724402381624740688e-01 1.752956347627278033e-01 -3.444035104259681179e-01 1.620996492551237955e-01 -2.190984938726487918e-01 -1.747935798515459216e-01
1.118123486017290613e-01 -4.120912892250235826e-01 2.641472562238235122e-01 2.618032472094014018e-01 2.475796412137694913e-01 2.453826510989044196e-01 -1.118123486017290613e-01 4.155903405098175241e-01
-2.119009283784673014e-01 2.975789017368818401e-01 9.111122952723527124e-02 -2.866614975779240293e-01 8.724967893751324477e-02 -2.745119757158385743e-01 2.119009283784673014e-01 -2.988964799779961212e-01
-9.155613984798527394e-02 -4.990933297847109928e-01 -4.385189985544676317e-01 5.254241637458467729e-02 -4.011378366075963875e-01 4.806348482987913423e-02 9.155613984798527394e-02 5.053093912681871913e-01
-2.141432244098343540e-01 1.759230599713342835e-01 -3.858214547479881240e-01 -4.551610750487320445e-01 -3.313231315587295001e-01 -3.908683430974238537e-01 2.141432244098343540e-01 -1.761952914334442011e-01
3.928757952271612064e-01 3.634380323525111534e-01 3.737646529559325304e-01 -1.371722805523956090e-01 3.472539245056563972e-01 -1.274427969003970595e-01 -3.928757952271612064e-01 -3.658383080169211876e-01
-2.652829469171583687e-01 2.608941450270216844e-01 -7.713577191223564000e-03 2.241765185138133720e-01 -7.526553040291269515e-03 2.187411126062005773e-01 2.652829469171583687e-01 -2.617820428736567506e-01
2.639920470887439086e-01 -1.238038976727440232e-02 1.004506505898294932e-02 -3.412782315765148233e-01 9.506254544516699531e-03 -3.229722974235615385e-01 -2.639920470887439086e-01 1.238048464689890139e-02
-1.336638607484657015e-01 -1.010457380491933677e-01 -3.876994545332961284e-01 1.288332539027181589e-01 -3.589026943286914850e-01 1.192640366246554146e-01 1.336638607484657015e-01 1.010973231169674524e-01
2.329987175959949974e-01 -3.033318838455761890e-01 9.081721044706780877e-02 -2.085929609205948720e-01 8.855438738546630995e-02 -2.033956094479467680e-01 -2.329987175959949974e-01 3.047273656921767881e-01
3.796184358823785354e-01 -1.125834138025008091e-01 4.497766405424931113e-01 -4.790153058979860212e-01 3.758915726940969537e-01 -4.003271856478877178e-01 -3.796184358823785354e-01 1.126547636820844356e-01
4.550659376731658323e-01 -3.270382215893108402e-02 3.822895265341269555e-01 -3.594743137510292286e-02 3.568846594513906956e-01 -3.355856206882140008e-02 -4.550659376731658323e-01 3.270557106120219187e-02
-3.746334770517001367e-02 -1.517063463157526382e-01 -4.404261817018325642e-01 -4.742875565622430845e-01 -3.697375636084918593e-01 -3.981641712024017177e-01 3.746334770517001367e-02 1.518809209943790817e-01
2.237325107488372655e-01 1.274914756817987493e-01 3.599336313668544118e-01 -2.469395035462736976e-01 3.298769817538581006e-01 -2.263185515515635238e-01 -2.237325107488372655e-01 -1.275950884909212435e-01
4.613037970526182585e-01 3.825263069871212007e-01 -4.582367588889919574e-01 1.364136222457532632e-01 -4.134152631217693497e-01 1.230706014743429971e-01 -4.613037970526182585e-01 -3.853249913895741008e-01
1.970514378816955459e-01 2.433181526090149038e-01 2.708084330336498757e-01 4.590205511486907808e-01 2.389865185227030286e-01 4.050823758349023640e-01 -1.970514378816955459e-01 -2.440384196391450211e-01
1.849288487479598952e-01 2.699565942840524979e-01 -2.636395067979535600e-01 2.380243228102462139e-01 -2.484335115028250829e-01 2.242957402592533622e-01 -1.849288487479598952e-01 -2.709402697188488252e-01
1.770673327088303495e-01 -4.488841086330389585e-01 -2.863757426372468551e-01 3.824524070789248054e-01 -2.583969466135184745e-01 3.450869591960026850e-01 -1.770673327088303495e-01 4.534065474152055297e-01
4.617533177458597038e-01 6.619317772766719621e-02 -4.147819570836489556e-01 1.647829809827821013e-01 -3.787690622216431380e-01 1.504759165894674622e-01 -4.617533177458597038e-01 -6.620767911979948128e-02
-2.503608082714003924e-02 -1.929909300497842928e-01 1.242428037351472891e-02 1.798183067975481775e-01 1.222724261272828752e-02 1.769665523735794721e-01 2.503608082714003924e-02 1.933503322251794720e-01
4.086404125688186673e-01 2.642317144570949239e-01 -4.264201653908287204e-01 -1.194860618974565858e-01 -3.898988715103797742e-01 -1.092525271461744496e-01 -4.086404125688186673e-01 -2.651541262195241666e-01
1.433085213145025572e-01 2.698851718417816237e-01 -4.656072101309618461e-01 -1.960135497859578635e-01 -4.155863378268294661e-01 -1.749555237709283784e-01 -1.433085213145025572e-01 -2.708680667298087874e-01
-2.676256977466813236e-01 -3.251136116442595592e-01 -4.495284830703470957e-01 2.494994052809277330e-01 -3.997861207977883580e-01 2.218911662667834295e-01 2.676256977466813236e-01 3.268318185580674218e-01
4.762744547762417513e-01 -1.236243786339500383e-01 -2.446329584017364889e-01 -4.796134364578900078e-01 -2.153978018430672547e-01 -4.222966546387308395e-01 -4.762744547762417513e-01 1.237188461224817682e-01
-2.164947207142386976e-02 3.712789272999650336e-01 4.162408434143902713e-01 4.862155184700123201e-03 3.842765156778325530e-01 4.488776348171499321e-03 2.164947207142386976e-02 -3.738379309555186492e-01
-3.023149253997469144e-01 -4.814291054269154158e-01 2.558149872286568094e-01 1.320459372668613129e-01 2.458308213102907425e-01 1.268923355924602148e-01 3.023149253997469144e-01 4.870082425050528685e-01
2.646564783003417798e-01 1.631550967011152764e-02 -2.207614484469967442e-01 4.763429223899618981e-01 -1.954607124269155949e-01 4.217508429340419140e-01 -2.646564783003417798e-01 -1.631572682616449707e-02
-1.354468246742441817e-01 -2.019868990886477533e-01 -1.118459401231045591e-01 -4.684664549702172165e-01 -1.007674107413812081e-01 -4.220640609268841992e-01 1.354468246742441817e-01 2.023989393084101307e-01
4.388939793192659922e-01 -1.424846802321233508e-01 4.928617852252418219e-01 1.105077224186679086e-01 4.399281053801691876e-01 9.863912035968575021e-02 -4.388939793192659922e-01 1.426293156053343170e-01
-1.660974468121477754e-01 3.066939353077904329e-01 3.403786404614743688e-01 -3.338842323577823068e-01 3.072419478466614784e-01 -3.013797862457330279e-01 1.660974468121477754e-01 -3.081363348264416491e-01
4.085094844419104865e-01 4.941125827869710108e-01 4.492856461212014763e-01 2.699996092283339921e-01 3.979319190132949990e-01 2.391384268797377977e-01 -4.085094844419104865e-01 -5.001443940642014141e-01
-3.056010950564786999e-01 -4.659448571033200093e-01 -3.965744846547432090e-01 -5.240885206732170953e-02 -3.682073068998108489e-01 -4.866001980490326784e-02 3.056010950564786999e-01 4.710027959242285567e-01
