3.839364795611862613e-01 -1.652032683251327683e-01 3.874317067891731581e-01 1.523141641866796459e-01 3.576762320706401432e-01 1.406161534603724839e-01 -3.839364795611862613e-01 1.654287056951962709e-01
3.546871629172299034e-02 3.310449656508918093e-01 -4.845601733156822410e-01 3.976235506641399020e-01 -4.105700555053651279e-01 3.369082567172938525e-01 -3.546871629172299034e-02 -3.328589392735357699e-01
-1.158781508464306054e-01 1.957540009945254456e-01 -2.525566599531485767e-01 -9.282072758624904107e-02 -2.438823159901803428e-01 -8.963269477758953330e-02 1.158781508464306054e-01 -1.961290620282679642e-01
4.135817315706745712e-01 -6.860643458284998442e-02 2.778764933399567871e-01 3.890654379691070863e-01 2.506968088428504493e-01 3.510101288437264544e-01 -4.135817315706745712e-01 6.862258056820946805e-02
-4.385689213947050469e-01 2.302432097015200130e-01 -4.650305988748176800e-01 -2.570523473997441410e-01 -4.106593695686092671e-01 -2.269978689245913117e-01 4.385689213947050469e-01 -2.308534916119289737e-01
3.382613207036928582e-01 1.727863614628689648e-01 -2.692281857091562980e-01 2.286090745762660026e-01 -2.538594357303022298e-01 2.155590452830650761e-01 -3.382613207036928582e-01 -1.730442893986097186e-01
-3.697882105204051140e-01 -4.876391574288345687e-01 -4.380638539364434259e-02 -4.853594891489254604e-01 -3.937912604072243278e-02 -4.363069978613028366e-01 3.697882105204051140e-01 4.934369906836740260e-01
-1.613208670106602849e-01 -7.967949208909674841e-02 -2.965611404034916854e-01 -2.776627675658801531e-01 -2.747532700888653534e-01 -2.572446048287178044e-01 1.613208670106602849e-01 7.970478563255992133e-02
-4.626779909886609143e-01 -1.012241221052786466e-01 2.414423543862344035e-01 -9.421764262795528921e-02 2.337202669611988803e-01 -9.120426547959484265e-02 4.626779909886609143e-01 1.012759808572763071e-01
-4.229145955839613835e-01 -3.433246245580994227e-01 4.007817202363154196e-01 3.950982415656691948e-01 3.492687817366171843e-01 3.443158071594528136e-01 4.229145955839613835e-01 3.453480390948630574e-01
-3.210971914289095785e-01 1.618106166295956161e-01 4.398082448548813472e-01 4.391186519981108427e-01 3.735438335896867912e-01 3.729581393414602708e-01 3.210971914289095785e-01 -1.620224483742253307e-01
3.446188611438505411e-01 1.883385645969569699e-01 9.709228507748091097e-02 2.206798542099079885e-01 9.438781329325444946e-02 2.145328937322383833e-01 -3.446188611438505411e-01 -1.886725963654174165e-01
-2.002701275754371624e-01 -1.646154901526165615e-01 -1.951148847932954178e-01 -3.719836042601987192e-01 -1.798892501751458428e-01 -3.429561600013548150e-01 2.002701275754371624e-01 1.648385298169184887e-01
-7.154926103210357269e-02 -1.507044067025590239e-01 -4.134273914743166189e-01 -7.542974483650488615e-03 -3.820539327746630964e-01 -6.970566357542931982e-03 7.154926103210357269e-02 1.508755452569041644e-01
3.008518097836160310e-01 4.215931319496566410e-01 -3.358650182032664189e-01 2.896372482373390511e-01 -3.070244951805485845e-01 2.647662754557372766e-01 -3.008518097836160310e-01 -4.253398463215912750e-01
-1.945400816571817293e-01 -6.287680873226819678e-02 3.935303744569458306e-01 2.962208749664478891e-01 3.530289483533056161e-01 2.657343645049236036e-01 1.945400816571817293e-01 6.288923788366751477e-02
-2.486775258494944296e-02 2.173399513633041957e-01 2.720447795645533073e-01 1.191954561476946672e-01 2.607851509032797499e-01 1.142620897494040083e-01 2.486775258494944296e-02 -2.178532719724340927e-01
-2.118544190061888433e-01 -2.069911988605841469e-01 3.372160065318320354e-01 -1.742675958194236374e-01 3.152675394163201306e-01 -1.629249948691307293e-01 2.118544190061888433e-01 2.074346294449858352e-01
-3.534843206831983498e-01 -2.295868232418520893e-01 -3.738335076504486487e-01 6.532465844266932553e-02 -3.495116405193380293e-01 6.107459088448402573e-02 3.534843206831983498e-01 2.301919005704180787e-01
-4.433717971618937881e-01 -6.434501713562457148e-02 -1.294648769241373287e-01 4.429686133491812505e-01 -1.175505654706387182e-01 4.022033791871845176e-01 4.433717971618937881e-01 6.435833745895969127e-02
-4.203869098440358165e-01 2.544924749082647653e-01 -3.005179113627770571e-01 3.806846571664885825e-01 -2.703934243388933512e-01 3.425241030650735263e-01 4.203869098440358165e-01 -2.553166032313655132e-01
-4.617278010978043135e-01 -6.576198794385190727e-02 -5.653440373139217989e-02 -3.818681696065584497e-02 -5.640329515824048928e-02 -3.809825815832543205e-02 4.617278010978043135e-01 6.577620778693267500e-02
-2.365968350432424705e-01 8.632098201641036361e-02 1.941147567856915668e-02 1.161174452132239798e-01 1.927833591392030116e-02 1.153210168744767533e-01 2.365968350432424705e-01 -8.635314224459286758e-02
1.713723299573634007e-01 1.049224057992506065e-01 1.494647210287537442e-01 1.144858430855616449e-01 1.468841110973390651e-01 1.125091672409913035e-01 -1.713723299573634007e-01 -1.049801588226463023e-01
-3.514665486435414321e-01 -1.330529578944780189e-01 -3.002612820232664070e-01 -2.613942426039742584e-01 -2.789679778388061693e-01 -2.428572301649154774e-01 3.514665486435414321e-01 1.331707303162653067e-01
-1.051417035841261116e-01 -1.560067060419434437e-01 -1.220155397874889136e-02 5.847091016151440002e-02 -1.217984615104624260e-02 5.836688435909497680e-02 1.051417035841261116e-01 1.561965513227313029e-01
-4.319027264620499684e-01 -1.967209627141381922e-01 -3.883556585998336752e-01 -2.265960695757672783e-01 -3.541990856488948514e-01 -2.066665410380208179e-01 4.319027264620499684e-01 1.971016092901642092e-01
-6.074564940172466621e-02 -1.769265833467241755e-01 2.256905381163948343e-01 -3.876605229674441322e-01 2.059219466809121268e-01 -3.537047242079202070e-01 6.074564940172466621e-02 1.772035001292594503e-01
-3.704232228567398977e-01 -2.382859493912529159e-01 -3.228385497873124121e-01 -1.851948393317373043e-01 -3.025622222989615140e-01 -1.735634179481488626e-01 3.704232228567398977e-01 2.389624455091035327e-01
1.519948484061099947e-01 -2.474066507366029510e-01 -1.261415973034242244e-01 -4.144062479202498261e-01 -1.157484389308776201e-01 -3.802621601864641931e-01 -1.519948484061099947e-01 2.481638394199502939e-01
2.164715239363412813e-02 -9.821814752551105698e-02 4.213117917011138802e-01 -2.364796911579646332e-01 3.793560523855274424e-01 -2.129301953425411231e-01 -2.164715239363412813e-02 9.826552208890401707e-02
-4.802675404933793857e-01 -2.963531691484625474e-01 -6.415183360286536018e-02 -2.574267711309830009e-01 -6.200679292136720283e-02 -2.488192089527756778e-01 4.802675404933793857e-01 2.976545329788248817e-01
-4.095406507290926257e-01 2.425907409447407570e-01 -8.504683580168748147e-02 -1.926528542415744116e-01 -8.322149677221518660e-02 -1.885179940710399460e-01 4.095406507290926257e-01 -2.433045674457391672e-01
-2.732266567299908022e-01 2.535208725100520644e-01 1.984950070919353493e-01 1.387252873419664301e-01 1.929187402032915277e-01 1.348281151271291944e-01 2.732266567299908022e-01 -2.543355977425374448e-01
1.031629758620348225e-01 4.182962973982040644e-01 2.551776076189715692e-01 1.248893174890445268e-01 2.454637603495032627e-01 1.201351552136140505e-01 -1.031629758620348225e-01 -4.219558000440629675e-01
2.620668019798758630e-01 2.389258786108156007e-01 1.973871937721349834e-01 7.629131321140736333e-04 1.936507044484365725e-01 7.484713807594019913e-04 -2.620668019798758630e-01 -2.396078396745736916e-01
6.155736027636893315e-02 -3.417631999397661158e-01 4.184948237804728688e-01 1.857196144351199729e-01 3.805080694250615458e-01 1.688618542630865305e-01 -6.155736027636893315e-02 3.437591326533753766e-01
4.253568728677767918e-01 -1.725721571933582776e-01 -4.646998066652715531e-01 -4.830250461958018882e-01 -3.860108152922620550e-01 -4.012329878650630066e-01 -4.253568728677767918e-01 1.728291270534721424e-01
4.285193564036171576e-01 1.227455940690618252e-01 2.870005431727254974e-01 -6.299282518021243060e-02 2.753596819483443703e-01 -6.043781002955037757e-02 -4.285193564036171576e-01 -1.228380612762670354e-01
-1.492987697409575709e-03 -2.131093016622922498e-01 -1.352020476460628062e-01 -3.640327229252365848e-01 -1.260327615856893235e-01 -3.393443381710625206e-01 1.492987697409575709e-03 2.135932257301269843e-01
2.732116217522615464e-01 -3.944524562575858484e-01 -4.380976958499674945e-01 -3.134728710921292905e-01 -3.856943882619212616e-01 -2.759766335178178709e-01 -2.732116217522615464e-01 3.975211531859124126e-01
-3.269502765233963659e-01 -3.868319608233288243e-01 2.421369392527716879e-02 -3.262883568027256098e-01 2.301321807111233325e-02 -3.101115068332177538e-01 3.269502765233963659e-01 3.897262175533413586e-01
-4.027275058601198499e-01 -4.936525239988892588e-01 -2.965918020684159551e-01 -2.984695406989529287e-01 -2.733767310325180278e-01 -2.751074938013125526e-01 4.027275058601198499e-01 4.996675026455827395e-01
3.455794880181506379e-02 -2.725610860481718634e-01 -5.461253457553449930e-02 9.520260032121785621e-02 -5.428654377183641383e-02 9.463432103452888711e-02 -3.455794880181506379e-02 2.735735080100882288e-01
3.098916654001786508e-01 -4.197056249446725618e-01 -3.987211541497467371e-01 7.458115551199351323e-03 -3.703575100070523041e-01 6.927571000784385133e-03 -3.098916654001786508e-01 4.234022412388035450e-01
-1.597910971317417772e-02 -1.409382867494211045e-01 -1.949754246883246278e-01 -1.852762435113721740e-01 -1.882838519505401764e-01 -1.789175474755940187e-01 1.597910971317417772e-02 1.410782638417894530e-01
-4.128716430674878035e-01 -2.830361785860369128e-02 1.424149581009345189e-01 3.430025598280412868e-01 1.335049298941034523e-01 3.215429988111634385e-01 4.128716430674878035e-01 2.830475155263527387e-02
3.783243385397405678e-02 2.349374715928854718e-01 -1.557613704860700832e-01 1.973326180719765510e-01 -1.510608468144019334e-01 1.913775687581126261e-01 -3.783243385397405678e-02 -2.355858475110013117e-01
-1.428182413654637273e-01 1.340637531228464630e-01 -1.544325252980158769e-01 -7.596245957705982654e-02 -1.521949882289784228e-01 -7.486185710467951893e-02 1.428182413654637273e-01 -1.341842301172161411e-01
-1.159692318842675540e-01 -2.638358395737233630e-01 -3.594641372848003114e-01 -5.437847650235427821e-02 -3.378309717097152665e-01 -5.110588693394271104e-02 1.159692318842675540e-01 2.647541116419080409e-01
-4.746002179498939322e-01 2.784921702787021003e-01 -3.444231938727378983e-01 -1.254895408514339339e-01 -3.233806828235275543e-01 -1.178227660903174712e-01 4.746002179498939322e-01 -2.795721335188929846e-01
4.753927171733327572e-01 -7.080401788555545917e-02 1.430731579879294113e-01 4.389957485929885106e-02 1.414973669924426691e-01 4.341607008634335713e-02 -4.753927171733327572e-01 7.082176565235898114e-02
-4.865414415002422555e-01 -2.540679320453828050e-01 3.194116782188659576e-01 4.739710964682842809e-01 2.773121769684790960e-01 4.115001596519384242e-01 4.865414415002422555e-01 2.548879428267969427e-01
1.450721264682418576e-01 -4.408956572026290210e-02 -5.226477261274775632e-02 1.312223198556238257e-01 -5.175108168576942475e-02 1.299325846906717874e-01 -1.450721264682418576e-01 4.409385098312931101e-02
-2.752033544691523392e-01 3.430448852638385837e-01 -1.369159360577295592e-01 -4.920781571739234472e-01 -1.219315054561739692e-01 -4.382238637364886946e-01 2.752033544691523392e-01 -3.450633578234595378e-01
4.356700019956495362e-01 4.276189989088249321e-01 -4.022244177846692192e-01 8.693040039796784413e-02 -3.719613138402061980e-01 8.038981353437797683e-02 -4.356700019956495362e-01 -4.315286768298662867e-01
5.080606404094878403e-02 2.624420374753139162e-01 -2.692723315458065425e-01 1.742259418398226511e-01 -2.564077168853926003e-01 1.659022139887280367e-01 -5.080606404094878403e-02 -2.633458330418080862e-01
2.572860403156147502e-01 4.528947275526200578e-01 1.878678821273960242e-02 -3.692637456871968871e-01 1.762089469085237683e-02 -3.463475237077224267e-01 -2.572860403156147502e-01 -4.575394717275550471e-01
3.869550884686103753e-01 2.586254830391490067e-01 2.853055020747373716e-01 -4.024236862230421430e-01 2.558671232769131887e-01 -3.609008244972722879e-01 -3.869550884686103753e-01 -2.594904189899006064e-01
-3.222112513829020752e-01 -1.199985854705705179e-01 -3.056881723240306714e-01 2.400704411540499628e-02 -2.922575152554288680e-01 2.295227521710748245e-02 3.222112513829020752e-01 1.200849824152229600e-01
-3.776640788849949804e-01 -2.636431644712302624e-01 -3.657133752698649154e-01 -3.171682902179598917e-01 -3.291721554583357245e-01 -2.854775810620556742e-01 3.776640788849949804e-01 2.645594262099376093e-01
-2.081239318293668372e-01 -4.948436519660829314e-01 2.242640192833866841e-02 -8.955052340977154302e-03 2.241986596033930176e-02 -8.952442473566399328e-03 2.081239318293668372e-01 5.009022761543597824e-01
-1.829984376942118685e-01 -1.776492217245555505e-01 3.825217634984356962e-01 4.027305112832352263e-01 3.344004365037903104e-01 3.520669191076215565e-01 1.829984376942118685e-01 1.779295454988777392e-01
2.932732330276140997e-01 3.735848104416324977e-01 2.821202495865915427e-01 3.097198904724006718e-01 2.602073574268839451e-01 2.856632742969103522e-01 -2.932732330276140997e-01 -3.761917900505049039e-01
3.710049752440003346e-01 3.552415488703948299e-01 -1.985137132223040446e-01 -3.290866142975134023e-01 -1.852999255488944619e-01 -3.071814240872080548e-01 -3.710049752440003346e-01 -3.574830619074750859e-01
2.327952687965220147e-01 -4.848984194111987112e-01 -1.697187990648179046e-01 1.950132051848409986e-01 -1.643165846783025963e-01 1.888058601622800980e-01 -2.327952687965220147e-01 4.905990422677254936e-01
-2.277919909206560511e-02 -3.126799323480662363e-01 -2.442909955878376227e-01 -8.733970238918398188e-02 -2.364628502307732083e-01 -8.454095868559363680e-02 2.277919909206560511e-02 3.142084484999709826e-01
3.814751713995845339e-02 -1.247901782870203258e-01 -4.752240261168216851e-01 -8.845398690679739939e-02 -4.278586323478238418e-01 -7.963781245006165688e-02 -3.814751713995845339e-02 1.248873435923902458e-01
-1.346350287858841810e-01 -1.900423606953119959e-01 -4.697018144217608437e-01 -1.975966526635453135e-02 -4.250720847022101956e-01 -1.788215810519560786e-02 1.346350287858841810e-01 1.903855401296221106e-01
-3.698244593690875881e-01 -2.517087420662023067e-02 -2.521273788041966668e-02 4.388849921242716778e-01 -2.308092695751239737e-02 4.017759790314413548e-01 3.698244593690875881e-01 2.517167158581903874e-02
5.729540623639695074e-02 -1.775789481767128253e-01 -4.293673684447132377e-01 -3.538371403936203530e-01 -3.752034494092495454e-01 -3.092012233852047265e-01 -5.729540623639695074e-02 1.778589394155850045e-01
9.817350805647440115e-02 -1.812203171206189234e-01 -2.708052068294216630e-01 9.562963855814665681e-02 -2.602837001665367356e-01 9.191417130019029214e-02 -9.817350805647440115e-02 1.815178881603829730e-01
-8.310159295062224949e-02 -4.742998525529217302e-01 2.371279609702856561e-01 -2.101254230394631328e-01 2.260533546526437287e-01 -2.003119184322117718e-01 8.310159295062224949e-02 4.796347855978082553e-01
-4.321446889130996505e-01 2.847495669454641609e-01 -2.235927366711366604e-01 -1.822235075012779149e-02 -2.181703266215033188e-01 -1.778043542091579596e-02 4.321446889130996505e-01 -2.859039746620902211e-01
1.010389534045443849e-01 -1.526034948543859571e-01 3.552923824803051467e-01 1.171188866116343874e-01 3.327691734666569645e-01 1.096943166161157557e-01 -1.010389534045443849e-01 1.527811850410408234e-01
-2.049241060940013570e-01 -4.036281217457526882e-02 2.771437499400726256e-01 -4.528408190904500419e-01 2.447837084612084768e-01 -3.999659204421549541e-01 2.049241060940013570e-01 4.036610004168110499e-02
-3.535290407731849216e-01 6.784644753934199191e-02 -2.093957114158584432e-01 -3.625204198818777757e-01 -1.931520836365928362e-01 -3.343983216634979216e-01 3.535290407731849216e-01 -6.786206287567350670e-02
7.600908054959387705e-03 -3.140852704470468160e-01 4.087828287867477650e-01 -2.454643998399690386e-01 3.689838339357585095e-01 -2.215660467356402041e-01 -7.600908054959387705e-03 3.156344890882937793e-01
1.489051514456137815e-01 -8.503560003606225326e-02 1.661217360998751280e-01 7.987351774433948393e-02 1.633695782584698719e-01 7.855024402145625861e-02 -1.489051514456137815e-01 8.506634488376246805e-02
-2.040962377791626370e-01 2.944176886703366858e-01 4.392662970818117518e-01 -4.897529594604861369e-01 3.669721873799816070e-01 -4.091497936513913691e-01 2.040962377791626370e-01 -2.956937210685213202e-01
-4.629055867655921253e-01 4.834254714034866840e-01 -2.555779444580468240e-01 -4.545756444222917025e-01 -2.266140326120908155e-01 -4.030598967693202472e-01 4.629055867655921253e-01 -4.890743025424025281e-01
-4.703450592022717647e-01 1.678644552728880690e-02 -1.188235315703473072e-01 -1.153261126322363550e-01 -1.172272640367108265e-01 -1.137768291953410726e-01 4.703450592022717647e-01 -1.678668203550950921e-02
-8.669534443542969981e-02 -3.111870681636197400e-02 -3.616933574918678174e-01 3.065517314272989680e-01 -3.268200143008965219e-01 2.769949714967795962e-01 8.669534443542969981e-02 3.112021354355777245e-02
-4.101883609367744654e-01 -2.709086850739257368e-01 -8.827265724037802741e-03 1.809995305980963698e-01 -8.685802266151836093e-03 1.780988793347704768e-01 4.101883609367744654e-01 2.719028050239213901e-01
1.917746075764665825e-01 1.037500670232952560e-01 -7.773679483039130922e-02 -1.620178307575471655e-01 -7.651123002464629841e-02 -1.594635274612402620e-01 -1.917746075764665825e-01 -1.038059057057305196e-01
-4.806525383821727004e-01 -2.199874804245706139e-01 -9.509236874814708251e-02 -2.547513761420534539e-01 -9.176044062290650283e-02 -2.458251785271897694e-01 4.806525383821727004e-01 2.205197895376252992e-01
4.096625765865543611e-01 4.072852358789411653e-01 -2.960649006794902061e-02 4.786128712222403880e-02 -2.955971561405845369e-02 4.778567243225222139e-02 -4.096625765865543611e-01 -4.106632853528159877e-01
-3.950425879783120431e-01 1.483460942903582769e-01 -1.095315673623046271e-01 -3.817923223149281009e-01 -1.017957286092035923e-01 -3.548276406827294838e-01 3.950425879783120431e-01 -1.485093236789753746e-01
-4.130305910753824250e-01 2.954633498396201929e-01 1.019871405304179079e-01 4.908650804684167035e-02 1.013400793967063757e-01 4.877507690580230870e-02 4.130305910753824250e-01 -2.967530265477315576e-01
-3.153731619857345070e-01 -4.272889295133630583e-02 -9.542996966317462970e-02 -1.918448454903419753e-01 -9.331196890647258657e-02 -1.875869846804508467e-01 3.153731619857345070e-01 4.273279358286880686e-02
8.405587255526902890e-02 4.662299802235342350e-01 4.606632605497810173e-01 4.809946801858266952e-01 3.834115365635108463e-01 4.003334435414419024e-01 -8.405587255526902890e-02 -4.712972099590298503e-01
1.014403761828062134e-01 5.860379642272928180e-02 4.164076040760915642e-01 -1.366112639105643289e-01 3.813905877678898104e-01 -1.251231959468339094e-01 -1.014403761828062134e-01 -5.861385988117054358e-02
4.385141972093374862e-01 2.463487173472967973e-01 -7.275533585702409489e-02 -1.202019723484883951e-01 -7.204763471076815196e-02 -1.190327512513523478e-01 -4.385141972093374862e-01 -2.470962340834451931e-01
1.139351266644379468e-01 -2.947232565807842430e-01 1.427913578996599098e-01 3.193584675185170418e-01 1.347820688214707019e-01 3.014453786345195896e-01 -1.139351266644379468e-01 2.960032661792871278e-01
-3.019371352403760200e-01 1.170445529774164495e-01 -2.859504924181638374e-01 -2.091519454740820017e-01 -2.695353560082489053e-01 -1.971454695057333339e-01 3.019371352403760200e-01 -1.171247251451132398e-01
3.574739717330577271e-03 -1.313058390525966290e-01 1.937440457173739139e-01 -8.637308688793121636e-02 1.895268868162446052e-01 -8.449303410572181483e-02 -3.574739717330577271e-03 1.314190327176366357e-01
4.533933461949365418e-01 -2.798540066193613285e-01 -2.139812260857738568e-01 3.283853636719709090e-01 -1.992247812659146688e-01 3.057394494143695907e-01 -4.533933461949365418e-01 2.809498906322402401e-01
1.517863717812155677e-01 2.793405687788637071e-01 3.646212553805456835e-01 -4.715194341254201893e-01 3.132042089156579778e-01 -4.050281468080603742e-01 -1.517863717812155677e-01 -2.804304321170459913e-01
-4.357489393051755533e-01 2.236336058193932885e-01 3.422061041098869438e-01 -5.618518842729502971e-02 3.233165900800245018e-01 -5.308380919319739821e-02 4.357489393051755533e-01 -2.241928238983948163e-01
-9.653015951933396899e-02 7.637294534884619956e-02 -3.087189458061112557e-02 -1.410416243260916858e-01 -3.055506461707639329e-02 -1.395941520118988421e-01 9.653015951933396899e-02 -7.639521885689591618e-02
-1.908948413209462514e-01 4.170551838682613477e-01 3.700015317200220366e-01 8.525088371766875728e-02 3.459062926092779100e-01 7.969917581518951022e-02 1.908948413209462514e-01 -4.206822090889009158e-01
-5.048522240132358174e-02 -2.551237724052979328e-02 -2.465893377194388059e-01 2.076454506549136880e-01 -2.346955829559081441e-01 1.976300781708759668e-01 5.048522240132358174e-02 2.551320751711096124e-02
-2.143597917678348175e-01 -8.786367170481068634e-02 2.707843100914993917e-01 4.911988496391824777e-01 2.361710214489443627e-01 4.284108411400676109e-01 2.143597917678348175e-01 8.789758719106363638e-02
