-1.010551960971495244e-01 5.184042594658200276e-02 -4.251477078828133083e-01 1.869401304572619882e-01 -3.855912199417158015e-01 1.695468930505155125e-01 1.010551960971495244e-01 -5.184739182176101996e-02
1.573462627480450848e-01 3.186467992954300499e-02 -4.823644489572774807e-01 -3.200729751086069941e-01 -4.174599225286114712e-01 -2.770055705414883329e-01 -1.573462627480450848e-01 -3.186629763215158978e-02
-4.183704375848614765e-01 4.126270364806201574e-01 -4.010536267010470501e-01 2.047918530241751300e-01 -3.656862899507749010e-01 1.867320676303947102e-01 4.183704375848614765e-01 -4.161397525432012912e-01
4.303418429877426954e-01 1.328999735463499698e-01 5.559976971295010895e-02 4.701899213555217338e-01 5.025186044253047296e-02 4.249643196622578944e-01 -4.303418429877426954e-01 -1.330173401907147057e-01
3.071614872922298067e-01 2.413912914073175209e-01 -8.043123284481501489e-02 4.442733542959305115e-01 -7.330589465455611409e-02 4.049155353702034721e-01 -3.071614872922298067e-01 -2.420945819846364033e-01
1.039841410962836221e-01 -2.429383439021237656e-02 -3.290901629093418990e-01 -1.082502044044535428e-01 -3.109584148594477515e-01 -1.022859865279325819e-01 -1.039841410962836221e-01 2.429455128959128948e-02
2.491846596104321243e-01 4.316266340797213497e-01 -2.382276732469433833e-01 3.478170805356806117e-01 -2.195176766863677631e-01 3.205001181868677995e-01 -2.491846596104321243e-01 -4.356472696541497935e-01
1.423495401552221651e-01 -7.569419573168889581e-02 2.472425294417746056e-02 -3.856195791924836858e-01 2.306236690048485763e-02 -3.596994513616638689e-01 -1.423495401552221651e-01 7.571588064752619862e-02
8.707759272181125887e-02 -5.421516602775922067e-02 4.470510671561334082e-02 -2.328393535705558515e-01 4.349921714607626194e-02 -2.265586718212731221e-01 -8.707759272181125887e-02 5.422313371687883382e-02
8.850006497307116859e-02 -2.950526165932016998e-01 -3.516492826360995139e-02 3.232352747901092727e-01 -3.344164417699466846e-02 3.073948840148791883e-01 -8.850006497307116859e-02 2.963369223095688731e-01
4.651575470143406443e-01 -4.310744167170506014e-01 -7.758186712276027297e-02 -2.081852873131347925e-01 -7.573523235338727733e-02 -2.032299774671365578e-01 -4.651575470143406443e-01 4.350796401836594662e-01
-3.388675466560593375e-01 2.516941198144495573e-02 3.896592977765644950e-02 3.347345486769017775e-01 3.692556488193424885e-02 3.172069129601892135e-01 3.388675466560593375e-01 -2.517020922168789962e-02
-9.231427132285641157e-02 4.048610107099664956e-01 4.325111841385632649e-01 4.243644659341255787e-01 3.699040447854239355e-01 3.629365856165920889e-01 9.231427132285641157e-02 -4.081790984756574758e-01
-1.974818874996057128e-01 -1.663476950562928769e-01 3.487781210777657348e-01 4.869451933269575150e-01 2.992110096004405029e-01 4.177422668176901110e-01 1.974818874996057128e-01 1.665778500313473409e-01
-2.251655959881959657e-01 3.063800562134763039e-01 1.540031985135530412e-01 -2.255235590139125224e-01 1.485630464466561329e-01 -2.175569552839548282e-01 2.251655959881959657e-01 -3.078180316876829581e-01
-4.644909682396697326e-01 -4.163591715071589539e-01 -7.975609216808654534e-02 2.757895540132138112e-01 -7.665946419456316774e-02 2.650816867575939151e-01 4.644909682396697326e-01 4.199680678769874276e-01
3.597068869881915321e-01 -8.319399913662173240e-02 -2.020755543544722199e-01 1.524898059621260238e-01 -1.958957767604731781e-01 1.478264359211116930e-01 -3.597068869881915321e-01 8.322278942455865747e-02
-3.344348439967261832e-01 8.593789365841486561e-02 1.115802674854967647e-01 3.045942014064366710e-01 1.061357031037935827e-01 2.897315130725305887e-01 3.344348439967261832e-01 -8.596962760738538489e-02
3.898989854429452118e-01 4.767607918050952298e-01 2.140084796829212488e-01 -5.463080497272865266e-02 2.089719153220164771e-01 -5.334510094015548765e-02 -3.898989854429452118e-01 -4.821791985283351845e-01
4.132175423158179761e-01 2.052943963213393896e-01 4.608060488193044257e-01 1.545815272310986366e-01 4.144452685387313151e-01 1.390293871544682758e-01 -4.132175423158179761e-01 -2.057270110385034934e-01
-1.389515815361909157e-01 -7.506998299578604428e-02 2.750747937746078620e-02 2.571438619728658725e-01 2.663134403371412301e-02 2.489536231359863738e-01 1.389515815361909157e-01 7.509113584905409422e-02
1.991663706733698413e-01 -1.413610492727257473e-03 1.604108011341902618e-01 1.626314014962410015e-01 1.563826121822057824e-01 1.585474494797874112e-01 -1.991663706733698413e-01 1.413610633967770031e-03
2.075262252919962691e-01 2.805424215485918804e-02 2.089705076418948426e-01 2.983802744631141035e-01 1.963485284458310887e-01 2.803578766650328125e-01 -2.075262252919962691e-01 -2.805534614610186508e-02
4.985157672628340864e-01 -1.442256439826098413e-01 3.815671575754097100e-01 2.850412970267176549e-01 3.444900342222457779e-01 2.573436529271549977e-01 -4.985157672628340864e-01 1.443756461259962653e-01
7.097521685580576722e-02 -2.601579415577320864e-01 7.846731997665523650e-02 -1.486741416224105494e-01 7.738149431432582437e-02 -1.466167985355504577e-01 -7.097521685580576722e-02 2.610383440582003667e-01
8.616809495319921464e-02 -4.409729223738353410e-01 -1.881617527178059968e-01 1.181133803480993727e-01 -1.836834400469307405e-01 1.153022423767918331e-01 -8.616809495319921464e-02 4.452604385597632719e-01
-4.460378978548531492e-01 1.262507292301285888e-01 -4.437806544329923053e-01 4.398589956827378966e-01 -3.763533617318250979e-01 3.730275532733445809e-01 4.460378978548531492e-01 -1.263513463056565866e-01
-3.095966367277601661e-01 1.431235350719433086e-01 1.395944397099395662e-01 4.216812828985742057e-01 1.275752177245540464e-01 3.853740993404655146e-01 3.095966367277601661e-01 -1.432701246746871104e-01
-1.117068503465462603e-01 -2.236742116947444403e-01 -3.401756183211680495e-01 -1.018706884226228127e-02 -3.220367862709852536e-01 -9.643874324896873490e-03 1.117068503465462603e-01 2.242337344461522997e-01
-4.534343762673028744e-01 -1.303929554013140146e-01 -3.171268209553703699e-01 -1.735489816987799694e-01 -2.982369531555885134e-01 -1.632114223867024982e-01 4.534343762673028744e-01 1.305038045573622130e-01
-2.954444536200493410e-01 6.828860085268062541e-02 3.944216451160382775e-01 4.706688753483119214e-01 3.361076331849495169e-01 4.010819478748492428e-01 2.954444536200493410e-01 -6.830452347699654536e-02
4.438229125111790019e-01 8.630718000365633635e-03 7.919396430217406913e-02 3.155128196368486293e-01 7.530951638630854761e-02 3.000369797105782999e-01 -4.438229125111790019e-01 -8.630750145169816673e-03
-4.770669075609185183e-01 2.379274286622641288e-01 -3.938873905492265015e-01 4.201339964367145630e-02 -3.662029509710171271e-01 3.906048098768562932e-02 4.770669075609185183e-01 -2.386008758406343855e-01
3.131705274833449515e-01 4.100306297374962661e-01 1.768423503224975102e-01 1.866707863693999325e-01 1.712708274950842657e-01 1.807896128520177503e-01 -3.131705274833449515e-01 -4.134774521240268119e-01
-2.815022186599011045e-01 1.422221935784737656e-01 2.508252761630369587e-02 -3.078577799957800121e-01 2.396535305735827959e-02 -2.941458094621108299e-01 2.815022186599011045e-01 -1.423660310773004201e-01
2.280698421857733083e-01 1.802856090229452146e-01 2.571194687264996004e-01 -4.043945963172941305e-01 2.318702420774595707e-01 -3.646828978269570642e-01 -2.280698421857733083e-01 -1.805785992864195055e-01
8.937387823374254303e-02 -2.303465903491459521e-01 -1.869594244867067712e-01 3.208911648950252271e-01 -1.752631243880294620e-01 3.008160102248030876e-01 -8.937387823374254303e-02 2.309576946899561389e-01
-2.578923277440651196e-01 -2.491303189628856218e-01 -3.453443511535203569e-04 -2.680843702625023139e-01 -3.335657338582753316e-04 -2.589408496298017948e-01 2.578923277440651196e-01 2.499034440332152107e-01
-2.536688038955000613e-01 2.934569246976078682e-01 -4.266742398824053817e-01 8.275562741067143957e-02 -3.913126335719995241e-01 7.589706496904542743e-02 2.536688038955000613e-01 -2.947205057075213408e-01
-1.158881120517085694e-02 2.664892895181451005e-01 2.185142907009550717e-01 2.071746514926205984e-01 2.092344513787617322e-01 1.983763826411155951e-01 1.158881120517085694e-02 -2.674355469016027609e-01
1.976648845204653782e-02 -3.940478297296450272e-01 -2.313207591193759960e-01 -8.126104331997385799e-02 -2.246666451740186310e-01 -7.892350887806637294e-02 -1.976648845204653782e-02 3.971070927992392252e-01
-4.868599184766482235e-01 1.470027864356598934e-01 1.048803381791163503e-01 4.881620417954063429e-01 9.383402596971550380e-02 4.367473494319871197e-01 4.868599184766482235e-01 -1.471616216176443170e-01
2.214887283519693106e-01 4.535867812462062165e-01 3.622725523387346769e-01 3.500830583777705396e-01 3.235350793803560832e-01 3.126489968692542920e-01 -2.214887283519693106e-01 -4.582528504212370346e-01
4.266826152438742970e-01 -4.853561968994992704e-01 -4.898113454742076822e-01 3.754391192115147380e-01 -4.168237846178289296e-01 3.194943441169602605e-01 -4.266826152438742970e-01 4.910729803443574237e-01
2.605315404167414250e-01 6.972585780467055461e-02 -3.612079810757349296e-01 2.405168067036688173e-01 -3.313528562126363819e-01 2.206372368380567217e-01 -2.605315404167414250e-01 -6.974280709824325075e-02
-3.656362721476413835e-01 -2.557246100712535775e-01 -3.881290694424880394e-01 6.853971513098366941e-02 -3.610945346926206501e-01 6.376568644739094571e-02 3.656362721476413835e-01 2.565607665892948863e-01
-3.142649721241552729e-02 -5.676778448291508461e-03 -1.066210515370169531e-01 -4.046960198830931166e-01 -9.835509871058444042e-02 -3.733213695567713653e-01 3.142649721241552729e-02 5.676787595231700713e-03
-2.010171385413742629e-01 1.619299135854519456e-01 -3.256469045434999821e-01 4.834676983180860033e-01 -2.813384479345623079e-01 4.176856895414960413e-01 2.010171385413742629e-01 -1.621422142026193725e-01
-4.057972678226773322e-01 2.548746057554170941e-01 1.710662745876099233e-01 -1.148287748130365493e-01 1.675471029453812211e-01 -1.124665197805465172e-01 4.057972678226773322e-01 -2.557024520426375847e-01
-2.218440661128835423e-01 3.200075392134118513e-01 4.022847857827490659e-01 3.204551347721781296e-01 3.577420379709243536e-01 2.849729272475068909e-01 2.218440661128835423e-01 -3.216460550184581657e-01
-1.165909339328847771e-01 -3.254712837330582254e-01 3.487807410082419679e-01 3.891141353870687380e-01 3.091209449156068767e-01 3.448680361855980259e-01 1.165909339328847771e-01 3.271951677177200590e-01
-4.804800411768167523e-01 -4.225474248486651430e-01 4.622121372617231660e-01 -4.307062396370203716e-01 3.907594855313846760e-01 -3.641240353678113495e-01 4.804800411768167523e-01 4.263196393672420426e-01
-2.916166860070051881e-01 2.615335028550882512e-01 -4.414364974702963407e-01 3.605106329237851570e-01 -3.835195337346040123e-01 3.132112334109858898e-01 2.916166860070051881e-01 -2.624279444679597506e-01
-1.364002031958939654e-01 -4.210554627131463112e-01 -1.759570048426604139e-01 -1.214306036296791680e-01 -1.720686324281342217e-01 -1.187471787222415948e-01 1.364002031958939654e-01 4.247878604974224537e-01
1.117438629026457075e-01 4.357969561592146546e-01 -3.574319637886389511e-01 4.124183612178122793e-02 -3.363243012472633686e-01 3.880635511382067582e-02 -1.117438629026457075e-01 -4.399352619817352150e-01
3.439536221560056672e-01 5.444552572457439510e-02 -2.548254962737193097e-01 3.125428658818228955e-01 -2.363328848565030005e-01 2.898617219048974514e-01 -3.439536221560056672e-01 -5.445359540974269857e-02
3.118302554393781456e-01 -6.564160374229366379e-02 -5.253626475462647161e-02 -3.837766600700182051e-01 -4.898936987440875163e-02 -3.578666438725013887e-01 -3.118302554393781456e-01 6.565574563551110354e-02
8.311262884358872061e-02 -2.289982284672872348e-01 8.227544307826872849e-02 -3.665793531418167772e-01 7.701918614310229727e-02 -3.431600290379344109e-01 -8.311262884358872061e-02 2.295986639822529818e-01
3.861342928279523079e-01 1.896764767182459455e-01 2.358791623939706650e-01 -4.424365606685854990e-01 2.108596080225551561e-01 -3.955075930005508278e-01 -3.861342928279523079e-01 -1.900176778210005690e-01
-1.511724277769035396e-01 4.345488617196036074e-02 -1.003415445186774946e-01 -2.362641628128119287e-01 -9.719071001231920082e-02 -2.288452090745834444e-01 1.511724277769035396e-01 -4.345898902398966090e-02
3.056946096400230406e-01 -2.707182614180349001e-01 1.883830610260661675e-02 -1.511356898083753286e-01 1.862354043326179542e-02 -1.494126709017499777e-01 -3.056946096400230406e-01 2.717102865190969552e-01
-2.039200672663520342e-01 -1.454211093286906786e-01 -4.335069786141337866e-01 -4.850721772032992041e-01 -3.633787845462396193e-01 -4.066023083015397610e-01 2.039200672663520342e-01 1.455748725129640819e-01
1.436402193909941394e-01 -1.505931907348309062e-01 4.725580966526976567e-03 1.276165372258100117e-01 4.687512835398961394e-03 1.265884894349400269e-01 -1.436402193909941394e-01 1.507639506811905006e-01
-1.995041302265607719e-01 -3.242050433808846277e-01 4.231399319224408151e-01 -1.640050992373468519e-01 3.853188432268516705e-01 -1.493459972787977430e-01 1.995041302265607719e-01 3.259088853196879243e-01
-2.600993197020222691e-01 -2.666261670889380486e-02 1.997546552294899858e-01 4.598566006008374396e-01 1.785681655095331111e-01 4.110830331959081096e-01 2.600993197020222691e-01 2.666356442511206085e-02
-1.571919638862326885e-01 -2.275538548049456100e-01 3.641442993023985553e-01 3.683373279166745062e-01 3.233456804214301927e-01 3.270689233581092203e-01 1.571919638862326885e-01 2.281430003460897804e-01
-3.757371603817162287e-01 -4.963979679421682834e-01 -1.016055811684245525e-01 -2.936484292620401559e-01 -9.702926284415060165e-02 -2.804224954868219655e-01 3.757371603817162287e-01 5.025138625008679361e-01
2.392507348926604660e-01 -1.770510689540645277e-01 -9.638606204597577332e-02 3.832113357862453329e-01 -8.964143454061064553e-02 3.563960716199515710e-01 -2.392507348926604660e-01 1.773285706642038773e-01
2.590991182893259692e-01 -3.666053361104062436e-01 -1.799059349738918456e-02 -2.057291444111272183e-01 -1.761881128121632265e-02 -2.014776761506934799e-01 -2.590991182893259692e-01 3.690689142992039651e-01
-4.724715365223040031e-01 -3.207676427223635773e-01 1.069316144298610993e-01 -1.266175477144846351e-01 1.054926774519757970e-01 -1.249137048198743077e-01 4.724715365223040031e-01 3.224178620224135150e-01
2.890101145562437024e-01 4.441883604194307722e-01 -3.021104299943032645e-01 -8.576846935613402501e-02 -2.882309388668254369e-01 -8.182811314443930173e-02 -2.890101145562437024e-01 -4.485703518756561925e-01
2.911535959625322079e-02 1.506493884680204509e-01 4.591679917979264447e-01 -2.194698544892805803e-01 4.092214133718211633e-01 -1.955967437863923852e-01 -2.911535959625322079e-02 -1.508203396561636489e-01
6.091458981015196450e-02 2.464423502866897042e-01 3.423844425760607102e-01 -3.502244890628393170e-01 3.074846516683077402e-01 -3.145255497444957027e-01 -6.091458981015196450e-02 -2.471907197018722580e-01
3.310878277385972401e-01 -4.765623660099742587e-01 -4.625826641014543217e-01 -3.168757168449914952e-01 -4.034843960835742260e-01 -2.763925610854924830e-01 -3.310878277385972401e-01 4.819740101956729861e-01
-3.115853444040648235e-01 9.224984586091800054e-02 4.972396725903323045e-01 1.520528253056152579e-02 4.451939341980040155e-01 1.361375594813003624e-02 3.115853444040648235e-01 -9.228909832743958930e-02
2.779935768965835496e-02 -4.675414656251978274e-01 -2.231075841101840540e-01 -4.419427291669134616e-01 -1.999465414932258545e-01 -3.960641705096039078e-01 -2.779935768965835496e-02 4.726515774752562682e-01
-1.435755582054411006e-01 1.210175512987259339e-01 3.927028347501280159e-01 8.015881620195186574e-02 3.645147370139968368e-01 7.440503918388959026e-02 1.435755582054411006e-01 -1.211061678996019769e-01
1.247544671623863621e-01 -1.770989427664447780e-01 2.651063152941108836e-01 2.938233863918966460e-01 2.465051161092606802e-01 2.732072523349638460e-01 -1.247544671623863621e-01 1.773766696430984779e-01
-2.884731049405415693e-01 1.263424068737182271e-01 -3.149281869975514292e-01 1.497827030604946819e-01 -2.973648982992075362e-01 1.414294436049025605e-01 2.884731049405415693e-01 -1.264432432993371491e-01
-4.065440524135577327e-02 1.618477816145171833e-01 1.214089099948892914e-01 -1.449892548894520239e-01 1.192945413227957940e-01 -1.424642281979073832e-01 4.065440524135577327e-02 -1.620597593544861603e-01
-1.400168048286923872e-01 -3.452540152862999534e-01 1.922047453417906615e-01 2.383601324221884532e-02 1.886982135162359742e-01 2.340115540934092908e-02 1.400168048286923872e-01 3.473117350016420857e-01
3.889993554420075883e-01 3.197729233389011716e-01 -3.495605083913039257e-01 4.356653058961553748e-01 -3.051799328464395722e-01 3.803527732831842867e-01 -3.889993554420075883e-01 -3.214078379158641363e-01
2.646026501940552667e-01 -3.386612021946143747e-01 4.942063474680236101e-02 -1.076031790056405368e-01 4.907777644833188901e-02 -1.068566761925362485e-01 -2.646026501940552667e-01 3.406032787320450450e-01
-1.012428766731736651e-01 2.266106273201105026e-01 -3.567199468854830302e-01 -4.699487953392743611e-01 -3.072318109262033858e-01 -4.047523013368916067e-01 1.012428766731736651e-01 -2.271924770317929332e-01
4.256518130836788316e-01 3.763806204159969582e-01 -3.111385162170565710e-02 -3.799177257005971198e-01 -2.907321725446304281e-02 -3.550004259327842471e-01 -4.256518130836788316e-01 -3.790465689783190095e-01
8.602310120508682711e-02 4.239591989883327861e-01 -2.829539598444194004e-01 3.179480853812930441e-01 -2.603529642865501925e-01 2.925519281079091427e-01 -8.602310120508682711e-02 -4.277693500378046965e-01
-3.034321702056382852e-01 1.885401626025023925e-01 1.510847190320572242e-01 -3.232392384264507479e-01 1.422980089600200115e-01 -3.044404512945986241e-01 3.034321702056382852e-01 -1.888752681645091136e-01
1.168995257350946559e-02 1.882414041462181498e-01 3.754940767880872166e-01 4.976782871612995818e-01 3.186413120626156448e-01 4.223258693256243812e-01 -1.168995257350946559e-02 -1.885749192185252610e-01
-2.210223279256537943e-01 -2.291611714837594738e-01 3.185357477754352518e-01 4.419024196457799203e-01 2.797249857707649889e-01 3.880605203991958629e-01 2.210223279256537943e-01 2.297628896253198771e-01
2.703293631175914813e-01 -1.316049837702383263e-01 3.215071054177641718e-01 4.251937166460419970e-01 2.837145414516066833e-01 3.752129838299705367e-01 -2.703293631175914813e-01 1.317189528422872125e-01
3.635855798511099524e-01 2.023209660799887288e-01 4.128825568271233815e-01 -1.635898583800922124e-01 3.773436782608501350e-01 -1.495088563723512842e-01 -3.635855798511099524e-01 -2.027350541081136825e-01
2.861273781970613550e-01 -7.502002298205712183e-02 -4.611571617099474718e-02 3.148678109217950549e-01 -4.394428161618643691e-02 3.000417407313798468e-01 -2.861273781970613550e-01 7.504113363095897549e-02
-4.902916916668513814e-01 -4.347484098090449445e-01 2.577369170222534311e-01 -4.536392895407516113e-01 2.285051776512357358e-01 -4.021888972821837660e-01 4.902916916668513814e-01 4.388569166153361567e-01
4.220521803674396333e-01 8.589572798464106818e-02 6.903491206435519167e-02 3.952894288779313925e-01 6.406915693803369449e-02 3.668558371033603382e-01 -4.220521803674396333e-01 -8.592741524546776422e-02
2.659078564803155631e-01 -2.917988337275484456e-01 2.030829093300141608e-01 1.195870122090721965e-01 1.976674969975967533e-01 1.163981028968583548e-01 -2.659078564803155631e-01 2.930411170634759088e-01
3.713508804839094068e-01 6.284459741074255312e-02 4.583506440989603137e-01 -9.198911609452686822e-02 4.152184551194560425e-01 -8.333266062636340843e-02 -3.713508804839094068e-01 -6.285700746984056175e-02
2.384402961989700032e-01 2.552307097680160952e-01 3.463798002679616683e-01 3.663040275848649108e-01 3.092975637325942606e-01 3.270887714289010817e-01 -2.384402961989700032e-01 -2.560620308399625400e-01
-2.297961515286388590e-01 2.884872555979374198e-01 -3.663673778961401561e-01 -4.279634838954985421e-01 -3.191990764307770512e-01 -3.728649357101509465e-01 2.297961515286388590e-01 -2.896877216994272475e-01
-2.166095601321504915e-02 -2.021148731615700633e-01 4.468151972054211774e-01 -6.253306234901923055e-02 4.072818989026241732e-01 -5.700026439789084021e-02 2.166095601321504915e-02 2.025276970541526056e-01
-3.571242021206693096e-01 3.379508782022134783e-01 3.507189022138890167e-02 3.659940523894027464e-01 3.291747280922897173e-02 3.435115470485919920e-01 3.571242021206693096e-01 -3.398807601439441939e-01
-2.472837212473170121e-01 -3.825156920008175865e-01 -1.981406104923977285e-01 4.894326901856379530e-01 -1.752150849712441338e-01 4.328037053356684205e-01 2.472837212473170121e-01 3.853141434218649297e-01
-5.873970644530135399e-02 2.583285357930142911e-02 2.081414376187473714e-02 3.521424391729625070e-01 1.962867048536610232e-02 3.320861036378554565e-01 5.873970644530135399e-02 -2.583371553937879525e-02
3.389822105081446990e-01 -3.105828666018598527e-01 3.471941361154695649e-02 1.370794512766090323e-01 3.437740588754639032e-02 1.357291337953607790e-01 -3.389822105081446990e-01 3.120808344314332516e-01
