-2.063858516263205045e-01 -3.696642190456457255e-01 3.969850695075824998e-01 -1.289360549838108883e-01 3.663524761976177380e-01 -1.189869510031260624e-01 2.063858516263205045e-01 3.721899800394162794e-01
1.513043323409910546e-01 1.450856402604435713e-01 4.727203528528248766e-01 -2.776168064688242509e-01 4.145177907841133269e-01 -2.434359016012697108e-01 -1.513043323409910546e-01 -1.452383417579663771e-01
-2.476332984954102701e-01 -2.047112056001522129e-01 -1.061159921446235277e-01 -2.487968166506133727e-01 -1.024350320090649108e-01 -2.401665325111911886e-01 2.476332984954102701e-01 2.051401439258676851e-01
-1.679364256331630223e-01 -2.483608576441471705e-01 2.002894376334497517e-01 -4.581224297000037193e-01 1.791448909622796459e-01 -4.097584659765177162e-01 1.679364256331630223e-01 2.491268412188970272e-01
-3.252341236436884220e-01 -3.652068820393209458e-01 -4.852179132579070853e-01 4.033311768168755806e-01 -4.103607098877190551e-01 3.411070851179565655e-01 3.252341236436884220e-01 3.676423749120267259e-01
1.063294616533303483e-01 2.288508775192559241e-01 3.785878632047704473e-01 -4.673561340374076112e-01 3.244276877926500768e-01 -4.004969114909477934e-01 -1.063294616533303483e-01 -2.294501547131468366e-01
3.094906921265820898e-01 4.026094039689986914e-02 3.271360023322883448e-01 -3.495449716323365541e-01 2.950646131375146419e-01 -3.152766772643267323e-01 -3.094906921265820898e-01 -4.026420343202283952e-02
4.248079703993506984e-01 -2.098555368954583278e-01 -1.296943062261123325e-01 -2.855351288666801990e-01 -1.237514655032863065e-01 -2.724513641201547487e-01 -4.248079703993506984e-01 2.103176319292630880e-01
1.909421420661685520e-01 -2.707949727079342894e-01 2.103545783196093533e-01 -1.408806610758892575e-01 2.039207782531571589e-01 -1.365717555420400409e-01 -1.909421420661685520e-01 2.717878413548709959e-01
2.350659632886694661e-01 -4.263981830900154257e-02 -8.608015427059112490e-02 3.032081943280083847e-01 -8.209865334425675565e-02 2.891837804916407850e-01 -2.350659632886694661e-01 4.264369459703719334e-02
4.230245355464833379e-01 9.712730294664906339e-02 -1.830371697882293702e-02 3.456149622311454062e-01 -1.729704924178085412e-02 3.266068322256580614e-01 -4.230245355464833379e-01 -9.717311650156384983e-02
2.986035911520393826e-01 -4.910608976287549332e-01 -1.167365431947132715e-01 -4.561784902728530655e-01 -1.056136078617694457e-01 -4.127127193263764315e-01 -2.986035911520393826e-01 4.969816386410844666e-01
-3.276594916546714531e-01 -3.112549331228140481e-01 1.958461339323264161e-01 -1.708539982057002415e-01 1.895490193693389058e-01 -1.653604652028096977e-01 3.276594916546714531e-01 3.127626463134535739e-01
2.129889803826766626e-01 -3.103940521817034615e-01 -3.839791910837797584e-02 -3.272725366771199740e-01 -3.646899825834501452e-02 -3.108319890042661182e-01 -2.129889803826766626e-01 3.118892896673482462e-01
-8.415128173247266030e-02 -3.300592857827422399e-01 1.131123353670122622e-01 -4.624161485142967987e-01 1.021302512839437071e-01 -4.175201342301311236e-01 8.415128173247266030e-02 3.318571043899965489e-01
1.488911205830856233e-02 -1.475703697835911710e-01 4.635670871883419419e-01 3.433232139195224741e-01 4.015464213675775662e-01 2.973899824466799124e-01 -1.488911205830856233e-02 1.477310518843101550e-01
-3.852540270466248140e-01 -4.194704728716140973e-01 -3.732642908579913987e-01 -3.459208281676425800e-01 -3.326639528515777378e-01 -3.082946665147774934e-01 3.852540270466248140e-01 4.231608792415088027e-01
2.738743427204186620e-01 -1.189185087065476321e-01 4.841265438849168268e-01 -3.246674082286616914e-01 4.182548103409970408e-01 -2.804921708338757869e-01 -2.738743427204186620e-01 1.190025936753284219e-01
4.401011881393812608e-02 -3.384892295139880769e-01 1.828158032681237444e-02 -3.440247669565775768e-01 1.728460223080595035e-02 -3.252635247112127259e-01 -4.401011881393812608e-02 3.404283489851499533e-01
4.828171137304450022e-01 -4.862324874422832011e-01 3.626166945052219370e-01 5.522531853134449165e-02 3.404377833166270517e-01 5.184754400074875758e-02 -4.828171137304450022e-01 4.919802910737740564e-01
1.637946452197888147e-01 1.717297848174202946e-01 1.021836538927107796e-01 1.570403290247293082e-01 1.004360467352996972e-01 1.543545295592495814e-01 -1.637946452197888147e-01 -1.719830099933586931e-01
-3.148696017309693396e-01 1.051167805003662137e-01 5.146883581277650332e-02 4.484584043057936453e-01 4.691089002376307854e-02 4.087440982956727642e-01 3.148696017309693396e-01 -1.051748550909918645e-01
2.500217637026599382e-01 2.778484768591753529e-01 1.783769722513198763e-01 3.600257482181212776e-02 1.754949214828799842e-01 3.542087838913119541e-02 -2.500217637026599382e-01 -2.789209688692403377e-01
4.096355249515570840e-01 -2.727024590840504414e-01 -1.607958151149000425e-01 3.747476199043634493e-01 -1.488919664842571766e-01 3.470047402849680829e-01 -4.096355249515570840e-01 2.737164572440226040e-01
-2.742906613921453074e-01 2.871162896558341338e-01 -2.649223633138296785e-01 -3.947374733372130962e-01 -2.392616615153090598e-01 -3.565027223509080745e-01 2.742906613921453074e-01 -2.882997221874893379e-01
4.824174492929428348e-01 -2.798713259730187808e-01 5.143157367337247710e-02 1.085654369735586933e-01 5.106442137660672370e-02 1.077904256976572467e-01 -4.824174492929428348e-01 2.809674134617491936e-01
3.859420993107745002e-01 -3.737898962506412959e-01 7.119423548204495411e-03 -2.026243295084495522e-02 7.117782190462226301e-03 -2.025776151909547407e-02 -3.859420993107745002e-01 3.764011716558259280e-01
-4.332750023606435352e-01 4.659330650197223145e-01 -2.893718215811975636e-01 -3.254010795463058159e-02 -2.778320982540115613e-01 -3.124245623173179179e-02 4.332750023606435352e-01 -4.709906198329931182e-01
1.102408126466296601e-01 1.391268487199049941e-01 -3.603506663158965173e-01 3.956418025994465903e-01 -3.177165509096231966e-01 3.488322921744433924e-01 -1.102408126466296601e-01 -1.392614976321135956e-01
-4.185260351227380049e-01 -3.492156016278074038e-01 3.519457712872955391e-01 3.218154852167465219e-02 3.318321857557784971e-01 3.034238356634695946e-02 4.185260351227380049e-01 3.513449705858294192e-01
-7.889237499494783368e-02 -4.259508391056832100e-02 2.013802946333462796e-01 2.419395254560767761e-01 1.920881568011635065e-01 2.307758938719441655e-01 7.889237499494783368e-02 4.259894801129437969e-02
-7.352521149860402616e-02 -3.052097144007426266e-02 -4.420241866272329734e-01 -2.008876553391644171e-01 -3.976328581774380977e-01 -1.807130355797473553e-01 7.352521149860402616e-02 3.052239299963913424e-02
1.918771139504733547e-01 2.582782604769962020e-01 -2.465609575002192244e-01 4.552622535381868341e-01 -2.189551108463418383e-01 4.042894633369537027e-01 -1.918771139504733547e-01 -2.591397173941302756e-01
6.103021925570994988e-02 -5.883734103674931326e-03 -1.794353460048397908e-01 2.504535467233240942e-01 -1.714809987771548638e-01 2.393509712308188597e-01 -6.103021925570994988e-02 5.883744287926491456e-03
7.974521924579691667e-02 -1.251240564631406205e-01 -1.556608045499461301e-01 -2.407818743492630142e-01 -1.496319248024248483e-01 -2.314561807680718675e-01 -7.974521924579691667e-02 1.252220037591341706e-01
-3.123683270975660120e-01 1.996231823995838761e-01 9.054652224356707357e-02 2.617298626927417882e-01 8.726180199070317223e-02 2.522351923347401215e-01 3.123683270975660120e-01 -2.000209257510512650e-01
-4.400823104877883418e-01 4.857088237131877984e-01 9.963600842371678201e-02 4.029359021217099324e-01 9.202371819003905828e-02 3.721511980669748310e-01 4.400823104877883418e-01 -4.914380764915440847e-01
-2.670257261589795705e-01 -4.238111909676788303e-01 2.600017523497488714e-01 3.301565261622992908e-01 2.396961563370172410e-01 3.043719882481070726e-01 2.670257261589795705e-01 4.276173529347200297e-01
-2.599607343780596658e-02 2.677771921472740235e-01 -2.553659342807919064e-01 1.812041841170189960e-01 -2.436983300741444591e-01 1.729250113024448920e-01 2.599607343780596658e-02 -2.687372352997010605e-01
-3.532441091828869562e-01 1.901598407367877108e-02 3.230030406484709626e-01 -4.118113544284899286e-01 2.861775810337152115e-01 -3.648608911419580214e-01 3.532441091828869562e-01 -1.901632788994471468e-02
4.939130246104789235e-01 2.035193311050811360e-01 2.710053579546822800e-01 3.448118190062035016e-01 2.481864032856049285e-01 3.157782776524550861e-01 -4.939130246104789235e-01 -2.039408208419218882e-01
-4.896357386647680610e-01 -3.473960129577281508e-01 -2.761503296724746592e-01 -2.662656398834893912e-01 -2.578304761618444019e-01 -2.486015381481584963e-01 4.896357386647680610e-01 3.494922698022744356e-01
2.515278171352438585e-01 3.445269432294789658e-01 3.483223251981149016e-02 -2.690100513302960961e-01 3.361740350195046440e-02 -2.596279017288758428e-01 -2.515278171352438585e-01 -3.465716902176243508e-01
1.944001577277451043e-01 1.736984238986316598e-01 -2.605537630953196349e-01 2.661883652028217417e-01 -2.441654453489695564e-01 2.494456420983797162e-01 -1.944001577277451043e-01 -1.739604578933000856e-01
-1.552633473167065459e-01 4.488362882802195974e-01 -4.173602914787633011e-03 -1.046495262053096509e-01 -4.150899514437624005e-03 -1.040802578445224336e-01 1.552633473167065459e-01 -4.533572818681201322e-01
1.297175070215644821e-01 3.964166024568469560e-01 -3.021672153520806869e-01 3.364907608373091108e-02 -2.891006611918076064e-01 3.219399607255592904e-02 -1.297175070215644821e-01 -3.995313690594149980e-01
4.747403708550822499e-01 -2.153761189930578634e-01 -4.710338138221015214e-01 -3.114223965005321615e-01 -4.101599668782623942e-01 -2.711758605976621883e-01 -4.747403708550822499e-01 2.158756502230486374e-01
2.642593390552128163e-02 -1.214194067493977736e-01 2.965585875367110491e-01 -3.784190330864289908e-02 2.841325597454530949e-01 -3.625629910782344340e-02 -2.642593390552128163e-02 1.215089090758408735e-01
3.589640591551157556e-02 6.052999053605878643e-02 3.448725182357390562e-01 -2.391088199789515034e-02 3.259453843430901165e-01 -2.259861604124348625e-02 -3.589640591551157556e-02 -6.054107926640142634e-02
-1.099922858587537577e-01 2.844574187919231001e-01 -4.777284884671958443e-01 4.897069537867417832e-01 -3.942871097363857547e-01 4.041733831823655088e-01 1.099922858587537577e-01 -2.856082769455017822e-01
3.958862181960668414e-01 -1.229174007926658874e-01 3.794835234293169046e-01 4.275809425975434230e-01 3.294463939152307286e-01 3.712018861126487046e-01 -3.958862181960668414e-01 1.230102568220040465e-01
-4.158293211139474366e-04 -4.423451927587436217e-01 1.962700831011029434e-01 4.088080323000569116e-01 1.787492425063244017e-01 3.723141344292095201e-01 4.158293211139474366e-04 4.466728607966962139e-01
3.443299485657131953e-01 1.938554113738997220e-01 4.477640661016069057e-01 3.013307032031925514e-01 3.940368733150519387e-01 2.651740439061235355e-01 -3.443299485657131953e-01 -1.942196649214796289e-01
-3.758266848800888571e-01 -4.198963561939507150e-01 4.041029859138048907e-01 4.424988742262074837e-01 3.466295935625447466e-01 3.795646413699861332e-01 3.758266848800888571e-01 4.235980144555354099e-01
-4.076614052312022007e-01 -3.252798498910774994e-01 4.517756930338516774e-01 1.837103358216378712e-01 4.060586030640209176e-01 1.651199112356114551e-01 4.076614052312022007e-01 3.270006938317882028e-01
-4.654287801283657489e-01 -3.133416233874797285e-02 -4.265333456398766598e-01 2.259588458488149820e-01 -3.841258617522149144e-01 2.034932022770725990e-01 4.654287801283657489e-01 3.133570057935458619e-02
2.852960282216189247e-01 1.070154607890388965e-01 4.905344385051968459e-02 2.668623763265419724e-01 4.734169996231368110e-02 2.575500833291105574e-01 -2.852960282216189247e-01 -1.070767394944616702e-01
-3.390285631843912295e-01 -1.580471636975475658e-01 1.605983559285987239e-01 2.418561456866119563e-02 1.585213224484946781e-01 2.387281976509337059e-02 3.390285631843912295e-01 1.582445559594532758e-01
3.844059259454368771e-02 1.715983809063899024e-01 -2.231935373994133887e-01 2.571159134140965641e-02 -2.177651891858749522e-01 2.508625302493500478e-02 -3.844059259454368771e-02 -1.718510252397467963e-01
-3.311997723669368732e-02 -3.554022791619032562e-01 -4.103693010725379953e-01 1.575214077031100723e-01 -3.756776324408834244e-01 1.442049133548593542e-01 3.311997723669368732e-02 3.576468361172340238e-01
3.583138364290423539e-01 -9.351713102291370205e-02 3.180690542887054661e-03 4.007831147069159661e-01 2.952386225400424006e-03 3.720156146217692972e-01 -3.583138364290423539e-01 9.355802351033265518e-02
5.868982844575165725e-02 -1.245651668321422489e-01 -1.355925682960523737e-02 3.077788623150764513e-01 -1.295824963782449615e-02 2.941367201199691084e-01 -5.868982844575165725e-02 1.246618074830419948e-01
-3.736704805603626722e-01 -1.944375171992529516e-03 8.340631460822789389e-02 4.639158886845510255e-01 7.544532109522163188e-02 4.196358914475802893e-01 3.736704805603626722e-01 1.944375539537263747e-03
7.785721528453548590e-02 -8.454849983064671726e-03 1.383553207411729602e-01 -8.343327098525255003e-02 1.365841556289131009e-01 -8.236519425369519254e-02 -7.785721528453548590e-02 8.454880202595878996e-03
-6.640767272683545386e-02 -1.139959889774044832e-01 4.639177674239978177e-01 9.898378143109010097e-03 4.208197354996889850e-01 8.978817291668928641e-03 6.640767272683545386e-02 1.140700583585921440e-01
4.155937888737326613e-02 -4.520074359511326856e-01 -2.186987274631886358e-01 4.052027659330403875e-01 -1.986514076560882414e-01 3.680592967889476097e-01 -4.155937888737326613e-02 4.566249342340656381e-01
-5.809571925157663852e-02 -1.175325427290824232e-01 1.052128951232128573e-01 -7.427558801488376439e-02 1.043510389246948972e-01 -7.366715616958355306e-02 5.809571925157663852e-02 1.176137218604575430e-01
-2.142811482658524280e-01 3.227300054219355285e-01 -2.024252846861247512e-01 2.131639731598145016e-01 -1.942079066390113573e-01 2.045106621063313146e-01 2.142811482658524280e-01 -3.244106970631643327e-01
-3.757290380278353048e-01 2.316064712415087934e-01 1.724726505249298825e-01 -4.334291968676207141e-01 1.563027242394023908e-01 -3.927936633960006918e-01 3.757290380278353048e-01 -2.322276578339750042e-01
2.331425252875111154e-01 -3.156155576322332568e-01 -1.655806073027273895e-01 -3.910049660703562857e-01 -1.524098138150707105e-01 -3.599032220639128421e-01 -2.331425252875111154e-01 3.171875311033582334e-01
-4.814237978225904824e-01 -4.962063275906574145e-01 1.830743663365641538e-01 4.344454925295846426e-01 1.655944962060701131e-01 3.929648038883646888e-01 4.814237978225904824e-01 5.023151415416660104e-01
1.070941619724604665e-01 -3.065836009850816390e-01 -2.344879825276141583e-01 -7.963043119721491259e-02 -2.276125824124228259e-01 -7.729559480208497702e-02 -1.070941619724604665e-01 3.080244443373819641e-01
1.394608808799401301e-01 -2.132883503935694147e-01 -3.277202985228745424e-01 4.308549677599680106e-01 -2.882026257533113478e-01 3.789009517779806102e-01 -1.394608808799401301e-01 2.137734952266321375e-01
2.501724132979927795e-01 3.891310891074828415e-01 2.685187589183435364e-02 2.039994982798885026e-01 2.630089890253077545e-02 1.998136071401236946e-01 -2.501724132979927795e-01 -3.920772590405275371e-01
3.781425034294131349e-01 2.300912110901043306e-01 -4.350884146608706704e-01 -3.215051670225117508e-01 -3.826785362242500765e-01 -2.827772989556752714e-01 -3.781425034294131349e-01 -2.307002851371637298e-01
1.726759850112979944e-02 2.517077209192668530e-01 3.214467402262972673e-01 1.792129501957185900e-01 3.016656909001785292e-01 1.681846218163264295e-01 -1.726759850112979944e-02 -2.525050904135499041e-01
1.229269227836138345e-02 7.154209272533229580e-02 1.449416725122117944e-01 -1.562118965631555945e-01 1.417587556941740101e-01 -1.527814858046033508e-01 -1.229269227836138345e-02 -7.156040131636881574e-02
4.261814267064536477e-01 -6.701849303235185573e-02 -1.447906106603562559e-01 2.230933996660097174e-01 -1.399263169626796810e-01 2.155984950375997300e-01 -4.261814267064536477e-01 6.703354363807252636e-02
4.511937854902045020e-01 1.517892760100904015e-01 -9.804687755768259905e-03 -3.489254815285680600e-01 -9.256937153345421235e-03 -3.294323423823967700e-01 -4.511937854902045020e-01 -1.519641371369880034e-01
-2.601522408524138408e-01 -9.677952789415078527e-02 3.944324184275723733e-01 3.106291034469015333e-01 3.524997011898473587e-01 2.776056455562597169e-01 2.601522408524138408e-01 9.682485108755402303e-02
4.294372337437613041e-01 -9.579809422485274784e-02 -1.283454232758175495e-01 3.542379729163827040e-01 -1.201034531374784303e-01 3.314898396357103261e-01 -4.294372337437613041e-01 9.584205249692720474e-02
-4.125177904464091272e-01 2.677889776581729997e-01 -3.195044513352718329e-02 1.279619269819026739e-01 -3.167612844640546599e-02 1.268632852653103493e-01 4.125177904464091272e-01 -2.687491475775244942e-01
-4.012565981796516468e-01 4.482991740726650631e-01 3.960434915750019602e-01 4.803328851373277475e-01 3.362137029548981082e-01 4.077696045976990646e-01 4.012565981796516468e-01 -4.528039565037104142e-01
3.594893208655858263e-01 -1.605832759823905276e-01 -7.277398833966719494e-03 9.878891790921040528e-02 -7.241955767017064886e-03 9.830778690193378577e-02 -3.594893208655858263e-01 1.607903239371456794e-01
3.118586977205397570e-01 4.384818918567340296e-01 -2.368609760761257732e-01 8.098407267501950280e-02 -2.297714330093607038e-01 7.856011884158153880e-02 -3.118586977205397570e-01 -4.426971579283721092e-01
-2.026686184927277701e-01 5.640691567092526171e-02 4.573949263266687826e-01 4.062603959616818416e-01 3.901730465898098354e-01 3.465535957605783701e-01 2.026686184927277701e-01 -5.641588927830077510e-02
3.541154438365387014e-01 4.865727795868814987e-01 3.329681438370704072e-01 1.028653375383973279e-01 3.144219877901699989e-01 9.713579062192800873e-02 -3.541154438365387014e-01 -4.923326595501463232e-01
4.058094960083018510e-01 -4.602712933169151865e-01 2.025230339614009223e-01 -2.457676453426476115e-01 1.929738560450056095e-01 -2.341794376925598609e-01 -4.058094960083018510e-01 4.651467092461968322e-01
1.901162746405582471e-02 8.534845893825104834e-02 -2.820310699388320907e-01 4.378749166382522873e-02 -2.712014153534389460e-01 4.210610453870154701e-02 -1.901162746405582471e-02 -8.537954438089223608e-02
3.271154711707324747e-01 1.786004817232189623e-02 -2.965661756299093899e-01 -1.993677114762518743e-01 -2.792704744143564288e-01 -1.877406121875423439e-01 -3.271154711707324747e-01 -1.786033302340959972e-02
-3.429012140801912523e-02 4.218683054838153756e-01 9.882089062342191976e-02 4.138438752466081505e-01 9.093223634592270677e-02 3.808076292050526779e-01 3.429012140801912523e-02 -4.256223610786082356e-01
-3.554544598753401896e-01 -2.381195958964797965e-01 -2.227998952174015113e-01 1.180113243466446304e-01 -2.160392517419379710e-01 1.144303868906532268e-01 3.554544598753401896e-01 2.387946761656828398e-01
-2.144237183043060657e-01 2.918210395041538341e-01 1.724110989339258104e-01 3.084113566061418288e-01 1.625620755832676290e-01 2.907932875165981090e-01 2.144237183043060657e-01 -2.930636064734860047e-01
3.031633421141696205e-01 -2.097020029381317929e-01 1.296079567189131199e-01 -4.480343114946390148e-01 1.174603523660453230e-01 -4.060419547726678013e-01 -3.031633421141696205e-01 2.101630844835152279e-01
-3.137397886223290966e-01 7.071585154625636971e-02 -4.490876164831127948e-01 -3.795991231422766177e-01 -3.871192985589467228e-01 -3.272193240045735974e-01 3.137397886223290966e-01 -7.073353309614062445e-02
-4.759517325354845063e-02 -1.007813946475462075e-01 1.910273415567041999e-01 1.065443482504676576e-01 1.866153629871418751e-01 1.040835937984694176e-01 4.759517325354845063e-02 1.008325759220365520e-01
1.852195003967594955e-01 4.015625846693212653e-01 -4.183760172849319003e-01 -1.615486158817499573e-01 -3.817425838103135072e-01 -1.474032532693650699e-01 -1.852195003967594955e-01 -4.048002333924017870e-01
-1.051495195393605808e-01 -3.563930021257907255e-01 -3.346815095197601675e-01 7.100876193707306161e-02 -3.166610470512071229e-01 6.718539347174738718e-02 1.051495195393605808e-01 3.586563823041036270e-01
-5.008786652005947637e-02 -2.923743381961856347e-01 -4.639316854301400728e-01 -1.889869321151584902e-01 -4.147957424807964255e-01 -1.689709439724813300e-01 5.008786652005947637e-02 2.936239863722562848e-01
4.401074823333671615e-01 1.243367024026759138e-01 -1.365113167150947548e-01 4.553899892571746655e-01 -1.232879684095566919e-01 4.112780387778559033e-01 -4.401074823333671615e-01 -1.244328122836602657e-01
1.337867606119178543e-01 2.268937533445626320e-01 -1.181576032442388513e-01 1.682889887508017823e-01 -1.157361337157565978e-01 1.648401488365660583e-01 -1.337867606119178543e-01 -2.274777866612848476e-01
1.541373469707443267e-01 -1.575593588651894583e-01 -4.946834670388967625e-01 3.967919516127438317e-02 -4.431170979571955604e-01 3.554299058019376456e-02 -1.541373469707443267e-01 1.577549290378194580e-01
2.959669419422693570e-01 -1.789736858326841373e-01 -2.216718691530980001e-01 4.435093839110807457e-01 -1.986001736228599213e-01 3.973487523907464070e-01 -2.959669419422693570e-01 1.792603263314398732e-01
