-3.224358240621106875e-01 1.136998321355130459e-01 -4.927425408274228591e-01 -2.697830217645554862e-01 -4.295974972177510343e-01 -2.352102798903393244e-01 3.224358240621106875e-01 -1.137733257276485194e-01
-8.363034270538982629e-02 4.477711632499198346e-01 4.001015870343230807e-01 -1.064490050626987205e-01 3.696709430448155698e-01 -9.835278180072404286e-02 8.363034270538982629e-02 -4.522600471006700262e-01
-1.374674506790012352e-01 2.543596528167206827e-01 3.974455354736221580e-01 -4.400175620227764206e-01 3.418668577808367526e-01 -3.784856234901515237e-01 1.374674506790012352e-01 -2.551824914514559395e-01
-4.688489291482336174e-01 -6.096216446329416616e-02 -8.076466527713710430e-02 7.253526743881133498e-04 -8.050251475556161052e-02 7.229982836249679995e-04 4.688489291482336174e-01 6.097349240848512486e-02
-2.321367162056510169e-01 3.682682238748022918e-01 2.552948749451335875e-01 3.968459822582115493e-02 2.471785050852974563e-01 3.842294000800936665e-02 2.321367162056510169e-01 -3.707654780395817085e-01
4.493815703849737275e-01 -3.141045905684053396e-01 3.604029124886621860e-01 -4.717787466966200105e-01 3.099025879545823092e-01 -4.056722337055234662e-01 -4.493815703849737275e-01 3.156540951154506169e-01
-3.293011962784835323e-01 -1.389186694365607266e-03 -4.021752361176262891e-01 -3.253046360267033421e-01 -3.572150001565323474e-01 -2.889379682622050804e-01 3.293011962784835323e-01 1.389186828410986880e-03
9.574189428690638159e-02 -6.556566770225091823e-02 1.565050380881581882e-01 -3.474850356575907018e-01 1.462446978947074261e-01 -3.247042055863444410e-01 -9.574189428690638159e-02 6.557976057301184714e-02
2.776794520796216359e-01 -1.674835007606698678e-01 5.189874759809220972e-02 4.560491415387809555e-01 4.716753888333781453e-02 4.144746571309171901e-01 -2.776794520796216359e-01 1.677184024252417749e-01
4.314883770043624889e-01 -3.644929829946002009e-01 3.984371174991394593e-01 3.692410311879841256e-01 3.501141265105306988e-01 3.244589809244062262e-01 -4.314883770043624889e-01 3.669142212113785662e-01
3.911986048058679888e-02 4.785598586806116828e-02 1.569380921102014881e-02 3.972313122754482784e-01 1.458366815918098712e-02 3.691321566846398894e-01 -3.911986048058679888e-02 -4.786146584595633163e-02
-1.565549993487248548e-01 3.486669652932887775e-01 4.046220910454972897e-01 1.535604544645702285e-01 3.713379912101874014e-01 1.409286145075679675e-01 1.565549993487248548e-01 -3.507863139536443464e-01
-9.496937451751785719e-02 -3.901063315591598579e-01 4.584622003137169832e-01 3.712398696766221473e-01 3.948730736824736520e-01 3.197485601045804704e-01 9.496937451751785719e-02 3.930747081751666538e-01
3.298802986003807058e-01 -2.780971313792915955e-01 -3.401459862785394250e-03 -2.046445185422618440e-02 -3.400728166490475050e-03 -2.046004969626950484e-02 -3.298802986003807058e-01 2.791725053779838261e-01
3.110206658496670329e-01 -4.995553816442672712e-01 1.397294886137421255e-01 -2.600252259676758548e-01 1.340126643535140827e-01 -2.493866804836047668e-01 -3.110206658496670329e-01 5.057887232779437747e-01
2.681341540644223143e-01 -2.950288912436782596e-02 1.280245301759507237e-01 4.706710401482453454e-01 1.150658993904156852e-01 4.230297621654842688e-01 -2.681341540644223143e-01 2.950417312029383551e-02
-9.936837263832642986e-02 -4.037689609080264974e-01 1.689366492037470691e-01 2.571657875657583636e-01 1.614661563958167401e-01 2.457937426275477455e-01 9.936837263832642986e-02 4.070602709507156747e-01
-2.608014589576603814e-01 4.785571333411373640e-01 2.821347494474480966e-01 4.995085043387899049e-01 2.447238628569962382e-01 4.332739974466658373e-01 2.608014589576603814e-01 -4.840370176134364821e-01
4.459781226700603174e-01 1.609263771009866728e-01 -1.811206795597233299e-01 1.763337125211916767e-02 -1.781942030514092057e-01 1.734845819383587853e-02 -4.459781226700603174e-01 -1.611347550249929150e-01
3.783519418415881574e-02 -4.880738335286871621e-02 7.661299585201009066e-02 3.125725338986986568e-01 7.292933910008267406e-02 2.975436225220031150e-01 -3.783519418415881574e-02 4.881319670431955721e-02
4.951381603385585084e-01 4.494186141113726274e-01 2.479319921138761762e-01 -4.918220286057711776e-01 2.171703404935531878e-01 -4.308002226896458509e-01 -4.951381603385585084e-01 -4.539572273208246078e-01
4.815875546936367879e-01 -1.348506881960279680e-01 -1.986046318488462470e-01 2.293236899682891128e-01 -1.900515696882765504e-01 2.194476877978926710e-01 -4.815875546936367879e-01 1.349732992161712108e-01
-1.240842569649157623e-01 4.353212444051651753e-01 -2.414071068496003170e-01 3.296350181869889262e-02 -2.345456860241506292e-01 3.202659295627886121e-02 1.240842569649157623e-01 -4.394460130113752583e-01
-4.732329630809742893e-01 2.307644386576850337e-01 1.184341031437616820e-01 3.637195853050045891e-02 1.175354796569563487e-01 3.609598484277858066e-02 4.732329630809742893e-01 -2.313788746614122982e-01
1.416555013357215786e-01 1.868797910964971054e-01 -3.489940780367422057e-01 -8.025356712937203874e-02 -3.285623469359315596e-01 -7.555515129179569966e-02 -1.416555013357215786e-01 -1.872061211139658399e-01
-3.629790423297323265e-01 4.205258641339386649e-01 -8.971868597100718379e-02 -3.597302192735196691e-01 -8.412319135368664935e-02 -3.372948872816647903e-01 3.629790423297323265e-01 -4.242441959277781227e-01
-1.780324124692733712e-01 -9.306749551054571690e-02 1.313996415814212559e-01 -2.365108961692787837e-01 1.268391102850409402e-01 -2.283022334139348519e-01 1.780324124692733712e-01 9.310780098941293104e-02
1.373854951409694269e-01 3.624483471260454559e-01 3.610026198650797546e-01 -4.218407035771066793e-01 3.156176284644597319e-01 -3.688071917664893506e-01 -1.373854951409694269e-01 -3.648290674257919086e-01
-3.685113027265407570e-02 -5.101563494128980025e-02 -1.504930857264696886e-02 -3.783805022250080752e-01 -1.407400751702823569e-02 -3.538587840700397891e-01 3.685113027265407570e-02 5.102227359313239036e-02
-1.607441053584046653e-02 3.298551101947249098e-01 -3.659073301815383150e-01 1.885250764125068201e-02 -3.435721421461854219e-01 1.770174003324361672e-02 1.607441053584046653e-02 -3.316495944587599110e-01
3.571905588319436164e-01 2.650684197615850168e-01 3.456971717168144664e-02 1.807660392817135309e-01 3.399871947367331254e-02 1.777802759966016777e-01 -3.571905588319436164e-01 -2.659996219143448415e-01
-4.467163521115800062e-01 -1.717205112774107256e-01 7.031149476920983687e-02 1.786641379067748225e-01 6.905025889353398616e-02 1.754592903755942124e-01 4.467163521115800062e-01 1.719736954325035705e-01
3.624651622976150511e-01 -2.223856923113304296e-01 1.235252560852898585e-01 -1.073189203485306331e-01 1.219039961231683650e-01 -1.059103673590185701e-01 -3.624651622976150511e-01 2.229356009368399505e-01
4.123319112936716380e-01 -2.977378521528396549e-01 -8.675544096646836678e-02 -2.116695578101257524e-02 -8.641157856381949387e-02 -2.108305879206827729e-02 -4.123319112936716380e-01 2.990575428571767835e-01
-4.155621919362576522e-01 -2.261762551043721148e-01 -2.074624528170218030e-01 3.676038303563110565e-01 -1.911326715005977062e-01 3.386690034549205697e-01 4.155621919362576522e-01 2.267547653186352541e-01
-1.578169151416491944e-01 3.760482070358027729e-01 4.591685981460985611e-01 -2.227532099022910828e-01 4.089860946657913887e-01 -1.984085274124519349e-01 1.578169151416491944e-01 -3.787070982645613926e-01
-3.927822732907253478e-01 -3.681993162526189245e-01 2.073928938022384649e-01 3.381255705748622553e-01 1.927805681139660998e-01 3.143021845841920126e-01 3.927822732907253478e-01 3.706951688765727226e-01
6.142682432760093736e-02 -3.027142199446379855e-01 3.082966819986274754e-01 -3.395781820703452913e-01 2.802280056774124062e-01 -3.086615013701566324e-01 -6.142682432760093736e-02 3.041011944282179802e-01
9.918064728027509158e-02 -4.094229084500058402e-01 -7.711572007645939308e-02 4.855932134333805772e-01 -6.920321211616707602e-02 4.357686100587899181e-01 -9.918064728027509158e-02 4.128544275585945833e-01
-1.843317630713344757e-01 3.535860145776633656e-01 -1.715058650905387783e-02 4.775687109717187129e-01 -1.547444493923972111e-02 4.308955101176437652e-01 1.843317630713344757e-01 -3.557963350250246681e-01
3.007342342155274739e-01 -1.782279629670080467e-01 3.867008390597515000e-01 2.275537480006886160e-01 3.528142173161774031e-01 2.076131970477064770e-01 -3.007342342155274739e-01 1.785110353719193410e-01
-2.527791020587186743e-01 -3.527999714968048650e-01 -3.057387511746670894e-01 4.080091844495721265e-01 -2.723793831276051791e-01 3.634910182101248055e-01 2.527791020587186743e-01 3.549955836622452621e-01
-2.506364770994797819e-01 1.867191238671715992e-01 -4.870856455697227805e-01 5.001180239664515526e-02 -4.374592871370675540e-01 4.491638713616039058e-02 2.506364770994797819e-01 -1.870446129353441622e-01
2.190267535715606506e-02 -2.178502747777970594e-01 -3.434730207193276152e-01 7.903625856525930971e-02 -3.239417244901129367e-01 7.454193008596858572e-02 -2.190267535715606506e-02 2.183672197794671310e-01
-2.179568661711839272e-02 7.375433966495126281e-02 1.699627920311184148e-01 -4.966061503633314445e-01 1.504917771516649516e-01 -4.397147235551500111e-01 2.179568661711839272e-02 -7.377439974868468808e-02
2.145570085319356002e-01 2.799384030417916280e-01 -4.531601933068882815e-01 -1.745382634831863511e-01 -4.076378817877984173e-01 -1.570049820528338913e-01 -2.145570085319356002e-01 -2.810352788209071750e-01
-4.967120312476603905e-01 -4.431921432025088814e-01 4.356901692502218593e-01 -3.383983842446890433e-01 3.814893829988086349e-01 -2.963009035422124460e-01 4.967120312476603905e-01 4.475447171928341739e-01
2.868444652477246670e-01 1.011381057606097755e-02 -4.963473263698126026e-01 3.253952347716950744e-01 -4.268333643791163978e-01 2.798232919402347529e-01 -2.868444652477246670e-01 -1.011386230272259823e-02
-4.866465778087539773e-01 -2.843272840238201260e-01 -2.149995719632050717e-01 -1.315809998297504668e-01 -2.084783747623977501e-01 -1.275899888712912489e-01 4.866465778087539773e-01 2.854765634016986353e-01
-3.837269825983101734e-01 4.045176214579897511e-01 -2.369909042180963210e-01 -3.475573261041112749e-01 -2.184493122728051462e-01 -3.203652862261232026e-01 3.837269825983101734e-01 -4.078272735171848407e-01
3.527355411092849558e-01 3.674816242296583546e-01 -4.570007934544895178e-02 -3.129596428042352718e-01 -4.357267754189025205e-02 -2.983909392466315147e-01 -3.527355411092849558e-01 -3.699629105776270910e-01
3.035166506773763206e-01 -2.233574422809003757e-02 3.163650797016173133e-01 -3.719261640121893642e-01 2.842858700540386030e-01 -3.342130971970412312e-01 -3.035166506773763206e-01 2.233630137700313642e-02
4.313555007806424424e-01 4.010299590077821552e-01 3.250294419461488005e-01 3.159760671069739013e-01 2.960341370642266545e-01 2.877883978721501035e-01 -4.313555007806424424e-01 -4.042547417275322297e-01
-4.869158857868571832e-02 -5.395436999704195102e-02 4.272490396357575548e-04 -3.218676170997573083e-01 4.067012027695290129e-04 -3.063879256899746384e-01 4.869158857868571832e-02 5.396222325533889252e-02
3.269103116227282113e-01 -3.547618324127281841e-01 3.005171042056015152e-01 -2.649733046099778111e-01 2.789604417108938472e-01 -2.459662663494308066e-01 -3.269103116227282113e-01 3.569942769220671441e-01
-3.679146949584912729e-01 -2.700779241360163896e-01 2.773945264964609025e-01 -4.561490444749919382e-01 2.447050877037998950e-01 -4.023943563128724032e-01 3.679146949584912729e-01 2.710629264823903317e-01
3.459551706096324342e-01 2.553302902041657552e-01 -1.093758772991978434e-01 -3.015749666238281002e-01 -1.041481129370715186e-01 -2.871607932068433455e-01 -3.459551706096324342e-01 -2.561625846968006437e-01
2.315191327912680119e-02 -4.811224100378648227e-01 1.463548566013528340e-01 -1.461263492180198131e-02 1.447970200539023533e-01 -1.445709449585123700e-02 -2.315191327912680119e-02 4.866908913053833996e-01
-4.940906441315157105e-01 4.650336539842160333e-01 3.733963137026633516e-01 -2.151238435887773415e-01 3.429115023722495992e-01 -1.975607088072715012e-01 4.940906441315157105e-01 -4.700619768381267272e-01
-1.216146993751504590e-01 7.653735449396781299e-02 1.825793929068927346e-01 4.157729583798280837e-01 1.662423489795078202e-01 3.785699587601836780e-01 1.216146993751504590e-01 -7.655977215740775166e-02
3.054920402860905604e-01 -2.464067639270284271e-01 4.355867139832196866e-01 1.670573771162974230e-01 3.947430265411882022e-01 1.513928972853389177e-01 -3.054920402860905604e-01 2.471548091946240699e-01
-1.907500333312250884e-02 -5.660359914712365104e-02 -2.576190100630871838e-01 -2.810266184708123394e-01 -2.407188093098185655e-01 -2.625908428345116730e-01 1.907500333312250884e-02 5.661266695154619499e-02
-3.969126726659912840e-01 1.213418954935643335e-01 -2.866762251448924381e-01 1.128768495070978650e-01 -2.739678503008530219e-01 1.078730117663664612e-01 3.969126726659912840e-01 -1.214312265209501751e-01
-3.233644205632103530e-01 -4.374605995889397914e-01 -4.421300910221298563e-01 -3.627479007019771551e-01 -3.837991130200454903e-01 -3.148899506420020922e-01 3.233644205632103530e-01 4.416464801868230650e-01
-3.456073393363849888e-01 -4.928261724741105354e-01 -3.111683902906270394e-01 3.111423890637954326e-01 -2.848128873246882353e-01 2.847890883633574233e-01 3.456073393363849888e-01 4.988109952673707714e-01
-4.146404116741108092e-01 3.865163563135801672e-01 -3.561131936321039193e-01 -2.001678145426120103e-01 -3.296660816603897981e-01 -1.853021462691394339e-01 4.146404116741108092e-01 -3.894035348117790285e-01
1.050053903635635999e-01 -1.133968998698293706e-01 1.265513385375801603e-01 4.300037314426171653e-01 1.154808533565774425e-01 3.923877726410612832e-01 -1.050053903635635999e-01 1.134698075952463581e-01
4.416377123396568738e-01 1.113921803707146330e-01 3.340315661916115619e-02 2.392165513834180190e-01 3.246944288244941329e-02 2.325297647835138370e-01 -4.416377123396568738e-01 -1.114612892927433763e-01
2.652287282732453955e-01 1.328783008917276964e-01 -4.546223700021621017e-01 -3.853745797596405120e-01 -3.905259483988965385e-01 -3.310412843273507488e-01 -2.652287282732453955e-01 -1.329956101267815716e-01
4.053958666296535451e-01 2.010798181739247292e-01 -3.318933126599882266e-01 -1.714760967514887824e-01 -3.109069517611731115e-01 -1.606332773433328531e-01 -4.053958666296535451e-01 -2.014863321261407270e-01
3.161682980460268633e-01 -2.433798258999966269e-01 -8.941301200867801668e-02 -2.509520248330128211e-01 -8.639960294912633898e-02 -2.424944067732248132e-01 -3.161682980460268633e-01 2.441006407622299812e-01
-2.085433149933471064e-01 -4.352383185021545531e-01 -4.563774188503648688e-01 -3.825785707150499704e-01 -3.921128946172166563e-01 -3.287059889148059022e-01 2.085433149933471064e-01 4.393607303315368307e-01
-3.882142475112264624e-01 1.919149200178973391e-01 -3.844856261482950677e-01 -9.598878868344906667e-02 -3.574418099754976819e-01 -8.923716266868757241e-02 3.882142475112264624e-01 -1.922683441680692884e-01
3.884475272296928905e-01 -2.034966390932976266e-01 -3.485090394635070865e-03 -4.235255731820037894e-01 -3.209120704801607903e-03 -3.899883595569276773e-01 -3.884475272296928905e-01 2.039179878599861329e-01
-3.196080154664520112e-01 -4.610160069205962996e-01 1.005307541455309206e-01 4.435554535553152267e-01 9.151086822827640688e-02 4.037584817425569628e-01 3.196080154664520112e-01 4.659151262593300147e-01
-4.045297465351287425e-01 4.954513462113844247e-01 -3.497737231370917632e-01 -1.221832586431134127e-01 -3.279860033469975122e-01 -1.145723535743144866e-01 4.045297465351287425e-01 -5.015323187575184694e-01
1.183927127393399337e-01 3.259163785985607076e-01 3.626310878466855181e-01 -2.989169961265665254e-01 3.281960901919938056e-01 -2.705322094782756093e-01 -1.183927127393399337e-01 -3.276473446982577364e-01
1.057776931355849381e-01 4.790242837689553390e-01 -1.072671999563685752e-01 2.653316530483342817e-01 -1.031268971607263996e-01 2.550903734648715115e-01 -1.057776931355849381e-01 -4.845202315151610484e-01
-3.565197430800682854e-01 -2.030056181475371480e-01 -4.117499105396933423e-01 3.185862089452574653e-01 -3.652201504631927831e-01 2.825844042418277358e-01 3.565197430800682854e-01 2.034239242262345371e-01
-9.404165704035727380e-02 3.242516673472670696e-01 -2.748894808189551453e-01 -4.314342111331326279e-02 -2.648283530072956249e-01 -4.156434477776160125e-02 9.404165704035727380e-02 -3.259562444809326887e-01
-2.055403540223709191e-01 3.842263533349015159e-01 -7.618065421238506829e-02 1.846835500282498765e-01 -7.470445577500386958e-02 1.811048256029955950e-01 2.055403540223709191e-01 -3.870625180602680349e-01
-4.606700157710725829e-01 -5.110741313130651164e-02 4.117431313737648368e-01 4.344659108352361132e-01 3.532886021461164039e-01 3.727854640999116453e-01 4.606700157710725829e-01 5.111408767686415056e-02
3.068815704328801131e-01 -4.676333303401316588e-01 4.715894291541076200e-01 -2.782151368991129248e-01 4.136430704727415142e-01 -2.440295654747095255e-01 -3.068815704328801131e-01 4.727464549574834085e-01
4.306760143818862963e-01 -3.426518610737283588e-02 3.701357193637122567e-01 1.914817828184119941e-01 3.416557917427055502e-01 1.767483025566733146e-01 -4.306760143818862963e-01 3.426719765022702424e-02
-3.873777209564137625e-01 -6.646108929702188028e-03 -5.190693666551804419e-02 -3.591818970014394319e-01 -4.879312084771532387e-02 -3.376351376625388867e-01 3.873777209564137625e-01 6.646123607887609482e-03
-7.902522999180261465e-02 -9.008088035392392001e-02 -2.261061133856820948e-01 3.896863304539821549e-01 -2.061499375898432351e-01 3.552925283611128027e-01 7.902522999180261465e-02 9.011742871189241944e-02
-4.517812501744296050e-01 -4.927508583631623473e-02 -2.584741065433734386e-01 -2.291257574143076292e-01 -2.443106169753748447e-01 -2.165704561568768394e-01 4.517812501744296050e-01 4.928106791571179590e-02
-3.082892277444442275e-01 1.200284162324145587e-01 -2.832743153247535561e-01 1.832888415190825349e-01 -2.684083125278389770e-01 1.736699940512414775e-01 3.082892277444442275e-01 -1.201148776260124035e-01
4.442251360530421467e-01 -2.102067499665979389e-01 1.951047906432135104e-02 -1.709057751007495574e-01 1.922807878408053228e-02 -1.684320358028004172e-01 -4.442251360530421467e-01 2.106711689645536512e-01
2.982304643804436495e-01 -4.759409188065986118e-01 -3.505120786956840151e-01 -1.723858787786268776e-01 -3.264887913384502682e-01 -1.605709492685266360e-01 -2.982304643804436495e-01 4.813314198987448389e-01
2.703122055618102371e-01 2.434867721975274568e-01 -3.133030619745855727e-01 9.009569357440805337e-02 -2.978741976964581206e-01 8.565885781722652748e-02 -2.703122055618102371e-01 -2.442085377017426118e-01
-4.044141630862393422e-01 3.159434662940922012e-01 3.701374913333188577e-01 -7.291184460483413066e-02 3.463136312256144267e-01 -6.821888151211137619e-02 4.044141630862393422e-01 -3.175203444611158221e-01
-2.080031785489193652e-01 1.660138963691558667e-01 -4.276260109559507638e-01 -1.469416511748949938e-01 -3.896446077992205548e-01 -1.338904102522182893e-01 2.080031785489193652e-01 -1.662426686132166820e-01
2.767162119208654847e-01 4.545225272090656077e-01 -4.751392046481361930e-01 -2.383557064896164590e-01 -4.195466020783060745e-01 -2.104674288406668259e-01 -2.767162119208654847e-01 -4.592175341925945897e-01
4.886278651751473356e-01 2.165870093450628087e-02 1.300849750214000400e-01 -4.773258060318492646e-01 1.165960861702510509e-01 -4.278305069606881395e-01 -4.886278651751473356e-01 -2.165920893860698651e-02
-2.540199122941885213e-01 2.074925753101013459e-01 -4.578863717933201460e-01 4.701254012625736278e-01 -3.828131036269692977e-01 3.930454694389434733e-01 2.540199122941885213e-01 -2.079392359536714474e-01
8.788648471160265263e-02 8.040851160844408874e-02 2.564981803059989129e-01 3.825418023370671383e-01 2.329752409256911905e-01 3.474596523737676357e-01 -8.788648471160265263e-02 -8.043450578557766184e-02
-1.525058153559046836e-01 3.538435738685730136e-01 -1.268213363361815338e-01 -4.769402534574653796e-01 -1.137259861522947751e-01 -4.276922340290866820e-01 1.525058153559046836e-01 -3.560587279631298174e-01
-2.670240571077004965e-01 2.378471507613224567e-01 -3.650776119311882617e-02 4.829275396700557499e-01 -3.285719900096936014e-02 4.346376155483991921e-01 2.670240571077004965e-01 -2.385199164963577312e-01
4.387506456661930399e-01 3.844906664174285726e-02 4.644909380501403007e-01 1.458735229686383139e-01 4.176254616175514855e-01 1.311554055786119666e-01 -4.387506456661930399e-01 -3.845190866357225262e-02
2.117275877052685606e-01 3.673397468373982289e-01 -1.472420135386713902e-01 -4.071809710318337050e-01 -1.351198722960307852e-01 -3.736585739690749808e-01 -2.117275877052685606e-01 -3.698181603679330243e-01
3.081096191078068758e-01 3.247661906024867928e-02 -4.186502035615566886e-01 -3.015161394791484595e-01 -3.720519510113639017e-01 -2.679556035093083599e-01 -3.081096191078068758e-01 -3.247833176474540506e-02
-3.807234766152843841e-01 4.693229361866717575e-01 3.875780006923177368e-01 -3.228395319540924291e-01 3.460459835434586129e-01 -2.882447485724339287e-01 3.807234766152843841e-01 -4.744916839799845354e-01
2.429063262274185897e-01 -7.778029739884728677e-03 4.752001207472589250e-01 1.012484460918092743e-01 4.274207886321073069e-01 9.106834949512404576e-02 -2.429063262274185897e-01 7.778053267548355049e-03
-1.805236890664188021e-01 -2.364962033124429208e-01 -2.945251949701817029e-01 1.278981724592723745e-01 -2.804235047301991690e-01 1.217744844316212272e-01 1.805236890664188021e-01 2.371575703156126314e-01
4.294254509519650487e-01 3.886996999324003887e-01 2.656637690453130807e-01 1.351418777237765045e-01 2.545951836969635451e-01 1.295113417530747713e-01 -4.294254509519650487e-01 -3.916360823870775887e-01
-4.322738383743052193e-01 -2.567688795489962983e-01 3.466787480675659339e-01 -2.609577582486179992e-01 3.180291238096079054e-01 -2.393921394655340040e-01 4.322738383743052193e-01 2.576153214663911006e-01
-3.905145786684811604e-01 -4.041050159986963042e-01 -1.003359165124817487e-02 -1.815706899443668698e-01 -9.871697614890368247e-03 -1.786410100350087349e-01 3.905145786684811604e-01 4.074045509107593332e-01
4.713252939275780484e-01 -1.700172598397410306e-01 -2.370442371618319832e-03 -2.447303961911767578e-01 -2.302487309526474527e-03 -2.377145457034977594e-01 -4.713252939275780484e-01 1.702629846687430670e-01
4.910112719649689650e-01 2.120356254935180651e-01 -3.054167570327573911e-01 -1.673575783157325025e-01 -2.884259176563297999e-01 -1.580471994117828294e-01 -4.910112719649689650e-01 -2.125122721067072284e-01
-2.401825122323860695e-01 8.152509196626467336e-03 2.793235038365439182e-01 -9.331269081605442217e-02 2.679457526813636692e-01 -8.951176264086360690e-02 2.401825122323860695e-01 -8.152536288802981687e-03
-4.977407664814864630e-01 -2.409193288174377168e-01 -4.374446114266876684e-01 -3.044152315128278996e-02 -4.006204613692894156e-01 -2.787895137141193844e-02 4.977407664814864630e-01 2.416185022832267049e-01
5.968963736890620098e-02 2.191495804956752336e-01 -1.729538465636436539e-01 1.489867930468543600e-01 -1.686163294172162985e-01 1.452503466926869657e-01 -5.968963736890620098e-02 -2.196758302853621114e-01
-8.881016501915528494e-02 -3.223019964698825568e-01 2.981829364786214853e-02 -2.124263235419949769e-01 2.915506563341307283e-02 -2.077014693822206437e-01 8.881016501915528494e-02 3.239760101066074260e-01
-2.461918060723106150e-01 2.314088488128485110e-02 4.068677633896842227e-01 -6.609932107868121687e-02 3.761637685130950204e-01 -6.111118144619317322e-02 2.461918060723106150e-01 -2.314150447911749592e-02
-4.153614796478786175e-01 3.436144740937097097e-01 -1.354156180659906727e-01 1.099192364439864900e-01 -1.334018016226361514e-01 1.082845862540504911e-01 4.153614796478786175e-01 -3.456430177211172183e-01
-9.715278982732655777e-02 -2.267588831167194341e-01 -3.042785695226880582e-01 -1.907347830148056200e-01 -2.863723525676893367e-01 -1.795104026357166593e-01 9.715278982732655777e-02 2.273418755688135784e-01
2.325206981419500885e-01 4.274893040080310902e-01 -4.733627074824376946e-01 3.953098575419534688e-01 -4.029031544035237555e-01 3.364683910516330645e-01 -2.325206981419500885e-01 -4.313954256452098845e-01
-2.649663659801004822e-02 1.599013045023000013e-01 2.753026396368685180e-01 -2.390591358210619743e-01 2.586465943179482307e-01 -2.245958535024122071e-01 2.649663659801004822e-02 -1.601057257453200044e-01
3.851776944327949259e-01 -4.442214126755527071e-01 2.490435164487306841e-01 2.914264421418719664e-01 2.325426460938839202e-01 2.721174072859204318e-01 -3.851776944327949259e-01 4.486043824024465443e-01
-3.627906786439235587e-01 -4.475957529479646091e-01 -2.590841840879853919e-01 -4.177463012718324320e-01 -2.325110789502020936e-01 -3.748999329236717415e-01 3.627906786439235587e-01 4.520793634261454641e-01
-3.392832468744299002e-01 2.915043874967372384e-01 -7.038540334992926528e-02 -2.654430547449131428e-01 -6.787263913358100587e-02 -2.559667176395457044e-01 3.392832468744299002e-01 -2.927429139636493760e-01
5.203763326456656291e-02 5.406915908894249778e-02 9.377376582239538294e-02 -1.123593839289838137e-02 9.335832300597939060e-02 -1.118616018627433331e-02 -5.203763326456656291e-02 -5.407706257788667814e-02
1.545539998323858244e-01 4.416476758813731029e-01 -2.018907035491951385e-01 -4.855245058136222758e-01 -1.786927569020082540e-01 -4.297360451080917687e-01 -1.545539998323858244e-01 -4.459549037917900915e-01
-3.458371576203276287e-01 2.508544605925069337e-01 1.075718119288291419e-01 -4.633470171657069203e-01 9.714195100623128354e-02 -4.184221910306203385e-01 3.458371576203276287e-01 -2.516437485706127797e-01
3.782565888867910342e-01 4.155617884582571975e-01 -1.812450151495953454e-01 -1.681573678875125655e-01 -1.759472400129232228e-01 -1.632421434775755964e-01 -3.782565888867910342e-01 -4.191499899661963457e-01
-4.301263252369119661e-01 2.265988860186823883e-01 4.484924396771510224e-01 -4.372691829622492588e-01 3.800851894196502490e-01 -3.705737834805455932e-01 4.301263252369119661e-01 -2.271806452934911902e-01
4.635981841662067948e-01 1.794122301877372205e-01 3.528195496862404079e-01 -3.760907785182096008e-01 3.135801021384502785e-01 -3.342631802743009084e-01 -4.635981841662067948e-01 -1.797009829440771866e-01
2.157409166048590565e-01 8.867187535092235784e-02 2.059686330324630443e-01 4.696769044816588856e-01 1.832719765081967656e-01 4.179209879546958994e-01 -2.157409166048590565e-01 -8.870673537519239982e-02
-1.352820374930218117e-01 3.394803550559022387e-02 -1.560736648606521060e-01 -3.932234729445370780e-01 -1.437393677131667269e-01 -3.621475373278879584e-01 1.352820374930218117e-01 -3.394999170871144945e-02
2.979176730364749837e-01 4.397187839242138185e-01 -3.121847893232299054e-02 -1.758926524509012435e-01 -3.073195830456677824e-02 -1.731514745775771802e-01 -2.979176730364749837e-01 -4.439698226277047910e-01
4.765250294230749528e-02 2.813383081754921022e-01 2.686581739570853555e-01 -4.524480090689215750e-01 2.377518611201965559e-01 -4.003985980841462400e-01 -4.765250294230749528e-02 -2.824517220243744631e-01
-2.184097304045778953e-01 4.277149927215927461e-01 2.701066632360895614e-01 -3.998678647898690208e-01 2.432651183601047817e-01 -3.601314469294916720e-01 2.184097304045778953e-01 -4.316273042193534137e-01
1.033556031675536557e-01 3.970150373791737630e-01 3.105259467151963992e-01 -1.532275545202701483e-01 2.934318782708772444e-01 -1.447925675820370683e-01 -1.033556031675536557e-01 -4.001439315465836755e-01
3.287651081562799060e-01 3.732841659128053324e-01 2.711644479198987989e-01 4.500024126211991105e-01 2.400501104902862393e-01 3.983675946432474468e-01 -3.287651081562799060e-01 -3.758848566398224622e-01
-2.780763337771868793e-01 -1.255489984458989516e-01 -2.146316501868194004e-01 -1.050292773197400997e-01 -2.087546512543453636e-01 -1.021533876261680601e-01 2.780763337771868793e-01 1.256479470705166579e-01
-6.670686320842778017e-02 -2.001504821415793778e-01 1.770016960816334084e-02 7.146954459022736295e-02 1.765238579729182244e-02 7.127660365929991415e-02 6.670686320842778017e-02 2.005513857139454847e-01
-9.335969819333833630e-02 -2.571551880854697769e-01 2.262073224406673244e-01 4.783062714158128337e-01 1.999450820572235554e-01 4.227758219975560894e-01 9.335969819333833630e-02 2.580054561667480817e-01
1.437330157652026985e-01 -4.633095993831459758e-02 1.205038894520149562e-02 4.982197359233124789e-01 1.078523793191794866e-02 4.459124447140742631e-01 -1.437330157652026985e-01 4.633593254259951028e-02
4.747374998493828491e-01 -3.554776528313119410e-01 1.714541387159047581e-01 -1.797141865343652167e-01 1.663980952627026888e-01 -1.744145609722187740e-01 -4.747374998493828491e-01 3.577236381655768405e-01
1.222308511260836728e-01 3.079659026022677493e-01 4.498584968500938253e-01 3.538180450427190760e-01 3.904351135837630937e-01 3.070809811785601418e-01 -1.222308511260836728e-01 -3.094263230636486450e-01
7.443279482706888217e-02 2.055809718445904544e-01 -1.969478893171343614e-01 -3.578592444181796228e-01 -1.823238560537895347e-01 -3.312870099448264605e-01 -7.443279482706888217e-02 -2.060154007846552449e-01
-3.837942665521753005e-01 1.982089873154393445e-01 -1.763309812921159958e-01 -2.027539525045620739e-01 -1.702904771665762762e-01 -1.958082865892550595e-01 3.837942665521753005e-01 -1.985983371838711264e-01
3.745874640480864048e-01 -2.860061288806928781e-01 2.975385055765047415e-01 1.130044424659333302e-01 2.835244535976883529e-01 1.076819376442924858e-01 -3.745874640480864048e-01 2.871758868799931252e-01
-4.007953007239271059e-01 -9.995176467916777607e-02 -3.287142836879901608e-01 1.324570909349416237e-01 -3.098324684493369841e-01 1.248485675388090049e-01 4.007953007239271059e-01 1.000016923610806130e-01
1.924880476469370549e-02 -3.787501209072341446e-02 4.871279181804550884e-01 -3.019480098077903518e-01 4.226372427359859629e-01 -2.619732303405130636e-01 -1.924880476469370549e-02 3.787772870728990660e-02
-7.133864348382212839e-02 -1.276897921756181553e-02 1.037518915578181655e-01 1.196724703154294911e-02 1.031906332247104069e-01 1.190250876971502350e-02 7.133864348382212839e-02 1.276908331464116780e-02
-1.335502904386722811e-01 -4.857652547188336944e-01 -3.277915758859756279e-01 4.344125089516330807e-01 -2.879176055702951098e-01 3.815687119752178003e-01 1.335502904386722811e-01 4.914965046509021662e-01
-1.465738163491159263e-01 -1.223640251586899375e-01 -3.797738877930892931e-01 -2.745889103237770801e-01 -3.438836568699368823e-01 -2.486391025112229813e-01 1.465738163491159263e-01 1.224556327086831348e-01
-2.582197642859372921e-01 1.718827427081612846e-01 -4.849758005858828547e-02 9.568756449941351327e-02 -4.822090765375286470e-02 9.514167935316673874e-02 2.582197642859372921e-01 -1.721366451218536431e-01
1.086805065416605043e-01 -1.762590528659926381e-01 -2.174462098200616866e-01 -2.316569511456608721e-01 -2.072375640155543486e-01 -2.207811406895711093e-01 -1.086805065416605043e-01 1.765328471017598433e-01
2.878175045077980831e-01 8.797388168554487464e-02 -1.560750714232712610e-01 -8.520354853039247001e-02 -1.536646110243792829e-01 -8.388764473035129066e-02 -2.878175045077980831e-01 -8.800792495551450212e-02
2.581109400395165121e-02 -3.478576337432914833e-01 -2.754434936652958577e-01 2.263525359254249247e-01 -2.594480490258581629e-01 2.132078817925121272e-01 -2.581109400395165121e-02 3.499622582326718523e-01
1.523622640319751698e-01 -6.162710421378425618e-02 2.386977953319873169e-01 4.440841456730514336e-01 2.131410971470114324e-01 3.965373115520487990e-01 -1.523622640319751698e-01 6.163880689265813229e-02
3.254855966855543237e-01 -5.477850261811556543e-02 4.847968141127247943e-01 3.377791528598547144e-01 4.173823031327368316e-01 2.908085133127331079e-01 -3.254855966855543237e-01 5.478672126788918656e-02
-4.462856473331563434e-01 3.193736686878102526e-01 -8.419954423348052774e-02 -4.220775783180911178e-01 -7.734046264960521555e-02 -3.876942028406602514e-01 4.462856473331563434e-01 -3.210024670565336247e-01
4.506270720400908925e-01 -8.667666475334900866e-04 -2.451761878224218982e-01 1.365659922844624230e-01 -2.360562708344113025e-01 1.314860922987359515e-01 -4.506270720400908925e-01 8.667666800929040190e-04
2.096122693669313364e-01 3.048722490912586514e-01 -3.707224661004132615e-01 2.107592032928783388e-01 -3.410098177316973067e-01 1.938672836749940342e-01 -2.096122693669313364e-01 -3.062890984835650587e-01
1.724506001059910032e-01 2.985809678093721553e-01 4.644099350030973516e-01 -4.322749084791901453e-01 3.921427183127069727e-01 -3.650082500243576611e-01 -1.724506001059910032e-01 -2.999119013462829275e-01
4.691823796114412692e-01 4.542931856243891398e-01 9.122852566415318165e-02 -2.644146758637089256e-01 8.785639662534139305e-02 -2.546409740497556085e-01 -4.691823796114412692e-01 -4.589810892165995804e-01
1.411315655900917676e-01 1.425477259390162121e-01 1.804344313296321056e-01 -3.912910337884643042e-01 1.657060511878876430e-01 -3.593509930256000851e-01 -1.411315655900917676e-01 -1.426925533891862385e-01
1.215381952322243109e-01 -4.142409020514258300e-01 -4.586258145130996944e-01 -1.067052942277415539e-01 -4.149272944623307313e-01 -9.653826199410137088e-02 -1.215381952322243109e-01 4.177949963032246417e-01
-3.718068974939138238e-01 -2.426649337089866743e-01 -3.227976226279678507e-01 -4.057028831323354900e-01 -2.865727673222172034e-01 -3.601742695107512104e-01 3.718068974939138238e-01 2.433794153499134194e-01
4.076345941488900282e-01 8.457236040017956924e-02 1.182313348692414223e-01 -8.588532838541473868e-02 1.169887892673053403e-01 -8.498272132972889414e-02 -4.076345941488900282e-01 -8.460260552351726859e-02
1.454853695442803740e-01 3.745119830718312004e-01 3.900409710260954732e-02 -8.484190614176823075e-03 3.897306154938287581e-02 -8.477439745192501264e-03 -1.454853695442803740e-01 -3.771384211054706892e-01
-1.147830197569258415e-01 4.633881605368979084e-01 1.639508265634634920e-01 4.942493095629743038e-01 1.454163087781714936e-01 4.383747963904698342e-01 1.147830197569258415e-01 -4.683632947916766542e-01
3.486721618941442946e-01 1.598382865411838161e-01 2.048073399223784286e-01 -4.871126661586595574e-01 1.810806656953248273e-01 -4.306812728980551341e-01 -3.486721618941442946e-01 -1.600424661889203459e-01
-4.720922111384674436e-01 3.970351119519801575e-01 -1.966737579747368514e-02 -7.303003901282323351e-02 -1.961136539048566330e-02 -7.282205792528105570e-02 4.720922111384674436e-01 -4.001644807693444106e-01
-4.582740493781306546e-01 -3.858183724228725353e-02 4.917835465517615967e-01 3.056710117414219718e-01 4.255855515264819200e-01 2.645252510576592830e-01 4.582740493781306546e-01 3.858470880772962158e-02
-3.011320235697738656e-01 2.750242202716786100e-01 -2.725548119020078097e-01 4.340111762611564838e-02 -2.627322935728021447e-01 4.183699820949055709e-02 3.011320235697738656e-01 -2.760643387945843075e-01
4.250415754003131763e-01 1.498659852688285499e-01 3.532038506727285254e-01 2.012967585002435333e-01 3.271986653339989948e-01 1.864759701568720063e-01 -4.250415754003131763e-01 -1.500342833730893277e-01
1.414475956156164838e-01 -3.947392611911185734e-01 3.353323234511990103e-01 5.791856448871934848e-02 3.174547185205551791e-01 5.483074640001657507e-02 -1.414475956156164838e-01 3.978146567024289371e-01
1.607354619910754678e-01 -2.603897715499978727e-01 -1.745500702630323753e-01 -3.700594988056901125e-01 -1.615503845300147734e-01 -3.424991708164620841e-01 -1.607354619910754678e-01 2.612725297614281739e-01
1.765435155499491815e-01 -1.920175697730167608e-01 -4.570085147939136894e-01 -2.933722932190312438e-01 -4.016077984901845199e-01 -2.578083274243649359e-01 -1.765435155499491815e-01 1.923715613357243892e-01
-1.554050597200818951e-01 1.809502012105493884e-01 3.769002773422047703e-01 8.347164440163534760e-02 3.516109655313836568e-01 7.787085138147442631e-02 1.554050597200818951e-01 -1.812464436091518472e-01
1.612133682000852497e-01 3.216151011809336158e-01 -5.642676352663844597e-02 2.987324778947886283e-02 -5.631210518840270435e-02 2.981254579745996544e-02 -1.612133682000852497e-01 -3.232784345562140782e-01
-8.074972974089378308e-02 5.618070581582734757e-02 8.967015876816253339e-03 -1.797526595328219345e-01 8.825224138312029801e-03 -1.769103045681326147e-01 8.074972974089378308e-02 -5.618957189443672673e-02
-1.570402627158975495e-01 -3.483839204478389462e-01 1.719357337561387977e-01 -4.818387579935189402e-01 1.530674503473634096e-01 -4.289616157931154805e-01 1.570402627158975495e-01 3.504981118899699322e-01
-2.978456566299274577e-01 -4.054697349247088356e-01 -1.878638148811054842e-01 -1.928166075087188736e-01 -1.814054568118202426e-01 -1.861879829713951606e-01 2.978456566299274577e-01 4.088028118250871534e-01
3.286244464591645542e-01 5.763635946478473659e-02 -1.098349674055199010e-01 2.028956878143152176e-01 -1.070234475021665799e-01 1.977020297464944509e-01 -3.286244464591645542e-01 -5.764593271980599648e-02
-3.196508198030584280e-01 5.450861108356508389e-02 -3.177434772330497426e-01 3.633341591423308037e-01 -2.861540692524837670e-01 3.272122186185769110e-01 3.196508198030584280e-01 -5.451670885198194039e-02
-3.053253709574629271e-01 -3.031703883770646701e-01 9.843717752150427103e-04 4.161737966807868006e-01 9.088094406206181225e-04 3.842274686104235615e-01 3.053253709574629271e-01 3.045636425248019474e-01
-8.106131928242732432e-02 3.418552731523520904e-01 4.225025618403538408e-01 4.981229352361293827e-02 3.887821306130129217e-01 4.583671522008114785e-02 8.106131928242732432e-02 -3.438528194520719117e-01
1.652574325307891723e-01 -1.021847342107967682e-01 1.093217129920303066e-01 5.865937621020944626e-02 1.084899540806634893e-01 5.821307457842275074e-02 -1.652574325307891723e-01 1.022380834294603080e-01
-2.937120096287183513e-01 1.649587633330756864e-01 -2.694266132692400006e-01 3.869292793765316540e-01 -2.436972922309619816e-01 3.499788551872188846e-01 2.937120096287183513e-01 -1.651832012249200843e-01
1.699576324357550128e-01 -1.935853705225424326e-01 3.067086908193535910e-01 -6.533601327816107585e-04 2.932266230335622836e-01 -6.246402240787841563e-04 -1.699576324357550128e-01 1.939481039725285405e-01
4.569493362751168020e-01 -1.043473546719705380e-01 -4.494961780190493972e-01 -8.364960466279769413e-03 -4.099705612604589433e-01 -7.629403107264978896e-03 -4.569493362751168020e-01 1.044041633045080381e-01
-1.653524708939442256e-01 -9.658275382294867484e-02 5.434742212038456977e-02 4.859676410803137614e-02 5.420355927719498063e-02 4.846812380860909819e-02 1.653524708939442256e-01 9.662780112199780003e-02
1.429261484358456125e-01 4.523384434403165955e-01 -5.764513182930564028e-02 3.966137280560189105e-01 -5.350773892205649973e-02 3.681473723846387380e-01 -1.429261484358456125e-01 -4.569660934106301586e-01
3.404899875516601560e-01 -1.541358659540836840e-01 -1.894823394735090094e-01 6.775196346500433897e-02 -1.857586182592539104e-01 6.642049677336923919e-02 -3.404899875516601560e-01 1.543189629101699156e-01
-2.487454284097402324e-01 -1.249281279151837065e-01 2.600245696709214682e-01 -2.455500627368759625e-01 2.448373232750142847e-01 -2.312082283862413601e-01 2.487454284097402324e-01 1.250256158118212835e-01
1.861167348304310076e-01 2.928707587913248478e-02 -1.126237935290372860e-01 2.774535784160385710e-01 -1.078906300317202527e-01 2.657932257640015505e-01 -1.861167348304310076e-01 -2.928833190343220830e-02
-2.104132164694464402e-01 4.997419299050933628e-01 -4.663828178665757607e-01 4.971100750262890111e-01 -3.853704212761621117e-01 4.107602417898485458e-01 2.104132164694464402e-01 -5.059822572706880184e-01
-3.390978621487473754e-01 -1.926718385015732116e-01 2.915653619191014290e-01 -3.133126740947879130e-01 2.680472776575112959e-01 -2.880404201443003687e-01 3.390978621487473754e-01 1.930294609142826079e-01
-1.027133850454542419e-01 -1.712609050013241818e-01 2.090444860622662215e-01 -1.216725018455302454e-01 2.031854041045442205e-01 -1.182622747989211243e-01 1.027133850454542419e-01 1.715120616667156761e-01
-2.791474791711144876e-01 1.218360325683210954e-01 3.170185163283401053e-01 1.928876878868646116e-01 2.972141819987779709e-01 1.808378798718297265e-01 2.791474791711144876e-01 -1.219264593864140406e-01
-3.576282142266177244e-01 2.626604619516370587e-01 1.261349892678798046e-02 -3.992483051917501413e-01 1.171357003048145544e-02 -3.707633393048931914e-01 3.576282142266177244e-01 -2.635665160216258962e-01
7.444080404630537551e-02 -1.795273952816144325e-01 6.405774990201418273e-02 -4.584673543424789832e-01 5.813122154395908986e-02 -4.160506322298629378e-01 -7.444080404630537551e-02 1.798167044479960786e-01
3.131355920573413165e-01 7.260169472500732635e-02 -3.543177903349058466e-01 -3.795100773758284252e-01 -3.144595618389926517e-01 -3.368178959692735841e-01 -3.131355920573413165e-01 -7.262082892371192477e-02
-3.449189982748901429e-02 1.466637578587884905e-01 3.259837093236130912e-01 3.332213463648675544e-01 2.954586827013416794e-01 3.020185893620656592e-01 3.449189982748901429e-02 -1.468214966213693684e-01
-3.342196422427787805e-01 9.625351849984409291e-02 -3.898120403453050331e-01 -2.969115371811268389e-01 -3.500460361571426371e-01 -2.666226178840227501e-01 3.342196422427787805e-01 -9.629810669014444990e-02
8.882580164817910351e-03 4.322528646644016037e-01 1.314592696197531829e-01 3.932586626084962900e-01 1.214338190574607151e-01 3.632676601361813917e-01 -8.882580164817910351e-03 -4.362910258008262931e-01
4.780580790165188665e-01 -6.506974071431304019e-02 -4.181191443856757672e-03 -9.902584892489185719e-03 -4.180949909937159252e-03 -9.902012852156817299e-03 -4.780580790165188665e-01 6.508351620992942899e-02
4.503135246995253471e-01 -2.358583399464586616e-01 -6.433975353414866927e-02 -2.269329079872479671e-01 -6.262126763545874941e-02 -2.208716320123905452e-01 -4.503135246995253471e-01 2.365143699719572112e-01
-2.228827855748037878e-01 -1.959374838978411582e-02 -1.285194061734665771e-01 -3.695023206500420709e-01 -1.196863961685982192e-01 -3.441067964074337460e-01 2.228827855748037878e-01 1.959412450645621820e-02
-2.944653823105700674e-01 4.028290645318278740e-01 1.089631155313919297e-02 4.606474666927374839e-01 9.896276149892474158e-03 4.183704289206360283e-01 2.944653823105700674e-01 -4.060974434290951507e-01
-3.362124593366294656e-01 -2.259744578389321079e-01 2.473918833912090998e-01 1.893377527418549366e-01 2.361956709169335256e-01 1.807688955908406392e-01 3.362124593366294656e-01 2.265514209723349104e-01
3.975119113585547925e-01 -4.122426913569081641e-01 1.408817054001225699e-01 3.420276633358455554e-01 1.321316100686490413e-01 3.207844887753878438e-01 -3.975119113585547925e-01 4.157456007078400018e-01
1.716385405659145436e-01 1.597141735392799688e-01 -1.609951059580784216e-01 -2.784285638326995382e-01 -1.532632182971237211e-01 -2.650568630946910642e-01 -1.716385405659145436e-01 -1.599178779252256322e-01
-7.594755344900128158e-02 -4.257732070419523174e-01 3.404284260644639959e-01 -1.419074912553932588e-01 3.193971673954748569e-01 -1.331406171427880480e-01 7.594755344900128158e-02 4.296324755062402856e-01
-3.835179886530807325e-01 1.675069853408093223e-01 -1.955819372654790111e-01 -1.506338715855110033e-01 -1.898815406776315495e-01 -1.462435233784843136e-01 3.835179886530807325e-01 -1.677419858331555269e-01
1.768929503546834425e-02 2.439607041801323817e-01 -1.129838708207105968e-01 -1.120791929373986529e-01 -1.115797107760963802e-01 -1.106862762014776680e-01 -1.768929503546834425e-02 -2.446866925092558986e-01
1.301602521224332065e-02 -8.968234895222160219e-02 -2.101470228298263354e-02 1.849906041033033688e-02 -2.100647111354100524e-02 1.849181458316143806e-02 -1.301602521224332065e-02 8.971841436677550907e-02
-3.847546656002974741e-01 -9.323173810144180784e-02 8.685159377706230810e-02 7.368468468976119290e-02 8.629366937091489942e-02 7.321134295635306488e-02 3.847546656002974741e-01 9.327225734664050527e-02
3.910550379852439917e-02 3.440912397261736144e-01 2.208895403405822799e-01 3.918808409272648285e-01 2.014454159182868243e-01 3.573849575189566585e-01 -3.910550379852439917e-02 -3.461282388974009638e-01
-4.791902020479338331e-01 1.623366013516545081e-01 -1.107972377175747702e-02 -7.182639832659898360e-02 -1.105057877747200878e-02 -7.163746040613290511e-02 4.791902020479338331e-01 -1.625505055716437164e-01
-1.011448055717399930e-01 1.894372094364693559e-02 -1.666521782291594533e-01 2.449990661799628100e-01 -1.597853536093742921e-01 2.349039948922922449e-01 1.011448055717399930e-01 -1.894406085515401919e-02
1.469030588091357892e-02 4.993120080310351483e-01 4.425213347103706951e-02 1.364663146279789796e-01 4.380366097334088826e-02 1.350832990720700344e-01 -1.469030588091357892e-02 -5.055362438158876870e-01
1.709235888482614207e-01 4.039131912217162057e-01 -1.299227725416826074e-01 2.614165649639612621e-01 -1.247172930358746296e-01 2.509426615459747212e-01 -1.709235888482614207e-01 -4.072080295911173486e-01
9.745880463912326430e-02 8.695438805023791851e-02 -2.235759009938189656e-01 -2.029078210483244993e-01 -2.140332348405653284e-01 -1.942473098414309596e-01 -9.745880463912326430e-02 -8.698726144185588149e-02
-1.901024155099707569e-01 -4.191189833337651827e-01 2.852334357641005402e-01 -2.078415975862442089e-01 2.689737159149814816e-01 -1.959935961740233712e-01 1.901024155099707569e-01 4.228001204985778472e-01
-3.941048475765407400e-01 -3.730876230017388107e-02 -1.341810140830652642e-01 -3.952822734927439186e-01 -1.238255600095627545e-01 -3.647762629576783433e-01 3.941048475765407400e-01 3.731135888508858162e-02
1.165880740404701132e-01 4.488963886191595920e-01 3.089079037162062447e-01 -2.333419020531387611e-01 2.880740707466281081e-01 -2.176045053931784934e-01 -1.165880740404701132e-01 -4.534191985684293269e-01
-3.224936327832645944e-01 -3.399375195342270173e-01 -1.751459231261573990e-01 -1.599939107235218705e-01 -1.704165259891054773e-01 -1.556736574751688973e-01 3.224936327832645944e-01 3.419016363220325760e-01
-3.289442783672889004e-01 8.384645725907247105e-02 2.087478960945752249e-01 -8.900506620789416790e-02 2.035719642255552353e-01 -8.679817374426447574e-02 3.289442783672889004e-01 -8.387593024630418670e-02
1.164295279333105171e-02 -4.498838536524786269e-01 -1.437223936622711307e-01 4.849207747724451067e-01 -1.282517977525690078e-01 4.327228314766151662e-01 -1.164295279333105171e-02 4.544365766176675647e-01
8.382306697511221483e-02 4.060030761763033791e-02 -4.448789863763059627e-01 4.487924821088673522e-01 -3.760811004789793577e-01 3.793893974021712578e-01 -8.382306697511221483e-02 -4.060365386449060060e-02
1.576556726273130593e-01 -1.159063442768679675e-01 -1.870054855956818640e-01 1.283164268414893616e-02 -1.838043148143310712e-01 1.261198987820911013e-02 -1.576556726273130593e-01 1.159842001947375828e-01
-1.969370482106103104e-01 -2.597937075112231042e-01 -4.403555651040262919e-01 2.467983891930757290e-01 -3.931084198978188615e-01 2.203186072738697043e-01 1.969370482106103104e-01 2.606704173646550160e-01
-1.247268113572426174e-01 -3.365649589878205727e-01 -1.066988305653685520e-01 -2.950471468656522545e-01 -1.018056760066848726e-01 -2.815164335104782256e-01 1.247268113572426174e-01 3.384711951249244066e-01
-2.084765533440534613e-01 7.344064106196335207e-02 -9.696483243616904613e-02 4.218185117929207362e-01 -8.898728886865771293e-02 3.871144291800207582e-01 2.084765533440534613e-01 -7.346044626877584749e-02
-2.348703911878083916e-01 3.148909518355533788e-01 -2.003848888360729719e-01 3.940601584942797775e-01 -1.832742825836953804e-01 3.604118716852829918e-01 2.348703911878083916e-01 -3.164521231017444203e-01
-4.449800066597998649e-01 -3.521165446645251329e-01 -1.936606387597151757e-01 2.387099984571153799e-01 -1.851126400885267642e-01 2.281735633679873587e-01 4.449800066597998649e-01 3.542994218342856438e-01
-4.725008452822592186e-01 -1.161962647960490536e-02 4.502652624838932027e-01 -3.972287323866674491e-02 4.102967587434843133e-01 -3.619680996018713459e-02 4.725008452822592186e-01 1.161970492121639290e-02
6.036255385676903007e-02 -3.672275717495115943e-01 -2.487973940288723540e-01 -4.569927524612156233e-01 -2.207074770520058848e-01 -4.053970011239828031e-01 -6.036255385676903007e-02 3.697037154627854094e-01
-1.375188660933169826e-01 -3.988153114737529314e-01 1.073808653482324349e-01 3.267117260086470631e-01 1.015437806638985613e-01 3.089520999719888583e-01 1.375188660933169826e-01 4.019869630752025413e-01
-4.934803970648498073e-01 3.436167592491795597e-01 1.291896272902759435e-02 8.660535718999606836e-02 1.286971838376794498e-02 8.627523594108056637e-02 4.934803970648498073e-01 -3.456453433484130144e-01
3.825707003390507177e-01 -3.702473794070654245e-01 8.577790398429319119e-03 -4.538282148524985793e-02 8.568656028707311717e-03 -4.533449394969360502e-02 -3.825707003390507177e-01 3.727851127403561393e-01
4.198648709623233888e-01 -3.492362297148178252e-01 3.771448987913365025e-01 1.236918563870306187e-01 3.505424508332728450e-01 1.149670766460939575e-01 -4.198648709623233888e-01 3.513659760391655840e-01
-8.098517251624948177e-02 -7.204090650848593569e-03 -1.122348118277951556e-01 -4.196004591880291290e-01 -1.029434075145197885e-01 -3.848636653817203990e-01 8.098517251624948177e-02 7.204109345075569888e-03
-4.605165782243346717e-01 4.447994010617905003e-01 -3.248210131759327046e-01 -1.398984635966761259e-01 -3.062332631735635857e-01 -1.318928310742441545e-01 4.605165782243346717e-01 -4.491995014566916300e-01
2.784734338593446434e-01 -8.072913323237407290e-02 4.335881022481216096e-01 -5.810442449904296147e-02 3.972401688600913916e-01 -5.323349805920153666e-02 -2.784734338593446434e-01 8.075543959928203896e-02
-4.974458035209340379e-01 -4.895882142222681699e-01 4.262964904859581905e-01 7.008050973820623142e-02 3.913382241556283003e-01 6.433358669598102098e-02 4.974458035209340379e-01 4.954558462172051203e-01
1.320315467138395427e-01 -2.519073917946786922e-01 -2.412918903898875200e-02 4.315071644964157960e-01 -2.214917208786999769e-02 3.960981211650573819e-01 -1.320315467138395427e-01 2.527066603701017544e-01
-1.067445072649205740e-01 9.440507804132036718e-02 1.627943040834178845e-01 -4.193922860129097874e-01 1.484623015936704371e-01 -3.824700403535166715e-01 1.067445072649205740e-01 -9.444714644872365117e-02
-1.998299401760134097e-01 -2.449951415859995540e-01 -1.600684611172153993e-01 -2.389320023508573199e-01 -1.538330365141518385e-01 -2.296244693395491643e-01 1.998299401760134097e-01 2.457304040929219335e-01
2.434179682255138699e-01 6.551571555147062131e-02 -1.715484895096061058e-01 -4.697870301970847873e-01 -1.534297329013346034e-01 -4.201686576763111192e-01 -2.434179682255138699e-01 -6.552977623619408998e-02
3.902708182425277395e-01 1.789430265365073991e-01 3.658849506270489549e-01 4.994796312524039106e-01 3.110844069852805593e-01 4.246698986200220793e-01 -3.902708182425277395e-01 -1.792295197506410254e-01
2.130525832042939882e-02 3.304342643389904799e-01 3.129603807981682362e-01 2.580462589664933581e-01 2.900104416529604712e-01 2.391232696576683359e-01 -2.130525832042939882e-02 -3.322382173860457533e-01
4.992736621442428468e-01 -1.157052403602010227e-01 -1.646944865190398399e-01 -1.564366683182452089e-01 -1.606032953683645959e-01 -1.525506104022096576e-01 -4.992736621442428468e-01 1.157826917278320378e-01
9.775166406966151467e-02 2.490742027506873679e-01 -2.976493799889845526e-01 -4.900981802817123700e-01 -2.582120949260111598e-01 -4.251622424163967739e-01 -9.775166406966151467e-02 -2.498468055030705071e-01
2.656200031226250147e-01 -3.328688389762682887e-01 -4.806976337558619417e-01 -3.181975134845481668e-01 -4.164546651140605960e-01 -2.756719185050873211e-01 -2.656200031226250147e-01 3.347129600382419135e-01
-4.489613999749293427e-01 -1.568202253535387891e-01 1.951465712693383203e-01 -1.551882983468328980e-01 1.893497825569079585e-01 -1.505784619028372184e-01 4.489613999749293427e-01 1.570130560745698345e-01
8.677300107251273431e-02 4.057939128470562373e-01 -7.707472519097313679e-04 -3.923657292176485623e-02 -7.701544216224190517e-04 -3.920639360067000589e-02 -8.677300107251273431e-02 -4.091349906458667807e-01
4.330226187676534666e-01 2.104617895384827131e-01 2.375939147404670937e-02 -3.705621014460088736e-01 2.227342133397516161e-02 -3.473862461892603393e-01 -4.330226187676534666e-01 -2.109279009985652875e-01
9.961918839733774345e-02 -4.214482888774332414e-01 8.229495524924979044e-02 6.873168232998061455e-02 8.182594326211091451e-02 6.833996958390343990e-02 -9.961918839733774345e-02 4.251911428980847396e-01
-1.557957791952062632e-01 -2.339995845624204263e-01 -4.876584843217598442e-01 -1.240734152094405962e-01 -4.356169032576758804e-01 -1.108326393322398157e-01 1.557957791952062632e-01 2.346402263502714580e-01
1.594759538408163646e-01 1.929913353655328123e-01 1.261314986875988753e-01 2.902225900616802745e-01 1.202541055827663075e-01 2.766989875718695591e-01 -1.594759538408163646e-01 -1.933507398053608273e-01
4.275162708400105371e-01 3.539789386945219052e-01 -1.051874348640214896e-01 3.899852001290708969e-01 -9.753162704961673701e-02 3.616010899308331750e-01 -4.275162708400105371e-01 -3.561966360202918902e-01
-2.747367462843617325e-01 -1.258184572778823229e-01 -1.271402826467979974e-01 3.810353060020544858e-01 -1.179780279666492737e-01 3.535763257084697520e-01 2.747367462843617325e-01 1.259180443746463762e-01
-4.048287320797960831e-02 7.662674016828741053e-02 9.383835928177652885e-02 1.073586199942024866e-01 9.289872556425271544e-02 1.062836035511883354e-01 4.048287320797960831e-02 -7.664923646623540698e-02
7.240451552960935899e-02 2.284366401949913250e-01 -7.405327060039745835e-02 3.176348762720685448e-01 -7.040328276918877970e-02 3.019790730406809454e-01 -7.240451552960935899e-02 -2.290326690651275365e-01
1.889276660324575863e-01 1.179775381588707983e-01 -1.943863077843380749e-01 -3.505047022728635664e-02 -1.907018259905147728e-01 -3.438610851946143770e-02 -1.889276660324575863e-01 -1.180596428539991000e-01
3.267999751606756043e-01 1.158551016045146209e-01 -4.335063848607267900e-03 4.367429833809752804e-01 -3.972672748842380475e-03 4.002333088780547499e-01 -3.267999751606756043e-01 -1.159328543067635470e-01
4.686183289699668020e-01 3.609028667819984548e-01 4.228950500287119718e-01 -4.292034153576685940e-01 3.622228013680918735e-01 -3.676261130440097169e-01 -4.686183289699668020e-01 -3.632532625681349492e-01
-9.454561291498975173e-02 -2.345233023995908495e-01 -2.821522065697252835e-01 -3.639975407028279708e-01 -2.562792798555250662e-01 -3.306195217631600625e-01 9.454561291498975173e-02 2.351682553106584361e-01
-3.584415878473831141e-01 -3.820385698544205288e-01 2.082403234739959030e-01 -3.723542834909523425e-01 1.915375525797933798e-01 -3.424880780180197259e-01 3.584415878473831141e-01 3.848265625797802625e-01
-3.507763147322667807e-01 1.936984609944204516e-01 -1.128390711825756343e-01 -3.941067631993865339e-01 -1.044066751649543739e-01 -3.646554014884857975e-01 3.507763147322667807e-01 -1.940618305306874292e-01
-8.841642881710809476e-02 4.275831295036155444e-01 -2.586213499416312178e-02 -2.125883480166641526e-01 -2.528873155086326305e-02 -2.078749362745285767e-01 8.841642881710809476e-02 -4.314918236559827647e-01
4.475383118599195464e-01 1.873383603433448341e-01 3.017059822206250574e-01 -1.005911274686762669e-01 2.875157572874014744e-01 -9.585999580678142284e-02 -4.475383118599195464e-01 -1.876670985250893098e-01
-2.161716470420541603e-01 3.825898062615797901e-01 -9.540419612462314181e-02 -4.266368927727315352e-02 -9.488741603607135644e-02 -4.243259100258243294e-02 2.161716470420541603e-01 -3.853898846382085575e-01
2.471700872339462896e-01 8.321755216531023791e-02 3.533978178978672835e-01 4.630196615155236506e-01 3.053715840235864398e-01 4.000959833654750275e-01 -2.471700872339462896e-01 -8.324636691260044186e-02
4.001034996569824420e-01 1.768572042987306414e-01 6.080377231881639588e-02 3.531603840590440413e-01 5.723942477008418794e-02 3.324579456868012595e-01 -4.001034996569824420e-01 -1.771337954429770545e-01
-2.515615107251915061e-01 -3.806006559198590322e-01 2.899809049403379024e-02 -1.743787951570071604e-01 2.855536142969272370e-02 -1.717164625859481097e-01 2.515615107251915061e-01 3.833572867028080533e-01
-1.362621812188489212e-01 4.638567442795015205e-01 3.558078808069341514e-01 4.888976387212683461e-01 3.044742750297225742e-01 4.183627236580882425e-01 1.362621812188489212e-01 -4.688469865501596612e-01
2.324607077829188295e-02 -6.223363512641744144e-03 4.982633030948800945e-01 7.550964809878235595e-02 4.449545696005633988e-01 6.743094015110691342e-02 -2.324607077829188295e-02 6.223375564264039747e-03
-2.581445912673816512e-01 -3.332720706633018892e-02 3.641253690934467269e-01 -3.004348368286556825e-01 3.292794535556526347e-01 -2.716839509049242540e-01 2.581445912673816512e-01 3.332905789732518165e-02
1.420688903938823744e-01 3.942761787866269074e-01 -3.476082366689768888e-01 -9.931408552346132623e-02 -3.269018408723466385e-01 -9.339812454757831506e-02 -1.420688903938823744e-01 -3.973407634290344048e-01
2.568208313633393303e-01 1.259003260912836542e-01 2.470198638366462029e-01 -3.565426054065931050e-01 2.266197759166154457e-01 -3.270976029498623983e-01 -2.568208313633393303e-01 -1.260001077155573079e-01
2.674756506204887252e-01 -5.887423023423898893e-02 -1.523405104078481287e-01 4.860291356254375916e-01 -1.357463161859373546e-01 4.330868036581657643e-01 -2.674756506204887252e-01 5.888443365344592922e-02
-4.397156950665053188e-01 2.604544487008348952e-01 -4.302974592394051001e-01 -4.838553771483364851e-01 -3.611902139514053811e-01 -4.061465468623928210e-01 4.397156950665053188e-01 -2.613378648697753381e-01
2.645604503388787609e-01 4.117783753858028639e-02 1.313601391965382170e-01 -2.751414283180247944e-01 1.256498010774993179e-01 -2.631807940201233431e-01 -2.645604503388787609e-01 -4.118132862509792796e-02
-2.181452116930250318e-01 2.377905002724437500e-01 -1.012323007597292213e-01 -3.784934657852920825e-01 -9.425606688366336416e-02 -3.524102994632309915e-01 2.181452116930250318e-01 -2.384627854034767069e-01
-3.019469130803806856e-01 6.870448324968325693e-02 3.084269308863945014e-01 1.282253184922177436e-02 2.947049401231200405e-01 1.225205422234546503e-02 3.019469130803806856e-01 -6.872069855897269819e-02
4.445814621563248803e-01 -4.528373368634784901e-01 3.770839664895850873e-01 1.000704189079326678e-01 3.512957727918566975e-01 9.322675655274242912e-02 -4.445814621563248803e-01 4.574803155202351035e-01
2.895761370422826886e-01 1.085919140784006309e-01 2.467166575101636949e-01 5.492393531042127908e-02 2.391943831441790680e-01 5.324933046276295046e-02 -2.895761370422826886e-01 -1.086559409775102875e-01
9.515245663609050997e-02 -1.567838910485130910e-01 -2.668650610829115255e-02 2.326855487822931945e-02 -2.666979477987552541e-02 2.325398390139371552e-02 -9.515245663609050997e-02 1.569765877674341725e-01
-1.083403793470297805e-01 -4.269538970296413716e-01 -1.707153599579610548e-01 -4.669766961930045257e-01 -1.528630910652521713e-01 -4.181434011156357489e-01 1.083403793470297805e-01 4.308453604295013339e-01
-1.534115493300478583e-01 4.072944906316612323e-01 6.616126623572748944e-02 -2.810686338224551717e-01 6.356441066499367298e-02 -2.700365800389040727e-01 1.534115493300478583e-01 -4.106727703892797399e-01
2.424103131767936237e-01 -3.905395298861547015e-01 1.356854328560230805e-02 -2.551869438774475585e-01 1.314608231776897944e-02 -2.472416161425763925e-01 -2.424103131767936237e-01 3.935178062972711222e-01
3.999122081055370703e-01 -2.305041438270327703e-01 4.217868705477634261e-01 -1.067726399770955181e-01 3.867644198946931233e-01 -9.790693130807137656e-02 -3.999122081055370703e-01 2.311165029832613904e-01
-2.366849848148653290e-01 3.385669565781894708e-01 8.677012085189239610e-02 -2.668246545394947766e-01 8.354393769190389396e-02 -2.569038984232919764e-01 2.366849848148653290e-01 -3.405074121923952757e-01
1.361999938328675164e-01 -2.732094528602487804e-01 4.611012154484644965e-01 -3.024943700649918021e-01 4.037736369933730418e-01 -2.648859900583195870e-01 -1.361999938328675164e-01 2.742291170540384626e-01
-1.802220259276791081e-01 -3.513620255313547602e-01 -2.985339605285037834e-01 1.351872999961913902e-01 -2.836885773402504918e-01 1.284647573847045032e-01 1.802220259276791081e-01 3.535309002702902714e-01
-3.761178450747683089e-01 -1.697944611253686675e-01 3.128635042543560507e-01 9.036290618597675461e-02 2.974868111008220350e-01 8.592172764648911554e-02 3.761178450747683089e-01 1.700392211911918305e-01
2.951910809319961970e-01 4.705975226585791260e-01 -3.932507623989713874e-01 -2.763431198402793720e-01 -3.544365381889893474e-01 -2.490677911239818909e-01 -2.951910809319961970e-01 -4.758084967533874887e-01
-3.571718550473170772e-01 4.239633263644682071e-01 3.377146372327806123e-01 4.815775310553654931e-01 2.910934957482057550e-01 4.150962722177484188e-01 3.571718550473170772e-01 -4.277735886940797205e-01
-3.239739530217241592e-01 -1.398356723243203703e-01 5.233855369026085835e-02 6.650075789888243438e-02 5.215213852261181560e-02 6.626390095388787205e-02 3.239739530217241592e-01 1.399723897678072926e-01
-6.943036821700199202e-02 4.661716573495945370e-01 4.600137947948346184e-01 4.939346951735459346e-01 3.812871708363644307e-01 4.094028584178409091e-01 6.943036821700199202e-02 -4.712369856730492801e-01
1.076747518365059886e-01 -4.442362240345895108e-01 4.946094653806147878e-01 2.149857969224049370e-01 4.353347005258914049e-01 1.892215658439021786e-01 -1.076747518365059886e-01 4.486196321908405560e-01
2.749402154347290184e-01 2.275260195401277441e-01 3.739045971283567749e-01 -4.069067578611222924e-01 3.272598301266945175e-01 -3.561449564347594632e-01 -2.749402154347290184e-01 -2.281149489080553650e-01
1.593433507146706507e-01 1.120733570947645141e-01 -3.169754572284424476e-01 -2.449760361155423061e-01 -2.942426027182045156e-01 -2.274068380577385362e-01 -1.593433507146706507e-01 -1.121437416138989784e-01
2.486117805901735256e-01 3.982337010406492572e-01 4.508556466638546922e-01 5.167241871138339437e-02 4.105579908694638180e-01 4.705391751548407969e-02 -2.486117805901735256e-01 -4.013914967788196342e-01
-4.378588773152558566e-02 -1.028934689480301978e-01 1.644112885617909914e-01 -2.774011103070129769e-01 1.564770135599481693e-01 -2.640140934285145069e-01 4.378588773152558566e-02 1.029479359451201670e-01
2.762813342653192006e-01 -3.297411391534009750e-01 4.937145499449111519e-01 -2.813535103509554602e-01 4.292498418681990335e-01 -2.446169549604847449e-01 -2.762813342653192006e-01 3.315337639775469136e-01
-2.914995115398198999e-01 -8.051609775172752226e-02 -3.071867319274648178e-01 -2.525379296240047866e-01 -2.854447716569830096e-01 -2.346638840940326876e-01 2.914995115398198999e-01 8.054219640872516128e-02
-8.883967770523848451e-02 -3.090772358601621139e-01 3.521050783963490804e-01 -3.456242996572382875e-01 3.157627493464633672e-01 -3.099508805660188271e-01 8.883967770523848451e-02 3.105535237702550244e-01
-3.138543799240063326e-01 2.341455948471966586e-01 7.118774119467519146e-02 -1.778541452835867842e-01 6.991634348274856914e-02 -1.746777085885125036e-01 3.138543799240063326e-01 -2.347874366201138097e-01
-2.029288447215659152e-01 2.975157189598092167e-01 1.398251157637395714e-01 2.901213916732653386e-01 1.330930689040398518e-01 2.761531514677942334e-01 2.029288447215659152e-01 -2.988324581235136113e-01
-1.774142672911861451e-01 -8.100449563273881548e-02 2.700827435580532843e-03 -5.381265675204305321e-02 2.696915569584638385e-03 -5.373471474829862732e-02 1.774142672911861451e-01 8.103107210736133770e-02
2.402265932444463958e-01 -2.223142999944086595e-01 1.695408500203898772e-01 2.613823882326874459e-01 1.618669581704286764e-01 2.495514921475198711e-01 -2.402265932444463958e-01 2.228636791796231309e-01
-3.301017390681144636e-01 -2.908517021272746250e-01 4.257335713813187317e-01 4.226278448655715891e-01 3.650818649376824654e-01 3.624185926364717480e-01 3.301017390681144636e-01 2.920819279352496189e-01
3.805503018277316407e-01 3.200117065609402456e-01 -1.104261821592988912e-02 -3.843838408790801742e-01 -1.030683112522961381e-02 -3.587717385259789893e-01 -3.805503018277316407e-01 -3.216502863802944701e-01
-3.293509937830979561e-01 -3.324782648506326987e-01 -1.342952735896808525e-01 -3.606366470251535228e-01 -1.253348952634771307e-01 -3.365744391062646668e-01 3.293509937830979561e-01 3.343159020869528875e-01
3.637518258393109827e-01 -2.044718871502363422e-01 -2.230076178078063132e-01 -1.110157406946784553e-01 -2.163942954122644868e-01 -1.077235532285690245e-01 -3.637518258393109827e-01 2.048993228777678810e-01
-4.895615979052788669e-01 3.799700995972735695e-01 -2.555124244674910061e-01 -4.895715967536186097e-01 -2.236723326206449813e-01 -4.285647606331091097e-01 4.895615979052788669e-01 -3.827130520055091467e-01
2.029821731000113205e-01 -1.516226966123185305e-01 2.871453903394735052e-01 1.309994232799751579e-01 2.738305205319680469e-01 1.249250082814649526e-01 -2.029821731000113205e-01 1.517969826727714744e-01
-5.437294658937430469e-02 -2.808678835930630280e-01 4.120378803428990100e-01 1.330967377015078723e-01 3.781134898030341085e-01 1.221384595315242461e-01 5.437294658937430469e-02 2.819757215721240273e-01
2.125822058460683506e-01 3.294713379770464190e-01 -2.096440106156520766e-01 3.012610357617618861e-01 -1.968068650859225999e-01 2.828138988883842075e-01 -2.125822058460683506e-01 -3.312595661099488331e-01
-2.466773040700367403e-01 -2.084307667146506615e-01 2.934155428357225759e-01 2.561231315688516919e-02 2.814612140757654091e-01 2.456881693026637462e-02 2.466773040700367403e-01 2.088835136117895286e-01
-2.017689707683631983e-01 -7.805062621695746383e-02 2.766612658530485103e-01 -1.846740622832343526e-02 2.666024890478258524e-01 -1.779597317878063231e-02 2.017689707683631983e-01 7.807440004843681225e-02
-9.847468770457601384e-02 2.951437425689704686e-01 -4.740836060425960286e-01 -6.310846909817247052e-02 -4.276862643736121239e-01 -5.693220574370554815e-02 9.847468770457601384e-02 -2.964292386129688817e-01
-2.837117754949425308e-01 -1.456058275231161270e-01 3.993267726601832379e-01 -4.389914514865861372e-01 3.434091941458294328e-01 -3.775196428419890227e-01 2.837117754949425308e-01 1.457601773956218871e-01
4.054359547749586401e-01 -4.128646962035134038e-01 5.907736077111569450e-02 4.807438081857280388e-01 5.316883135799849169e-02 4.326629715714402358e-01 -4.054359547749586401e-01 4.163834853925260093e-01
-3.736127162254025968e-01 -2.318378033011944117e-01 3.860147659582525703e-01 3.840430971101602697e-01 3.390144762638064302e-01 3.372828733800608547e-01 3.736127162254025968e-01 2.324608531052239357e-01
-7.551486112244720772e-02 4.515281517715709070e-01 2.198719782227972486e-01 -1.825147646140893309e-01 2.114099567134447299e-01 -1.754904776793811683e-01 7.551486112244720772e-02 -4.561309771892920195e-01
-3.449887130947482117e-01 4.054122794366987748e-01 -1.986191279269757803e-01 -1.625651092709820000e-01 -1.923833712268001317e-01 -1.574612883050375001e-01 3.449887130947482117e-01 -4.087439396363340971e-01
2.505673272841789645e-01 -3.110297739829951391e-01 5.952256915621734201e-02 -1.697264308286615675e-01 5.858253865080379624e-02 -1.670459681938050445e-01 -2.505673272841789645e-01 3.125342175397626265e-01
-1.877160031567484122e-01 3.872377126157872107e-01 -2.581155097096543560e-01 -2.780132860144854945e-01 -2.413332842851748650e-01 -2.599373414804136972e-01 1.877160031567484122e-01 -3.901410863438199428e-01
2.465837898057559041e-01 4.786024317147082874e-01 3.324263845458370614e-01 1.159951702540240603e-01 3.135592645445638982e-01 1.094117734525315577e-01 -2.465837898057559041e-01 -4.840838722484743784e-01
-1.120964717425850798e-01 4.959498397918538082e-02 3.472412772055862851e-01 2.797029572533905606e-01 3.171437238991216545e-01 2.554593686637610661e-01 1.120964717425850798e-01 -4.960108332514050200e-02
2.676947985643440830e-02 -1.442710683138895833e-01 -1.256495495569377452e-01 1.546727598833135264e-01 -1.232266148205350687e-01 1.516901626195905073e-01 -2.676947985643440830e-02 1.444212122328944470e-01
2.758489459474068317e-01 -3.176085248527826810e-01 3.943890762660259286e-01 1.880043395852478705e-01 3.614009996001567582e-01 1.722790014839184480e-01 -2.758489459474068317e-01 3.192104656300229770e-01
4.348383717071745425e-01 3.204928776039268623e-01 2.295093614146536121e-01 1.194412186639893791e-01 2.221929387116857169e-01 1.156336073381728086e-01 -4.348383717071745425e-01 -3.221388598704698070e-01
1.714526452120026523e-01 1.897407989041364207e-01 1.130397373173998021e-01 2.872121943297155644e-01 1.080116936766083446e-01 2.744369041394844055e-01 -1.714526452120026523e-01 -1.900823472441100226e-01
3.100303780428215195e-02 -4.953017740973824079e-01 -7.247962384686135184e-02 -4.782883143248790603e-01 -6.524632604525122670e-02 -4.305562535204303098e-01 -3.100303780428215195e-02 5.013772409402579289e-01
1.416780916854228911e-01 -2.358975058427553728e-01 -8.671616475012833281e-02 -2.933414610051984228e-01 -8.292337796661977678e-02 -2.805113085236916604e-01 -1.416780916854228911e-01 2.365538627373930947e-01
2.122602722029287570e-02 -1.706979277289821795e-01 -3.790518047537961843e-01 -3.248336957272877079e-01 -3.391431640367941758e-01 -2.906334331431891793e-01 -2.122602722029287570e-02 1.709466156838148898e-01
3.299141757699909361e-01 1.924892928309406281e-01 2.080324128298718378e-01 -3.648378650669709122e-01 1.918034539234871605e-01 -3.363762487297748960e-01 -3.299141757699909361e-01 -1.928458997253708895e-01
4.987904088746391018e-01 -1.793447909994541067e-01 -3.593152812588078504e-01 -4.153093762078453599e-01 -3.149478837714311252e-01 -3.640279608728378968e-01 -4.987904088746391018e-01 1.796332182607159600e-01
-2.893923611471160839e-01 1.296094510334697691e-01 1.972472218986944803e-01 -3.918283413974106288e-01 1.806314511675327916e-01 -3.588213878699510473e-01 2.893923611471160839e-01 -1.297183139631667703e-01
-1.891511142103601273e-01 2.991859855194042295e-01 -2.975782659888296378e-01 4.407132744656121481e-01 -2.627392445944402577e-01 3.891166998741222849e-01 1.891511142103601273e-01 -3.005250261148279534e-01
8.152936928651388637e-02 4.096058810702484232e-01 -5.311074995917541841e-03 6.315776395368566387e-02 -5.300439440360038036e-03 6.303128901067818479e-02 -8.152936928651388637e-02 -4.130420029111522839e-01
-2.877022174998589144e-02 1.177316417589839848e-01 2.618122929472910254e-02 -2.235896414040827729e-01 2.554202110555371663e-02 -2.181307560251196376e-01 2.877022174998589144e-02 -1.178132341396812693e-01
-4.265299560577344717e-01 2.259149027914830743e-01 -1.066993364130304212e-01 -2.621691020563500230e-01 -1.026659050469409529e-01 -2.522586273055018591e-01 4.265299560577344717e-01 -2.264914098731869718e-01
4.625969030278502814e-01 -3.597814150684532919e-01 -4.255270966437797453e-01 3.274623545337872477e-01 -3.749021148524794844e-01 2.885041404356448735e-01 -4.625969030278502814e-01 3.621099683569479200e-01
3.890563808994843553e-01 -3.032747004533542512e-01 -1.663902931692073928e-01 -3.109667659984677313e-01 -1.569170954765845560e-01 -2.932623098428231989e-01 -3.890563808994843553e-01 3.046693932301514085e-01
3.373939338029774415e-02 2.459509110832707179e-01 -1.662505717138522687e-01 -4.892069364291273814e-02 -1.638089725214674497e-01 -4.820223159578650163e-02 -3.373939338029774415e-02 -2.466948123724508057e-01
-3.384490467001681768e-01 2.374960943148494152e-01 3.025593647877815595e-01 2.335294619949513928e-01 2.826203812179143848e-01 2.181396223545116753e-01 3.384490467001681768e-01 -2.381658854883848819e-01
-4.648317385291952375e-01 -1.022583979126522324e-01 -4.217358567582550899e-01 4.334811133603967415e-01 -3.608711954271611733e-01 3.709213837682563408e-01 4.648317385291952375e-01 1.023118625908704393e-01
3.580126387117511522e-01 1.493026081922677051e-01 -1.534222216952689788e-01 -6.079590022475933608e-03 -1.516450925140694073e-01 -6.009168562538197943e-03 -3.580126387117511522e-01 -1.494690154209525890e-01
4.442141935138028686e-01 -2.923119478658475767e-01 -8.942347351562984770e-02 -8.101722125684251985e-02 -8.877947919411452449e-02 -8.043376561166186434e-02 -4.442141935138028686e-01 2.935607962180328823e-01
4.557343134313783795e-01 -4.357839786421010553e-01 -4.424218777766353305e-01 -3.347297425184470043e-03 -4.045914535032913428e-01 -3.061078121563748713e-03 -4.557343134313783795e-01 4.399219147740952018e-01
-4.171492272747235885e-01 -3.795565906981067661e-01 -4.988811278109018810e-01 4.009948796594916542e-01 -4.201814913506156657e-01 3.377370222414011747e-01 4.171492272747235885e-01 3.822905976551418950e-01
2.026223552552463003e-01 -2.423814870713747460e-02 -2.798079363441021705e-01 1.414746086575450201e-01 -2.669918746487844885e-01 1.349946376582726870e-01 -2.026223552552463003e-01 2.423886068803440472e-02
-3.601094648638085705e-01 -3.243625570985961826e-01 -2.317057065387856385e-01 -3.416226699785451792e-02 -2.256006935293382587e-01 -3.326215500851426032e-02 3.601094648638085705e-01 3.260688836584321737e-01
-9.741085210403521710e-02 1.015888993614622038e-01 1.101077347205938750e-01 -4.436174128186012311e-01 1.001426373284848986e-01 -4.034686373053224528e-01 9.741085210403521710e-02 -1.016413207800889729e-01
3.155382653887234268e-01 -2.722669160932882360e-01 3.887452359833111215e-01 -2.406601189659867135e-01 3.535450149545603105e-01 -2.188687538345774342e-01 -3.155382653887234268e-01 2.732760635290393259e-01
1.479591733392613406e-01 3.851337820949404245e-01 -4.215246361309481493e-01 -3.488039257890821476e-01 -3.697944213124442769e-01 -3.059981192857550991e-01 -1.479591733392613406e-01 -3.879900888563027617e-01
-1.541741624343037076e-01 3.558925878209671101e-01 4.370675999571695947e-01 -2.940706459911168746e-01 3.866937934141682076e-01 -2.601778160659894423e-01 1.541741624343037076e-01 -3.581464472885127481e-01
1.864413707981849022e-01 -4.032584533334393484e-02 1.664703044720456937e-01 -3.081844513041981370e-01 1.571110905380180001e-01 -2.908578523047875009e-01 -1.864413707981849022e-01 4.032912417500485874e-02
-4.620587805480547150e-01 -4.976847646381282742e-01 4.353041480688623066e-01 -1.140560149987368543e-02 3.991064216234647133e-01 -1.045716844480357177e-02 4.620587805480547150e-01 5.038483447151471672e-01
-2.143069740773917431e-01 2.478950353271534013e-01 -1.592869712127552573e-01 -1.542324978964644266e-01 -1.555103832323588009e-01 -1.505757481114219642e-01 2.143069740773917431e-01 -2.486567169748638284e-01
9.103089683474063776e-03 -4.687988127261807358e-01 4.555668941738618694e-01 6.432397490407459895e-02 4.138647209983610242e-01 5.843581758823029881e-02 -9.103089683474063776e-03 4.739502630201921640e-01
-1.886740230965030518e-01 3.357832716894009195e-01 -3.491406454800338732e-01 1.222851948139966893e-01 -3.274524779949049003e-01 1.146889959170416945e-01 1.886740230965030518e-01 -3.376762566923354192e-01
2.400496965154047535e-01 -9.354455449719534244e-02 2.529279419666133899e-01 1.404978610075414691e-01 2.429628260273180018e-01 1.349623813635092151e-01 -2.400496965154047535e-01 9.358548296977380054e-02
-7.244164480742609769e-02 2.254248280305533036e-01 1.709877724194116544e-01 3.964895068551594903e-01 1.569791696738046805e-01 3.640061080966118801e-01 7.244164480742609769e-02 -2.259975914134053077e-01
-3.647898216308831376e-01 -4.213422331463574366e-01 4.560837107918317423e-01 -3.355918837827761569e-01 3.968745782470571304e-01 -2.920250914205858583e-01 3.647898216308831376e-01 4.250822622564763287e-01
-4.622148390994651468e-02 -3.327382484318043288e-01 -1.166355652044140934e-01 -4.782778218763072964e-02 -1.157197179998598890e-01 -4.745222829427238331e-02 4.622148390994651468e-02 3.345801998977293024e-01
4.001465523352600862e-01 4.425695310978615682e-01 -8.813558158911938278e-02 4.585648244148415875e-01 -7.985806663115958826e-02 4.154973467304751145e-01 -4.001465523352600862e-01 -4.469037868935528124e-01
-4.665785723736554091e-01 3.802341157941989680e-01 -2.436966303233629727e-01 -4.269723498963260422e-01 -2.186967512265790003e-01 -3.831709353633711013e-01 4.665785723736554091e-01 -3.829827898671245845e-01
-2.428449534145693534e-01 -4.055826797066020006e-01 3.367374094473154500e-01 4.971475948156501845e-01 2.886918091156319144e-01 4.262147136558943061e-01 2.428449534145693534e-01 4.089185426978999005e-01
3.735825512370128942e-01 -4.150958742752078878e-01 7.104717950871519694e-02 -1.834350044537388369e-01 6.971120511981966639e-02 -1.799856843023728004e-01 -3.735825512370128942e-01 4.186720203895034076e-01
1.194234667677466222e-01 2.385612743963871907e-02 -2.796932695775734556e-01 4.741220205872359594e-01 -2.450227852827663588e-01 4.153503522756649136e-01 -1.194234667677466222e-01 -2.385680628341813048e-02
1.561555863113276432e-01 3.618783667391549663e-01 2.954930505399860907e-01 -4.174491260757419164e-01 2.630812449124008134e-01 -3.716602998781478595e-01 -1.561555863113276432e-01 -3.642478730460593783e-01
-4.343326473503326124e-01 -3.082668921705915555e-01 -4.976722493976030171e-01 2.267628642284962304e-01 -4.366387648521428688e-01 1.989531404873660092e-01 4.343326473503326124e-01 3.097315988312648871e-01
-1.664388377837677790e-01 -1.413263537358383504e-01 -4.347222479837495879e-01 -3.274886055622502345e-01 -3.818303633256371898e-01 -2.876436479310684469e-01 1.664388377837677790e-01 1.414674902759876229e-01
-1.121242726834759118e-01 3.686481472624915101e-01 -4.263670576447712302e-01 3.863470042518220016e-01 -3.695608764992341921e-01 3.348728166590983490e-01 1.121242726834759118e-01 -3.711531382695740788e-01
3.587524054520352390e-01 -5.863012135628986599e-02 1.904828484295668645e-01 2.991392764351598066e-01 1.795276816634882866e-01 2.819349943349632182e-01 -3.587524054520352390e-01 5.864019838239626498e-02
3.947430739278907641e-01 7.879103673680454278e-02 8.476412917861875229e-02 -2.221481773541843507e-01 8.246510334957855848e-02 -2.161229352787865099e-01 -3.947430739278907641e-01 -7.881549358282737006e-02
-4.157273302681543381e-01 1.444616628974447758e-01 8.356266765309960931e-02 4.743439567945316737e-01 7.528519887109892672e-02 4.273568583141760802e-01 4.157273302681543381e-01 -1.446124026623056003e-01
4.183266095801689843e-01 2.043659163044586613e-02 -2.078599521377414439e-01 -3.798816727372834601e-01 -1.907441012890881138e-01 -3.486010052309249652e-01 -4.183266095801689843e-01 -2.043701840194143277e-02
-2.936934201723762072e-02 2.021580183964725164e-01 4.636947651384472069e-01 -4.484922417891943347e-01 3.896514696410944834e-01 -3.768765021179636965e-01 2.936934201723762072e-02 -2.025711067206525939e-01
-1.241721046805400741e-01 4.142331465732654872e-01 -3.809039872767591151e-01 -2.496801249620465013e-01 -3.466449639954178874e-01 -2.272235545409343749e-01 1.241721046805400741e-01 -4.177870412079996987e-01
1.134351145389226323e-01 -1.317457692617772791e-01 2.997702728732164479e-01 -3.945188384451746577e-01 2.686058205004692723e-01 -3.535042193736026017e-01 -1.134351145389226323e-01 1.318601044832369840e-01
4.097006677201099345e-01 1.765347983659535380e-01 4.679478395319213169e-01 4.538012673452080925e-01 3.920158365502971476e-01 3.801647714067102890e-01 -4.097006677201099345e-01 -1.768098796113742877e-01
-2.756987487186687291e-01 -4.735456978797614180e-02 4.041136273084707797e-01 -3.647585886558890600e-03 3.746741129263277958e-01 -3.381860729298891231e-03 2.756987487186687291e-01 4.735987931322833966e-02
3.160083655466775499e-01 3.429196166550441127e-02 -3.405499238607496704e-01 2.911067402216427347e-01 -3.107852423790136154e-01 2.656634827348883232e-01 -3.160083655466775499e-01 -3.429397792763380637e-02
-2.210503388970748162e-01 3.058181513065144630e-01 1.868772795206854465e-01 -2.870927307388748684e-01 1.767920735276755084e-01 -2.715991975708859085e-01 2.210503388970748162e-01 -3.072482294864389840e-01
-1.484584532308446114e-01 -1.850263584622913182e-01 4.189586984502873257e-01 -1.233450112769335361e-01 3.839393898901419244e-01 -1.130350283949953932e-01 1.484584532308446114e-01 1.853430750493278434e-01
1.053452862559076664e-01 2.750783886163554737e-02 8.645284430301358736e-02 4.093233418317429040e-01 7.975477856859727877e-02 3.776103927399754312e-01 -1.053452862559076664e-01 -2.750887959485991130e-02
-3.355200438810889141e-01 -1.374309122746709688e-01 -2.652363366730292604e-02 1.791958469009283794e-01 -2.609887727654138651e-02 1.763261578483712178e-01 3.355200438810889141e-01 1.375606969133789104e-01
-3.213187172872350450e-01 -9.675181937243626518e-02 -4.559914259121125024e-01 -4.724709310486496783e-01 -3.811650243203923982e-01 -3.949403074051381912e-01 3.213187172872350450e-01 9.679710364813046142e-02
-5.213820486974030111e-02 -5.476547774897522203e-02 -1.427532360082258700e-01 -1.664777865278317392e-01 -1.394395527906999999e-01 -1.626133932381668978e-01 5.213820486974030111e-02 5.477369053761453610e-02
-4.241705158523967345e-02 -2.700622991323761157e-01 2.358647000892964973e-01 -3.779813680055573721e-01 2.154485393153614814e-01 -3.452637617854159569e-01 4.241705158523967345e-02 2.710471305305885981e-01
-5.612814380873110132e-02 -3.801696229235185243e-02 -8.427950119804095142e-02 -1.772230230206145452e-01 -8.270207362826979824e-02 -1.739060066816829619e-01 5.612814380873110132e-02 3.801970956802461915e-02
-2.606973708402730017e-01 -4.417270040207748050e-01 6.231347129522035733e-02 2.792542308751856384e-01 5.990943588360900934e-02 2.684806847075252856e-01 2.606973708402730017e-01 4.460365533229118662e-01
1.265293919225702890e-01 2.843920703208338008e-01 3.521208519137448700e-01 -3.421474703260923844e-01 3.160795563204990555e-01 -3.071269992364543677e-01 -1.265293919225702890e-01 -2.855421354958520008e-01
-1.831920993109549256e-01 4.833703690322852520e-01 9.643718679063506549e-02 3.005672970428544533e-01 9.196426500124160741e-02 2.866264713420715871e-01 1.831920993109549256e-01 -4.890172687762012194e-01
4.703503236319627190e-01 9.575406107453365845e-02 -1.523031156029021060e-01 2.977691492038345711e-01 -1.444385786375170233e-01 2.823931244140948094e-01 -4.703503236319627190e-01 -9.579795875881705336e-02
-4.553012556559089541e-01 4.801780984082969495e-01 -4.392929088253891834e-01 4.355843129530472257e-01 -3.735840570816748030e-01 3.704301880702891014e-01 4.553012556559089541e-01 -4.857138557733412521e-01
-1.652759225232274254e-01 4.925667789087606607e-02 -1.462393994442956480e-01 3.199137460646326314e-01 -1.379536701570720225e-01 3.017878599817727103e-01 1.652759225232274254e-01 -4.926265326850802484e-02
-4.737129801132139439e-01 -4.500581567994055288e-01 1.139758947906372999e-01 -9.865366582139589724e-02 1.127026137828482932e-01 -9.755155700031677146e-02 4.737129801132139439e-01 4.546161735404967152e-01
4.202531520660547359e-01 3.809143265158621006e-01 -3.117449367823286188e-01 -1.543252625984916637e-01 -2.944397032405250414e-01 -1.457585325715921587e-01 -4.202531520660547359e-01 -3.836777785180139344e-01
-2.690019839027413262e-02 4.977122962801848738e-01 -3.501743969367487885e-01 7.604734238509613942e-02 -3.296490507274419945e-01 7.158985478918337975e-02 2.690019839027413262e-02 -5.038768993111700789e-01
-1.995321667310978597e-02 9.506383334648838002e-02 4.880689176462049694e-02 5.835363762060929993e-02 4.866627274114807694e-02 5.818551317667120665e-02 1.995321667310978597e-02 -9.510678856895861399e-02
1.890734596195260409e-01 2.286877722269026192e-01 -3.899239285046589565e-01 4.981995044739336853e-01 -3.295172220641245375e-01 4.210188314873127835e-01 -1.890734596195260409e-01 -2.292857689935337284e-01
-1.580108540152171948e-01 -2.439242935632764953e-01 -3.492699799464846766e-01 3.585721772771942595e-01 -3.123261735280426499e-01 3.206444369474995559e-01 1.580108540152171948e-01 2.446499568842638861e-01
3.250092532147734747e-01 1.718219363488395768e-01 2.394633507972804276e-01 3.945403279130871299e-01 2.174241603124232314e-01 3.582285106271272945e-01 -3.250092532147734747e-01 -1.720755693913308126e-01
