4.064232691643386852e-01 -4.719505971038103764e-01 4.348531337494406790e-01 3.524766398396647071e-01 3.794499583186141112e-01 3.075687764791644740e-01 -4.064232691643386852e-01 4.772066487503783816e-01
3.387957581109779515e-01 2.457890132383213633e-01 3.279523454395498749e-01 -1.022980408756102300e-01 3.101604479432196748e-01 -9.674822157215372254e-02 -3.387957581109779515e-01 -2.465314464692400509e-01
4.309546777401996875e-01 2.690089987808818028e-01 -3.248242548979265454e-01 -2.690586564600554453e-01 -2.992909750404896263e-01 -2.479089120371231192e-01 -4.309546777401996875e-01 -2.699823519082668044e-01
-2.536063557142791414e-01 2.853560605076329582e-01 3.809655993444942546e-01 -3.343404666670264369e-01 3.398069291042215556e-01 -2.982190713515312508e-01 2.536063557142791414e-01 -2.865178603319057937e-01
4.026637044263726706e-01 2.826966361181696419e-01 -2.867860571079119403e-01 -7.942342774890498447e-02 -2.748735678276637007e-01 -7.612434570425945235e-02 -4.026637044263726706e-01 -2.838262549569423587e-01
-4.760969738576691368e-01 -1.097552649652814294e-01 -4.931723832535800378e-01 2.537599968630195324e-01 -4.312797942150880526e-01 2.219133977151994119e-01 4.760969738576691368e-01 1.098213717587319116e-01
-4.080951478362276896e-01 -3.880603654641434641e-02 -3.059945743643764926e-01 -6.483732857806479011e-02 -2.920417091929474740e-01 -6.188084967446139117e-02 4.080951478362276896e-01 3.880895846337520383e-02
3.280935695469475721e-01 3.669361094050652694e-01 7.805174874023945719e-02 -4.889759355933279705e-01 6.994632568642854265e-02 -4.381973574693811546e-01 -3.280935695469475721e-01 -3.694063619757155803e-01
-3.209945931652782303e-01 -3.993320197843429620e-01 1.149815714009601031e-01 -1.230458575985909908e-01 1.133849547902423260e-01 -1.213372615363851048e-01 3.209945931652782303e-01 4.025160150161187222e-01
-2.673289043680262544e-01 9.195388433273499196e-03 -2.390155613501795395e-01 -2.752139121045207304e-01 -2.245618209014308420e-01 -2.585711862879553902e-01 2.673289043680262544e-01 -9.195427309154390397e-03
-2.695693255897805285e-01 1.764358869800243257e-01 -2.728937230054884200e-02 -1.146671674349760695e-01 -2.710175571170940836e-02 -1.138788216068238462e-01 2.695693255897805285e-01 -1.767105061053620974e-01
2.854207215855096846e-01 3.273093048975674879e-01 -4.284917105302628038e-01 1.957236480763113740e-01 -3.876343912632362332e-01 1.770611083327421065e-01 -2.854207215855096846e-01 -3.290625597911457922e-01
-3.686378196185269296e-02 1.318790922401964494e-01 2.577834972058457019e-01 -1.232547085832302880e-01 2.478636994999769971e-01 -1.185117293440855896e-01 3.686378196185269296e-02 -1.319937749250370551e-01
-1.383833522879427402e-01 7.313226326818045298e-02 3.075820379343013888e-01 -1.246303712316531032e-01 2.919256152130632609e-01 -1.182864839584815003e-01 1.383833522879427402e-01 -7.315182003449417769e-02
-2.621632262970774452e-01 -4.966259414533149563e-01 4.885504436237136927e-01 -4.077054086625256923e-01 4.121790333560300112e-01 -3.439718936494855495e-01 2.621632262970774452e-01 5.027502661575851128e-01
4.450482237927938511e-01 3.813196460233808649e-01 -2.905613141590485116e-01 3.915978697473795345e-01 -2.611662049214711345e-01 3.519812325782419871e-01 -4.450482237927938511e-01 -3.840919289346939602e-01
3.004790489984635604e-01 -2.286792860481534628e-02 2.734218755622184194e-01 6.578423231994867670e-02 2.632115909558636613e-01 6.332767783535918349e-02 -3.004790489984635604e-01 2.286852653501279808e-02
-2.513181338428314149e-01 -2.988506491310449764e-01 4.222485922290397653e-01 -1.757135419127159315e-01 3.839942189543587014e-01 -1.597944564605630058e-01 2.513181338428314149e-01 3.001851922637329140e-01
4.351746863442698121e-01 3.265907148431730356e-01 -2.243714868599990808e-01 -3.074982377352822871e-01 -2.096931862240334343e-01 -2.873818154497517208e-01 -4.351746863442698121e-01 -3.283324475384432062e-01
-2.852121487912894215e-01 -4.467444273388874176e-01 -3.299180670249849401e-01 2.792016325620905182e-02 -3.131972148439701731e-01 2.650511822128067893e-02 2.852121487912894215e-01 4.512025030099067746e-01
4.649709995361268611e-01 2.335581482586641666e-01 3.560081633059569706e-01 -9.446798360845387599e-02 3.340678193567946930e-01 -8.864603831004778944e-02 -4.649709995361268611e-01 -2.341951712019356147e-01
-1.208315817736036468e-01 -2.486115348749090570e-01 -3.751559833315377679e-01 4.771636726780321691e-01 -3.207015294886904622e-01 4.079026496801215762e-01 1.208315817736036468e-01 2.493798401743523574e-01
4.852196553795465883e-01 -2.881781099659774803e-02 2.397465219446972551e-01 -2.109985705524901611e-01 2.283819392525398284e-01 -2.009967124086464163e-01 -4.852196553795465883e-01 2.881900760754142407e-02
3.344787191622667910e-01 1.724746582093580338e-01 -2.018362286153307927e-01 3.759095374562000380e-01 -1.856444467422175837e-01 3.457531811059538218e-01 -3.344787191622667910e-01 -1.727311927707256278e-01
-4.917834949606879613e-01 -8.999992063013306787e-02 -7.097103113230796012e-02 1.616325236503104446e-01 -6.989042371917340846e-02 1.591715011672840963e-01 4.917834949606879613e-01 9.003637053369877019e-02
4.273983084653987241e-03 -8.483359351226793521e-03 -1.938504402224821010e-01 2.437099123274765189e-01 -1.850840177762320404e-01 2.326887145249375566e-01 -4.273983084653987241e-03 8.483389877486592970e-03
3.128295501637062825e-01 2.978446191105952323e-01 -1.569157048362000983e-01 1.736778814943404914e-01 -1.527861971085580084e-01 1.691072481437778108e-01 -3.128295501637062825e-01 -2.991657300229342287e-01
4.437739993000753280e-01 -4.613534750584067368e-01 -4.137560193593871061e-01 4.749566352840313144e-01 -3.500907655857714018e-01 4.018743517594605685e-01 -4.437739993000753280e-01 4.662633608814683583e-01
-3.445793476505910613e-01 -6.535055007660151016e-02 2.570621004779364283e-01 2.978742755003686016e-01 2.392119010561131742e-01 2.771901092602772620e-01 3.445793476505910613e-01 6.536450468799864799e-02
-2.756115940627056338e-01 -5.092440552802190989e-02 -2.218364413509765765e-01 7.729685118966145296e-02 -2.159575224121400849e-01 7.524839639294765570e-02 2.756115940627056338e-01 5.093100862853317673e-02
-9.234110908929560324e-03 -4.261889692500604454e-01 -1.334039797063159005e-01 4.443394079666624918e-01 -1.210148888634327846e-01 4.030740626412017691e-01 9.234110908929560324e-03 4.300595543397706666e-01
3.206663345385307728e-01 -2.160279294811195960e-01 4.645350193891861768e-02 2.030869047715556652e-01 4.547708100954856586e-02 1.988181565389537386e-01 -3.206663345385307728e-01 2.165320097680751565e-01
-1.341096142194070362e-01 4.070373768197906861e-01 -4.766228664701180895e-01 -1.897996860228191585e-01 -4.240723640954653373e-01 -1.688731431464382260e-01 1.341096142194070362e-01 -4.104092627700050011e-01
4.091824637608486581e-01 3.062458783408414931e-01 2.175486678660920603e-01 2.067209496362198973e-01 2.083680044914694995e-01 1.979972214253874763e-01 -4.091824637608486581e-01 -3.076819653761708739e-01
4.107134542882382444e-01 4.161525757097549461e-01 1.631899274414362333e-01 3.699038708348791893e-01 1.512925885083196698e-01 3.429360806471321022e-01 -4.107134542882382444e-01 -4.197561025838679183e-01
-1.134336371651148978e-01 1.861280982539943452e-01 4.606832336961557139e-01 4.798000112828724184e-01 3.835782431775012213e-01 3.994954275366875418e-01 1.134336371651148978e-01 -1.864505062649943479e-01
-4.644711951696366414e-01 6.593353398547985300e-02 -4.781868402971654053e-01 3.477437700621298644e-01 -4.116204606865849769e-01 2.993358218409178928e-01 4.644711951696366414e-01 -6.594786540030682376e-02
2.192321416923365129e-01 3.259196998012193758e-01 -8.672361862152744294e-02 4.980076441941257981e-01 -7.739686934753747805e-02 4.444490807052167147e-01 -2.192321416923365129e-01 -3.276507188189178299e-01
-1.473067833479630995e-01 2.416477811960254796e-01 4.923643328000614217e-01 1.533000870238858671e-01 4.376055735676350755e-01 1.362506746346667519e-01 1.473067833479630995e-01 -2.423533159958438099e-01
4.779895119966026673e-01 4.333677049373143575e-01 1.035606605058776442e-01 1.483734854559393135e-02 1.029985371279740353e-01 1.475681197463309807e-02 -4.779895119966026673e-01 -4.374371916661384807e-01
-2.642376730020182807e-01 -4.656230844013142800e-02 3.847734447499041588e-01 3.394019326707895523e-01 3.423429762268701548e-01 3.019747577517791770e-01 2.642376730020182807e-01 4.656735590743656117e-02
6.348175271361766736e-02 3.011352140683646317e-01 3.340513248686634018e-01 -4.141330475946902734e-01 2.949059559263374486e-01 -3.656034063915676313e-01 -6.348175271361766736e-02 -3.025005975234298372e-01
2.430308748562126642e-02 -4.344168930887647440e-01 4.026310823136902695e-02 2.180205344961031466e-01 3.930860786861422457e-02 2.128520145182442591e-01 -2.430308748562126642e-02 4.385160082539517057e-01
-4.468713093270424430e-01 4.556766559053810894e-01 3.920842569859895876e-01 4.663654462530474332e-01 3.348303057088765078e-01 3.982646131761019004e-01 4.468713093270424430e-01 -4.604075186233579919e-01
3.956099852149419505e-01 1.816955408577702880e-02 1.114064647827255339e-01 -3.058854414009667400e-01 1.059344670002352468e-01 -2.908611386344571725e-01 -3.956099852149419505e-01 -1.816985400397050712e-02
3.499176092791567161e-02 -1.050870876516259989e-01 -1.720573512932721538e-02 1.804152248926198521e-01 -1.692994362733938815e-02 1.775233411410330753e-01 -3.499176092791567161e-02 1.051451130423149832e-01
4.648463390269615969e-01 1.264074396443214399e-01 -2.742393756595717935e-01 2.662322588415133584e-01 -2.561657403035002556e-01 2.486863292872618370e-01 -4.648463390269615969e-01 -1.265084318620058323e-01
3.940620995065691190e-02 3.093553204242411869e-01 5.589281119008393528e-02 -1.769131384631394965e-02 5.579700659236133675e-02 -1.766098956721361829e-02 -3.940620995065691190e-02 -3.108355966807064275e-01
-2.648795927425356966e-01 2.052129689934265588e-01 1.413741755146266099e-01 1.032253784852441569e-01 1.392567124407356471e-01 1.016792974811621258e-01 2.648795927425356966e-01 -2.056450691418924559e-01
1.035595516954864737e-01 3.337872434508155628e-01 -3.703830239098978572e-01 1.700084852838934513e-01 -3.429933460900582154e-01 1.574364251786291302e-01 -1.035595516954864737e-01 -3.356466707776878944e-01
2.239012800161188643e-02 -4.493564722667976463e-01 -3.171231675412167217e-01 -2.179196473835006698e-01 -2.959691328014990019e-01 -2.033830878916166318e-01 -2.239012800161188643e-02 4.538932030522126460e-01
-4.022126560220826708e-01 -7.504891173790706471e-02 -2.381349190110866321e-01 2.168613424269492107e-01 -2.266680279891105931e-01 2.064188361753839795e-01 4.022126560220826708e-01 7.507004678410580945e-02
-4.963933604223313978e-03 -2.341031266712055858e-01 3.640665520741481753e-02 -4.848955588227590319e-01 3.274105361852382157e-02 -4.360738826555705661e-01 4.963933604223313978e-03 2.347446192651540808e-01
4.751396811571156897e-01 2.085488297493478527e-01 5.248407237597663144e-02 8.556586273617761140e-02 5.222163672166812293e-02 8.513800849093579315e-02 -4.751396811571156897e-01 -2.090023464410347143e-01
3.849587041043367464e-02 3.637124033444644189e-01 4.815943038036804014e-01 -4.309097618212491820e-01 4.044846015970057218e-01 -3.619153340434435040e-01 -3.849587041043367464e-02 -3.661181192483705105e-01
-2.164948768127408218e-01 4.600938805489981354e-01 -4.203115099728939041e-01 -2.603295503360936181e-01 -3.767779523121754237e-01 -2.333660453607573071e-01 2.164948768127408218e-01 -4.649636609258001596e-01
-4.480431048675104222e-01 -2.696334082721394410e-01 4.117356737439875625e-01 -3.300423377636521050e-01 3.641463055196758614e-01 -2.918952755996551129e-01 4.480431048675104222e-01 2.706135550319065386e-01
-4.522267873140641825e-01 4.934342682419106119e-01 -2.888650512301066398e-01 3.991306303763000329e-01 -2.591214804306376518e-01 3.580333425172111395e-01 4.522267873140641825e-01 -4.994412723114443065e-01
-1.571247618739198826e-01 3.054016874005462956e-01 -2.719671668328614844e-01 4.664677634738620959e-01 -2.393092399115561708e-01 4.104541265776254222e-01 1.571247618739198826e-01 -3.068259310812414542e-01
-1.105520959694633598e-01 3.366421520834030900e-01 -9.905194803921335556e-02 -1.954854498121679773e-01 -9.675580350015267062e-02 -1.909538595008463679e-01 1.105520959694633598e-01 -3.385497001397927974e-01
-3.842859493906946033e-01 1.959177333746809913e-01 -4.783066675146169233e-01 2.458163553762419129e-01 -4.212556994800335519e-01 2.164961263570234218e-01 3.842859493906946033e-01 -1.962937363204246555e-01
-4.787603818231689345e-02 -3.249132197072235329e-02 2.563464346552121187e-01 1.630647446925270749e-02 2.482863684676216709e-01 1.579376492568052362e-02 4.787603818231689345e-02 3.249303700241418236e-02
9.363732940887214973e-02 -2.902769546469988748e-01 -3.985534142674219682e-01 -3.999257032615088914e-01 -3.470559304436957593e-01 -3.482509046093439919e-01 -9.363732940887214973e-02 2.914999017675515836e-01
3.923374572552320583e-01 7.116123793873285752e-02 -4.362382070225350184e-01 -1.169373827977839841e-01 -3.975707284917037176e-01 -1.065722344316040043e-01 -3.923374572552320583e-01 -7.117925568588504004e-02
2.987627112516094696e-01 -3.982440575212875533e-01 3.701054982564199181e-01 -2.175112029331470742e-01 3.400921847078370308e-01 -1.998723622114698395e-01 -2.987627112516094696e-01 4.014020996311299383e-01
1.989011499859488774e-01 -1.892427599740021948e-01 -4.533738828681922461e-01 -1.689571620920871098e-04 -4.129184247920281159e-01 -1.538807766936999802e-04 -1.989011499859488774e-01 1.895816258398058951e-01
1.444148962624405286e-01 -2.644406785358581757e-01 -4.627145253067966868e-01 -3.073497391288620983e-01 -4.044966101634427380e-01 -2.686795438933177183e-01 -1.444148962624405286e-01 2.653652804600462600e-01
-3.543205666165660794e-01 1.997818560333475268e-02 -1.987926944836407861e-01 3.919458386998921906e-01 -1.819930082201998145e-01 3.588230564994562832e-01 3.543205666165660794e-01 -1.997858429589803586e-02
-3.675260111832514553e-01 1.462720092557019402e-01 3.441217757745802519e-01 1.537639172712068625e-02 3.253597551067558546e-01 1.453804844375409903e-02 3.675260111832514553e-01 -1.464284873994622649e-01
-3.939407819794413790e-01 -4.347615163048402787e-01 -4.399022200316742293e-01 3.386316975216097092e-01 -3.846108276891403999e-01 2.960690161013217470e-01 3.939407819794413790e-01 4.388703947036389774e-01
3.661990340843911396e-01 2.565502954746655684e-01 4.019304278461208746e-01 1.237081398223616180e-01 3.705015271836273882e-01 1.140347969544079076e-01 -3.661990340843911396e-01 -2.573945775361161092e-01
-4.840895887555601851e-01 3.875867114180028272e-01 -4.663802116030814071e-01 -1.930241133205101711e-01 -4.163497015711429272e-01 -1.723176283590371338e-01 4.840895887555601851e-01 -3.904979422380236431e-01
-2.937141434993456590e-01 -1.612843100767311633e-01 -1.833506234530268841e-01 -8.720300825527194100e-02 -1.796845604518286510e-01 -8.545939966459954740e-02 2.937141434993456590e-01 1.614940815202031699e-01
3.402191556813095596e-01 -1.455214337764778598e-01 -4.199330467619940555e-01 4.174692658478806884e-03 -3.871771410003970737e-01 3.849055416163209460e-03 -3.402191556813095596e-01 1.456755154190158830e-01
-3.224714025501929093e-02 1.533191091480492485e-01 4.162683518991026066e-01 4.373472775395838008e-01 3.563513031070928982e-01 3.743961594739388388e-01 3.224714025501929093e-02 -1.534993108405943996e-01
2.252718223897827166e-01 -1.182653917340883432e-01 4.755235598889095971e-01 -4.354762690381961399e-01 3.996472942210050339e-01 -3.659900944954893598e-01 -2.252718223897827166e-01 1.183480988788588456e-01
1.862174762439660070e-01 2.792520919931823498e-01 3.256887430410855266e-01 2.817945399114032412e-01 2.991268451300975184e-01 2.588124812405688813e-01 -1.862174762439660070e-01 -2.803409200674926716e-01
1.564502865386020458e-01 -2.600669176428169749e-01 -3.453149588385355795e-01 -2.001898022630700380e-01 -3.207111299385796976e-01 -1.859261988009922872e-01 -1.564502865386020458e-01 2.609463963623709915e-01
4.360246214061882508e-01 -3.576285755673477285e-01 1.419038858885909304e-01 -4.136482826211873576e-01 1.300152693518704383e-01 -3.789930948343131489e-01 -4.360246214061882508e-01 3.599155780868807941e-01
-4.894200930616542378e-01 -1.677625737221797309e-01 9.379201114503155079e-02 -9.659215239696983257e-02 9.295331317288642314e-02 -9.572841526891952280e-02 4.894200930616542378e-01 1.679986515741759279e-01
2.605151199802830941e-01 1.821205804105755499e-01 -2.121037726339898288e-01 -1.175303414928152712e-01 -2.061299707172399576e-01 -1.142201553015606275e-01 -2.605151199802830941e-01 -1.824226083234232465e-01
4.646173192524803985e-01 3.859029397238743497e-01 3.863370505721600567e-01 4.225639021633884607e-01 3.352720255695926244e-01 3.667105062822561545e-01 -4.646173192524803985e-01 -3.887763938303517297e-01
-3.900720234627880201e-01 5.348549232003851905e-02 -4.305998656079168541e-02 4.479783656821203497e-01 -3.926669462067605004e-02 4.085145186256637362e-01 3.900720234627880201e-01 -5.349314261178636509e-02
3.939512634713341344e-01 -4.454782596361085423e-01 1.194470258617275071e-02 -1.476909147654839050e-01 1.181569832723372744e-02 -1.460958346976550803e-01 -3.939512634713341344e-01 4.498985372641239322e-01
4.381348210283492195e-01 1.414092415349311738e-01 -2.616455119861432754e-01 4.313027283347337093e-01 -2.336045764009449244e-01 3.850793785392475077e-01 -4.381348210283492195e-01 -1.415506265501746408e-01
-7.617006613344090571e-02 2.925212091289544070e-01 -4.650269441149736949e-01 -8.353910598903402374e-02 -4.204595885276177780e-01 -7.553286658897340189e-02 7.617006613344090571e-02 -2.937727414909719337e-01
2.407350962614844825e-01 -2.011716719737783876e-01 3.499102518197905187e-02 3.932540847952764596e-01 3.254629672566525245e-02 3.657784836472486867e-01 -2.407350962614844825e-01 2.015787432705019311e-01
-1.553409628712619783e-01 -4.079224484967889364e-01 -1.811282117215541332e-01 4.687008861600425735e-01 -1.618450127807248839e-01 4.188022406334078740e-01 1.553409628712619783e-01 4.113163780348222387e-01
-3.507750493089132338e-01 -2.278762778006424572e-01 3.426360605488657507e-01 -1.300510338613548589e-01 3.217115572719471128e-01 -1.221089238574065705e-01 3.507750493089132338e-01 2.284679311878317076e-01
2.610847442216859271e-01 -8.922534754803479462e-02 2.000057072109344691e-01 -4.274024774369381552e-01 1.808784567080825023e-01 -3.865284725623966966e-01 -2.610847442216859271e-01 8.926086442322941905e-02
-4.529868349670997940e-01 -4.982921219577444161e-01 8.123183009874590521e-02 -3.979581811475307873e-02 8.090152342096039451e-02 -3.963399947229159781e-02 4.529868349670997940e-01 5.044782950456343507e-01
3.929770040899982497e-01 1.353641632890166813e-01 -4.705003084930493573e-01 4.190990955305372578e-01 -3.980699931093207855e-01 3.545816465122001437e-01 -3.929770040899982497e-01 -1.354881802582744432e-01
9.826122757183086698e-02 2.297674226733177338e-01 -2.927507720721870266e-01 7.858936272046701532e-03 -2.809507363384006196e-01 7.542162628092539609e-03 -9.826122757183086698e-02 -2.303739290377828097e-01
-1.258423524472327415e-01 -3.290360939663394824e-02 -2.752765976991167207e-01 4.741462737732514698e-01 -2.413786035663009755e-01 4.157591542694357711e-01 1.258423524472327415e-01 3.290539054717529083e-02
1.120463659937898093e-03 -1.242772988834740522e-01 -3.556130483599149184e-01 2.304196764385136875e-01 -3.274302491222743083e-01 2.121586156832392933e-01 -1.120463659937898093e-03 1.243732710769259175e-01
-4.138575905203711880e-02 -2.460167027881458024e-01 1.798148892065596360e-01 -2.831051145510055100e-01 1.704822516964718260e-01 -2.684115737490459508e-01 4.138575905203711880e-02 2.467612012163296342e-01
3.037390361043754705e-01 4.811793521245372185e-01 -3.279781422402276991e-01 1.405614314496540507e-01 -3.089014258738489449e-01 1.323857324792842016e-01 -3.037390361043754705e-01 -4.867498107587208134e-01
-2.287871921078966642e-01 8.053127940622817338e-02 -2.206489777611633230e-01 6.860383883729381793e-02 -2.149843357777385944e-01 6.684259711460391329e-02 2.287871921078966642e-01 -8.055739282904973708e-02
-4.593441905633142142e-01 3.377023980771687306e-01 -3.831748760146085342e-01 -2.236229220374286175e-01 -3.502521069224011074e-01 -2.044090166203044456e-01 4.593441905633142142e-01 -3.396280262810821293e-01
-3.772405786927235383e-02 9.601828992602912116e-02 2.807486264851133395e-02 -3.651148413975962015e-01 2.636286045000033051e-02 -3.428501764192681267e-01 3.772405786927235383e-02 -9.606255201484027728e-02
3.023927037402467377e-01 -1.990816413642109151e-01 -1.446260437786622832e-01 -9.261519051610689335e-02 -1.425392732814182717e-01 -9.127887070733563257e-02 -3.023927037402467377e-01 1.994761564751473260e-01
-1.839528894921715896e-01 -5.387418925399511949e-03 1.733224452248174341e-01 -2.186181118213393892e-01 1.669470530334019043e-01 -2.105765901292128983e-01 1.839528894921715896e-01 5.387426743698001466e-03
-4.007365369174319403e-01 3.948163694820768788e-01 -3.492829799603835994e-01 4.905512859718085261e-01 -2.992175000513511152e-01 4.202367073600558611e-01 4.007365369174319403e-01 -3.978935675869533228e-01
