-4.299771973754975551e-01 -3.701674862612321926e-01 -4.719725423897688232e-01 -1.921666422487871007e-01 -4.205189441361633640e-01 -1.712169803088179343e-01 4.299771973754975551e-01 3.727035771487079430e-01
-2.000479905694456662e-01 -4.493574880555240014e-03 4.547786023293265423e-01 2.640516717735585939e-01 4.025146033725740535e-01 2.337063647880982253e-01 2.000479905694456662e-01 4.493579417316791516e-03
-1.035932431252203356e-01 -6.503358162404881959e-02 -4.423118764153788351e-02 -6.563290425173773368e-02 -4.409330133988824396e-02 -6.542830024003586098e-02 1.035932431252203356e-01 6.504733416740027252e-02
-4.806566377017573721e-01 2.109976288108785791e-01 -2.174669094477326148e-01 6.700824750950307163e-02 -2.120461166374156825e-01 6.533793441564474114e-02 4.806566377017573721e-01 -2.114673095258998992e-01
-6.514773342227331288e-02 -2.738173857478830575e-01 1.956394760808810585e-01 -4.030657171232641112e-01 1.785387890323795468e-01 -3.678340715137900507e-01 6.514773342227331288e-02 2.748438718260411417e-01
3.316599395304784537e-01 1.883714513208697428e-01 3.379596620128421103e-01 -3.421851840774680076e-01 3.045661380829619569e-01 -3.083741396916230282e-01 -3.316599395304784537e-01 -1.887056581006806011e-01
-4.175204115399744342e-02 2.388376858432944561e-01 2.674075425405481043e-01 -3.828294708286124060e-01 2.422916154257582222e-01 -3.468726799491366197e-01 4.175204115399744342e-02 -2.395188920055388582e-01
-2.819966247294800610e-01 4.256750687644959008e-01 -2.953014135480140911e-01 -3.586200686775977697e-01 -2.678134856367353489e-01 -3.252381675315511589e-01 2.819966247294800610e-01 -4.295316692262280966e-01
-4.458846955247861565e-01 -4.465697238288494075e-01 2.837998189936308258e-01 9.472273712730139295e-02 2.718914558757338229e-01 9.074813012003504764e-02 4.458846955247861565e-01 4.510225714306191347e-01
1.429192718366792958e-01 4.067988186276616513e-01 2.101448370155634127e-01 2.354835339457559407e-01 2.004004641420180921e-01 2.245642109067717829e-01 -1.429192718366792958e-01 -4.101647794242168632e-01
2.260954363514189325e-02 3.399890169174538679e-01 4.700174436217792184e-01 -1.049878097273674316e-01 4.234668346911481529e-01 -9.458979888878474296e-02 -2.260954363514189325e-02 -3.419540264769544979e-01
2.058842586253110118e-01 -4.665777863621008992e-01 2.034883361296127013e-01 2.010643846881454699e-02 1.993631515968954937e-01 1.969883393207710193e-02 -2.058842586253110118e-01 4.716563649732443686e-01
-4.630993415820596759e-01 -9.005554810901361673e-02 -3.791662799596882127e-01 4.187096193115568132e-01 -3.301363516305309553e-01 3.645663483757632384e-01 4.630993415820596759e-01 9.009206564163013686e-02
1.912189777110838707e-01 4.292142144614046195e-01 4.671841407625347831e-01 -3.446020966682453723e-01 4.040364063646239012e-01 -2.980233715474575051e-01 -1.912189777110838707e-01 -4.331678105013320179e-01
-8.037189286883716921e-02 4.552167961457813661e-01 3.661774745433130640e-01 -4.349802633689773268e-01 3.183196808999814165e-01 -3.781302462858751601e-01 8.037189286883716921e-02 -4.599333504373916970e-01
-1.836326883874596083e-01 1.384004202632450609e-01 3.366788420934945236e-01 -3.518360113546075141e-01 3.026956542814421280e-01 -3.163229117533359891e-01 1.836326883874596083e-01 -1.385329710259423641e-01
-4.363135692253445885e-01 -4.382708247062911955e-01 -7.205249427319038169e-03 -2.731544823474694184e-01 -6.950441769290039568e-03 -2.634946010860125254e-01 4.363135692253445885e-01 4.424800065403610705e-01
1.783495589078893939e-01 -4.127827617477974886e-02 2.753426193278425416e-01 1.810310301143027711e-01 2.615102918817709954e-01 1.719366135196122858e-01 -1.783495589078893939e-01 4.128179286943609028e-02
-2.012921236341083109e-01 1.779352150797406384e-01 3.491933970959057998e-01 -2.259457182238581163e-01 3.224180386370740226e-01 -2.086207125164322440e-01 2.012921236341083109e-01 -1.782168948949772180e-01
1.791323644686998451e-01 4.898512621425064051e-01 -9.540385646068461067e-02 -3.505128539166024737e-01 -8.967061909971282829e-02 -3.294489948219374575e-01 -1.791323644686998451e-01 -4.957283569744410645e-01
-1.353843570039588995e-01 2.966330838808192150e-01 -1.087530718157128096e-01 4.517994066652654128e-01 -9.862424372500881720e-02 4.097206088419807490e-01 1.353843570039588995e-01 -2.979381387304082529e-01
7.465594380060947000e-02 -4.456628769601502782e-01 3.280484003398496107e-01 -3.273690507608295608e-02 3.115540183553057174e-01 -3.109088266976344633e-02 -7.465594380060947000e-02 4.500886524865603810e-01
1.713210588271135704e-01 -4.812306600963500713e-02 -3.801681168206125783e-01 -4.358543198260549367e-01 -3.290916973077622765e-01 -3.772963369207494311e-01 -1.713210588271135704e-01 4.812863825038687926e-02
1.215787234197278632e-01 -1.395432898527747545e-01 3.386433593194249081e-01 3.065166556698304401e-01 3.080318030742046909e-01 2.788091823445278949e-01 -1.215787234197278632e-01 1.396791515004461304e-01
1.487340744847193141e-01 1.275831692054559818e-01 1.177031714757994507e-01 7.604271035210774521e-02 1.165642763064572429e-01 7.530692155051618708e-02 -1.487340744847193141e-01 -1.276870057344340337e-01
-2.980405356390843918e-01 -4.059285060655863919e-01 -6.987092533982874887e-02 -4.214049635725403142e-02 -6.963948814917758634e-02 -4.200091214476316115e-02 2.980405356390843918e-01 4.092729094607253648e-01
-1.874552407187963787e-01 -4.319724901126547056e-01 -3.679924367453999423e-01 3.549100491917721589e-01 -3.276543932106543711e-01 3.160060512133535116e-01 1.874552407187963787e-01 4.360027984609115004e-01
-4.724083550800239895e-02 -3.925617771172795756e-01 3.065177574464306165e-02 -3.168832668192599344e-01 2.920734408848607230e-02 -3.019504868813741583e-01 4.724083550800239895e-02 3.955865588208862249e-01
2.901011234337894651e-01 -9.165163369926654369e-02 -3.965782076779771348e-01 -4.576612406662131649e-01 -3.392249491750412016e-01 -3.914741357408274003e-01 -2.901011234337894651e-01 9.169012748605255558e-02
-1.695178911338042216e-01 8.848523682577091876e-02 -1.529279094172176778e-01 -2.865444975961041196e-01 -1.454482231988206975e-01 -2.725296396294015211e-01 1.695178911338042216e-01 -8.851987719058335147e-02
2.676322349393081002e-01 7.029469876543681384e-02 -1.079934927420189705e-01 4.831857931626658553e-01 -9.678098683997074514e-02 4.330186634582455230e-01 -2.676322349393081002e-01 -7.031206628220640353e-02
1.257633388317952461e-01 -1.472625281640992378e-01 3.761015216317321608e-01 1.664844348547038777e-01 3.478294630492994033e-01 1.539695753698113179e-01 -1.257633388317952461e-01 1.474222067803774849e-01
1.228340076529895741e-01 2.675514270498843272e-01 3.589801509717840400e-01 4.982729864791252128e-01 3.059010452074864550e-01 4.245979254006180814e-01 -1.228340076529895741e-01 -2.685090439887871105e-01
-9.785394176074302397e-02 2.935907208708746774e-01 8.080871257151922560e-02 -1.263103219129000365e-01 7.991528524727274652e-02 -1.249138253057863190e-01 9.785394176074302397e-02 -2.948560309869908136e-01
2.588901036227373442e-01 -4.070619393591552448e-01 2.803579622920641112e-01 -4.499490729210579021e-01 2.477017348613100300e-01 -3.975387930865231234e-01 -2.588901036227373442e-01 4.104344357723201941e-01
1.917316564148106028e-01 -1.084431462582174932e-01 -3.411850520277841525e-01 4.945899027437070661e-01 -2.924534298756510942e-01 4.239473932975317272e-01 -1.917316564148106028e-01 1.085069103725955081e-01
4.563789416359197437e-01 -3.674803779147072236e-01 -4.499135241919384187e-01 3.661268300230627881e-01 -3.891788878402648311e-01 3.167027103103258745e-01 -4.563789416359197437e-01 3.699616390168928848e-01
-9.289842430201800116e-02 3.044222086620318457e-02 -2.869520814267867426e-01 3.469183001730890004e-01 -2.616566895679648952e-01 3.163367678759844148e-01 9.289842430201800116e-02 -3.044363145036096605e-02
3.572442769312531574e-01 1.053815310534842453e-01 -4.250010718459539261e-01 -4.303285932171235784e-01 -3.636596382487380930e-01 -3.682182255628524414e-01 -3.572442769312531574e-01 -1.054400455559044714e-01
4.599626473404817562e-01 -3.296721630840571127e-01 4.454772931747155162e-01 -5.534717342191952660e-02 4.064070898864404757e-01 -5.049299712571556076e-02 -4.599626473404817562e-01 3.314636631863870919e-01
-1.990208301590661311e-01 1.093599872216713953e-01 -3.241329991121955079e-02 -1.825875530170300021e-01 -3.186994655816243610e-02 -1.795267860037967622e-01 1.990208301590661311e-01 -1.094253823440406309e-01
2.545580166234636676e-01 1.241357240483891289e-01 -2.761658705158915872e-01 -9.329362975673549663e-03 -2.661903549652647194e-01 -8.992372726779204739e-03 -2.545580166234636676e-01 -1.242313686250902660e-01
-3.758685080299616343e-01 -4.709647067203671655e-01 -1.289185555530181215e-01 9.646806216213077434e-02 -1.272791878899112716e-01 9.524134486800052424e-02 3.758685080299616343e-01 4.761878879339006554e-01
3.102940591393943404e-02 1.411291237789147335e-01 -4.756961478067837090e-01 -3.634616108925093902e-01 -4.081475651083711353e-01 -3.118502686643543909e-01 -3.102940591393943404e-02 -1.412696702481325561e-01
-3.387948290335562884e-02 3.105286161086150409e-01 2.451752001600457920e-01 -1.081135163646158581e-01 2.368207659750309613e-01 -1.044295089430287704e-01 3.387948290335562884e-02 -3.120257991109334772e-01
4.649452122746865479e-01 1.500022193259552550e-01 1.347357677351886940e-01 -2.713703777859751698e-01 1.289472930851075783e-01 -2.597118510339373465e-01 -4.649452122746865479e-01 -1.501709768162911851e-01
-6.204079393722172764e-02 4.383425738128063909e-01 -4.112623390445609983e-01 -3.256325513411099104e-01 -3.641953034454546434e-01 -2.883654411996700584e-01 6.204079393722172764e-02 -4.425538232347410728e-01
2.239112626196140265e-01 3.439629818733149769e-01 -4.375078733339422543e-01 2.590409453891753255e-01 -3.899928225720509234e-01 2.309080947143253015e-01 -2.239112626196140265e-01 -3.459977040574661600e-01
4.890811615793558831e-01 3.447798745518430019e-01 -3.348746978482675107e-01 -4.466683170772017819e-01 -2.923968899014938172e-01 -3.900098382174136402e-01 -4.890811615793558831e-01 -3.468291282441469114e-01
-1.812012031375663801e-01 -1.414262054599688678e-01 -4.799880611186434498e-01 -2.156232543335985241e-01 -4.247712018185292870e-01 -1.908183896696249437e-01 1.812012031375663801e-01 1.415676413643729981e-01
3.571542470728296115e-01 4.980367764168001088e-01 -3.788405594038801727e-01 1.972045563499356113e-01 -3.483954365308759016e-01 1.813564197126191768e-01 -3.571542470728296115e-01 -5.042134442226055002e-01
4.329046271873459029e-01 1.010922155578897197e-01 -2.421510616793762782e-01 -3.538987856370887641e-01 -2.225523901322267184e-01 -3.252557311217216807e-01 -4.329046271873459029e-01 -1.011438718403960269e-01
-9.806306895586358596e-02 -2.060733244688432997e-01 -2.193754340808118375e-02 3.716701260519040817e-01 -2.055883972899660850e-02 3.483118602396607089e-01 9.806306895586358596e-02 2.065108821745701428e-01
2.964357539879461934e-01 -2.985856810102258674e-01 1.141355247329844946e-01 4.982948829951414638e-01 1.016265981276974206e-01 4.436831910284334546e-01 -2.964357539879461934e-01 2.999166775758301262e-01
-1.358689613251781170e-01 1.011770025280688268e-01 1.608312291177023123e-01 -2.426826641312822552e-01 1.544198895630196633e-01 -2.330084175790658740e-01 1.358689613251781170e-01 -1.012287888934123303e-01
3.830067682907961624e-01 -1.153601311825063203e-01 -1.137455696631602953e-01 2.937322082743739626e-01 -1.084907816316419554e-01 2.801624446599979001e-01 -3.830067682907961624e-01 1.154368915823045516e-01
-2.082586542169309052e-01 1.949553125533443065e-02 -1.386421764258944922e-01 -2.790381059577931033e-01 -1.323656946122570288e-01 -2.664057480238273268e-01 2.082586542169309052e-01 -1.949590174425681194e-02
3.146930701668074759e-01 -8.092695405418559584e-02 -1.980641257343133121e-01 1.390291462969338587e-01 -1.925078258095023198e-01 1.351289567383642531e-01 -3.146930701668074759e-01 8.095345428082741102e-02
1.586923514330884633e-01 -3.168461872220044162e-01 -2.112242594981301735e-01 1.135843319362550563e-01 -2.053998392393958095e-01 1.104522916792494980e-01 -1.586923514330884633e-01 3.184366205229408053e-01
2.169783035673389371e-03 4.392140485664528526e-01 4.382947672260624206e-01 3.980487320545111896e-01 3.771479405209006708e-01 3.425166594423076361e-01 -2.169783035673389371e-03 -4.434504652820450699e-01
-1.458973676188695112e-01 3.849387265956355497e-01 4.871784474293117118e-02 4.798498009766114514e-01 4.388052658874148221e-02 4.322042992965465236e-01 1.458973676188695112e-01 -3.877906957248881126e-01
-1.818808926434036799e-01 4.016940528296764068e-01 -3.133712485431628947e-01 -2.689431121487309007e-01 -2.896459859071466858e-01 -2.485814931439888631e-01 1.818808926434036799e-01 -4.049348825295689402e-01
7.347978414433575800e-02 3.854854480138669715e-03 -5.690712564583000344e-02 3.189951709348350928e-01 -5.413600833742546192e-02 3.034615619281788024e-01 -7.347978414433575800e-02 -3.854857344276864557e-03
-3.530143711540524309e-01 3.750787330183615875e-01 3.130865641580228287e-01 2.945715917977296261e-01 2.876356490693474099e-01 2.706257652160562466e-01 3.530143711540524309e-01 -3.777171128916795295e-01
2.678841222754800855e-01 -9.385068401793372761e-02 -3.179298583580509874e-01 -1.820405508741507195e-01 -2.985265891351963075e-01 -1.709306103472374161e-01 -2.678841222754800855e-01 9.389201562872784290e-02
1.683436483460107880e-01 -2.642244302259709743e-01 3.961156472443239096e-01 2.939997805481693316e-01 3.552437435543865374e-01 2.636643701723812017e-01 -1.683436483460107880e-01 2.651467657045000759e-01
5.063947095236887019e-02 3.905037971817667541e-01 -3.337286869255963184e-01 2.883841369167903235e-01 -3.053466406317537074e-01 2.638584301224954909e-01 -5.063947095236887019e-02 -3.934812561688408872e-01
2.399515177978946978e-01 -1.337144961162894941e-02 -1.112487590660959924e-03 2.670477692104666900e-01 -1.074821711635827633e-03 2.580062400703198033e-01 -2.399515177978946978e-01 1.337156914949002608e-02
3.118358859642539338e-01 -3.092215376048630393e-01 -1.161395718404356625e-01 -4.212868658921959941e-01 -1.064215605455692271e-01 -3.860355690582099597e-01 -3.118358859642539338e-01 3.106998942250216444e-01
-3.092783871471139756e-01 -3.240774552652267992e-01 2.092889614227996242e-01 -3.782468346853813390e-01 1.921074832097878493e-01 -3.471948398495965371e-01 3.092783871471139756e-01 3.257792863984052545e-01
9.954339625765551425e-02 4.815754885479198721e-01 7.921356232139142861e-02 -4.212584500534933829e-01 7.280690683772429728e-02 -3.871877975037908981e-01 -9.954339625765551425e-02 -4.871597163434868705e-01
3.752945800236828777e-01 -4.836104228054084464e-01 4.972932965771920122e-01 -2.821759436817030675e-01 4.317075054073384877e-01 -2.449610191234110890e-01 -3.752945800236828777e-01 4.892657399016880349e-01
-6.263247411821581956e-02 -3.652743291117992452e-01 3.169270590932301568e-01 -1.578667224187104701e-01 2.987532811058764559e-01 -1.488140565686012218e-01 6.263247411821581956e-02 3.677111716075107117e-01
-1.656358458387600097e-01 -2.654660117373787154e-01 -1.576974802845474422e-01 1.619456202966995662e-01 -1.538168077766600139e-01 1.579604081339928690e-01 1.656358458387600097e-01 2.664014104759632739e-01
-1.538042860445196780e-01 -2.060473421184604303e-01 1.214638804686373197e-01 3.690833601108772788e-01 1.132176190556056367e-01 3.440260520540984746e-01 1.538042860445196780e-01 2.064847343392420265e-01
-4.468201712210043697e-01 -2.181717362379759217e-01 2.501953983211968602e-02 2.801387028675191848e-01 2.408506001996527437e-02 2.696755223218584296e-01 4.468201712210043697e-01 2.186909730416072839e-01
3.464969771473587201e-01 -4.191158401777020925e-01 -2.058881245802957061e-01 -3.371052558727938298e-01 -1.914902954305471583e-01 -3.135313664635196451e-01 -3.464969771473587201e-01 4.227968945237762788e-01
4.574440528259551275e-01 -2.498370013079465046e-02 3.583363313479570600e-02 3.366161074970748235e-01 3.394160729515483671e-02 3.188426829875362079e-01 -4.574440528259551275e-01 2.498447985367801757e-02
-4.720236869995874107e-01 -1.558133828047992830e-01 3.775478166903326604e-01 8.241169953493643341e-02 3.521671380775347471e-01 7.687156721960036743e-02 4.720236869995874107e-01 1.560025231919928423e-01
1.960661747706572422e-01 -8.227496644915732738e-02 4.401463106970748829e-01 3.663723538852220463e-01 3.819486521165888493e-01 3.179293415355950447e-01 -1.960661747706572422e-01 8.230281311131795730e-02
-2.024402811968911697e-01 -4.439326902414534315e-01 -2.166409551237857833e-02 -1.457732072034894077e-01 -2.143259674074863078e-02 -1.442154999645750002e-01 2.024402811968911697e-01 4.483071193666922638e-01
-2.824946639044387808e-01 -9.867970542158399638e-02 -2.309945780626873058e-01 -2.405922061138283663e-01 -2.191276829789756964e-01 -2.282322516427900405e-01 2.824946639044387808e-01 9.872775101230757411e-02
3.915261645833937321e-01 -3.752029673400008036e-01 -3.733719524310650240e-01 -3.002526844440968068e-01 -3.367186176124313257e-01 -2.707773526697987987e-01 -3.915261645833937321e-01 3.778439697500074468e-01
1.487221982847004575e-01 -1.789024726922860964e-01 4.760379987543643665e-01 -3.654772899518414775e-01 4.081713316903290423e-01 -3.133727822832713672e-01 -1.487221982847004575e-01 1.791887711667555505e-01
-2.496317857686556341e-01 4.804899518927674418e-02 -3.216776146180290175e-01 9.764977853348910664e-02 -3.049094767605036171e-01 9.255957370170223020e-02 2.496317857686556341e-01 -4.805454173930384654e-02
-1.853528798696449931e-01 2.782389087310626063e-01 -2.934074126216345002e-01 4.830292508229419024e-01 -2.554359333206981386e-01 4.205177585757356451e-01 1.853528798696449931e-01 -2.793159282852269443e-01
2.011642750435168603e-01 2.556846105315416784e-01 -4.133785719094605904e-01 2.463663289297086667e-01 -3.724920104608506199e-01 2.219986603296554839e-01 -2.011642750435168603e-01 -2.565203747450102156e-01
1.900774158765894395e-02 3.753187358671169482e-01 4.565925520117477543e-01 1.396188907360386144e-01 4.120357608328896193e-01 1.259941179890021745e-01 -1.900774158765894395e-02 -3.779621836680140956e-01
3.939041702850811788e-01 -7.504118132524806306e-02 -1.272435976155668058e-01 1.368414861423733475e-01 -1.250786769447868596e-01 1.345132671394423107e-01 -3.939041702850811788e-01 7.506230984107362114e-02
4.379876976049715820e-01 4.862583853515682897e-01 -8.260106773247821721e-02 1.926225665184728708e-01 -8.084454535871830883e-02 1.885264227630850942e-01 -4.379876976049715820e-01 -4.920071074574276504e-01
3.224017910674681353e-02 4.482841812621995992e-01 -6.337611097772255508e-02 1.980142466192128525e-01 -6.204922311828413306e-02 1.938684778779400375e-01 -3.224017910674681353e-02 -4.527885117377585256e-01
-1.476222221977125937e-01 -2.965793930671756229e-01 -1.672389085080985272e-01 1.601481839496410320e-02 -1.649275379747698611e-01 1.579348126914247030e-02 1.476222221977125937e-01 2.978837393972635916e-01
-2.279779838793897229e-01 -2.833887429811370318e-01 4.544058391610993342e-01 -2.892364979602560782e-01 4.000599498546676958e-01 -2.546444805457191429e-01 2.279779838793897229e-01 2.845266788546577663e-01
4.052674087383590917e-01 2.492006073663388666e-01 1.205562258512306029e-01 4.281316809818782598e-01 1.101518898442360450e-01 3.911827317864071119e-01 -4.052674087383590917e-01 -2.499743869984284161e-01
-4.470671508852627207e-01 4.259788858755007013e-01 1.093407692054664260e-01 -2.571983784030659193e-01 1.053055621297387667e-01 -2.477065052075566598e-01 4.470671508852627207e-01 -4.298437499479585977e-01
3.574379385469395043e-02 -3.714290568042595275e-01 -2.833340901449256100e-01 -1.630632215313267963e-01 -2.693090514078578801e-01 -1.549915913318046512e-01 -3.574379385469395043e-02 3.739911659739421634e-01
-3.240965182740425110e-01 -1.640179821158832540e-01 2.701845528954633924e-01 -5.025749486923614118e-02 2.605254520836007281e-01 -4.846078886109716349e-02 3.240965182740425110e-01 1.642386018708864304e-01
2.552836327239450531e-01 1.990452834211167144e-01 -3.569694692663492042e-01 2.047479762736758024e-01 -3.301102512867676309e-01 1.893422595413309650e-01 -2.552836327239450531e-01 -1.994395824226453673e-01
-1.191295383278186959e-01 -2.498588201072736714e-01 -2.706060951518401980e-01 1.537853127818951116e-01 -2.583797623164817980e-01 1.468370937545072641e-01 1.191295383278186959e-01 2.506387472930797222e-01
2.401749397325856350e-01 2.356662121630479501e-01 3.714702444712055796e-01 4.919594017083722681e-01 3.162148452109027064e-01 4.187814996668455803e-01 -2.401749397325856350e-01 -2.363206403081504203e-01
2.725377474183455773e-01 1.126449672476320663e-01 -6.505632644107539608e-02 -2.649789446512319513e-01 -6.276206231995841434e-02 -2.556342472355948026e-01 -2.725377474183455773e-01 -1.127164342199301755e-01
3.861403755906513968e-01 2.906184760505192699e-01 4.016409511152497780e-01 -3.792762791782020582e-01 3.515645846672906805e-01 -3.319883273684869351e-01 -3.861403755906513968e-01 -2.918457447770245183e-01
-4.568098402788666190e-01 -3.273719062320334938e-01 -3.448817092072780088e-01 -2.883232304061844609e-01 -3.145608128203863929e-01 -2.629747745104685785e-01 4.568098402788666190e-01 3.291261673031419810e-01
1.102680245512897006e-01 -5.629841627923248826e-02 3.091034862984921583e-01 3.197617996836527032e-01 2.824314757570453582e-01 2.921701015308907912e-01 -1.102680245512897006e-01 5.630733820361808611e-02
2.342129873053530043e-01 -3.424561238071658353e-01 -1.251934673889898431e-02 -2.715641002311089958e-01 -1.208089137663787525e-02 -2.620533215597280474e-01 -2.342129873053530043e-01 3.444642213945678377e-01
2.802844441963890931e-01 9.448097069899730194e-02 4.414520028500473758e-01 -4.761291856451796978e-01 3.702525100346817921e-01 -3.993367907445611320e-01 -2.802844441963890931e-01 -9.452314064491763868e-02
-3.729517388886006701e-01 -9.514978604907875503e-02 4.004202849971935096e-01 -3.341084144570839465e-01 3.550410077374242523e-01 -2.962442029210071159e-01 3.729517388886006701e-01 9.519285789182173330e-02
-2.503647251737572965e-03 2.398216997062552203e-03 -4.254148141778933967e-01 2.261158307787950461e-01 -3.832556354807110099e-01 2.037074486577183374e-01 2.503647251737572965e-03 -2.398217686723182022e-03
1.815590429982288923e-01 3.384229943926029271e-01 2.502779864948867505e-02 4.485561542914834332e-01 2.282975811906274438e-02 4.091621739773254052e-01 -1.815590429982288923e-01 -3.403609757535551728e-01
-5.203360977305282464e-02 -3.262024971652045524e-01 -1.892720372256062600e-01 -3.589388016025006900e-01 -1.753826776293731238e-01 -3.325987771510512392e-01 5.203360977305282464e-02 3.279380260590786245e-01
-2.009097697080146627e-01 1.758157306150851529e-01 -7.450084122820233024e-02 4.707680311982247456e-01 -6.725247876434442551e-02 4.249658997018924134e-01 2.009097697080146627e-01 -1.760874641219196957e-01
-3.349133824047728636e-01 1.632798868693474681e-01 1.533040480273152317e-01 -4.311091742192038057e-01 1.394043469147933367e-01 -3.920215653424611868e-01 3.349133824047728636e-01 -1.634975415829098278e-01
-1.950798379108863445e-01 -1.305696262499120852e-01 -1.636732564260016121e-01 6.140732421161143595e-02 -1.612282446195451024e-01 6.048999882822985591e-02 1.950798379108863445e-01 1.306809265889413152e-01
-6.399244970143325162e-03 1.192375902986686498e-02 -4.014243764084562960e-01 3.374704638367684861e-01 -3.555035213763109714e-01 2.988656028511698093e-01 6.399244970143325162e-03 -1.192384379350258650e-02
-6.086998866494108817e-03 -7.783645958921370234e-02 -2.699118141800358472e-01 4.865212969103458462e-01 -2.358630787117909355e-01 4.251477887203027883e-01 6.086998866494108817e-03 7.786003825493807706e-02
-7.960922515434842861e-02 -2.963908886238963980e-01 5.717616129148384019e-02 1.448915347924384367e-02 5.707696072623400646e-02 1.446401481685961887e-02 7.960922515434842861e-02 2.976927494255832696e-01
1.252248400713202869e-01 1.653974631493444480e-01 -1.007495433495828596e-01 4.963756020020037019e-01 -8.987834441349898396e-02 4.428150821527142567e-01 -1.252248400713202869e-01 -1.656236964525497346e-01
-1.385164577967982202e-01 2.089096285535330111e-02 -4.951398603547079169e-01 -1.835530730307913805e-01 -4.378417802439604212e-01 -1.623121277440236487e-01 1.385164577967982202e-01 -2.089141872993202642e-02
-3.920623508598038987e-01 3.592482458426453640e-01 4.154207274221284329e-01 -1.611719737711019285e-01 3.794547042890848432e-01 -1.472181323895681848e-01 3.920623508598038987e-01 -3.615664622378371718e-01
-2.306964598214555906e-01 -4.445776888472673383e-01 -1.751136441105038966e-01 3.471091360019177285e-01 -1.632127617122411667e-01 3.235192836640002900e-01 2.306964598214555906e-01 4.489712127732413127e-01
3.507950893767787237e-01 4.394673093641499051e-03 8.500607460344600241e-02 -1.055019137984182231e-01 8.423643957089799184e-02 -1.045467118409238588e-01 -3.507950893767787237e-01 -4.394677337390883939e-03
-3.420876933250630580e-01 2.651890409169717078e-01 2.149815902234945009e-01 -3.872048719309046927e-01 1.965664577362795651e-01 -3.540372457686369323e-01 3.420876933250630580e-01 -2.661215148975932809e-01
-4.795163872087673251e-01 4.248430561301189679e-01 2.373706620965468916e-01 3.258809658263306375e-02 2.308373014032294168e-01 3.169114584995822576e-02 4.795163872087673251e-01 -4.286770867522014528e-01
1.714439925915878238e-02 2.597450917212982269e-01 -1.728763602991908455e-01 3.690701691496360848e-01 -1.600913600561235939e-01 3.417757363300144569e-01 -1.714439925915878238e-02 -2.606213094846749900e-01
-3.197303111232308037e-01 -7.063205165966057741e-02 7.680822816992716184e-02 1.629414915563951460e-01 7.559156758512208807e-02 1.603604596132102711e-01 3.197303111232308037e-01 7.064967042489297966e-02
4.345439630578022960e-01 4.204331046314661036e-01 3.314360527199229356e-01 4.991611014335306518e-02 3.142539047181029388e-01 4.732838323458794794e-02 -4.345439630578022960e-01 -4.241489764015929365e-01
-4.085854130743498125e-01 4.407985623527981289e-01 1.099053161727108208e-01 6.394806603823466329e-02 1.090274434770714673e-01 6.343727854342695593e-02 4.085854130743498125e-01 -4.450809947173064995e-01
-3.929592337317675543e-01 3.974568165033957046e-01 2.758810908831693665e-01 -8.250644200111179050e-02 2.651088407408969672e-01 -7.928483653065476755e-02 3.929592337317675543e-01 -4.005961673439771831e-01
-1.046590328743384202e-01 3.291171565417043698e-01 -4.087555955246764405e-01 -1.149529078680969763e-01 -3.762429496534314133e-01 -1.058094900744201566e-01 1.046590328743384202e-01 -3.308996238403304480e-01
-2.999748275266078679e-01 3.419251093162825050e-01 2.581868815339665169e-01 -3.559172624282399555e-01 2.363483181911829600e-01 -3.258122406930180071e-01 2.999748275266078679e-01 -3.439238800768938953e-01
-5.644394895106030763e-02 1.616880249802290503e-01 -3.136580161054076665e-01 -8.487699201179699227e-02 -2.983047940647789442e-01 -8.072235467563575184e-02 5.644394895106030763e-02 -1.618993756229284431e-01
-8.469248438714871430e-02 2.355658470284418549e-01 -7.014518463973984375e-02 1.000569913890447804e-01 -6.962728224134946686e-02 9.931824137958578103e-02 8.469248438714871430e-02 -2.362194394092682337e-01
-1.302927974608105721e-01 -8.215328518046338679e-02 3.008460187195747260e-01 -2.023754301579363535e-01 2.828289564658519883e-01 -1.902555731649868409e-01 1.302927974608105721e-01 8.218100847308154600e-02
-1.661255785489076375e-01 4.875456069611546761e-01 -2.437048760486428822e-01 7.956186940846365907e-02 -2.360707723697412774e-01 7.706957803621303227e-02 1.661255785489076375e-01 -4.933401040239133173e-01
1.549281206138899414e-01 -3.945249816008713495e-01 -1.720276483620097885e-01 -4.113669001904881606e-01 -1.571165535530625601e-01 -3.757102432030308692e-01 -1.549281206138899414e-01 3.975953715029704183e-01
2.788932316015663160e-01 -8.470506875870353891e-02 -1.884616097886958608e-01 -2.249608749645922723e-01 -1.808351940785214995e-01 -2.158574551597411684e-01 -2.788932316015663160e-01 8.473545648473963798e-02
-1.236677330705421296e-01 2.222804036461422106e-01 2.493389824657362697e-01 -6.209679664063161297e-03 2.419275342071861845e-01 -6.025100746329351865e-03 1.236677330705421296e-01 -2.228295315774916630e-01
-2.601253209475266059e-01 5.348851696730072547e-02 2.279627831155851547e-01 2.421573712154883040e-01 2.163135395082349532e-01 2.297827626497802866e-01 2.601253209475266059e-01 -5.349616855701227330e-02
4.560582640482870875e-01 -9.147691261827017861e-02 3.678526353451634368e-01 4.512794228430957455e-01 3.178986346672437180e-01 3.899961522380544499e-01 -4.560582640482870875e-01 9.151518667533560525e-02
-4.231044505668186684e-01 -4.204136438798244946e-03 4.694420811971369289e-01 -2.573812192217450612e-02 4.248321456670384744e-01 -2.329229099733277908e-02 4.231044505668186684e-01 4.204140154154044871e-03
2.020971592884499568e-01 -1.701952596702329679e-01 -1.056204003417516857e-01 -3.572030514106291355e-01 -9.897686039863461127e-02 -3.347349227899148461e-01 -2.020971592884499568e-01 1.704417570934972925e-01
-2.522003575167978129e-01 -4.444619979327346648e-01 -1.669683756170576849e-01 1.692033682769619185e-01 -1.624417958956545782e-01 1.646161970069232039e-01 2.522003575167978129e-01 4.488520928165784518e-01
-4.580219987289702033e-02 -1.654365526203993575e-01 5.276199767718181555e-02 -2.581027436169250899e-01 5.102123503228850332e-02 -2.495872280107537533e-01 4.580219987289702033e-02 1.656629463631330013e-01
-3.410213114539853985e-01 1.816586069363500533e-01 -6.304505307314911544e-02 -2.042574459408880161e-01 -6.165216561257245986e-02 -1.997446789383704457e-01 3.410213114539853985e-01 -1.819583422705783604e-01
4.026474290190248384e-01 -3.428778363443107935e-02 1.359220202882566175e-01 -1.744885451179355451e-01 1.327145139896392656e-01 -1.703709407274517362e-01 -4.026474290190248384e-01 3.428979915968403958e-02
-5.924601638405202486e-02 1.660530568310198962e-01 1.646458722245670581e-01 2.696727219570500544e-01 1.569956945370526435e-01 2.571425308713407576e-01 5.924601638405202486e-02 -1.662819910062268702e-01
-2.089620241966716474e-01 -5.133657820632597790e-02 4.494294742978481860e-01 -2.334018376554243268e-01 4.009467079612948903e-01 -2.082233226609433163e-01 2.089620241966716474e-01 5.134334294084903771e-02
-2.652066533782457824e-01 3.653949766281046063e-01 -3.249165343826228014e-01 4.663903543446545896e-02 -3.087107309873274863e-01 4.431282867421761085e-02 2.652066533782457824e-01 -3.678342345367353050e-01
3.618424205107224623e-01 -1.749726409274868777e-01 -3.358918310703337129e-01 1.890647650651073874e-01 -3.134158336152890190e-01 1.764136113740485123e-01 -3.618424205107224623e-01 1.752404840163951094e-01
2.157349139580311270e-02 -3.921422900023285862e-01 -4.928615411437556881e-01 2.855948383836687254e-01 -4.282552886305464046e-01 2.481579302364722017e-01 -2.157349139580311270e-02 3.951573853206012399e-01
-3.247851352449599993e-01 2.549316510886703302e-01 1.669954622031760705e-01 -4.419990324707439022e-01 1.509895692892830876e-01 -3.996350718670498292e-01 3.247851352449599993e-01 -2.557600533591481984e-01
-4.750254580545177907e-01 3.833996755908982701e-01 -7.483618659823110253e-02 -1.540144656140481905e-01 -7.376260595177802637e-02 -1.518050137823461765e-01 4.750254580545177907e-01 -3.862175733230996943e-01
1.414546587069310801e-01 -3.611654345390445942e-01 3.839293098116929315e-01 4.394579125764899175e-01 3.315994593948609626e-01 3.795594723117957647e-01 -1.414546587069310801e-01 3.635209640104643536e-01
9.915722603272913993e-02 3.901998172423971623e-01 1.540390781779873430e-01 4.707367141187989157e-01 1.380353240575362406e-01 4.218299385308435512e-01 -9.915722603272913993e-02 -3.931703284089068107e-01
3.938272516290294289e-01 -2.203067638037681242e-01 2.765944007016575279e-01 1.564669927432521535e-01 2.636042515051257862e-01 1.491185808632161658e-01 -3.938272516290294289e-01 2.208413940158598932e-01
3.235181243394844586e-01 1.803947580997368183e-01 -4.712426062914802927e-01 4.830469323805861581e-01 -3.906184723157098415e-01 4.004032153802852823e-01 -3.235181243394844586e-01 -1.806882808346942093e-01
2.015487985287336414e-01 -2.897155897948204828e-01 -3.614061274870783436e-01 -4.006488522254482154e-01 -3.180605978155373048e-01 -3.525967153323681935e-01 -2.015487985287336414e-01 2.909314554776105122e-01
6.248473578616575708e-02 -4.373165867151889152e-01 6.754474111296704386e-02 3.660064666192852645e-02 6.734629794281800363e-02 3.649311573896665828e-02 -6.248473578616575708e-02 4.414983346739269621e-01
-1.544721986993949914e-01 3.165445055182241063e-01 -5.616582170191897205e-02 -3.962450838533209119e-01 -5.214495308044652527e-02 -3.678781985162886126e-01 1.544721986993949914e-01 -3.181304002011988707e-01
4.479500297521538110e-01 -3.779015519703343706e-01 -4.844528748277407981e-01 4.560983484811880206e-01 -4.033299452346368885e-01 3.797234601609841831e-01 -4.479500297521538110e-01 3.805999501225832971e-01
-2.851830361823506355e-01 2.618508609300368439e-01 -2.346551073790489328e-01 -6.356964117579522178e-02 -2.280135639253705326e-01 -6.177040254459940927e-02 2.851830361823506355e-01 -2.627485625786519785e-01
3.566416606358137065e-01 -1.216620834922303995e-01 -1.374153101365682694e-02 -3.549601550731303901e-01 -1.294881865468273593e-02 -3.344834482498380002e-01 -3.566416606358137065e-01 1.217521235475383240e-01
-4.402802722705547733e-01 4.129338073639563511e-01 -1.709746458081975451e-01 2.196535742988678930e-01 -1.647127049904739404e-01 2.116087693153033966e-01 4.402802722705547733e-01 -4.164543639236130135e-01
-2.908996943621489084e-01 1.685925998038171336e-01 -9.628468885378871356e-02 -2.127929300580584382e-01 -9.376123508369564596e-02 -2.072159984815378220e-01 2.908996943621489084e-01 -1.688321990943499606e-01
-2.947995078479759279e-02 1.883724385560338055e-01 3.686719770538712249e-01 -1.351078453822908143e-01 3.431663087096896159e-01 -1.257607397992859533e-01 2.947995078479759279e-02 -1.887066505905010128e-01
-1.818128060129523549e-01 1.947310230264085451e-01 -4.295859215537627396e-01 -2.558016046585591674e-01 -3.842366297240146222e-01 -2.287978760954315072e-01 1.818128060129523549e-01 -1.951002347142193338e-01
3.743493304247221820e-01 -2.629780015919571667e-01 4.197694127312372459e-01 4.008440319556380027e-01 3.630481293996559167e-01 3.466800380610031707e-01 -3.743493304247221820e-01 2.638873457198647743e-01
-6.375906633483907626e-02 4.895258011082732619e-01 -1.936131721028091501e-01 -3.006209007653445342e-01 -1.823087436763196900e-01 -2.830686473762822342e-01 6.375906633483907626e-02 -4.953911893574035052e-01
1.681710222677123001e-01 3.338923337273272951e-01 2.160258151400020754e-01 2.733583153156079470e-01 2.039984844750512005e-01 2.581389729134788702e-01 -1.681710222677123001e-01 -3.357535178852182889e-01
-1.185002452747552226e-01 8.863793587180890388e-02 3.726074418900118257e-01 4.167435511095258782e-01 3.252370154266709945e-01 3.637620012999741581e-01 1.185002452747552226e-01 -8.867275588299911027e-02
-2.597144534358073464e-01 1.400134989092856053e-01 -1.644214277915566624e-01 4.200464441939290028e-01 -1.498787849073610901e-01 3.828944408648217168e-01 2.597144534358073464e-01 -1.401507385999056499e-01
5.392727282158593649e-02 -2.553978441101006913e-01 3.700509342855119455e-01 1.311622597634058973e-01 3.444546299662486488e-01 1.220898083653610272e-01 -5.392727282158593649e-02 2.562307993894456515e-01
-1.751941296087983213e-01 2.334270148081796226e-02 -7.540359872649482487e-02 3.018917492790236246e-01 -7.199851444018530444e-02 2.882588873334664403e-01 1.751941296087983213e-01 -2.334333743137573247e-02
3.905046207888843712e-01 2.777074855567756018e-01 -4.155011477279491050e-01 1.436931155631384627e-01 -3.803640163626072490e-01 1.315416115168895339e-01 -3.905046207888843712e-01 -2.787783457206375881e-01
-2.671171673707113392e-01 -1.529980976353039201e-01 1.249868180309374743e-01 2.119107247812070938e-01 1.213677136823376884e-01 2.057746614934709006e-01 2.671171673707113392e-01 1.531771698055187092e-01
5.692109554494872992e-02 3.757258186062505390e-01 1.605863698607442602e-01 1.466420437265448795e-01 1.569187407892034536e-01 1.432928888565019043e-01 -5.692109554494872992e-02 -3.783778772448061489e-01
-4.296174048930431200e-01 2.622885113660706757e-01 -1.181994909262502613e-01 -5.893903943919642785e-03 -1.173803429767127926e-01 -5.853057919181304906e-03 4.296174048930431200e-01 -2.631907217246884922e-01
3.233653069311861472e-01 4.983614593457569297e-01 3.022290442477819639e-01 6.412809074955050370e-02 2.887612844836167092e-01 6.127045103296038103e-02 -3.233653069311861472e-01 -5.045502152124244910e-01
1.567088061886622308e-01 -1.905876613284142040e-01 -3.605844530828014038e-01 1.711830179342573865e-01 -3.348917428510257976e-01 1.589857209105397240e-01 -1.567088061886622308e-01 1.909338033670112400e-01
3.820046494678914772e-01 -4.170267703685895944e-01 2.545720766673765789e-01 -2.107069801485497162e-01 2.417157661607908514e-01 -2.000659294954012513e-01 -3.820046494678914772e-01 4.206530543243107156e-01
-2.781229089644375874e-01 -3.863526218274858648e-01 -2.075874840248663755e-01 8.661601959199050071e-02 -2.025272760000070005e-01 8.450464433504935313e-02 2.781229089644375874e-01 3.892361327153600614e-01
-1.562866930396956677e-01 4.744945055753863050e-01 -2.986759305311120771e-01 -3.473384472638763043e-02 -2.860253762066494176e-01 -3.326267700012571632e-02 1.562866930396956677e-01 -4.798360096981236778e-01
4.155030040986599227e-01 -7.459094476108996119e-02 2.660644826630208515e-01 3.859953791852511751e-01 2.409049155322503799e-01 3.494949167500661646e-01 -4.155030040986599227e-01 7.461169524972946498e-02
2.596494675521735518e-01 -8.798793262254500647e-02 2.927041824818710225e-02 -3.366196098620796162e-01 2.773021850045412698e-02 -3.189067970899676641e-01 -2.596494675521735518e-01 8.802199220700147875e-02
-2.440198824087068674e-01 -9.064634513684655115e-02 2.163274993276865787e-01 4.414385632530082315e-01 1.941374883984595123e-01 3.961575584172403741e-01 2.440198824087068674e-01 9.068358609947622939e-02
-1.323823749323500554e-01 -4.486932272322030624e-01 -4.487868215517351045e-01 -8.498198929789435585e-02 -4.082189226255633629e-01 -7.730007755979631523e-02 1.323823749323500554e-01 4.532098991645223673e-01
4.418066523433661352e-01 -3.001039522799834325e-01 1.423303926199052105e-01 7.745006862293257743e-02 1.404978559278685368e-01 7.645288109369341445e-02 -4.418066523433661352e-01 3.014553561220928435e-01
2.178491793398787957e-01 -2.425642916437770191e-01 -2.623416592822724880e-01 3.294552728979013301e-01 -2.417752823280763241e-01 3.036274979630964044e-01 -2.178491793398787957e-01 2.432778846879648238e-01
7.555854105523451825e-02 4.566205934777487485e-01 -1.301907375323706484e-01 3.173352956190166330e-01 -1.231478743763426559e-01 3.001685669869837425e-01 -7.555854105523451825e-02 -4.613809171918282770e-01
4.633786259380645589e-01 4.494628746832545207e-01 2.330046738908775339e-02 3.428803691869456438e-01 2.203547386007717254e-02 3.242652297992534294e-01 -4.633786259380645589e-01 -4.540028289680036466e-01
1.424780101396861953e-01 8.804186519503753861e-02 2.419732415943341985e-01 2.880001782602003013e-01 2.264802349063107512e-01 2.695601695280872012e-01 -1.424780101396861953e-01 -8.807598744878733510e-02
-2.657114880620760067e-01 4.951266656768488206e-01 -4.822065262214185744e-01 2.500136616835402226e-02 -4.342356213889533856e-01 2.251417843462140758e-02 2.657114880620760067e-01 -5.011956910568522439e-01
-4.443263204149215939e-01 -4.154800194042473915e-02 2.896179203392903467e-01 3.395515206190526936e-01 2.644748439504769344e-01 3.100734765433926787e-01 4.443263204149215939e-01 4.155158802422511538e-02
3.725513490307833520e-01 3.921935263611565636e-01 2.759023121326428241e-01 3.980849227493483689e-01 2.483094873199672981e-01 3.582726883063494516e-01 -3.725513490307833520e-01 -3.952098036689372651e-01
-2.693738485851553399e-01 2.431382508823397570e-01 3.121766338158137311e-01 2.793661965741015552e-01 2.879314656089369540e-01 2.576692478163967182e-01 2.693738485851553399e-01 -2.438569214656045869e-01
-4.371123761392995410e-01 -3.645541248568375803e-01 3.562368034990951449e-01 -1.425290991349841274e-01 3.325948965934987789e-01 -1.330700548700746166e-01 4.371123761392995410e-01 3.669765817295675414e-01
-3.690293168991982675e-01 -2.740320729355993912e-01 -3.172292782770069763e-02 4.623042379955256687e-01 -2.878280443943339109e-02 4.194572627728020420e-01 3.690293168991982675e-01 2.750609753640364530e-01
3.728197456685283795e-01 -4.881032331437484828e-02 -9.237141367917545143e-02 1.796297159764398410e-01 -9.054283566381490789e-02 1.760737787393980014e-01 -3.728197456685283795e-01 4.881613771640806732e-02
4.481896613554043896e-01 4.875544984206638954e-01 -4.460293886086482695e-01 -4.348876513246292541e-01 -3.785801784843467743e-01 -3.691233108488587988e-01 -4.481896613554043896e-01 -4.933493125151517944e-01
2.926213850799261884e-01 4.932551845976205218e-01 -4.644379075576799965e-01 8.064805684502696081e-02 -4.201025652021463386e-01 7.294937602602265259e-02 -2.926213850799261884e-01 -4.992556506182047049e-01
9.651425175862449191e-02 -2.959113298357378685e-01 4.136702585643260432e-01 8.257643120366742195e-02 3.811468663609696161e-01 7.608414512994493561e-02 -9.651425175862449191e-02 2.972068816460267104e-01
4.399892216572319770e-01 4.357728762884349738e-02 -4.160705284798855708e-01 -2.847025852869999873e-03 -3.841450298404771591e-01 -2.628570774294166756e-03 -4.399892216572319770e-01 -4.358142524872021806e-02
1.020640512488245610e-01 3.856481885509427388e-01 6.414680581169507345e-02 -4.846936062912543530e-02 6.394048014082455433e-02 -4.831346084234842964e-02 -1.020640512488245610e-01 -3.885159557403239927e-01
4.491023977466375161e-01 -3.292517397835605930e-01 4.476222337492089531e-01 6.219408229379930209e-02 4.079023896377624303e-01 5.667527856353542226e-02 -4.491023977466375161e-01 3.310363946466986507e-01
-1.415620716518437572e-01 -5.683166995333732707e-02 -1.626141367982590902e-01 -4.547053060702437310e-01 -1.464338537664883477e-01 -4.094616348057215083e-01 1.415620716518437572e-01 5.684084780971489226e-02
1.688732701919982704e-01 -2.159277578125318175e-02 -3.284877406022798096e-01 3.773165997967949936e-01 -2.937764045361467291e-01 3.374455127514652264e-01 -1.688732701919982704e-01 2.159327916064253047e-02
-4.616039077513779398e-01 4.649531000177081763e-01 -4.492537493861378239e-01 -9.902965139852981657e-02 -4.081367119023244783e-01 -8.996616357204857695e-02 4.616039077513779398e-01 -4.699788102788250432e-01
-2.260076081922508529e-01 1.965472305087297977e-01 -8.844970514760941427e-02 4.428086320163208134e-01 -8.061218092370718569e-02 4.035713799057667472e-01 2.260076081922508529e-01 -1.969268694821671717e-01
1.008631794207597299e-01 3.833768477185315326e-01 1.342598916245741902e-01 3.112775251788708619e-01 1.271523973758743875e-01 2.947990132927985063e-01 -1.008631794207597299e-01 -3.861942421421709071e-01
-2.097363328646879577e-01 1.853014829780436079e-01 -4.549573541979105018e-01 -2.444147673358010309e-02 -4.140112000756047683e-01 -2.224174424420359217e-02 2.097363328646879577e-01 -1.856196144899048828e-01
1.685331729938397416e-01 -3.170179730620841241e-01 7.149263917009651692e-02 2.069000178987778771e-02 7.129544936377399389e-02 2.063293497162742296e-02 -1.685331729938397416e-01 3.186109946416998961e-01
-2.530018472796242701e-01 -3.429430137886803065e-01 -3.949334953638867773e-01 2.712279313562755423e-01 -3.561665732122525907e-01 2.446040257527525297e-01 2.530018472796242701e-01 3.449596886501349324e-01
-1.205028116134646554e-01 1.577825909826454653e-01 -8.082153241131095900e-02 -9.046279292700032393e-02 -8.023334599536315059e-02 -8.980444131746173619e-02 1.205028116134646554e-01 -1.579789935925456079e-01
-3.608087541332367643e-01 -2.096722659698917468e-01 3.996587635003918670e-01 -1.561289089330220037e-01 3.672776771076928237e-01 -1.434790582346947840e-01 3.608087541332367643e-01 2.101331513909247273e-01
-2.201432185062408564e-01 3.206911322121480667e-01 -1.455877383237147438e-01 1.975709010812418676e-01 -1.413919697355963401e-01 1.918770027473057638e-01 2.201432185062408564e-01 -3.223401709472923926e-01
3.182753578641435155e-01 -3.158713263949444183e-01 1.052301283286343203e-01 -3.837768113234640843e-02 1.045761551042617282e-01 -3.813917552304331438e-02 -3.182753578641435155e-01 3.174471246549088188e-01
-2.159784130192449192e-01 4.329333476962372584e-01 5.033393396287122457e-02 -3.819451458371712071e-01 4.696900211969915612e-02 -3.564112905950886367e-01 2.159784130192449192e-01 -4.369906103486977389e-01
-2.217171248171460052e-01 -5.546229193282981029e-02 -6.173100591516367253e-02 3.995386306555793743e-01 -5.723095803397774267e-02 3.704131864532855811e-01 2.217171248171460052e-01 5.547082221587334994e-02
-7.734002535364914444e-02 3.382335631963273581e-01 -3.365467131778602239e-01 7.822060786841911195e-02 -3.180945030091741899e-01 7.393192210981638923e-02 7.734002535364914444e-02 -3.401682920418091505e-01
-2.616538987600285360e-01 -8.050871822936711553e-02 -2.493494251973616960e-01 -2.346017688834940440e-01 -2.359067441092508322e-01 -2.219541489448824123e-01 2.616538987600285360e-01 8.053480971098081476e-02
-3.883387680053396185e-01 -1.841161560560471422e-01 4.194138476350562916e-01 3.077087124122996897e-01 3.720828044117702738e-01 2.729836444406743556e-01 3.883387680053396185e-01 1.844282215154260662e-01
3.144408709150505743e-01 1.035349781620515941e-01 -8.490548528861807664e-02 2.071391662087408436e-01 -8.285470942019569629e-02 2.021360029617254861e-01 -3.144408709150505743e-01 -1.035904702790206022e-01
9.965010424618392371e-02 -2.978337231192599299e-01 -3.311311325350232426e-01 8.374638352159313737e-02 -3.133569165766066922e-01 7.925110609161081787e-02 -9.965010424618392371e-02 2.991546890470781483e-01
4.117954842759740108e-01 3.679159939838340110e-01 2.297938384265740819e-02 -1.979810164653303950e-01 2.253612450727448049e-02 -1.941620744789942510e-01 -4.117954842759740108e-01 -3.704060895087413763e-01
-3.789995332341123957e-01 -5.156279951672115835e-02 -3.874611044890663436e-01 -1.742202108172510311e-01 -3.566145167256838944e-01 -1.603501759650663439e-01 3.789995332341123957e-01 5.156965407495196774e-02
3.369398189635341989e-02 -4.760395508051170621e-01 -1.209402641672961964e-01 -4.976411321717556513e-01 -1.076450898385232779e-01 -4.429345739304141882e-01 -3.369398189635341989e-02 4.814334039062918014e-01
2.932820622478350403e-01 3.541115833956239856e-01 -1.478102569791672760e-02 -4.215787351397078941e-01 -1.361888889325896419e-02 -3.884327157646131345e-01 -2.932820622478350403e-01 -3.563317747345546849e-01
4.392429163477107323e-01 -1.550180762429698156e-02 9.531579047405480676e-02 1.944672439018813037e-01 9.315618890524934859e-02 1.900611348729046857e-01 -4.392429163477107323e-01 1.550199388319683895e-02
1.355003785407332684e-01 -1.262860536682776091e-01 -4.266243639795157527e-01 2.876792980510302078e-01 -3.793501554133387188e-01 2.558015801228323838e-01 -1.355003785407332684e-01 1.263867552241782488e-01
4.605936691465583044e-01 -8.049354564687194458e-02 3.702160297176917414e-01 1.005370597299565238e-01 3.456541544384675868e-01 9.386695761711681685e-02 -4.605936691465583044e-01 8.051962237975168746e-02
-8.419044412311560421e-02 3.330583857127910052e-01 4.571393063369825205e-01 4.090339867236687521e-01 3.896676508783663007e-01 3.486624548065698770e-01 8.419044412311560421e-02 -3.349056588830709447e-01
-3.567773390362456443e-01 -1.113378673431697496e-01 -1.586206543917536571e-01 2.829857635503038038e-01 -1.508798190000789907e-01 2.691757952190664271e-01 3.567773390362456443e-01 1.114068752252982686e-01
-4.792670211188286844e-01 4.110177873772002943e-02 -4.285075788484958847e-01 -4.449600858139990400e-01 -3.645575129816512328e-01 -3.785546633652567827e-01 4.792670211188286844e-01 -4.110525051498876981e-02
5.089274503149976425e-02 -4.703735438994330886e-01 3.771936007657046286e-01 -4.021127618670053971e-01 3.303167284938181014e-01 -3.521389856982952704e-01 -5.089274503149976425e-02 4.755770811163675948e-01
-6.603007148286577088e-02 -2.266153297025608193e-01 -3.679517107683832888e-01 1.914518629505714831e-01 -3.398749742482433667e-01 1.768430342509360043e-01 6.603007148286577088e-02 2.271972156367719486e-01
-2.628454801930468765e-02 1.210401141132519953e-01 2.530295608970252186e-01 3.463500341305976171e-01 2.325405289359083194e-01 3.183043903968058586e-01 2.628454801930468765e-02 -1.211287802890709669e-01
-2.803412158812115251e-01 3.524249998652462246e-02 5.442604222707836392e-02 2.034385985591412593e-01 5.325787469834460802e-02 1.990721159856637112e-01 2.803412158812115251e-01 -3.524468860534295256e-02
4.521754802942423712e-01 1.208246135419479561e-01 4.262070486590066043e-01 3.971340145147975731e-01 3.682736863141654604e-01 3.431524840949322641e-01 -4.521754802942423712e-01 -1.209128069750097928e-01
6.828966892726628934e-02 -2.209556348009489302e-01 -3.665336878369237494e-01 4.067990062520843164e-01 -3.214920377945759689e-01 3.568093352198998258e-01 -6.828966892726628934e-02 2.214950028900897205e-01
1.269978191913107013e-01 -1.232485080189521520e-01 -1.755417322992114393e-03 2.833233819560224687e-01 -1.688935921541128695e-03 2.725933206483422411e-01 -1.269978191913107013e-01 1.233421164607948484e-01
-2.884988218638762092e-01 -4.634332618855134811e-01 3.147901676882080002e-01 2.982961096325232875e-01 2.888015496697618478e-01 2.736692170374958599e-01 2.884988218638762092e-01 4.684098489640168839e-01
-8.449633077515972257e-02 -1.933380738813798017e-01 -4.471083106337888635e-01 -4.697178317843289097e-01 -3.751335478024248604e-01 -3.941034253054691572e-01 8.449633077515972257e-02 1.936994189792227428e-01
4.523502491163814421e-01 -3.801388180682014895e-01 -4.642208274073825747e-01 -3.237788912128835017e-01 -4.040012970648166335e-01 -2.817777322546146102e-01 -4.523502491163814421e-01 3.828854259661084725e-01
-1.441699201373980443e-01 2.293805453539382588e-01 2.749275733685662138e-01 4.038142793331630509e-01 2.470266421267234835e-01 3.628333245889669989e-01 1.441699201373980443e-01 -2.299839932079167926e-01
2.057667105508812488e-01 -3.851933343361577666e-01 3.817864778897883671e-02 1.544759626560155974e-01 3.770428734557071393e-02 1.525566362684907529e-01 -2.057667105508812488e-01 3.880509662924047087e-01
2.328253363481761484e-01 2.719933291125304908e-01 -2.092158248417578248e-01 2.018249617514416006e-01 -2.008994910101397080e-01 1.938024148970243776e-01 -2.328253363481761484e-01 -2.729994374835053028e-01
-1.394201216032375790e-01 -4.214622124372023881e-01 -4.427232585193840997e-02 3.901967883278231186e-01 -4.120873185120148968e-02 3.631956196106934098e-01 1.394201216032375790e-01 4.252054374327143837e-01
3.166123588801820210e-01 -1.656503479625703878e-01 -4.870091558993383529e-02 -6.309792287879212314e-02 -4.854694728578547169e-02 -6.289843832982114358e-02 -3.166123588801820210e-01 1.658776205528895431e-01
2.518671691628543430e-01 4.413677629497579913e-01 3.625557557610776804e-01 1.990001410650443781e-02 3.407860193638052593e-01 1.870511358564195051e-02 -2.518671691628543430e-01 -4.456668063849399397e-01
-4.722673392416449900e-01 4.202215746028842291e-01 2.208301978529639831e-01 -4.140139565971324709e-01 1.999160496106793250e-01 -3.748039692546743518e-01 4.722673392416449900e-01 -4.239318405604246554e-01
2.006614037745033663e-01 -4.900022278187300406e-01 1.004521455778406569e-02 4.288288504918179589e-01 9.231754925602528652e-03 3.941023688439379558e-01 -2.006614037745033663e-01 4.958847580539864075e-01
3.330417036754944604e-01 3.707526465213306643e-02 -3.594437904182724575e-01 -4.802292059526280799e-02 -3.379111693152585527e-01 -4.514608872056379701e-02 -3.330417036754944604e-01 -3.707781278919015933e-02
2.061476278277337704e-01 -2.800792501891580244e-03 -3.717533020517895803e-01 2.158850739968320998e-02 -3.483826733347085702e-01 2.023132512797425758e-02 -2.061476278277337704e-01 2.800793600423826316e-03
-3.414642114335189049e-01 -2.769266752435447509e-01 -2.338454648378216483e-01 -2.701698232801360566e-01 -2.202099263838148968e-01 -2.544162100253166692e-01 3.414642114335189049e-01 2.779885281966337218e-01
-3.825225709441240074e-01 1.463411067106584751e-01 1.128216090998610532e-01 -4.827801281977630588e-01 1.010804555699222479e-01 -4.325380189812897958e-01 3.825225709441240074e-01 -1.464978067153875352e-01
-1.978353122123892582e-01 2.917826787423691837e-01 -7.290963734052036127e-02 -7.488600934642763995e-03 -7.271459137955571528e-02 -7.468567624659937232e-03 1.978353122123892582e-01 -2.930247557585089480e-01
4.084479428605393148e-01 -3.516733085777057344e-02 -2.525456283029064997e-01 2.042339336306759900e-01 -2.401940748125560021e-01 1.942452184320175301e-01 -4.084479428605393148e-01 3.516950550204793469e-02
3.406854303886448498e-01 3.872893570325341983e-02 5.922311071065866628e-02 -2.247348843413978781e-01 5.768570457631381349e-02 -2.189008647223378567e-01 -3.406854303886448498e-01 -3.873184023877201954e-02
-3.931386447898332914e-02 4.283402900458900264e-01 2.836288181830020072e-01 2.355125529628203651e-01 2.661203666201303886e-01 2.209743260209541815e-01 3.931386447898332914e-02 -4.322697854358128478e-01
3.964800274276426562e-01 3.117280739809795698e-01 -1.282164840971142805e-01 -2.522985251662969164e-01 -1.233709998210069658e-01 -2.427638031281196540e-01 -3.964800274276426562e-01 -3.132426732855828622e-01
2.919898008076110552e-01 -8.880360500484507646e-02 -1.302901165603246314e-01 1.812947269928714134e-01 -1.271596235933879770e-01 1.769387414217700738e-01 -2.919898008076110552e-01 8.883862062267559867e-02
2.346677209045017198e-01 -1.625401582398535716e-01 1.074190964872986376e-01 3.343702278028630737e-01 1.013503928792407888e-01 3.154797895637526106e-01 -2.346677209045017198e-01 1.627548681246941686e-01
-1.659171056976609382e-01 3.808897149819402417e-01 -4.276707544231654889e-01 1.244844074864307482e-01 -3.906689530313170455e-01 1.137140958049421835e-01 1.659171056976609382e-01 -3.836526313644503805e-01
-2.515803177568542992e-01 -3.398120949966665361e-01 2.983976681963118605e-02 4.514463134846141701e-01 2.718673274309846635e-02 4.113085181513141397e-01 2.515803177568542992e-01 3.417740385242998280e-01
9.548669046305424679e-02 -2.057270659601807550e-01 5.817634848752040178e-02 -5.173554370437460914e-02 5.800084091142088810e-02 -5.157946687745424558e-02 -9.548669046305424679e-02 2.061624217266604941e-01
-3.550805380954895618e-01 -4.958501989379863195e-01 -1.549486848158101449e-01 -1.311685516105655092e-01 -1.518510627353431841e-01 -1.285463247603360615e-01 3.550805380954895618e-01 5.019458693886700296e-01
1.879362468714375067e-01 -1.413194355276004011e-02 -3.253856307064540987e-01 -1.051884930528191875e-01 -3.078813377832578801e-01 -9.952982216883285438e-02 -1.879362468714375067e-01 1.413208466857445410e-02
-1.422107587041825383e-01 3.687817906463359829e-01 6.106611688156071693e-02 1.689871955105520795e-01 6.010357985945075088e-02 1.663235836706684900e-01 1.422107587041825383e-01 -3.712895069907539147e-01
1.283355101588168345e-01 -1.846793685376829641e-01 3.068171809268119832e-01 4.449701585037748597e-01 2.699141746892262939e-01 3.914505463190801060e-01 -1.283355101588168345e-01 1.849943065970910128e-01
-4.911216898817927223e-02 -2.838588543683769894e-01 3.568144158276342903e-01 -1.997176251827584847e-01 3.302699588809130948e-01 -1.848600531004520597e-01 4.911216898817927223e-02 2.850024627806077571e-01
2.299644702208185620e-01 -3.689742413574008673e-01 -3.854061794701068022e-01 2.172127235446974503e-01 -3.524553083064312364e-01 1.986418005811035337e-01 -2.299644702208185620e-01 3.714858857457449259e-01
-3.948059307608647872e-01 -2.864584073636375905e-01 -2.880858091408589061e-01 9.732109718727777192e-02 -2.756246997394950493e-01 9.311148740910758781e-02 3.948059307608647872e-01 2.876337235666520664e-01
-1.811297602414249086e-01 -4.156601098977310560e-01 3.650016105839458680e-01 -1.688315977739218710e-03 3.428750909969984217e-01 -1.585969699073109737e-03 1.811297602414249086e-01 4.192508589013145825e-01
-3.593741147465193686e-01 3.759150408438742819e-01 4.512629411831522441e-01 2.320789443911336347e-01 4.024165805878875402e-01 2.069578658142497418e-01 3.593741147465193686e-01 -3.785711083730936566e-01
4.375041843727648372e-01 1.262918464745009794e-01 -4.165751808079688479e-01 -1.463800557060976892e-01 -3.810801642216731233e-01 -1.339074871408908463e-01 -4.375041843727648372e-01 -1.263925618887337399e-01
2.705480664150190506e-01 -1.207948765427129256e-01 -8.298696329521215720e-02 4.737002140488448809e-01 -7.478795955942453555e-02 4.268992507359247179e-01 -2.705480664150190506e-01 1.208830048740733992e-01
-4.090751583353083864e-01 -3.869512674886336212e-01 -4.677456328944121777e-01 -8.181162902161920325e-02 -4.225292545170243330e-01 -7.390300238063660099e-02 4.090751583353083864e-01 3.898482029835640961e-01
1.540332370727325317e-01 2.020306696671573254e-01 -5.786215839076114253e-02 3.799258690864615318e-02 -5.772403227968529726e-02 3.790189260298332946e-02 -1.540332370727325317e-01 -2.024429778124246238e-01
-2.181700426718606867e-01 -2.321759722867251519e-01 -3.118209133893790064e-01 -2.730109097722460687e-01 -2.880610660533147183e-01 -2.522082719159183251e-01 2.181700426718606867e-01 2.328017524944770711e-01
4.866733303584686032e-01 -1.033798851309297717e-01 -8.705076615699847142e-02 5.322431226563562046e-02 -8.660114565439279433e-02 5.294940667791733779e-02 -4.866733303584686032e-01 1.034351282435053976e-01
-4.466460140488005548e-01 6.124358852366029726e-02 -2.049414367947607341e-01 4.001788595730040310e-01 -1.869181653956657196e-01 3.649857219280894238e-01 4.466460140488005548e-01 -6.125507407623607264e-02
2.589795881605053696e-01 -3.967063372076941041e-01 2.126956851197625564e-02 2.344986149027333822e-01 2.070339148925416650e-02 2.282564700494738863e-01 -2.589795881605053696e-01 3.998279384070360654e-01
-3.875584267881017064e-01 2.779969360368181874e-01 2.557927348400699241e-01 3.880097206691736078e-01 2.319662103411075371e-01 3.518674779227568550e-01 3.875584267881017064e-01 -2.790711481179100617e-01
-1.786113227921605207e-01 2.588451293694842281e-01 -1.108561126347396009e-01 7.636307302183820145e-02 -1.098651811697221176e-01 7.568047131387380111e-02 1.786113227921605207e-01 -2.597122709195974766e-01
-1.343298324228469065e-01 3.653841270077572423e-01 4.532291882701708907e-01 3.225345621243747019e-01 3.960720536167477435e-01 2.818594426156626476e-01 1.343298324228469065e-01 -3.678231676372397674e-01
-4.345534172898051217e-01 6.203905428531530930e-02 1.429514273182311834e-01 4.000224198842411427e-01 1.315722002137528213e-01 3.681798139855783081e-01 4.345534172898051217e-01 -6.205099321820390507e-02
-4.249980068912843079e-01 -5.616447174190120073e-02 -1.079609387270673571e-01 -4.090273703753578571e-01 -9.942997026097250002e-02 -3.767064250447200724e-01 4.249980068912843079e-01 5.617333013685905929e-02
-1.585211744228798292e-02 9.417876103950617583e-02 3.238214695011999433e-01 -9.365082270416935639e-02 3.068562817765348449e-01 -8.874440377464969110e-02 1.585211744228798292e-02 -9.422052762024624162e-02
4.469954395574612382e-01 2.946025703020079822e-01 -4.327399024495874880e-01 -2.635213497913907466e-01 -3.860200561902465410e-01 -2.350708258655504479e-01 -4.469954395574612382e-01 -2.958810080902527506e-01
4.296051143502445102e-01 1.412069931025196068e-01 4.117868606447945279e-01 -3.453666869200333611e-02 3.805733072819827978e-01 -3.191878003595541302e-02 -4.296051143502445102e-01 -1.413477723436396827e-01
-4.952381628773434574e-01 3.318679889466871202e-01 3.488143402950351080e-01 4.840605049814672434e-01 2.995482078948306648e-01 4.156923613209864699e-01 4.952381628773434574e-01 -3.336955255964815792e-01
-3.678147350165539287e-02 -2.197320784667556870e-01 -2.678409711883854571e-01 -6.460521594738999340e-02 -2.582191875179576379e-01 -6.228437082399829877e-02 3.678147350165539287e-02 2.202625357242670168e-01
-3.311827014145471981e-01 -1.117289924856861294e-01 1.442859473800125469e-01 2.313840852384507762e-02 1.427696603977411938e-01 2.289524923999064140e-02 3.311827014145471981e-01 1.117987301908292125e-01
-2.217234302306323457e-01 -4.647298939402718654e-01 -1.782685920142816904e-01 4.962798090158005992e-01 -1.576873833361613630e-01 4.389840274275687571e-01 2.217234302306323457e-01 4.697483697256423785e-01
4.578533506639637096e-02 -3.989231811869774491e-01 1.899771875996107973e-01 -1.148095226907926980e-01 1.854630069030084039e-01 -1.120814534017094133e-01 -4.578533506639637096e-02 4.020974070453596227e-01
3.893257613102555359e-01 7.223572350825535615e-02 7.900410649846112410e-02 1.371400710471680773e-01 7.803282726836234529e-02 1.354540662491139358e-01 -3.893257613102555359e-01 -7.225456980761846282e-02
-1.891622470138745182e-01 4.599410811374083918e-01 -2.026507755263541322e-01 -2.028881278286218670e-01 -1.947997070002467079e-01 -1.950278638322030522e-01 1.891622470138745182e-01 -4.648060112922283160e-01
-3.315218864840782098e-01 2.896783967942351268e-01 -4.291458234846750042e-01 4.043052592731981587e-01 -3.696747054080152806e-01 3.482765517862906890e-01 3.315218864840782098e-01 -2.908937942672762955e-01
-3.907085577247801922e-01 -3.802486500757104038e-01 5.883676753427957706e-02 -1.133764743541866293e-01 5.836257237114079316e-02 -1.124627162059137764e-01 3.907085577247801922e-01 3.829976393612499752e-01
-4.842839419258108125e-01 -2.901070199800802607e-01 1.279171576181681313e-01 -4.628344640705166491e-01 1.153119010276374007e-01 -4.172256709486077964e-01 4.842839419258108125e-01 2.913278205354077888e-01
4.115328467690831937e-01 2.443690287338139422e-01 1.946248979340435836e-01 2.383697741492685207e-02 1.909880606799314873e-01 2.339155029636048183e-02 -4.115328467690831937e-01 -2.450986684947999150e-01
4.659308966993166434e-01 6.554280786859878472e-02 -1.502782765380216157e-01 1.137700010586606414e-02 -1.486001741019395694e-01 1.124995731543235004e-02 -4.659308966993166434e-01 -6.555688600382589271e-02
1.548388045710059613e-01 -1.302550838461336014e-02 4.786965056078356096e-01 -2.767719912783772607e-02 4.316407772876353355e-01 -2.495653844290144849e-02 -1.548388045710059613e-01 1.302561888252056106e-02
-4.342505912245331334e-01 2.262628699466828763e-01 4.155814687308982958e-01 -1.224106925660429779e-01 3.813328302721374907e-01 -1.123226596083086865e-01 4.342505912245331334e-01 -2.268420450419112444e-01
-3.292098521718349602e-01 -3.275699540355735406e-01 4.154932165255333931e-01 3.119273607403484361e-01 3.687002936955525723e-01 2.767980437282961947e-01 3.292098521718349602e-01 3.293274008208663117e-01
1.116319967348143871e-01 3.013581077849303291e-01 -1.970087651310294952e-01 -8.596278227747544687e-02 -1.926095270139120408e-01 -8.404321921541058060e-02 -1.116319967348143871e-01 -3.027265253658294464e-01
2.215739814674552166e-01 1.034922272697680334e-01 -2.995064550638092404e-01 -3.374950756749579561e-01 -2.730007415692051742e-01 -3.076274463453185781e-01 -2.215739814674552166e-01 -1.035476506749415382e-01
8.743422379721221827e-02 -3.289453562634022665e-01 -1.414208328543250515e-01 1.380504557988838643e-01 -1.387373967639299877e-01 1.354309720360651059e-01 -8.743422379721221827e-02 3.307250336568461901e-01
-4.437718961616529123e-01 2.786318590178352705e-01 -4.521101675817723597e-01 -3.784521580392417039e-01 -3.894565362090949279e-01 -3.260060869216389601e-01 4.437718961616529123e-01 -2.797134481678494322e-01
3.330374085844274301e-01 3.132939161832850594e-01 -1.959747906195927758e-01 -2.064735982851536589e-01 -1.884863204352753563e-01 -1.985839540114247015e-01 -3.330374085844274301e-01 -3.148314542915952585e-01
-6.600793741268318193e-02 -1.699105750927787373e-01 -2.208572316968342442e-01 2.647905832640056190e-01 -2.087937746947118589e-01 2.503274398512648213e-01 6.600793741268318193e-02 1.701558376396889449e-01
-2.719631338057427739e-01 2.936338005148884100e-01 4.847239899671311747e-01 3.087246755463979309e-01 4.202666207194669101e-01 2.676712496391947527e-01 2.719631338057427739e-01 -2.948996677035297109e-01
-3.074330894809590431e-01 -1.401770917795912563e-01 3.303359932578101565e-01 2.874846111523676750e-01 3.025936467513150596e-01 2.633410183842325725e-01 3.074330894809590431e-01 1.403148130882924116e-01
-1.613115296239802099e-01 -1.165214900944877563e-02 -5.843315020271044880e-02 9.579825071479008969e-02 -5.806870094539920424e-02 9.520075423884102883e-02 1.613115296239802099e-01 1.165222811156343616e-02
-4.669555829505249722e-01 2.624343913868841804e-01 4.137151908204006467e-01 2.890203289854239577e-01 3.693454288783113437e-01 2.580237316207539267e-01 4.669555829505249722e-01 -2.633381079610847553e-01
4.307659224592693681e-01 -3.522996695398684652e-01 1.727048347335913281e-02 -3.016038170955329667e-01 1.653254654138639271e-02 -2.887168243369303555e-01 -4.307659224592693681e-01 3.544859542209509717e-01
2.672162846141741266e-01 -2.900276055191698399e-01 -9.268673127165516501e-02 2.943520632115491642e-01 -8.856540525680611786e-02 2.812636653471048964e-01 -2.672162846141741266e-01 2.912474037959450479e-01
-8.133656981815917675e-02 -3.155039614689674199e-01 4.750227875252595044e-01 -1.734130293568175718e-01 4.239047258111083849e-01 -1.547517394787434053e-01 8.133656981815917675e-02 3.170742680623018228e-01
-3.650188949828466756e-01 -3.809470354688211380e-01 7.001793479932094666e-02 -1.760670275373855675e-01 6.879390118706699142e-02 -1.729890738626151947e-01 3.650188949828466756e-01 3.837111994214866817e-01
-2.903704838939932253e-01 1.189357599590759040e-01 -9.685956321423794257e-02 -9.319447190419050120e-02 -9.599626355808511813e-02 -9.236383884246299192e-02 2.903704838939932253e-01 -1.190198815272427990e-01
2.363094717820712898e-01 3.213093051132184241e-01 1.903195735312356307e-01 6.563138227396725366e-02 1.865762490288703224e-01 6.434050316557157756e-02 -2.363094717820712898e-01 -3.229678984374174666e-01
-3.882615567555021130e-01 -4.571125332005292474e-01 2.977965666778359388e-02 2.998532902586626969e-01 2.851329162790745483e-02 2.871021787159229177e-01 3.882615567555021130e-01 4.618882590856581705e-01
-4.943164064989236106e-02 -1.624152260036415552e-01 4.947845625902891342e-02 3.583058696701010293e-01 4.652830666374598023e-02 3.369419065169083627e-01 4.943164064989236106e-02 1.626294411755340175e-01
1.670340941713064353e-01 -2.944729650208915972e-01 -1.814076081044064814e-01 2.677661475561819993e-01 -1.726042627075901614e-01 2.547719963894057860e-01 -1.670340941713064353e-01 2.957497162718531469e-01
-5.222883963428870402e-02 -3.038756469178403030e-01 -1.934668958648728676e-01 -2.207549532738410925e-01 -1.856347696182542029e-01 -2.118181237667675076e-01 5.222883963428870402e-02 3.052786469907222688e-01
3.792560630523987841e-01 -1.056977993651443404e-01 -3.452185300796495326e-01 -1.528985354626775095e-01 -3.229652307623733232e-01 -1.430424687155098518e-01 -3.792560630523987841e-01 1.057568422868854913e-01
-3.847879781460383786e-01 -4.960882889443088972e-01 4.654721191839605865e-02 -2.100056975451087826e-01 4.550634828796109449e-02 -2.053096634809838672e-01 3.847879781460383786e-01 5.021927443982251438e-01
-2.221848369098156084e-01 2.203067839735042277e-01 -4.182009243433907342e-01 -1.673995887757104839e-01 -3.813006836893622076e-01 -1.526289731418314921e-01 2.221848369098156084e-01 -2.208414143324369527e-01
-6.177932912265626797e-02 3.741597281318463919e-01 -3.629079816403346648e-01 3.856022472281419589e-01 -3.207193502232426052e-01 3.407753712570502636e-01 6.177932912265626797e-02 -3.767787620831592466e-01
-4.541297948091866932e-01 -2.133812957063908611e-01 -1.237379380285211772e-01 -3.656752242591798652e-02 -1.227206123343602545e-01 -3.626687833301967673e-02 4.541297948091866932e-01 2.138670750549940824e-01
-1.975544617758749899e-01 1.958388717292894876e-01 -3.749229262608186897e-01 -3.763714690626559500e-01 -3.311008306084844421e-01 -3.323800634621366101e-01 1.975544617758749899e-01 -1.962144208068253848e-01
4.751956094037245171e-01 -3.122277608494081758e-01 -9.086196647964861484e-02 -2.377264512874743829e-01 -8.805505182893243188e-02 -2.303825880096414536e-01 -4.751956094037245171e-01 3.137496553505678687e-01
-1.256644316301444020e-01 -1.432483725720001821e-01 -4.122000646703509741e-01 -3.483543909661159788e-01 -3.627448549695217461e-01 -3.065592993782201292e-01 1.256644316301444020e-01 1.433953460916026490e-01
-2.044407511534073185e-01 -1.727731890054530206e-01 -4.354399751292138410e-01 -3.101201857445856636e-01 -3.840117746211231253e-01 -2.734930407762208304e-01 2.044407511534073185e-01 1.730310579558829998e-01
-4.160468566779429445e-01 -2.297952000643636028e-01 4.668203261612500210e-01 -3.380856650552432896e-01 4.044466777111064282e-01 -2.929127468329450479e-01 4.160468566779429445e-01 2.304019264234788145e-01
-1.796275503108183402e-01 -1.538682899222957312e-01 2.590258568472366685e-01 4.543560764243278483e-01 2.295291638102219534e-01 4.026160614354197254e-01 1.796275503108183402e-01 1.540504349774793336e-01
3.065667909277211001e-01 3.892051407329384372e-01 2.126106391228664849e-01 -2.441321599528064601e-01 2.022750951980543943e-01 -2.322642747281478681e-01 -3.065667909277211001e-01 -3.921529929540241710e-01
1.323340138234960772e-01 -2.959230712339240288e-01 3.558519053019050249e-01 9.795235332440133114e-02 3.338390062052014051e-01 9.189304820929911077e-02 -1.323340138234960772e-01 2.972187772680467410e-01
-2.590070481276395276e-01 4.306304577083132079e-01 8.281745825357744728e-02 3.256539543318939245e-01 7.850404331189733687e-02 3.086927886301957247e-01 2.590070481276395276e-01 -4.346233191026443454e-01
1.418773242569180137e-01 4.848034453927192455e-01 3.386902384529070220e-01 6.235473746289910135e-02 3.202325173744814957e-01 5.895656939857600587e-02 -1.418773242569180137e-01 -4.905007192693175977e-01
2.093010177714357267e-01 -2.852752006549852393e-02 -2.578612868917867784e-01 -3.488554217225773302e-01 -2.365607745541116747e-01 -3.200383809638185362e-01 -2.093010177714357267e-01 2.852868087796323407e-02
-4.015370221336037604e-01 -6.519044299528464759e-02 1.380816910503320782e-01 1.922858492849491840e-01 1.343679930123514721e-01 1.871143339610192580e-01 4.015370221336037604e-01 6.520429529249648082e-02
-4.239586220732793898e-01 2.707712108422560826e-01 1.989298523640583571e-01 2.311663114910038619e-01 1.902776170883643259e-01 2.211119868581469528e-01 4.239586220732793898e-01 -2.717638181437802558e-01
2.127259356888429043e-01 -1.394359302021237479e-01 8.951718912683759299e-03 -2.233352944411294283e-01 8.736154590638391809e-03 -2.179572076396336655e-01 -2.127259356888429043e-01 1.395714785096138222e-01
-3.845970861269953911e-02 -3.110880123494140781e-01 6.016778719474757953e-02 -2.305692921599356016e-01 5.852902125480365092e-02 -2.242893686260073460e-01 3.845970861269953911e-02 3.125933011571743192e-01
-1.806322929490900009e-01 -1.024940156295166549e-01 4.204650203190479774e-01 2.232882593287073281e-01 3.796381155028374366e-01 2.016071013972505210e-01 1.806322929490900009e-01 1.025478507303234088e-01
2.645628984466874556e-01 -1.125341951394842610e-01 -4.424212795828400546e-01 -6.459203323248374762e-02 -4.038888862160019966e-01 -5.896643214199209088e-02 -2.645628984466874556e-01 1.126054514828034453e-01
2.249339291921478301e-01 -2.827977701345185668e-02 -1.402008813797569475e-01 2.964097061038744041e-01 -1.332219956899559077e-01 2.816550951778325484e-01 -2.249339291921478301e-01 2.828090784507936162e-02
-4.775715535357047958e-01 -3.757293536619646934e-01 2.594689317034465370e-01 -2.115545348777250201e-01 2.460466500261123957e-01 -2.006108564241843029e-01 4.775715535357047958e-01 3.783814871577390049e-01
6.181871014487838600e-02 -2.004596725426410764e-02 2.640466770536633589e-01 -3.612641963002503065e-01 2.410171913124802556e-01 -3.297556435309771383e-01 -6.181871014487838600e-02 2.004637001864318507e-02
-3.402635128518847196e-01 -1.644346077561893438e-01 -3.171649453713116795e-01 4.398830718795122552e-01 -2.788064518841091854e-01 3.866828295637449453e-01 3.402635128518847196e-01 1.646569129883694305e-01
2.278527404658559075e-02 2.021786257754892846e-01 3.283469731195113317e-01 -8.717507999926066287e-02 3.108962694844932262e-01 -8.254197352968348222e-02 -2.278527404658559075e-02 -2.025918404394828898e-01
4.711859695893338973e-02 3.899960020974405639e-01 1.253759946123336189e-01 -3.935495471151270186e-01 1.158804197891823012e-01 -3.637433694428871545e-01 -4.711859695893338973e-02 -3.929618608862286977e-01
-4.502315973095807333e-01 1.678994762165249011e-01 1.401932540212513789e-02 2.562520062861015635e-01 1.357927869435529566e-02 2.482086198540751909e-01 4.502315973095807333e-01 -1.681361324936311852e-01
-9.832351936934780046e-02 -2.494940806628179741e-01 2.209851732792991186e-01 -6.147453129780733327e-02 2.153915467727973709e-01 -5.991847410790897971e-02 9.832351936934780046e-02 2.502705972608463836e-01
2.700442759071207677e-01 -3.715301908059622793e-01 -2.636543412701246591e-01 -2.359633965430973923e-02 -2.548758877660783906e-01 -2.281069216781977244e-02 -2.700442759071207677e-01 3.740943934056651932e-01
4.224502382708699155e-01 -1.952571969841809807e-02 -1.531890296427738107e-01 -3.594973934317570174e-01 -1.426817833076148567e-01 -3.348394418901649572e-01 -4.224502382708699155e-01 1.952609191109114239e-02
3.115184354279090240e-01 -2.666756847982147960e-01 3.894257336086948129e-02 -2.506726061402230199e-01 3.774693952940592206e-02 -2.429763338434479669e-01 -3.115184354279090240e-01 2.676239291430192457e-01
3.256522290722502211e-01 3.049035907281432145e-01 -1.278084234008106668e-01 2.971119692488000119e-01 -1.216059685198774415e-01 2.826933297349413787e-01 -3.256522290722502211e-01 -3.063208771324559265e-01
-3.106460959231019947e-01 -3.915044386617371197e-01 -1.222862265499580214e-02 9.913933364512617086e-02 -1.216806596735178943e-02 9.864839122011555272e-02 3.106460959231019947e-01 3.945048450051948374e-01
4.438719127854862112e-02 -1.503922627075293672e-01 -3.251183824400899480e-01 -4.345964876040175895e-02 -3.089241600793936060e-01 -4.129491353238555484e-02 -4.438719127854862112e-02 1.505623400592608629e-01
3.598711859673905389e-01 -2.180967042898233066e-01 9.136938550041351359e-02 -2.723939619061807038e-01 8.781674928356125731e-02 -2.618027047906844595e-01 -3.598711859673905389e-01 2.186154055618702019e-01
-1.480284060960060932e-01 -4.536503312292655687e-01 -7.114393580706701581e-02 2.320414442600201577e-01 -6.913682816016973598e-02 2.254951075710523167e-01 1.480284060960060932e-01 4.583183619043433854e-01
2.624304561663772795e-01 -1.957895083407963366e-01 -1.727882609159002714e-01 -2.814227379555181985e-01 -1.640732502545806659e-01 -2.672284741286843346e-01 -2.624304561663772795e-01 1.961647735058111575e-01
-3.423156319096278821e-01 -1.823894069898941428e-01 -2.249913148354778514e-01 1.849932884725924431e-01 -2.160141429644159006e-01 1.776120411261080390e-01 3.423156319096278821e-01 1.826927743401286219e-01
-4.805247585123754162e-01 3.568076038583939402e-01 -1.667322899781782386e-01 3.782620548838143693e-01 -1.540859996039663504e-01 3.495716807263379300e-01 4.805247585123754162e-01 -3.590788923858816428e-01
-4.969358774777233867e-01 2.689009153311272549e-03 4.372648140694203045e-01 3.447498124053650637e-01 3.820323210083082510e-01 3.012032223097897421e-01 4.969358774777233867e-01 -2.689010125491638706e-03
-1.553755090407825667e-01 -7.332134462324102486e-02 -3.183161515432961775e-01 3.883506317771673322e-01 -2.844670640776236770e-01 3.470542211531951748e-01 1.553755090407825667e-01 7.334105347244766759e-02
1.429830595925347669e-01 1.720272244523164407e-01 2.993134089132286624e-01 -4.315844204208812984e-01 2.649877188949384399e-01 -3.820897015378214023e-01 -1.429830595925347669e-01 -1.722817676826692568e-01
2.099809655329015756e-01 -3.459112565382461701e-01 -4.494635748726422131e-01 3.954506173212745113e-01 -3.856389340155234602e-01 3.392959141633867803e-01 -2.099809655329015756e-01 3.479807501451044893e-01
-1.262839268012838634e-02 3.050906714454957314e-01 2.752322791156717186e-01 -3.911965471861775789e-01 2.482909932873350600e-01 -3.529040255870963816e-01 1.262839268012838634e-02 -3.065105682783405561e-01
-4.713945916120110269e-01 -1.677660940045327953e-01 2.447748815688305379e-01 4.077391624071639020e-01 2.210508657422138312e-01 3.682203593335777181e-01 4.713945916120110269e-01 1.680021867182132922e-01
4.321486216692217441e-01 3.959615333494608258e-01 -6.247923518614495464e-02 -4.575719318934248214e-01 -5.672257656213782612e-02 -4.154125584633542867e-01 -4.321486216692217441e-01 -3.990655854094105059e-01
2.938724066348070707e-01 -2.076927168693833980e-01 -7.568177273519161030e-02 -2.168805897978496322e-01 -7.376079577699350132e-02 -2.113756630417093496e-01 -2.938724066348070707e-01 2.081406712693233962e-01
2.368403938343410786e-02 -9.118737407584409649e-02 -2.504511067298711424e-01 -1.929659107650100180e-01 -2.387999289283130044e-01 -1.839889884214898630e-01 -2.368403938343410786e-02 9.122528585211978069e-02
-3.689374781387831925e-01 4.436676531254102329e-01 -4.803492080362092853e-01 2.989252156647008718e-01 -4.180758078441777492e-01 2.601719726674228683e-01 3.689374781387831925e-01 -4.480342520498204473e-01
-1.993389257015468763e-01 -4.985770646464138256e-02 3.972396239859755651e-01 -1.423610141288256248e-02 3.691457817890991255e-01 -1.322928647690232822e-02 1.993389257015468763e-01 4.986390325627744480e-02
-1.359733149214507053e-01 2.756093768972089908e-02 2.117973473299279430e-01 1.638765969634314867e-01 2.045884604643870008e-01 1.582987752281150851e-01 1.359733149214507053e-01 -2.756198446141917488e-02
4.028368325407534201e-01 4.106020820544287186e-02 1.376394933786702079e-01 -4.656732976553272785e-01 1.238139642143406272e-01 -4.188976259368132893e-01 -4.028368325407534201e-01 -4.106366945924670719e-02
1.422148587410551057e-01 1.029932794969682375e-01 4.128387561043329601e-01 -2.403853515864717849e-02 3.815043328591944949e-01 -2.221401257273028160e-02 -1.422148587410551057e-01 -1.030479051529935297e-01
1.160183850726513866e-01 3.849668973744682088e-01 2.425234024961641088e-01 -1.075849334641507671e-01 2.344132743223441007e-01 -1.039872287025248865e-01 -1.160183850726513866e-01 -3.878194926922474695e-01
1.975755259030389510e-01 -3.623996800426123599e-01 6.962752000962391108e-02 2.236373481000544228e-01 6.779273791482580414e-02 2.177441926068615641e-01 -1.975755259030389510e-01 3.647794414706369004e-01
-4.197493474740876529e-02 2.356484876773344839e-01 -2.398343467071302193e-01 -4.913074812973321492e-01 -2.104373992761745249e-01 -4.310869982913276832e-01 4.197493474740876529e-02 -2.363027681746706632e-01
1.480464731725968930e-01 -4.751703743928069601e-01 1.874353480085145796e-01 -4.701187264171360347e-01 1.672367993726350810e-01 -4.194574394130278772e-01 -1.480464731725968930e-01 4.805347363196154631e-01
3.285301732406789021e-01 1.429226503566548567e-01 -2.337848107617312987e-02 -5.862167952144281546e-02 -2.333206081674399357e-02 -5.850528044646910453e-02 -3.285301732406789021e-01 -1.430686235765378511e-01
4.423759623025942389e-01 1.479277340856439693e-01 4.582861285652604089e-01 3.668099146624012041e-01 3.952247058211022512e-01 3.163358687476985898e-01 -4.423759623025942389e-01 -1.480895863646733424e-01
-2.206370811948100696e-01 4.964806556574633545e-01 6.331276684186215586e-02 -3.227342143808689112e-01 6.014352882728502686e-02 -3.065791544799920665e-01 2.206370811948100696e-01 -5.025996069989713266e-01
-3.119943935838931370e-02 -9.148850015498422028e-02 -3.351593667181672620e-01 8.519000888693950557e-02 -3.167539379447484871e-01 8.051176087576587814e-02 3.119943935838931370e-02 9.152678875861261498e-02
4.674649553355928466e-01 -1.350591700797054706e-01 2.083599418309052265e-01 -1.641213696764373120e-01 2.013962519083352942e-01 -1.586361966722055483e-01 -4.674649553355928466e-01 1.351823506568184674e-01
-4.816301055701274203e-01 -9.847953939207976237e-02 4.872690122827622039e-01 3.896326607756580573e-01 4.134085163837352139e-01 3.305719349385565775e-01 4.816301055701274203e-01 9.852729320242470390e-02
4.937764693888420098e-01 -3.967281842210446108e-02 -9.076119317650965801e-02 2.570233108531478905e-01 -8.756644052423273594e-02 2.479762074016960416e-01 -4.937764693888420098e-01 3.967594053906127460e-02
-4.470481318915526803e-01 2.152529824292082061e-02 3.816833700580426481e-01 -2.799883996625078808e-01 3.449841165046864111e-01 -2.530672234277396848e-01 4.470481318915526803e-01 -2.152579691785255073e-02
3.229658059287822125e-01 4.271163229336079059e-01 -2.795807766321537491e-01 -3.413222540047324838e-01 -2.557902591786178625e-01 -3.122779357973199388e-01 -3.229658059287822125e-01 -4.310122293069730270e-01
1.988103112095466196e-01 -6.323912172835999268e-02 3.100726408908647258e-01 -4.926641670829711162e-01 2.679756754928899753e-01 -4.257776906272378037e-01 -1.988103112095466196e-01 6.325176698050806456e-02
4.407089923703862988e-01 3.047044509582323979e-01 4.282895972885516489e-01 -2.767755516471015476e-02 3.935730564841751766e-01 -2.543405221874979472e-02 -4.407089923703862988e-01 -3.061189621857275944e-01
2.382526228486729902e-01 -2.039191643241209384e-01 1.316430090567839439e-01 4.446184864145918958e-02 1.303903206161583506e-01 4.403875861760554039e-02 -2.382526228486729902e-01 2.043431431154242583e-01
-8.051296717165390415e-02 -2.520255354857940944e-01 8.571999190592605178e-02 8.487302149129805073e-02 8.510304617913433400e-02 8.426217159777002474e-02 8.051296717165390415e-02 2.528259291512663376e-01
4.324137189386374480e-01 -2.317784869779830892e-01 3.226365794494198136e-01 -1.089532532652792707e-02 3.070344894645473111e-01 -1.036844816198249052e-02 -4.324137189386374480e-01 2.324010586774721276e-01
2.129629202330347582e-01 4.280694859615531422e-01 -4.786477747989776876e-01 4.042468045530998033e-01 -4.056163500888566587e-01 3.425673784167813651e-01 -2.129629202330347582e-01 -4.319915331790038504e-01
-4.932772529172385623e-01 8.084998530344722489e-02 -4.836339380931542475e-02 -1.687590692490545941e-01 -4.763494160790793241e-02 -1.662172105038506043e-01 4.932772529172385623e-01 -8.087640998974338080e-02
-6.102364632786139165e-02 2.542542701269360217e-01 -1.454504845089147347e-01 7.571744288631276909e-02 -1.435335501386641177e-01 7.471954061609127618e-02 6.102364632786139165e-02 -2.550760864647750314e-01
-1.335727889585157646e-01 1.967572074805036264e-01 -7.790055447148436230e-02 -1.303194169363907085e-01 -7.701791713989376842e-02 -1.288428577103420403e-01 1.335727889585157646e-01 -1.971380644914741687e-01
6.830583092790742938e-02 1.207712562365914621e-01 4.756053460540177191e-01 1.270359718740595723e-01 4.267040265040215608e-01 1.139742459988164758e-01 -6.830583092790742938e-02 -1.208593328800523364e-01
-1.522627883510191404e-01 -2.493885905188936158e-01 2.935493169034175676e-02 -2.172351982995658348e-01 2.867407942171918203e-02 -2.121966896378135181e-01 1.522627883510191404e-01 2.501641225618885800e-01
2.415786305528037081e-01 4.487392906343863341e-01 -2.749139869770307332e-01 -4.794291855562228255e-01 -2.406135243703409754e-01 -4.196117749087940330e-01 -2.415786305528037081e-01 -4.532573537709150280e-01
4.498333057371811661e-01 4.208062912251055998e-01 -4.076084226330322080e-01 -1.129432927080181726e-01 -3.754088579444284091e-01 -1.040211884094770500e-01 -4.498333057371811661e-01 -4.245320666737796289e-01
1.245378976215247846e-01 2.367053011659451256e-01 4.629037890011566958e-01 -3.996259618721130780e-01 3.949120624797607393e-01 -3.409285397380492078e-01 -1.245378976215247846e-01 -2.373684239612690872e-01
4.504112655824948908e-01 -4.243876285261011239e-01 9.853372662121084868e-02 7.694292268789926226e-03 9.805598027051092014e-02 7.656986057214632511e-03 -4.504112655824948908e-01 4.282093422311731290e-01
-1.619459503504722120e-01 8.043564972664130064e-02 -3.475532909739954546e-01 2.555115309233557674e-01 -3.191277113855935932e-01 2.346138339466935785e-01 1.619459503504722120e-01 -8.046167023200119506e-02
