-2.165121375677901971e-01 1.630267489986300111e-01 -5.902442542590791152e-02 -1.830009312493481310e-01 -5.796261852326976827e-02 -1.797088762977301635e-01 2.165121375677901971e-01 -1.632433929702468423e-01
5.343283415435684525e-02 -3.662959157708709501e-01 3.094698280443157756e-01 4.114931909727104209e-02 2.954085124346081948e-01 3.927962612394364506e-02 -5.343283415435684525e-02 3.687532613334982279e-01
3.957395310931173249e-01 -2.020568762593929479e-01 4.060644258822015962e-01 3.043170297646002886e-01 3.621107644556404437e-01 2.713768191969050947e-01 -3.957395310931173249e-01 2.024693448742531376e-01
-3.374793151334807284e-01 1.208021958319266398e-01 3.466380663105522730e-01 -5.415298493040066052e-02 3.270912131327102235e-01 -5.109930863672982465e-02 3.374793151334807284e-01 -1.208903401840617231e-01
4.870681297267698273e-02 -4.175394002321576314e-01 -2.917453898190460748e-01 -3.636740820003655505e-01 -2.644185707595623769e-01 -3.296099418896619726e-01 -4.870681297267698273e-02 4.211790734541358550e-01
-2.840505289802233158e-01 -5.629193544369670565e-02 4.927944775870328753e-01 1.543011150834918688e-01 4.378613601477479023e-01 1.371007574061940681e-01 2.840505289802233158e-01 5.630085428727439611e-02
2.952045871766384444e-01 8.607154318571996754e-02 -3.695512693046645314e-01 8.145862418197824528e-02 -3.456311668000782711e-01 7.618601709830696844e-02 -2.952045871766384444e-01 -8.610342542177622238e-02
-1.953135670516079614e-01 -4.506352665813426750e-01 -1.051561585284382927e-01 -4.388923964417643653e-01 -9.584697369616013152e-02 -4.000384624721914362e-01 1.953135670516079614e-01 4.552108400571144853e-01
2.555294769028361168e-01 3.839354641184828942e-01 -2.516013388853205468e-01 2.372962459158926007e-01 -2.377820306781076864e-01 2.242626508911022831e-01 -2.555294769028361168e-01 -3.867651921279248173e-01
4.779524096569847114e-01 4.323904036222125935e-01 -3.502454238455208202e-01 -4.600256416647845459e-01 -3.032120575590617206e-01 -3.982502321018998592e-01 -4.779524096569847114e-01 -4.364324207045177650e-01
-3.566676825286786423e-01 1.807863684161898910e-01 -3.218745082061417184e-01 3.549463148471531104e-01 -2.902728429770918273e-01 3.200976569692794427e-01 3.566676825286786423e-01 -1.810818068871388464e-01
-2.722871032781640777e-01 4.119236770924034063e-01 2.402960625569504627e-01 -4.280738336335625505e-01 2.157061948713266675e-01 -3.842683762460437635e-01 2.722871032781640777e-01 -4.154184605490336413e-01
-1.490577394591185989e-02 -1.756070021915885349e-01 1.148018467681024557e-01 -3.995118197853969599e-01 1.060080640043972455e-01 -3.689093490618905458e-01 1.490577394591185989e-02 1.758777690409447925e-01
-1.408924751365085992e-01 -3.158342618317602213e-01 -4.247409948367560917e-01 1.616479314563720182e-01 -3.866822380914908819e-01 1.471635294879727607e-01 1.408924751365085992e-01 3.174095054409906691e-01
3.239611805032471814e-01 4.604254082569397832e-01 -4.264542386369962745e-02 -9.868903893582192666e-02 -4.240108859872802893e-02 -9.812360400064000510e-02 -3.239611805032471814e-01 -4.653057232059451542e-01
-2.573245778156618702e-01 -9.802924867929463382e-02 1.177535273781936676e-01 3.782652867653868434e-02 1.168631073319261748e-01 3.754049478724272998e-02 2.573245778156618702e-01 9.807635042751891574e-02
2.263194984280372246e-01 -2.322328174899096487e-01 -3.757698043881673167e-01 -4.548984752844464907e-01 -3.236347110370171309e-01 -3.917849036315420030e-01 -2.263194984280372246e-01 2.328590574521257894e-01
-1.084982414102894088e-01 -1.221592961115974818e-01 1.705662711597015768e-01 4.908857866718063789e-02 1.679414907995732953e-01 4.833317294530970615e-02 1.084982414102894088e-01 1.222504446206654355e-01
4.375950079397890047e-01 3.566285196172566119e-01 -1.608620238601231600e-01 4.511110024910935934e-02 -1.586629936964648879e-01 4.449441852533679576e-02 -4.375950079397890047e-01 -3.588963899339738806e-01
1.748099347392726433e-01 -4.329039486530651404e-01 2.705606819483360459e-01 4.256054814078457094e-01 2.415775157232494808e-01 3.800135117058066059e-01 -1.748099347392726433e-01 4.369603848165927173e-01
-4.384710691700607343e-01 3.032045170685091495e-01 -3.999106057281203164e-01 -2.860386475157727926e-02 -3.711882310777765426e-01 -2.654947832602418817e-02 4.384710691700607343e-01 -3.045982417961159427e-01
1.162353660118573551e-01 -3.106086192985294536e-01 3.799462852613879615e-01 3.753692769007358487e-01 3.351401747465450054e-01 3.311029214786256336e-01 -1.162353660118573551e-01 3.121069597814013497e-01
1.759965874682477560e-01 2.326242136762003421e-01 -3.479811107872887721e-01 4.815807858492934246e-01 -2.991610310470004253e-01 4.140173128970941474e-01 -1.759965874682477560e-01 -2.332536252994639736e-01
-4.105050086048911417e-01 1.192721197973979352e-01 -1.494503676416903959e-01 -2.911362110399136061e-01 -1.420379529463118573e-01 -2.766964852424971810e-01 4.105050086048911417e-01 -1.193569570934510243e-01
2.271520787467092850e-01 4.274398118743478747e-01 5.556505878974637991e-02 -2.978887407941291920e-01 5.317717055190281095e-02 -2.850870802574252405e-01 -2.271520787467092850e-01 -4.313445769869660440e-01
-6.461342202431386017e-02 -2.186969133043129565e-01 -4.092637700920570554e-01 1.328473378888825884e-01 -3.759391115533662342e-01 1.220301278242699877e-01 6.461342202431386017e-02 2.192199088194208279e-01
2.849367034311310887e-01 3.227854123431951328e-01 9.569577351910318885e-02 5.351024087086175829e-02 9.512572707305451403e-02 5.319148778998975674e-02 -2.849367034311310887e-01 -3.244669697663729591e-01
-3.427653169343864992e-01 -2.845924673535095151e-01 4.723155606875518719e-01 -2.266085083293678526e-01 4.183826637280093630e-01 -2.007324747045338142e-01 3.427653169343864992e-01 2.857449654242857906e-01
4.831617877902014691e-01 4.594136529634330612e-01 -4.051573348278693087e-01 3.697705954873171663e-01 -3.552259027700615523e-01 3.242002113959267517e-01 -4.831617877902014691e-01 -4.642618660208094883e-01
2.380328309576353885e-01 3.450888640749999459e-01 -2.014742620732534739e-01 1.149993166675622458e-01 -1.962623664679463420e-01 1.120244233636469855e-01 -2.380328309576353885e-01 -3.471436322906746863e-01
1.723836759128136720e-01 2.231491600710839851e-01 -1.968044926600276412e-01 9.348835266860833215e-02 -1.922931351780864384e-01 9.134531531419966266e-02 -1.723836759128136720e-01 -2.237047518026460680e-01
-1.263433810462455398e-02 1.554340203490020000e-01 4.335008799703194970e-01 -2.266039065353513404e-01 3.894095557742361935e-01 -2.035560494979372359e-01 1.263433810462455398e-02 -1.556217825836102853e-01
-1.220059586711108590e-01 -1.211189714313631871e-02 -3.759443383020143470e-01 2.519082762246278584e-01 -3.425054801814354510e-01 2.295019669658675820e-01 1.220059586711108590e-01 1.211198598272241085e-02
4.076083618649384288e-02 -3.744582159285055889e-01 -4.211013534136479608e-01 -8.971174413066607123e-03 -3.880818764465003845e-01 -8.267725030871113032e-03 -4.076083618649384288e-02 3.770835229238573838e-01
-2.207054031531436866e-01 -2.206559404040061567e-01 -1.718074833405913715e-02 -1.165255361718872118e-01 -1.706279670173718385e-02 -1.157255490623957106e-01 2.207054031531436866e-01 2.211931167439582513e-01
-7.104687270829057599e-02 1.482104017582851485e-01 -1.070749655176457260e-01 2.084625329901858004e-01 -1.042504252494521333e-01 2.029634808448607386e-01 7.104687270829057599e-02 -1.483731836375374591e-01
2.410824063995625766e-01 1.638526307645071789e-02 -4.340996228379052635e-01 -1.370677563001487798e-01 -3.950885007163007501e-01 -1.247499225618870639e-01 -2.410824063995625766e-01 -1.638548302963837092e-02
-2.396549272710848388e-01 -2.189029298195197537e-01 -2.110447930996299792e-01 1.667524451973090294e-01 -2.038013781092550269e-01 1.610292186562322092e-01 2.396549272710848388e-01 2.194274047415681883e-01
4.629232135382689295e-01 -2.128830834068605737e-01 3.432659389221968116e-01 2.952611186628928408e-03 3.246690167385444803e-01 2.792649261339378870e-03 -4.629232135382689295e-01 2.133654680351837474e-01
3.929469543476546978e-01 -3.244883702527929792e-01 3.462098191060600794e-01 2.159767228110975879e-02 3.270896818532735839e-01 2.040489716161202061e-02 -3.929469543476546978e-01 3.261966831233329978e-01
-2.968923432588247424e-01 -3.145146373337052159e-01 -2.560731168309648975e-02 -1.352268504747244915e-02 -2.559658131867935046e-02 -1.351701856673236633e-02 2.968923432588247424e-01 3.160702181924130993e-01
-3.581145725073389130e-01 -2.648884601858331189e-01 2.059283750418825498e-01 1.055740065962038621e-01 2.006264225105151566e-01 1.028558364003505921e-01 3.581145725073389130e-01 2.658177669977812019e-01
3.743436994457349787e-02 2.982361632911878502e-03 -1.115518690381207545e-01 3.263332752017975569e-01 -1.054566545532371613e-01 3.085023654818557781e-01 -3.743436994457349787e-02 -2.982362959239808799e-03
-1.601513360431821020e-01 -4.218176989034636559e-01 3.933647713701632354e-01 -2.540442089276442328e-01 3.562416983912783386e-01 -2.300692564299042231e-01 1.601513360431821020e-01 4.255704036705819648e-01
7.816335873771018683e-02 -2.048328448996482587e-01 -6.264591124825169555e-02 1.635628694587023535e-01 -6.170656489192619110e-02 1.611103201638676707e-01 -7.816335873771018683e-02 2.052625483046313370e-01
4.652933511063657157e-01 -2.082762056384825922e-01 -1.387729271523405750e-01 -1.976769263788301645e-01 -1.348942245129484963e-01 -1.921518572473648323e-01 -4.652933511063657157e-01 2.087279460838817879e-01
-7.585275259553658778e-02 2.405931442945633547e-01 -7.531021768211465517e-02 1.379869200333162516e-01 -7.439658279245768557e-02 1.363129152523065157e-01 7.585275259553658778e-02 -2.412894817372279455e-01
-1.550465370654042774e-01 4.890484311774413451e-01 -2.752173706929280650e-01 1.206496711428692858e-01 -2.635740484838068332e-01 1.155454766219925627e-01 1.550465370654042774e-01 -4.948966769362324047e-01
-5.485495073646795561e-02 3.766595010502234997e-01 -2.622354054513774679e-01 -1.430736410352891896e-01 -2.512638672812834151e-01 -1.370876533268366448e-01 5.485495073646795561e-02 -3.793313800383454337e-01
-3.162276819875572409e-01 3.889595914459145209e-01 4.840466966640692981e-01 3.000777731254702374e-01 4.206164186379834358e-01 2.607550864715274530e-01 3.162276819875572409e-01 -3.919018677917661675e-01
4.101967335977119156e-02 1.978869256696411671e-01 -1.070734782715598854e-02 -4.934106396341931822e-01 -9.601675369867780988e-03 -4.424595952501806928e-01 -4.101967335977119156e-02 -1.982743807044001494e-01
-4.978744415340909946e-01 -2.334688992430744570e-01 -1.679205166372544911e-01 3.367468593393065923e-01 -1.571620158372952492e-01 3.151718223626640003e-01 4.978744415340909946e-01 2.341051921932144897e-01
1.493119180601508722e-01 -7.665474441846154008e-02 -1.561537063773420497e-01 6.554939603812437454e-02 -1.539614527270168620e-01 6.462914312786721682e-02 -1.493119180601508722e-01 7.667726539012871545e-02
-4.298674949123297839e-01 2.496090292309123271e-01 -2.950472128280590134e-03 -3.565233942248013932e-01 -2.779117403053373448e-03 -3.358175662764901759e-01 4.298674949123297839e-01 -2.503866196091443230e-01
3.962930889334380646e-01 -2.548024154484750392e-01 -1.243500936856567485e-01 2.994714625555968679e-01 -1.182867960602717872e-01 2.848692652112666535e-01 -3.962930889334380646e-01 2.556295585010367466e-01
-3.617205851418996421e-01 -4.454331926130679076e-01 -1.565338257529179655e-01 3.704160434740405572e-01 -1.452309474543072298e-01 3.436693167579336627e-01 3.617205851418996421e-01 4.498521288382402172e-01
-1.971801620823865342e-01 -4.061531183536518652e-01 -1.055041425166408642e-01 -1.583481243379136760e-02 -1.049088028077101581e-01 -1.574545961407797234e-02 1.971801620823865342e-01 4.095030764941872681e-01
1.506421767917029975e-01 -2.105189065648509494e-01 4.621201529014035136e-01 3.675382336831972685e-01 3.979302809306921596e-01 3.164860732951620403e-01 -1.506421767917029975e-01 2.109853976205803006e-01
2.317056755620665598e-01 -6.707830498817768383e-02 6.895053923320604294e-02 3.871572872263181475e-01 6.416725162760643364e-02 3.602991266665619974e-01 -2.317056755620665598e-01 6.709339592648877471e-02
4.317945481437968080e-02 1.002520561830417822e-01 -2.047928337881402827e-01 4.401091589194575660e-01 -1.842338585902762449e-01 3.959269816664275354e-01 -4.317945481437968080e-02 -1.003024352211018266e-01
-5.408589008913144980e-02 1.596926132875758908e-01 -3.060392735361525673e-01 -8.776061230643450450e-03 -2.926312478013348706e-01 -8.391569222571476638e-03 5.408589008913144980e-02 -1.598962351888261746e-01
5.885408799088198695e-02 -4.785402470734047009e-01 -1.456774096592836631e-01 -2.690553284861588734e-01 -1.393029913676834541e-01 -2.572822525413988037e-01 -5.885408799088198695e-02 4.840195512799934097e-01
2.987182705963105089e-01 2.710019471158831017e-01 -6.206047115651103230e-02 2.640114416526636587e-01 -5.989674383874132868e-02 2.548067295732630577e-01 -2.987182705963105089e-01 -2.719970941157578426e-01
-4.579691490064263792e-01 3.772351301518250821e-02 1.163042355107868353e-02 7.938255584189590763e-03 1.162927066690088405e-02 7.937468692016476715e-03 4.579691490064263792e-01 -3.772619716278159674e-02
-2.864797350115562136e-01 1.933427525386705037e-01 1.758649011983892674e-02 4.231157066312163373e-02 1.756805725063215542e-02 4.226722277774758868e-02 2.864797350115562136e-01 -1.937041238701065760e-01
4.204694245093538729e-01 -2.752459164297756944e-01 -2.255737750819970522e-01 3.650381877293709110e-01 -2.072944815836293142e-01 3.354574433844580428e-01 -4.204694245093538729e-01 2.762885522896088020e-01
-3.475367390419246139e-01 -3.311884528775812520e-01 2.669838660977841283e-02 1.963100514997135893e-01 2.618936141999692047e-02 1.925672500083284444e-01 3.475367390419246139e-01 3.330047862540682635e-01
3.147824165272797847e-01 2.108686857260232417e-01 -4.261647257006527800e-01 4.066627940459907053e-01 -3.671936417411029163e-01 3.503903145922213080e-01 -3.147824165272797847e-01 -2.113375058852461075e-01
-4.508910756021263788e-01 6.496480570660700948e-02 5.946013024153307125e-02 3.636818871639341255e-01 5.579238407698352414e-02 3.412484878198147609e-01 4.508910756021263788e-01 -6.497851466429811762e-02
6.790217414403065810e-02 -3.059754976140738325e-01 -2.243427731422099614e-01 1.726508941451386780e-01 -2.158601423729699098e-01 1.661227864352281813e-01 -6.790217414403065810e-02 3.074077842958186646e-01
3.336878843431596575e-01 6.359438253848803679e-02 -1.270247479713140226e-01 -2.193579578145798958e-02 -1.259823694307067865e-01 -2.175578831709444258e-02 -3.336878843431596575e-01 -6.360724210322800387e-02
-1.577921563649303804e-01 -2.461962258391469094e-01 -2.182495538229749510e-01 -2.304490480826058008e-01 -2.080228599596147532e-01 -2.196507127615853483e-01 1.577921563649303804e-01 2.469423552807759603e-01
-4.443584589483118297e-01 -1.077147971137152327e-01 -7.424863545600024484e-02 5.076034043638599780e-02 -7.395012917883546366e-02 5.055626557146458699e-02 4.443584589483118297e-01 1.077772850393045739e-01
4.784051523960557439e-01 4.237163858069408207e-01 2.426266174406777054e-04 4.616320061409716624e-01 2.202872676424827208e-04 4.191281828918712593e-01 -4.784051523960557439e-01 -4.275199940678183208e-01
4.363836498604304337e-01 -2.157598185928593093e-01 -6.607015572287855409e-02 4.926688244473834688e-01 -5.916390197182395255e-02 4.411705968491518859e-01 -4.363836498604304337e-01 2.162620243756691041e-01
3.439474921066008051e-01 -1.824456776962348759e-01 7.929194605049927347e-02 1.257043051909316755e-01 7.843046056544490663e-02 1.243385620136629177e-01 -3.439474921066008051e-01 1.827493259174236273e-01
3.422563841138713814e-01 -3.837635227823597006e-01 4.941066806774883080e-01 -1.169081296571228279e-02 4.429574388916431293e-01 -1.048059613918323613e-02 -3.422563841138713814e-01 3.865894507050847695e-01
1.205126814049073403e-01 -1.345017979964326926e-01 3.626644823119836714e-01 1.754846797867918307e-01 3.363892393479193665e-01 1.627707173704159571e-01 -1.205126814049073403e-01 1.346234598066786692e-01
3.948493866530267127e-01 3.335499370802996744e-02 -2.840412805956300524e-01 4.868221436603754615e-01 -2.474441939244918787e-01 4.240979081281049390e-01 -3.948493866530267127e-01 -3.335684917229063406e-02
3.278628014214208797e-01 -1.540927021045426226e-01 -1.019826748314638376e-01 4.280764738944663472e-01 -9.334432284129272339e-02 3.918166359727527914e-01 -3.278628014214208797e-01 1.542756452815631785e-01
-1.112675538388718799e-02 1.680154645137592606e-01 -2.272239776072626505e-02 -2.824028300446126405e-01 -2.186192849170536315e-02 -2.717085820476902169e-01 1.112675538388718799e-02 -1.682526115903515140e-01
-3.942569580895555204e-01 2.377909133784038564e-01 2.019490387384491603e-01 -2.885156818619480923e-01 1.904819640514301970e-01 -2.721331781721334497e-01 3.942569580895555204e-01 -2.384632020132623487e-01
-4.492200209977237346e-01 -5.929009065441248616e-02 2.689111201458070921e-01 -1.205779990591034911e-01 2.579428585839281807e-01 -1.156599018395792766e-01 4.492200209977237346e-01 5.930051182121868353e-02
-2.045737290208675674e-01 -2.619309887460430364e-01 2.763920084242379449e-01 -2.471969621471772349e-01 2.591492717796647915e-01 -2.317755607038332333e-01 2.045737290208675674e-01 2.628295147519174590e-01
4.826874926455662074e-01 2.923425313581251572e-03 4.595140329203817320e-01 1.312422828872095160e-01 4.146033623450627870e-01 1.184152993567162415e-01 -4.826874926455662074e-01 -2.923426562821631550e-03
-1.930821156461215438e-02 4.934016157544084402e-01 -1.251291256542547137e-01 -1.260635167562478287e-01 -1.232007676343927910e-01 -1.241207588869040618e-01 1.930821156461215438e-02 -4.994074273815524712e-01
7.446945993622799964e-02 -3.580632236085778963e-02 -3.090479008054930476e-01 -4.473303619966523259e-01 -2.715112346474207183e-01 -3.929980387002517395e-01 -7.446945993622799964e-02 3.580861771212103667e-02
2.446047636550477966e-01 2.322266047372283371e-01 -2.799037734467102467e-02 1.542319420903477400e-01 -2.765271219784644005e-02 1.523713472605716102e-01 -2.446047636550477966e-01 -2.328527944407864370e-01
-3.850677619632214554e-01 4.683566278604507360e-01 1.568200182826432476e-01 -5.051865447797654340e-02 1.547339796369573695e-01 -4.984664929188369759e-02 3.850677619632214554e-01 -4.734935149000715215e-01
-4.992544779581020720e-01 7.694096929535010343e-02 -4.565590025864385559e-02 2.367163729345660439e-01 -4.438432641546388724e-02 2.301235263064012326e-01 4.992544779581020720e-01 -7.696374348663004294e-02
3.383604100590953401e-02 4.472829243018832113e-01 -3.936690195528558256e-02 3.684440933405888075e-01 -3.691420891159688522e-02 3.454887623432172927e-01 -3.383604100590953401e-02 -4.517571404433858850e-01
-3.544049709300933770e-01 1.336442048543495797e-02 1.415042787945288705e-01 1.766508272755595854e-03 1.401082883515356037e-01 1.749081035309185250e-03 3.544049709300933770e-01 -1.336453983487852389e-02
-4.579304765416819523e-01 -4.618121173477982566e-01 3.713343117669590798e-01 -2.677882068028182294e-01 3.376325012868576780e-01 -2.434841037116429741e-01 4.579304765416819523e-01 4.667366608300266284e-01
-1.403849008947605226e-01 3.378155785725417415e-01 2.641758348693502567e-01 3.555398692039045683e-01 2.415414386966023008e-01 3.250774680582885212e-01 1.403849008947605226e-01 -3.397431435403653888e-01
-3.744146895361637473e-01 -4.334300110487466773e-01 8.783500496561047477e-02 -8.953559565658975039e-02 8.715215813178524284e-02 -8.883952809181080990e-02 3.744146895361637473e-01 4.375012532638222762e-01
1.955062919408151467e-01 2.476465566487642267e-01 -4.323785092821850196e-01 -3.970811370670964680e-01 -3.728752631710954835e-01 -3.424354594542100005e-01 -1.955062919408151467e-01 -2.484059501666813496e-01
-4.316677560528892066e-02 1.936844710980024642e-01 1.180136150854979027e-01 -4.326357274978187561e-01 1.076818158612732057e-01 -3.947595428686510033e-01 4.316677560528892066e-02 -1.940477619067204618e-01
-4.389519248214586167e-01 1.569418833565223714e-01 -5.675800818133169834e-02 -4.937339255789005010e-01 -5.082704359786908987e-02 -4.421408813531946258e-01 4.389519248214586167e-01 -1.571351632084819483e-01
3.421031858766467870e-01 4.727154866535538957e-01 4.874224383018805895e-01 1.139015936993871270e-01 4.358672688549825036e-01 1.018541057259123722e-01 -3.421031858766467870e-01 -4.779971351626788323e-01
1.947649771732057333e-01 2.161028575543061381e-01 -4.590692048554899651e-01 -2.831287721325844720e-01 -4.040459681471897380e-01 -2.491934497820347816e-01 -1.947649771732057333e-01 -2.166074625354501293e-01
4.923686779242797407e-02 -8.498347637675385258e-02 -2.434424586468864060e-02 -3.045743940837138952e-01 -2.328172159265890981e-02 -2.912809986689846031e-01 -4.923686779242797407e-02 8.501416472275806491e-02
2.696547153578978673e-01 2.622821674545412485e-01 -9.095024517777527961e-02 -9.350784341300888425e-02 -9.018619271221481326e-02 -9.272230514239397647e-02 -2.696547153578978673e-01 -2.631843123500829384e-01
-4.852852162513991985e-01 -2.374746357762493876e-01 -1.498964573085524998e-01 -3.704196787559120851e-01 -1.391945860572551263e-01 -3.439735319811909608e-01 4.852852162513991985e-01 2.381442454128057939e-01
