-2.063858516263205045e-01 -3.696642190456457255e-01 3.969850695075824998e-01 -1.289360549838108883e-01 -2.165375675719428683e-01 -2.710207883336535062e-03 -1.289360549838108883e-01 -2.165375675719428683e-01 -2.710207883336535062e-03 -1.632783674193252210e-01 9.299276559725534463e-01 -7.666492885532282253e-01
1.513043323409910546e-01 1.450856402604435713e-01 4.727203528528248766e-01 -2.776168064688242509e-01 2.865007628599348655e-01 1.601418096235968092e-01 -2.776168064688242509e-01 2.865007628599348655e-01 1.601418096235968092e-01 -6.218692080547483236e-03 3.338534046729287885e-01 -3.276347125923813053e-01
-2.476332984954102701e-01 -2.047112056001522129e-01 -1.061159921446235277e-01 -2.487968166506133727e-01 -1.158857720037733685e-01 3.934266373502793845e-01 -2.487968166506133727e-01 -1.158857720037733685e-01 3.934266373502793845e-01 4.292209289525805715e-02 5.567312056027062805e-02 -9.859521345552868521e-02
-1.679364256331630223e-01 -2.483608576441471705e-01 2.002894376334497517e-01 -4.581224297000037193e-01 -4.874771631135267347e-01 -4.649263806949210931e-01 -4.581224297000037193e-01 -4.874771631135267347e-01 -4.649263806949210931e-01 -8.042443201098414818e-02 5.290747272885810704e-01 -4.486502952775969222e-01
-3.252341236436884220e-01 -3.652068820393209458e-01 -4.852179132579070853e-01 4.033311768168755806e-01 -4.082461665588085209e-01 4.216369186561400584e-01 4.033311768168755806e-01 -4.082461665588085209e-01 4.216369186561400584e-01 -3.997275839563252386e-02 -8.003827282295361556e-02 1.200110312185861394e-01
1.063294616533303483e-01 2.288508775192559241e-01 3.785878632047704473e-01 -4.673561340374076112e-01 2.796548415470079263e-02 3.903050272242412078e-01 -4.673561340374076112e-01 2.796548415470079263e-02 3.903050272242412078e-01 1.225214158659255759e-01 2.721556981958894728e-02 -1.497369856855145231e-01
3.094906921265820898e-01 4.026094039689986914e-02 3.271360023322883448e-01 -3.495449716323365541e-01 2.967454755900841290e-01 2.452918728580154584e-01 -3.495449716323365541e-01 2.967454755900841290e-01 2.452918728580154584e-01 -2.692297517296822207e-01 5.561048136650706963e-01 -2.868750619353884757e-01
4.248079703993506984e-01 -2.098555368954583278e-01 -1.296943062261123325e-01 -2.855351288666801990e-01 3.092165837173445064e-01 -2.353183682831460066e-01 -2.855351288666801990e-01 3.092165837173445064e-01 -2.353183682831460066e-01 -6.346635072948090261e-01 7.148247379641550214e-01 -8.016123066934599528e-02
1.909421420661685520e-01 -2.707949727079342894e-01 2.103545783196093533e-01 -1.408806610758892575e-01 -4.640190323413581064e-01 4.632415649136705227e-01 -1.408806610758892575e-01 -4.640190323413581064e-01 4.632415649136705227e-01 -4.617371147741028414e-01 9.428866658016464841e-01 -4.811495510275436427e-01
2.350659632886694661e-01 -4.263981830900154257e-02 -8.608015427059112490e-02 3.032081943280083847e-01 2.429212503896970299e-01 1.746068718168242162e-01 3.032081943280083847e-01 2.429212503896970299e-01 1.746068718168242162e-01 -2.777057815976710087e-01 2.342654456360814264e-01 4.344033596158958233e-02
4.230245355464833379e-01 9.712730294664906339e-02 -1.830371697882293702e-02 3.456149622311454062e-01 -3.041657663250075805e-01 -4.671347441180834226e-01 3.456149622311454062e-01 -3.041657663250075805e-01 -4.671347441180834226e-01 -3.258972325998342745e-01 2.104662126743622741e-01 1.154310199254720004e-01
2.986035911520393826e-01 -4.910608976287549332e-01 -1.167365431947132715e-01 -4.561784902728530655e-01 1.545375346228314850e-01 -2.389502685953134309e-01 -4.561784902728530655e-01 1.545375346228314850e-01 -2.389502685953134309e-01 -7.896644887807943158e-01 1.163988843214835978e+00 -3.743243544340416618e-01
-3.276594916546714531e-01 -3.112549331228140481e-01 1.958461339323264161e-01 -1.708539982057002415e-01 -5.649615809606489680e-02 2.900955211458999816e-01 -1.708539982057002415e-01 -5.649615809606489680e-02 2.900955211458999816e-01 1.640455853185740498e-02 4.906965085232830592e-01 -5.071010670551404642e-01
2.129889803826766626e-01 -3.103940521817034615e-01 -3.839791910837797584e-02 -3.272725366771199740e-01 2.671586035861572839e-02 4.795978714178411595e-01 -3.272725366771199740e-01 2.671586035861572839e-02 4.795978714178411595e-01 -5.233830325643801240e-01 7.953791656377056096e-01 -2.719961330733254856e-01
-8.415128173247266030e-02 -3.300592857827422399e-01 1.131123353670122622e-01 -4.624161485142967987e-01 1.209523875804722204e-01 4.664114156523104793e-01 -4.624161485142967987e-01 1.209523875804722204e-01 4.664114156523104793e-01 -2.459080040502695796e-01 6.890796252000240818e-01 -4.431716211497545022e-01
1.488911205830856233e-02 -1.475703697835911710e-01 4.635670871883419419e-01 3.433232139195224741e-01 -1.354765524441117197e-01 4.252611878587662098e-01 3.433232139195224741e-01 -1.354765524441117197e-01 4.252611878587662098e-01 -1.624594818418997333e-01 7.735969388138328462e-01 -6.111374569719331129e-01
-3.852540270466248140e-01 -4.194704728716140973e-01 -3.732642908579913987e-01 -3.459208281676425800e-01 -2.203788205501511221e-01 1.624091806912478786e-01 -3.459208281676425800e-01 -2.203788205501511221e-01 1.624091806912478786e-01 -3.421644582498928333e-02 8.042262783861198194e-02 -4.620618201362269861e-02
2.738743427204186620e-01 -1.189185087065476321e-01 4.841265438849168268e-01 -3.246674082286616914e-01 -1.167196898719874421e-01 -3.315230283535528510e-01 -3.246674082286616914e-01 -1.167196898719874421e-01 -3.315230283535528510e-01 -3.927928514269662941e-01 9.958379040184307529e-01 -6.030450525914644588e-01
4.401011881393812608e-02 -3.384892295139880769e-01 1.828158032681237444e-02 -3.440247669565775768e-01 -2.490384622837542583e-01 -2.072858471641048084e-02 -3.440247669565775768e-01 -2.490384622837542583e-01 -2.072858471641048084e-02 -3.824993483279262030e-01 7.392701581687266543e-01 -3.567708098408004513e-01
4.828171137304450022e-01 -4.862324874422832011e-01 3.626166945052219370e-01 5.522531853134449165e-02 2.713625072014619333e-01 3.687788695550200391e-01 5.522531853134449165e-02 2.713625072014619333e-01 3.687788695550200391e-01 -9.690496011727282033e-01 1.817898783120233341e+00 -8.488491819475051381e-01
1.637946452197888147e-01 1.717297848174202946e-01 1.021836538927107796e-01 1.570403290247293082e-01 3.272003251393061918e-01 1.544693512274343261e-01 1.570403290247293082e-01 3.272003251393061918e-01 1.544693512274343261e-01 7.935139597631479802e-03 -7.748127052234099477e-02 6.954613092470951496e-02
-3.148696017309693396e-01 1.051167805003662137e-01 5.146883581277650332e-02 4.484584043057936453e-01 -2.109889168122303094e-01 1.958484563594459216e-01 4.484584043057936453e-01 -2.109889168122303094e-01 1.958484563594459216e-01 4.199863822313355533e-01 -4.736343269189252636e-01 5.364794468758971036e-02
2.500217637026599382e-01 2.778484768591753529e-01 1.783769722513198763e-01 3.600257482181212776e-02 -1.450974891492265995e-01 3.907241914935130067e-01 3.600257482181212776e-02 -1.450974891492265995e-01 3.907241914935130067e-01 2.782671315651541466e-02 -1.272982177643708912e-01 9.947150460785547654e-02
4.096355249515570840e-01 -2.727024590840504414e-01 -1.607958151149000425e-01 3.747476199043634493e-01 7.356108257709526033e-02 2.362572574465340303e-01 3.747476199043634493e-01 7.356108257709526033e-02 2.362572574465340303e-01 -6.823379840356075254e-01 7.942446280047579243e-01 -1.119066439691503989e-01
-2.742906613921453074e-01 2.871162896558341338e-01 -2.649223633138296785e-01 -3.947374733372130962e-01 -2.255258871964291867e-01 4.408492093746438911e-01 -3.947374733372130962e-01 -2.255258871964291867e-01 4.408492093746438911e-01 5.614069510479794411e-01 -1.113445604017643253e+00 5.520386529696638123e-01
4.824174492929428348e-01 -2.798713259730187808e-01 5.143157367337247710e-02 1.085654369735586933e-01 -2.732106793337351069e-01 3.838175899975118099e-01 1.085654369735586933e-01 -2.732106793337351069e-01 3.838175899975118099e-01 -7.622887752659616156e-01 1.093591674912352874e+00 -3.313028996463912579e-01
3.859420993107745002e-01 -3.737898962506412959e-01 7.119423548204495411e-03 -2.026243295084495522e-02 9.866388160643568828e-02 -1.045362836924885741e-01 -2.026243295084495522e-02 9.866388160643568828e-02 -1.045362836924885741e-01 -7.597319955614157960e-01 1.140641315360261476e+00 -3.809093197988457913e-01
-4.332750023606435352e-01 4.659330650197223145e-01 -2.893718215811975636e-01 -3.254010795463058159e-02 1.991465654129165319e-01 -3.878495167789032250e-01 -3.254010795463058159e-02 1.991465654129165319e-01 -3.878495167789032250e-01 8.992080673803658497e-01 -1.654512953981285728e+00 7.553048866009198781e-01
1.102408126466296601e-01 1.391268487199049941e-01 -3.603506663158965173e-01 3.956418025994465903e-01 1.060352981689621776e-01 -1.867783048531139745e-01 3.956418025994465903e-01 1.060352981689621776e-01 -1.867783048531139745e-01 2.888603607327533407e-02 -5.283635511090768455e-01 4.994775150358015114e-01
-4.185260351227380049e-01 -3.492156016278074038e-01 3.519457712872955391e-01 3.218154852167465219e-02 2.566160562962171987e-01 1.389478203684316737e-01 3.218154852167465219e-02 2.566160562962171987e-01 1.389478203684316737e-01 6.931043349493060113e-02 6.318509394201723417e-01 -7.011613729151029428e-01
-7.889237499494783368e-02 -4.259508391056832100e-02 2.013802946333462796e-01 2.419395254560767761e-01 -1.989920569200936962e-01 -2.273677189274919686e-01 2.419395254560767761e-01 -1.989920569200936962e-01 -2.273677189274919686e-01 3.629729108437951268e-02 2.076780874595350879e-01 -2.439753785439146005e-01
-7.352521149860402616e-02 -3.052097144007426266e-02 -4.420241866272329734e-01 -2.008876553391644171e-01 4.254023314479093987e-02 1.415826775618767019e-02 -2.008876553391644171e-01 4.254023314479093987e-02 1.415826775618767019e-02 4.300424005852976350e-02 -4.545074552456884742e-01 4.115032151871587107e-01
1.918771139504733547e-01 2.582782604769962020e-01 -2.465609575002192244e-01 4.552622535381868341e-01 -3.099129495200594331e-01 3.471129160821944115e-01 4.552622535381868341e-01 -3.099129495200594331e-01 3.471129160821944115e-01 6.640114652652284732e-02 -5.712403645037382738e-01 5.048392179772154265e-01
6.103021925570994988e-02 -5.883734103674931326e-03 -1.794353460048397908e-01 2.504535467233240942e-01 3.657481934043294025e-02 -1.261314279346578138e-01 2.504535467233240942e-01 3.657481934043294025e-02 -1.261314279346578138e-01 -6.691395335938488120e-02 -1.066376585417799783e-01 1.735516119011648595e-01
7.974521924579691667e-02 -1.251240564631406205e-01 -1.556608045499461301e-01 -2.407818743492630142e-01 3.951377108035732943e-01 -4.231677152253191521e-01 -2.407818743492630142e-01 3.951377108035732943e-01 -4.231677152253191521e-01 -2.048692757089375371e-01 1.743325276221320275e-01 3.053674808680550967e-02
-3.123683270975660120e-01 1.996231823995838761e-01 9.054652224356707357e-02 2.617298626927417882e-01 -1.565799068913277248e-01 1.668079951387616555e-01 2.617298626927417882e-01 -1.565799068913277248e-01 1.668079951387616555e-01 5.119915094971498881e-01 -6.210681696531666907e-01 1.090766601560168025e-01
-4.400823104877883418e-01 4.857088237131877984e-01 9.963600842371678201e-02 4.029359021217099324e-01 -3.108616250611502263e-01 -1.037406327173061582e-01 4.029359021217099324e-01 -3.108616250611502263e-01 -1.037406327173061582e-01 9.257911342009761402e-01 -1.311863949490447157e+00 3.860728152894710163e-01
-2.670257261589795705e-01 -4.238111909676788303e-01 2.600017523497488714e-01 3.301565261622992908e-01 4.894521308362529410e-01 4.543407046242111669e-01 3.301565261622992908e-01 4.894521308362529410e-01 4.543407046242111669e-01 -1.567854648086992597e-01 8.405984081261269614e-01 -6.838129433174277017e-01
-2.599607343780596658e-02 2.677771921472740235e-01 -2.553659342807919064e-01 1.812041841170189960e-01 1.599697189638991102e-01 -4.656468553026837931e-02 1.812041841170189960e-01 1.599697189638991102e-01 -4.656468553026837931e-02 2.937732655850799901e-01 -8.169163920131459200e-01 5.231431264280659299e-01
-3.532441091828869562e-01 1.901598407367877108e-02 3.230030406484709626e-01 -4.118113544284899286e-01 -2.598262661689333397e-01 3.682385714408890065e-01 -4.118113544284899286e-01 -2.598262661689333397e-01 3.682385714408890065e-01 3.722600932565657272e-01 -6.827303668177353568e-02 -3.039870565747921916e-01
4.939130246104789235e-01 2.035193311050811360e-01 2.710053579546822800e-01 3.448118190062035016e-01 -3.377550005211922279e-01 -3.099504963833101812e-01 3.448118190062035016e-01 -3.377550005211922279e-01 -3.099504963833101812e-01 -2.903936935053977875e-01 3.578797203549989314e-01 -6.748602684960114395e-02
-4.896357386647680610e-01 -3.473960129577281508e-01 -2.761503296724746592e-01 -2.662656398834893912e-01 5.125664893585157866e-02 -4.641208510339832616e-01 -2.662656398834893912e-01 5.125664893585157866e-02 -4.641208510339832616e-01 1.422397257070399101e-01 -7.099404242178641855e-02 -7.124568328525349159e-02
2.515278171352438585e-01 3.445269432294789658e-01 3.483223251981149016e-02 -2.690100513302960961e-01 -2.294480062025335831e-01 -2.550491448851656129e-01 -2.690100513302960961e-01 -2.294480062025335831e-01 -2.550491448851656129e-01 9.299912609423510723e-02 -4.026938368039025828e-01 3.096947107096674756e-01
1.944001577277451043e-01 1.736984238986316598e-01 -2.605537630953196349e-01 2.661883652028217417e-01 3.811683184289046400e-01 4.871830820663743955e-01 2.661883652028217417e-01 3.811683184289046400e-01 4.871830820663743955e-01 -2.070173382911344451e-02 -4.135504531648378501e-01 4.342521869939512946e-01
-1.552633473167065459e-01 4.488362882802195974e-01 -4.173602914787633011e-03 -1.046495262053096509e-01 4.299930889635013020e-01 4.428079850752847380e-01 -1.046495262053096509e-01 4.299930889635013020e-01 4.428079850752847380e-01 6.040996355969261433e-01 -1.057109526791933263e+00 4.530098911950072305e-01
1.297175070215644821e-01 3.964166024568469560e-01 -3.021672153520806869e-01 3.364907608373091108e-02 -4.951279520463939265e-01 -3.968452802509433441e-01 3.364907608373091108e-02 -4.951279520463939265e-01 -3.968452802509433441e-01 2.666990954352824739e-01 -9.652829132442101168e-01 6.985838178089276429e-01
4.747403708550822499e-01 -2.153761189930578634e-01 -4.710338138221015214e-01 -3.114223965005321615e-01 -1.632789102549451199e-01 2.778206109003843460e-01 -3.114223965005321615e-01 -1.632789102549451199e-01 2.778206109003843460e-01 -6.901164898481401133e-01 4.344587950190964554e-01 2.556576948290436579e-01
2.642593390552128163e-02 -1.214194067493977736e-01 2.965585875367110491e-01 -3.784190330864289908e-02 2.613352159920956375e-01 -4.937897328094839056e-01 -3.784190330864289908e-02 2.613352159920956375e-01 -4.937897328094839056e-01 -1.478453406549190552e-01 5.658233349410278779e-01 -4.179779942861088227e-01
3.589640591551157556e-02 6.052999053605878643e-02 3.448725182357390562e-01 -2.391088199789515034e-02 -2.222872675265757936e-01 -8.129132494283408672e-02 -2.391088199789515034e-02 -2.222872675265757936e-01 -8.129132494283408672e-02 2.463358462054721087e-02 2.597089430791330589e-01 -2.843425276996802697e-01
-1.099922858587537577e-01 2.844574187919231001e-01 -4.777284884671958443e-01 4.897069537867417832e-01 -1.314231302347240726e-01 -3.621407997358928599e-01 4.897069537867417832e-01 -1.314231302347240726e-01 -3.621407997358928599e-01 3.944497046506768578e-01 -1.156635611909795802e+00 7.621859072591189443e-01
3.958862181960668414e-01 -1.229174007926658874e-01 3.794835234293169046e-01 4.275809425975434230e-01 -1.027722337662382301e-01 4.998757875742624313e-01 4.275809425975434230e-01 -1.027722337662382301e-01 4.998757875742624313e-01 -5.188036189887327287e-01 1.021204543210715521e+00 -5.024009242219827920e-01
-4.158293211139474366e-04 -4.423451927587436217e-01 1.962700831011029434e-01 4.088080323000569116e-01 3.512376625014974607e-01 1.571650423635170268e-01 4.088080323000569116e-01 3.512376625014974607e-01 1.571650423635170268e-01 -4.419293634376296742e-01 1.080544639297476239e+00 -6.386152758598465651e-01
3.443299485657131953e-01 1.938554113738997220e-01 4.477640661016069057e-01 3.013307032031925514e-01 3.631112601663349926e-01 -2.230769435310072657e-01 3.013307032031925514e-01 3.631112601663349926e-01 -2.230769435310072657e-01 -1.504745371918134733e-01 4.043831919195206570e-01 -2.539086547277071837e-01
-3.758266848800888571e-01 -4.198963561939507150e-01 4.041029859138048907e-01 4.424988742262074837e-01 -4.813189940036246561e-01 1.822206404739505903e-01 4.424988742262074837e-01 -4.813189940036246561e-01 1.822206404739505903e-01 -4.406967131386185788e-02 8.680690134216174636e-01 -8.239993421077556057e-01
-4.076614052312022007e-01 -3.252798498910774994e-01 4.517756930338516774e-01 1.837103358216378712e-01 -3.135073117273147192e-01 -4.849805782465759219e-01 1.837103358216378712e-01 -3.135073117273147192e-01 -4.849805782465759219e-01 8.238155534012470138e-02 6.946739875848044754e-01 -7.770555429249291768e-01
-4.654287801283657489e-01 -3.133416233874797285e-02 -4.265333456398766598e-01 2.259588458488149820e-01 -4.929532761899243498e-01 -8.543712030760508558e-02 2.259588458488149820e-01 -4.929532761899243498e-01 -8.543712030760508558e-02 4.340946177896177760e-01 -8.292938010907464630e-01 3.951991833011286870e-01
2.852960282216189247e-01 1.070154607890388965e-01 4.905344385051968459e-02 2.668623763265419724e-01 1.115736081214105946e-01 -2.272317633352118893e-01 2.668623763265419724e-01 1.115736081214105946e-01 -2.272317633352118893e-01 -1.782805674325800283e-01 1.203185504940608164e-01 5.796201693851921188e-02
-3.390285631843912295e-01 -1.580471636975475658e-01 1.605983559285987239e-01 2.418561456866119563e-02 -2.206796643836681504e-01 -1.032525500039960242e-03 2.418561456866119563e-02 -2.206796643836681504e-01 -1.032525500039960242e-03 1.809813994868436637e-01 1.376641201393026259e-01 -3.186455196261462897e-01
3.844059259454368771e-02 1.715983809063899024e-01 -2.231935373994133887e-01 2.571159134140965641e-02 4.310031937645028011e-01 -4.579752399138855568e-01 2.571159134140965641e-02 4.310031937645028011e-01 -4.579752399138855568e-01 1.331577883118462147e-01 -5.279497066176495057e-01 3.947919183058032910e-01
-3.311997723669368732e-02 -3.554022791619032562e-01 -4.103693010725379953e-01 1.575214077031100723e-01 4.158787230673001156e-01 3.274440914110758882e-01 1.575214077031100723e-01 4.158787230673001156e-01 3.274440914110758882e-01 -3.222823019252095689e-01 2.673152800145748298e-01 5.496702191063473908e-02
3.583138364290423539e-01 -9.351713102291370205e-02 3.180690542887054661e-03 4.007831147069159661e-01 1.535310326636594169e-01 3.587151157269452550e-01 4.007831147069159661e-01 1.535310326636594169e-01 3.587151157269452550e-01 -4.518309674519560559e-01 5.485287890177568126e-01 -9.669782156580075672e-02
5.868982844575165725e-02 -1.245651668321422489e-01 -1.355925682960523737e-02 3.077788623150764513e-01 -4.672428002540228720e-01 -4.627597443892151885e-01 3.077788623150764513e-01 -4.672428002540228720e-01 -4.627597443892151885e-01 -1.832549952778939062e-01 2.942609052804309178e-01 -1.110059100025370116e-01
-3.736704805603626722e-01 -1.944375171992529516e-03 8.340631460822789389e-02 4.639158886845510255e-01 2.461601407734210767e-01 4.488370667619456800e-02 4.639158886845510255e-01 2.461601407734210767e-01 4.488370667619456800e-02 3.717261053883701427e-01 -2.863754156081497193e-01 -8.535068978022042341e-02
7.785721528453548590e-02 -8.454849983064671726e-03 1.383553207411729602e-01 -8.343327098525255003e-02 3.893155330763431454e-02 4.309898653459719453e-01 -8.343327098525255003e-02 3.893155330763431454e-02 4.309898653459719453e-01 -8.631206526760015763e-02 2.331222359918377895e-01 -1.468101707242376319e-01
-6.640767272683545386e-02 -1.139959889774044832e-01 4.639177674239978177e-01 9.898378143109010097e-03 2.522566048040931763e-01 3.421791188670099126e-01 9.898378143109010097e-03 2.522566048040931763e-01 3.421791188670099126e-01 -4.758831625056902936e-02 6.255020726519713303e-01 -5.779137564014023010e-01
4.155937888737326613e-02 -4.520074359511326856e-01 -2.186987274631886358e-01 4.052027659330403875e-01 3.425182098415588960e-01 -2.160565621537532399e-01 4.052027659330403875e-01 3.425182098415588960e-01 -2.160565621537532399e-01 -4.935668148385059517e-01 7.268755233264500015e-01 -2.333087084879440498e-01
-5.809571925157663852e-02 -1.175325427290824232e-01 1.052128951232128573e-01 -7.427558801488376439e-02 1.382781332668242547e-01 -1.744597024010104969e-01 -7.427558801488376439e-02 1.382781332668242547e-01 -1.744597024010104969e-01 -5.943682347750578465e-02 2.821822613298010651e-01 -2.227454378522952805e-01
-2.142811482658524280e-01 3.227300054219355285e-01 -2.024252846861247512e-01 2.131639731598145016e-01 3.542582098426465542e-01 -4.669181565924843680e-01 2.131639731598145016e-01 3.542582098426465542e-01 -4.669181565924843680e-01 5.370111536877879566e-01 -1.062166443795848236e+00 5.251552901080602798e-01
-3.757290380278353048e-01 2.316064712415087934e-01 1.724726505249298825e-01 -4.334291968676207141e-01 1.211491896936460755e-01 -3.194239473331430545e-01 -4.334291968676207141e-01 1.211491896936460755e-01 -3.194239473331430545e-01 6.073355092693440982e-01 -6.664693299859230091e-01 5.913382071657891093e-02
2.331425252875111154e-01 -3.156155576322332568e-01 -1.655806073027273895e-01 -3.910049660703562857e-01 2.664921446562297236e-01 7.313220468394188156e-02 -3.910049660703562857e-01 2.664921446562297236e-01 7.313220468394188156e-02 -5.487580829197443721e-01 6.987930332492502394e-01 -1.500349503295058673e-01
-4.814237978225904824e-01 -4.962063275906574145e-01 1.830743663365641538e-01 4.344454925295846426e-01 2.541750254551593535e-01 3.173517292840132287e-01 4.344454925295846426e-01 2.541750254551593535e-01 3.173517292840132287e-01 -1.478252976806693209e-02 6.940632236952885004e-01 -6.792806939272215683e-01
1.070941619724604665e-01 -3.065836009850816390e-01 -2.344879825276141583e-01 -7.963043119721491259e-02 -2.260819067704450402e-01 2.020694642288483056e-01 -7.963043119721491259e-02 -2.260819067704450402e-01 2.020694642288483056e-01 -4.136777629575421056e-01 4.857733814150095863e-01 -7.209561845746748077e-02
1.394608808799401301e-01 -2.132883503935694147e-01 -3.277202985228745424e-01 4.308549677599680106e-01 -1.332680183390583251e-01 2.955027102986651499e-01 4.308549677599680106e-01 -1.332680183390583251e-01 2.955027102986651499e-01 -3.527492312735095448e-01 2.383172831442044171e-01 1.144319481293051277e-01
2.501724132979927795e-01 3.891310891074828415e-01 2.685187589183435364e-02 2.039994982798885026e-01 2.454983307481646282e-01 -1.150908701460171546e-01 2.039994982798885026e-01 2.454983307481646282e-01 -1.150908701460171546e-01 1.389586758094900620e-01 -5.012378890251385499e-01 3.622792132156484879e-01
3.781425034294131349e-01 2.300912110901043306e-01 -4.350884146608706704e-01 -3.215051670225117508e-01 -7.570762567418798383e-02 -4.530691567737673564e-01 -3.215051670225117508e-01 -7.570762567418798383e-02 -4.530691567737673564e-01 -1.480512923393088043e-01 -5.171283334116661967e-01 6.651796257509750010e-01
1.726759850112979944e-02 2.517077209192668530e-01 3.214467402262972673e-01 1.792129501957185900e-01 -3.540710819283965360e-01 -3.945802535606828254e-01 1.792129501957185900e-01 -3.540710819283965360e-01 -3.945802535606828254e-01 2.344401224181370536e-01 -1.647011031111066393e-01 -6.973901930703041430e-02
1.229269227836138345e-02 7.154209272533229580e-02 1.449416725122117944e-01 -1.562118965631555945e-01 1.177542796100679023e-01 -7.538728990539722563e-02 -1.562118965631555945e-01 1.177542796100679023e-01 -7.538728990539722563e-02 5.924940044697091235e-02 1.415017933990858623e-02 -7.339957978687949858e-02
4.261814267064536477e-01 -6.701849303235185573e-02 -1.447906106603562559e-01 2.230933996660097174e-01 -1.810139935298109570e-01 -4.642495682916203403e-02 2.230933996660097174e-01 -1.810139935298109570e-01 -4.642495682916203403e-02 -4.931999197388055034e-01 4.154278021108011032e-01 7.777211762800440020e-02
4.511937854902045020e-01 1.517892760100904015e-01 -9.804687755768259905e-03 -3.489254815285680600e-01 -2.690582916778758715e-01 4.607973060206447258e-01 -3.489254815285680600e-01 -2.690582916778758715e-01 4.607973060206447258e-01 -2.994045094801141005e-01 1.378105457142554391e-01 1.615939637658586614e-01
-2.601522408524138408e-01 -9.677952789415078527e-02 3.944324184275723733e-01 3.106291034469015333e-01 -2.435615394932533206e-03 -2.796330988463051614e-01 3.106291034469015333e-01 -2.435615394932533206e-03 -2.796330988463051614e-01 1.633727129582630555e-01 3.278392333634601030e-01 -4.912119463217231585e-01
4.294372337437613041e-01 -9.579809422485274784e-02 -1.283454232758175495e-01 3.542379729163827040e-01 -3.097165173209562861e-01 -1.168241495689067433e-01 3.542379729163827040e-01 -3.097165173209562861e-01 -1.168241495689067433e-01 -5.252353279686140519e-01 4.926879989176492503e-01 3.254732905096480167e-02
-4.125177904464091272e-01 2.677889776581729997e-01 -3.195044513352718329e-02 1.279619269819026739e-01 -7.850898957190188820e-02 9.840123939405254205e-04 1.279619269819026739e-01 -7.850898957190188820e-02 9.840123939405254205e-04 6.803067681045821269e-01 -9.800461908962823099e-01 2.997394227917001830e-01
-4.012565981796516468e-01 4.482991740726650631e-01 3.960434915750019602e-01 4.803328851373277475e-01 5.763348986431826582e-03 2.925592686771694151e-02 4.803328851373277475e-01 5.763348986431826582e-03 2.925592686771694151e-02 8.495557722523167099e-01 -9.018114547499798128e-01 5.225568249766310291e-02
3.594893208655858263e-01 -1.605832759823905276e-01 -7.277398833966719494e-03 9.878891790921040528e-02 -1.558806630240024971e-01 3.388448341981827872e-01 9.878891790921040528e-02 -1.558806630240024971e-01 3.388448341981827872e-01 -5.200725968479763539e-01 6.733784739964001620e-01 -1.533058771484238081e-01
3.118586977205397570e-01 4.384818918567340296e-01 -2.368609760761257732e-01 8.098407267501950280e-02 3.339046774992332489e-01 2.988260890560822114e-01 8.098407267501950280e-02 3.339046774992332489e-01 2.988260890560822114e-01 1.266231941361942726e-01 -8.019660620690540753e-01 6.753428679328598028e-01
-2.026686184927277701e-01 5.640691567092526171e-02 4.573949263266687826e-01 4.062603959616818416e-01 -4.573703182034201120e-01 -3.899234921529820541e-01 4.062603959616818416e-01 -4.573703182034201120e-01 -3.899234921529820541e-01 2.590755341636530318e-01 1.419124764920904891e-01 -4.009880106557435209e-01
3.541154438365387014e-01 4.865727795868814987e-01 3.329681438370704072e-01 1.028653375383973279e-01 -3.140390302036610848e-01 -3.914412943912823906e-01 1.028653375383973279e-01 -3.140390302036610848e-01 -3.914412943912823906e-01 1.324573357503427973e-01 -2.860619715001538887e-01 1.536046357498110915e-01
4.058094960083018510e-01 -4.602712933169151865e-01 2.025230339614009223e-01 -2.457676453426476115e-01 4.591120175192022757e-01 3.529698498496928183e-01 -2.457676453426476115e-01 4.591120175192022757e-01 3.529698498496928183e-01 -8.660807893252170375e-01 1.528875116603533257e+00 -6.627943272783161088e-01
1.901162746405582471e-02 8.534845893825104834e-02 -2.820310699388320907e-01 4.378749166382522873e-02 -2.125018979588123580e-01 7.243081692707264985e-02 4.378749166382522873e-02 -2.125018979588123580e-01 7.243081692707264985e-02 6.633683147419522363e-02 -4.337163603512783627e-01 3.673795288770831391e-01
3.271154711707324747e-01 1.786004817232189623e-02 -2.965661756299093899e-01 -1.993677114762518743e-01 2.165931341327187454e-02 -1.122948682185901381e-01 -1.993677114762518743e-01 2.165931341327187454e-02 -1.122948682185901381e-01 -3.092554229984105785e-01 -5.170800803820707614e-03 3.144262238022312861e-01
-3.429012140801912523e-02 4.218683054838153756e-01 9.882089062342191976e-02 4.138438752466081505e-01 1.250155931933211173e-01 -4.089591309540178132e-01 4.138438752466081505e-01 1.250155931933211173e-01 -4.089591309540178132e-01 4.561584268918345009e-01 -7.792058417522279568e-01 3.230474148603934559e-01
-3.554544598753401896e-01 -2.381195958964797965e-01 -2.227998952174015113e-01 1.180113243466446304e-01 -3.841732532937509603e-01 6.965355668407391398e-02 1.180113243466446304e-01 -3.841732532937509603e-01 6.965355668407391398e-02 1.173348639788603931e-01 -1.020151632997821078e-01 -1.531970067907828525e-02
-2.144237183043060657e-01 2.918210395041538341e-01 1.724110989339258104e-01 3.084113566061418288e-01 4.721390871214521390e-01 -3.350277321010475262e-01 3.084113566061418288e-01 4.721390871214521390e-01 -3.350277321010475262e-01 5.062447578084598998e-01 -6.256546983786879235e-01 1.194099405702280237e-01
3.031633421141696205e-01 -2.097020029381317929e-01 1.296079567189131199e-01 -4.480343114946390148e-01 -2.983682409433656701e-01 4.676088975125461955e-01 -4.480343114946390148e-01 -2.983682409433656701e-01 4.676088975125461955e-01 -5.128653450523014135e-01 8.521753047093463262e-01 -3.393099596570449128e-01
-3.137397886223290966e-01 7.071585154625636971e-02 -4.490876164831127948e-01 -3.795991231422766177e-01 2.433905124020390165e-01 -3.942557848699478340e-01 -3.795991231422766177e-01 2.433905124020390165e-01 -3.942557848699478340e-01 3.844556401685854663e-01 -9.042591081979546308e-01 5.198034680293691645e-01
-4.759517325354845063e-02 -1.007813946475462075e-01 1.910273415567041999e-01 1.065443482504676576e-01 -1.358297013464742076e-01 4.720206217903173407e-01 1.065443482504676576e-01 -1.358297013464742076e-01 4.720206217903173407e-01 -5.318622139399775683e-02 3.449949575982481642e-01 -2.918087362042504074e-01
1.852195003967594955e-01 4.015625846693212653e-01 -4.183760172849319003e-01 -1.615486158817499573e-01 -3.254988124272559791e-01 -3.812695948874064156e-01 -1.615486158817499573e-01 -3.254988124272559791e-01 -3.812695948874064156e-01 2.163430842725617698e-01 -1.036281686226814935e+00 8.199386019542531656e-01
-1.051495195393605808e-01 -3.563930021257907255e-01 -3.346815095197601675e-01 7.100876193707306161e-02 -1.821824496494022227e-01 4.811085630636269261e-01 7.100876193707306161e-02 -1.821824496494022227e-01 4.811085630636269261e-01 -2.512434825864301446e-01 2.729549751924607026e-01 -2.171149260603055797e-02
-5.008786652005947637e-02 -2.923743381961856347e-01 -4.639316854301400728e-01 -1.889869321151584902e-01 -2.021367326711653867e-03 -3.057100179138132479e-01 -1.889869321151584902e-01 -2.021367326711653867e-03 -3.057100179138132479e-01 -2.422864716761261583e-01 7.072912444217172023e-02 1.715573472339544381e-01
4.401074823333671615e-01 1.243367024026759138e-01 -1.365113167150947548e-01 4.553899892571746655e-01 1.253311549032550820e-01 3.027325501575511835e-01 4.553899892571746655e-01 1.253311549032550820e-01 3.027325501575511835e-01 -3.157707799306912477e-01 5.492276081292057910e-02 2.608480191177706686e-01
1.337867606119178543e-01 2.268937533445626320e-01 -1.181576032442388513e-01 1.682889887508017823e-01 -2.383892073170782444e-01 3.767770399379611890e-01 1.682889887508017823e-01 -2.383892073170782444e-01 3.767770399379611890e-01 9.310699273264477771e-02 -4.381583493214462610e-01 3.450513565888014833e-01
1.541373469707443267e-01 -1.575593588651894583e-01 -4.946834670388967625e-01 3.967919516127438317e-02 -7.350705414378155833e-02 -4.117698489999042089e-01 3.967919516127438317e-02 -7.350705414378155833e-02 -4.117698489999042089e-01 -3.116967058359337850e-01 -2.542740233777351921e-02 3.371241081737073042e-01
2.959669419422693570e-01 -1.789736858326841373e-01 -2.216718691530980001e-01 4.435093839110807457e-01 3.307513669044257476e-01 1.460907214959391576e-01 4.435093839110807457e-01 3.307513669044257476e-01 1.460907214959391576e-01 -4.749406277749534944e-01 4.322424444545396316e-01 4.269818332041386277e-02
