1.045388286317110449e-01 3.241501738055362347e-01 -1.307305866103302128e-01 8.536158333648502516e-02 4.779606433152278067e-01 -4.069577510967481437e-02 8.536158333648502516e-02 4.779606433152278067e-01 -4.069577510967481437e-02 2.196113451738251898e-01 -6.744921055896916373e-01 4.548807604158664475e-01
2.913426756488137759e-01 -1.131197357927070657e-01 -4.461473767697305970e-01 -3.670351702752527867e-02 -8.776229834376758632e-03 1.971603240753195818e-01 -3.670351702752527867e-02 -8.776229834376758632e-03 1.971603240753195818e-01 -4.044624114415208416e-01 7.143477046449731027e-02 3.330276409770235313e-01
-2.870980295277915095e-01 4.296476447885176908e-01 -4.852618096075128618e-01 -2.911948601744792642e-01 4.222498124349475246e-01 4.768529313803365755e-01 -2.911948601744792642e-01 4.222498124349475246e-01 4.768529313803365755e-01 7.167456743163092003e-01 -1.631655128712339753e+00 9.149094543960305526e-01
4.587006814026300949e-01 1.809679020715648790e-02 2.154613111763625799e-01 -4.084683307763714577e-02 -1.911420181837146792e-01 -3.763152436112153776e-01 -4.084683307763714577e-02 -1.911420181837146792e-01 -3.763152436112153776e-01 -4.406038911954736070e-01 6.379684121646796990e-01 -1.973645209692060920e-01
2.026618234804864471e-01 -1.472225838046636870e-01 2.873707760144172951e-01 2.033327742463038046e-01 -2.754050329039016143e-01 3.255575519089858316e-01 2.033327742463038046e-01 -2.754050329039016143e-01 3.255575519089858316e-01 -3.498844072851501341e-01 7.844777671042311162e-01 -4.345933598190809821e-01
4.133012440268775123e-01 2.367238044020447685e-01 1.903501188598211158e-02 -2.372325516233719789e-02 4.177558866031564344e-01 -9.614419959115894088e-02 -2.372325516233719789e-02 4.177558866031564344e-01 -9.614419959115894088e-02 -1.765774396248327438e-01 -4.111135289122991310e-02 2.176887925160626569e-01
2.373998988360687123e-01 -2.506444340699974793e-01 -2.660652431242485072e-01 -3.567356790387248289e-01 -3.145185590299400813e-01 -2.195424225406283902e-01 -3.567356790387248289e-01 -3.145185590299400813e-01 -2.195424225406283902e-01 -4.880443329060661917e-01 4.726235238518151638e-01 1.542080905425102788e-02
-4.128669427405540215e-02 -1.494693296248886805e-01 2.173554306827294447e-01 -1.613816169388803123e-01 1.765699700559411056e-01 -1.576839311180155967e-02 -1.613816169388803123e-01 1.765699700559411056e-01 -1.576839311180155967e-02 -1.081826353508332783e-01 4.750073956584514034e-01 -3.668247603076181251e-01
4.891802777531344404e-01 2.423335870866194508e-02 -3.815846345320158539e-01 5.938254556334210399e-02 -1.831239473919262783e-01 -4.741415317188218959e-01 5.938254556334210399e-02 -1.831239473919262783e-01 -4.741415317188218959e-01 -4.649469190444724953e-01 5.912892580379469631e-02 4.058179932406777990e-01
-1.916639699994679980e-01 2.622246836774553280e-01 4.617001960528150928e-01 2.802309754154712618e-01 1.441121048392778325e-01 -1.696158539078848060e-01 2.802309754154712618e-01 1.441121048392778325e-01 -1.696158539078848060e-01 4.538886536769233260e-01 -2.544131413015635612e-01 -1.994755123753597648e-01
1.688547064212764237e-01 4.088152539422492682e-01 8.043527346977108472e-02 3.117735474229278436e-01 4.054519086889807333e-03 2.599932727343545746e-01 3.117735474229278436e-01 4.054519086889807333e-03 2.599932727343545746e-01 2.399605475209728445e-01 -5.683405279934510279e-01 3.283799804724781835e-01
-3.970836338280800959e-01 -3.448467559385067771e-01 2.635797516334329460e-01 1.350168724642306639e-01 -9.736370616164180536e-02 -4.119265426341975900e-01 1.350168724642306639e-01 -9.736370616164180536e-02 -4.119265426341975900e-01 5.223687788957331879e-02 5.561896296823664043e-01 -6.084265075719397231e-01
2.494856954349746747e-01 4.798242248598794113e-02 1.050341740485561948e-01 3.683330957527614080e-01 1.889317522976896591e-02 2.827020876012659167e-01 3.683330957527614080e-01 1.889317522976896591e-02 2.827020876012659167e-01 -2.015032729489867336e-01 2.585550245115549872e-01 -5.705175156256825364e-02
-2.734966766868554000e-01 -3.787128738498330982e-01 -4.677451607748051021e-02 -1.945924049887249874e-01 4.115455801934053692e-01 2.851909360793748460e-01 -1.945924049887249874e-01 4.115455801934053692e-01 2.851909360793748460e-01 -1.052161971629776982e-01 4.371545549353302862e-01 -3.319383577723525880e-01
-2.892996741310950304e-01 -9.516421035760391778e-02 -7.315503519459665149e-02 3.259191768630768093e-01 1.924669167403768588e-01 -2.273710836140174774e-01 3.259191768630768093e-01 1.924669167403768588e-01 -2.273710836140174774e-01 1.941354637734911126e-01 -1.721262886104838463e-01 -2.200917516300726628e-02
2.120243742497532891e-01 3.948655555762267122e-01 3.857320068725723639e-01 3.546899876203336577e-01 4.337346175480819577e-01 4.673878879156609933e-01 3.546899876203336577e-01 4.337346175480819577e-01 4.673878879156609933e-01 1.828411813264734231e-01 -1.919747300301277715e-01 9.133548703654348344e-03
3.445585328061180341e-01 -3.643164747615139643e-01 -2.082940090436018465e-01 2.650396785255009213e-01 -2.079603520898187785e-02 -2.341627562416933594e-01 2.650396785255009213e-01 -2.079603520898187785e-02 -2.341627562416933594e-01 -7.088750075676319984e-01 8.648974732855441161e-01 -1.560224657179121177e-01
4.847168031598662052e-01 4.879351995970453437e-01 1.735161650983056969e-01 -1.349737415940353014e-01 1.962045783196206816e-01 4.614514913918107419e-01 -1.349737415940353014e-01 1.962045783196206816e-01 4.614514913918107419e-01 3.218396437179138481e-03 -3.176374309359187853e-01 3.144190344987396468e-01
-2.758369743185401513e-01 3.884176962928098664e-02 -3.784808356042116406e-01 -2.497376874100737387e-01 -4.708378299679770729e-01 1.473297398296431471e-01 -2.497376874100737387e-01 -4.708378299679770729e-01 1.473297398296431471e-01 3.146787439478211379e-01 -7.320013491813137652e-01 4.173226052334926273e-01
2.967787559433180400e-01 -9.122866876453061824e-02 -4.336727151942189051e-01 -1.487100487841701568e-01 1.608993695870686302e-01 4.011657076778969433e-01 -1.487100487841701568e-01 1.608993695870686302e-01 4.011657076778969433e-01 -3.880074247078486582e-01 4.556337827816037134e-02 3.424440464296882869e-01
-9.359862934839147108e-03 2.550654114298184227e-01 -4.933809095683127088e-01 2.823937890008870744e-01 -1.602202358383181258e-01 2.814002199626127743e-01 2.823937890008870744e-01 -1.602202358383181258e-01 2.814002199626127743e-01 2.644252743646575698e-01 -1.012871595362788701e+00 7.484463209981311316e-01
2.990792682807419389e-01 -5.677620211176237497e-02 -1.558097883675478856e-01 -2.219198108154974980e-01 -3.222467214237771937e-01 -8.872560971822041065e-02 -2.219198108154974980e-01 -3.222467214237771937e-01 -8.872560971822041065e-02 -3.558554703925043139e-01 2.568218841367188032e-01 9.903358625578551067e-02
-7.104922028429250247e-02 3.500714273442252500e-01 2.863766762658370713e-02 2.249439032215030387e-01 -1.282378299176134551e-02 -8.776210906103831810e-02 2.249439032215030387e-01 -1.282378299176134551e-02 -8.776210906103831810e-02 4.211206476285177525e-01 -7.425544073461592953e-01 3.214337597176415429e-01
1.298397030328184432e-01 -2.979736241296933041e-01 1.412376526322721704e-01 -4.873145277290538147e-01 -4.672462019720333704e-01 -3.349794846311717755e-01 -4.873145277290538147e-01 -4.672462019720333704e-01 -3.349794846311717755e-01 -4.278133271625117473e-01 8.670246039244772218e-01 -4.392112767619654745e-01
-2.239169150223414562e-01 4.281877693571258803e-01 1.408422676587468558e-01 -4.114531124981949395e-01 2.992799140475063124e-01 4.461762859713711560e-01 -4.114531124981949395e-01 2.992799140475063124e-01 4.461762859713711560e-01 6.521046843794673364e-01 -9.394501860778463609e-01 2.873455016983790244e-01
-1.993510927919261988e-01 -5.566576184919302950e-02 1.548835275831856872e-01 2.032942563254203083e-01 -9.400835834607035313e-02 8.941140162224270327e-02 2.032942563254203083e-01 -9.400835834607035313e-02 8.941140162224270327e-02 1.436853309427331693e-01 6.686395848964554744e-02 -2.105492894323787167e-01
-2.222784702685793867e-01 -3.242309752946881396e-02 -1.663897830197628158e-01 4.058730810121589094e-01 1.616196650778979338e-01 -1.891874944090576882e-02 4.058730810121589094e-01 1.616196650778979338e-01 -1.891874944090576882e-02 1.898553727391105728e-01 -3.238220582294045746e-01 1.339666854902940019e-01
2.582172334756304144e-01 -3.520649715308815653e-01 -1.491868942719296598e-01 -1.255266413233178113e-01 1.601433783088767049e-01 8.574099733772400089e-02 -1.255266413233178113e-01 1.601433783088767049e-01 8.574099733772400089e-02 -6.102822050065119797e-01 8.131602822654638851e-01 -2.028780772589519055e-01
-3.547052236238094070e-01 -2.211542535928149311e-01 1.640850357804277682e-01 -4.818934622290826919e-02 -6.187808875984690538e-03 -3.843622824640099411e-01 -4.818934622290826919e-02 -6.187808875984690538e-03 -3.843622824640099411e-01 1.335509700309944758e-01 2.516883193422482234e-01 -3.852392893732426993e-01
4.257839646040150194e-01 3.245535551065343860e-01 4.941712537094130608e-01 3.231270496066118714e-02 4.254700952543715164e-01 2.051262188667508646e-01 3.231270496066118714e-02 4.254700952543715164e-01 2.051262188667508646e-01 -1.012304094974806334e-01 2.708481081003593083e-01 -1.696176986028786748e-01
-4.242825538277332775e-01 -1.720677085845736531e-01 5.406457325468450037e-02 1.212234108635463770e-01 2.991216787486565831e-01 7.742760074294086081e-04 1.212234108635463770e-01 2.991216787486565831e-01 7.742760074294086081e-04 2.522148452431596244e-01 -2.608256340390147088e-02 -2.261322818392581535e-01
-3.679656295425164370e-01 -4.974082321308602728e-01 4.453659840726624797e-01 -2.890250719368587795e-01 -3.673548611469896752e-01 -3.613617838169943530e-01 -2.890250719368587795e-01 -3.673548611469896752e-01 -3.613617838169943530e-01 -1.294426025883438358e-01 1.072216818791866588e+00 -9.427742162035227524e-01
-2.011660850361685071e-02 3.126661586821748440e-01 -8.059456002714571188e-02 2.180815924842541831e-01 2.134208361687361943e-01 -4.638019242136458553e-01 2.180815924842541831e-01 2.134208361687361943e-01 -4.638019242136458553e-01 3.327827671857916947e-01 -7.260434858951122505e-01 3.932607187093205559e-01
-3.549970371445332340e-01 -2.234592685418076430e-01 -2.096088601191548051e-01 -3.518545884484660657e-01 -2.568647335226253992e-01 1.272529622428800744e-01 -3.518545884484660657e-01 -2.568647335226253992e-01 1.272529622428800744e-01 1.315377686027255910e-01 -1.176873601800727531e-01 -1.385040842265283789e-02
-4.901545592003114793e-01 -4.391463246936899711e-01 -3.898767228156292397e-01 -5.665696809495324171e-02 -2.259069614632037704e-01 -1.243961158799179456e-01 -5.665696809495324171e-02 -2.259069614632037704e-01 -1.243961158799179456e-01 5.100823450662150815e-02 -1.738632628560776716e-03 -4.926960187806073144e-02
-4.860677320657518230e-01 -2.802733078945831569e-01 2.076712230464456965e-01 -1.343955023738750976e-01 -7.616967083277970119e-02 3.110867240756315377e-01 -1.343955023738750976e-01 -7.616967083277970119e-02 3.110867240756315377e-01 2.057944241711686661e-01 2.821501067698601872e-01 -4.879445309410288534e-01
2.207140306231447635e-01 -2.872374858595139191e-02 -3.167944407446023902e-01 -4.728266436766970227e-02 2.417542857668772971e-01 -4.111074640724675655e-01 -4.728266436766970227e-02 2.417542857668772971e-01 -4.111074640724675655e-01 -2.494377792090961554e-01 -3.863291294955484290e-02 2.880706921586509983e-01
2.100658900630637538e-01 1.780710785110295458e-01 1.251930268329348728e-01 -3.842500588558755981e-01 1.477741426709202610e-01 -4.792876465806972242e-02 -3.842500588558755981e-01 1.477741426709202610e-01 -4.792876465806972242e-02 -3.199481155203420801e-02 -2.088324012606046498e-02 5.287805167809467299e-02
1.190649512332331295e-01 -3.114472706795512469e-01 -4.444916335864957935e-01 1.826604441900938625e-01 -2.804894825541096592e-01 -9.353413583743186432e-02 1.826604441900938625e-01 -2.804894825541096592e-01 -9.353413583743186432e-02 -4.305122219127843763e-01 2.974678590058398298e-01 1.330443629069445466e-01
4.726011139048933440e-01 5.284801052957588396e-03 -4.733542769242287118e-01 -4.453309547879020780e-01 2.934227882842160851e-01 -3.675078146042950467e-01 -4.453309547879020780e-01 2.934227882842160851e-01 -3.675078146042950467e-01 -4.673163128519357556e-01 -1.132276512525054457e-02 4.786390779771863002e-01
-3.524559907804385439e-01 -1.221104112178726941e-01 4.622835988281289721e-01 1.031326608527453059e-01 -1.371700001164650740e-01 -4.234184563738011553e-01 1.031326608527453059e-01 -1.371700001164650740e-01 -4.234184563738011553e-01 2.303455795625658498e-01 3.540484304834358165e-01 -5.843940100460016662e-01
-1.852338638486832334e-01 4.155936365522566733e-01 -6.359848880681862049e-03 1.937057408186114715e-01 -4.904213976035857181e-01 3.594754281082233049e-01 1.937057408186114715e-01 -4.904213976035857181e-01 3.594754281082233049e-01 6.008275004009399067e-01 -1.022780985833878553e+00 4.219534854329385354e-01
-3.165757579004176980e-01 -3.810333512827858149e-01 -7.458659799885836161e-02 4.306147579900487798e-01 2.392523679852520679e-02 -4.171335712188628531e-02 4.306147579900487798e-01 2.392523679852520679e-02 -4.171335712188628531e-02 -6.445759338236811686e-02 3.709043466662955701e-01 -3.064467532839274533e-01
3.397085104160708635e-01 -4.943959101008013057e-01 1.189780544469472012e-01 -4.924813084574336530e-01 -4.062380828991575266e-01 -2.942769607193612691e-01 -4.924813084574336530e-01 -4.062380828991575266e-01 -2.942769607193612691e-01 -8.341044205168721692e-01 1.447478385064620676e+00 -6.133739645477485070e-01
-2.663181401786767211e-01 -2.457481702072228380e-02 9.622989633574052792e-02 4.566765500242793152e-01 4.248646739542307760e-01 -1.980888571159620248e-01 4.566765500242793152e-01 4.248646739542307760e-01 -1.980888571159620248e-01 2.417433231579544373e-01 -1.209386098014916255e-01 -1.208047133564628117e-01
-1.961457271689619475e-01 2.353849778369909718e-02 -1.154693848274170875e-01 -4.584864550191523058e-01 -1.273067758039647668e-02 -2.755660880080029740e-01 -4.584864550191523058e-01 -1.273067758039647668e-02 -2.755660880080029740e-01 2.196842249526610447e-01 -3.586921075637772294e-01 1.390078826111161847e-01
-1.952579232147788613e-02 -9.266248208998895119e-02 -4.841409152041369346e-01 4.579487688130794432e-01 4.223711159065368648e-02 4.709151582693008598e-01 4.579487688130794432e-01 4.223711159065368648e-02 4.709151582693008598e-01 -7.313668976851106507e-02 -3.183417433456369183e-01 3.914784331141479834e-01
-2.083953427073703679e-02 2.222995061422634588e-01 1.765494282198708520e-01 1.373232240028122719e-01 -4.008082956774772221e-02 3.686461913360703502e-01 1.373232240028122719e-01 -4.008082956774772221e-02 3.686461913360703502e-01 2.431390404130004956e-01 -2.888891183353931025e-01 4.575007792239260684e-02
-3.090799413334063273e-01 1.025018362665696126e-01 2.032630463479654370e-01 -3.567090027612919156e-01 3.180976787791478522e-02 -1.481987154680514118e-01 -3.567090027612919156e-01 3.180976787791478522e-02 -1.481987154680514118e-01 4.115817775999759398e-01 -3.108205675185801153e-01 -1.007612100813958245e-01
-3.402689174942237216e-01 -1.617108604853833009e-01 -4.140183552278446921e-01 2.137957380688534359e-01 -1.238170949132361143e-01 4.732714534976351084e-01 2.137957380688534359e-01 -1.238170949132361143e-01 4.732714534976351084e-01 1.785580570088404206e-01 -4.308655517513018118e-01 2.523074947424613912e-01
-3.242701367868183748e-01 4.413775238322021899e-01 6.241910153000862493e-02 -1.391524713297016547e-01 1.386585638188483349e-01 1.853823469696375126e-01 -1.391524713297016547e-01 1.386585638188483349e-01 1.853823469696375126e-01 7.656476606190205647e-01 -1.144606082921214130e+00 3.789584223021935649e-01
-8.406753944397171718e-02 -3.189722023019022634e-01 1.621354847096090346e-02 -1.923212368820994556e-01 2.275007017761824235e-01 3.325272244504646757e-01 -1.923212368820994556e-01 2.275007017761824235e-01 3.325272244504646757e-01 -2.349046628579305462e-01 5.700904136307937131e-01 -3.351857507728631669e-01
4.133302078407228297e-01 4.748719943295544033e-01 2.003949143906647024e-02 3.994568237801093824e-01 4.812202229073072601e-01 -8.313862952581863031e-02 3.994568237801093824e-01 4.812202229073072601e-01 -8.313862952581863031e-02 6.154178648883157354e-02 -5.163742893793195066e-01 4.548325028904879330e-01
-3.283247023228351713e-01 1.790600463725244840e-01 -4.980096760335006589e-02 1.630649372785487605e-01 3.847760655390609630e-01 -2.066909735151024607e-01 1.630649372785487605e-01 3.847760655390609630e-01 -2.066909735151024607e-01 5.073847486953596553e-01 -7.362457626712342051e-01 2.288610139758745499e-01
-4.655075258268781546e-02 -3.551212283160731786e-02 2.441060223707304244e-01 -2.219732613732575688e-01 -2.958240274554537752e-01 -4.278341664592322235e-02 -2.219732613732575688e-01 -2.958240274554537752e-01 -4.278341664592322235e-02 1.103862975108049760e-02 2.685795154512572447e-01 -2.796181452023377423e-01
-3.810015087887963503e-01 -3.821478441086541000e-01 -3.587967358484366320e-01 -8.126658327486901978e-02 -3.504556619586636224e-01 2.749881663004238863e-02 -8.126658327486901978e-02 -3.504556619586636224e-01 2.749881663004238863e-02 -1.146335319857749724e-03 2.449744358007521772e-02 -2.335110826021746799e-02
-3.710448124887248955e-01 -4.663951156961220201e-01 3.992540627139221643e-01 4.843021268455887096e-01 9.459811593474820590e-02 3.685431460639783108e-01 4.843021268455887096e-01 9.459811593474820590e-02 3.685431460639783108e-01 -9.535030320739712462e-02 9.609994816174413090e-01 -8.656491784100441844e-01
-2.569202319372652088e-01 3.896943709637243902e-01 -2.607037613649543228e-01 3.938696462267559095e-01 -1.326963781856274061e-01 3.897090011721080494e-01 3.938696462267559095e-01 -1.326963781856274061e-01 3.897090011721080494e-01 6.466146029009895990e-01 -1.297012735229668312e+00 6.503981323286787131e-01
-1.192467520797153568e-01 4.203924096472426708e-01 1.166514448576362328e-01 3.804022399708363311e-01 3.945053830832165875e-01 -7.978286954377467044e-02 3.804022399708363311e-01 3.945053830832165875e-01 -7.978286954377467044e-02 5.396391617269580276e-01 -8.433801265165644656e-01 3.037409647896064380e-01
-2.233154727074342372e-01 2.832485179204603520e-01 -4.171643631603914049e-01 -2.210710532851591914e-01 3.561177110062812012e-01 -1.644434495918657424e-01 -2.210710532851591914e-01 3.561177110062812012e-01 -1.644434495918657424e-01 5.065639906278945892e-01 -1.206976871708746346e+00 7.004128810808517569e-01
4.665594515992091962e-01 -1.410289203755618059e-01 -3.858690056314187933e-01 1.096809311091729855e-01 -4.812859142085390562e-01 4.353404936653224588e-01 1.096809311091729855e-01 -4.812859142085390562e-01 4.353404936653224588e-01 -6.075883719747710021e-01 3.627482867189140148e-01 2.448400852558569873e-01
-1.524187848475080376e-01 -3.016540094506239278e-01 -5.096291513904671611e-03 -2.138860403011881850e-01 -4.936599904085792190e-03 -5.183763024317566970e-02 -2.138860403011881850e-01 -4.936599904085792190e-03 -5.183763024317566970e-02 -1.492352246031158902e-01 4.457929425398351464e-01 -2.965577179367192562e-01
4.559500306879225029e-01 1.571595535584476844e-01 -1.273489278673097802e-01 3.046403556625404407e-01 1.423538376141414430e-01 -9.675982669264138192e-02 3.046403556625404407e-01 1.423538376141414430e-01 -9.675982669264138192e-02 -2.987904771294748185e-01 1.428199570371735394e-02 2.845084814257574646e-01
3.281605969166585535e-01 -1.584203250015303599e-01 -4.026321740701683805e-01 -3.667641388862260543e-01 4.286723392896338858e-01 3.925207459499506779e-01 -3.667641388862260543e-01 4.286723392896338858e-01 3.925207459499506779e-01 -4.865809219181889134e-01 2.423690728495508928e-01 2.442118490686380206e-01
-5.940392768444990867e-02 4.544203487034548239e-02 7.519695796353864647e-02 4.428376579465428398e-01 -1.151762246296581527e-01 -2.374789853414907004e-01 4.428376579465428398e-01 -1.151762246296581527e-01 -2.374789853414907004e-01 1.048459625547953911e-01 -7.509103946160222698e-02 -2.975492309319316409e-02
4.954259870583566094e-02 3.081373489964045476e-01 -3.960070394507460012e-01 2.998012285033290203e-01 1.606243146590975446e-01 -2.778023260044955034e-01 2.998012285033290203e-01 1.606243146590975446e-01 -2.778023260044955034e-01 2.585947502905688866e-01 -9.627391387377194354e-01 7.041443884471505488e-01
4.186916511095970517e-01 -1.167387415774248094e-01 1.501577792943158407e-01 6.996299130518779386e-02 -8.540615497846837378e-02 3.280222043646907615e-02 6.996299130518779386e-02 -8.540615497846837378e-02 3.280222043646907615e-02 -5.354303926870218611e-01 8.023269135587625112e-01 -2.668965208717406501e-01
-1.061843938296480605e-02 3.946122235831154290e-01 -2.620883786485217470e-01 -4.920249723863401314e-03 1.661918073383678029e-01 3.815196493665831134e-01 -4.920249723863401314e-03 1.661918073383678029e-01 3.815196493665831134e-01 4.052306629660802351e-01 -1.061931265197717522e+00 6.567006022316371761e-01
-2.739855857333831635e-01 2.743068332414703159e-01 8.073533520425946186e-03 -2.712262772719220560e-01 6.007721137455701577e-02 2.771050901380265330e-01 -2.712262772719220560e-01 6.007721137455701577e-02 2.771050901380265330e-01 5.482924189748534793e-01 -8.145257186958978490e-01 2.662332997210443697e-01
-3.008570807314374651e-01 2.951565509935791809e-01 -2.714800114033094625e-01 2.519924915355225004e-01 -3.090100967272791932e-01 3.088746339110047812e-01 2.519924915355225004e-01 -3.090100967272791932e-01 3.088746339110047812e-01 5.960136317250166460e-01 -1.162650194121905400e+00 5.666365623968886434e-01
3.295774770865355086e-01 -2.938623012828656123e-03 2.410307833711357040e-01 4.423010699620617547e-01 -4.349871798227589181e-02 2.884565459761663231e-01 4.423010699620617547e-01 -4.349871798227589181e-02 2.884565459761663231e-01 -3.325161000993641647e-01 5.764855064833285248e-01 -2.439694063839643601e-01
-4.390518576392602457e-01 1.249183517697680657e-01 -2.759829070789246996e-01 4.969961617890303884e-01 -3.997843835852711303e-01 4.805646557380987005e-01 4.969961617890303884e-01 -3.997843835852711303e-01 4.805646557380987005e-01 5.639702094090283113e-01 -9.648714682577210766e-01 4.009012588486927653e-01
4.449670331340194185e-01 -2.965824601867659283e-01 -3.540365015595833276e-01 1.187114620116925812e-01 1.408796920371948591e-01 3.394339593743369576e-01 1.187114620116925812e-01 1.408796920371948591e-01 3.394339593743369576e-01 -7.415494933207853467e-01 6.840954519479679474e-01 5.745404137281739931e-02
4.941317250227038604e-01 -3.910850472232366704e-01 -8.113640918389930512e-02 3.862535481368466472e-01 3.292971774692391440e-01 4.367311199270297317e-01 3.862535481368466472e-01 3.292971774692391440e-01 4.367311199270297317e-01 -8.852167722459405308e-01 1.195165410285278007e+00 -3.099486380393373652e-01
2.465772369939375208e-01 1.471614622041748088e-01 3.939740569094636324e-01 -2.840516143418680972e-02 -4.648593422653005680e-01 -2.449432289688024955e-01 -2.840516143418680972e-02 -4.648593422653005680e-01 -2.449432289688024955e-01 -9.941577478976271198e-02 3.462283694950515356e-01 -2.468125947052888236e-01
-3.996030503389327304e-01 -8.245968454664753811e-02 2.531660375830983023e-01 1.779531101559905792e-02 -1.146967774184057820e-01 4.131815252498084456e-01 1.779531101559905792e-02 -1.146967774184057820e-01 4.131815252498084456e-01 3.171433657922851923e-01 1.848235633746064810e-02 -3.356257221297458404e-01
4.797054384180903241e-01 -3.076364398200395200e-01 3.070974623251824243e-01 3.100579200115263223e-01 1.256124059593434206e-01 2.246273751136123042e-01 3.100579200115263223e-01 1.256124059593434206e-01 2.246273751136123042e-01 -7.873418782381298442e-01 1.402075780383351677e+00 -6.147339021452219443e-01
3.790754936966431732e-01 1.280914971659115054e-01 6.727477999370856665e-02 -3.965290281968593122e-01 -2.637445875571015064e-01 1.136087529062972390e-01 -3.965290281968593122e-01 -2.637445875571015064e-01 1.136087529062972390e-01 -2.509839965307316678e-01 1.901672793585287291e-01 6.081671717220293871e-02
8.485539946468756423e-02 4.223859832244358792e-02 -3.015258409270485940e-01 -2.240909322344684096e-01 4.130091802752017260e-01 4.866082808363457746e-01 -2.240909322344684096e-01 4.130091802752017260e-01 4.866082808363457746e-01 -4.261680114224397631e-02 -3.011476381072482056e-01 3.437644392494921819e-01
3.444142564877196167e-01 4.144151137496887571e-02 6.502187282844174021e-02 1.091130875011373513e-01 2.110437184597712124e-01 2.844010604693721911e-01 1.091130875011373513e-01 2.110437184597712124e-01 2.844010604693721911e-01 -3.029727451127507409e-01 3.265531065662236054e-01 -2.358036145347286450e-02
-3.465053630216272662e-01 -1.273114600225815352e-01 -3.578482036154437829e-01 -2.189779135267430066e-01 -3.564831340491241285e-01 -8.972166714831675272e-02 -2.189779135267430066e-01 -3.564831340491241285e-01 -8.972166714831675272e-02 2.191939029990457311e-01 -4.497306465919079788e-01 2.305367435928622477e-01
4.092915357900761553e-02 2.029418706201848721e-01 3.433121258779646690e-01 7.587522755550557552e-02 3.893761186554933751e-01 -3.498485935130131175e-01 7.587522755550557552e-02 3.893761186554933751e-01 -3.498485935130131175e-01 1.620127170411772566e-01 -2.164246178339745974e-02 -1.403702552577797968e-01
-4.067313268346584021e-01 -3.094369495206659160e-01 -2.908237905186482619e-01 -1.710557034889853556e-01 -4.722115782268542228e-01 -4.688736793631909094e-01 -1.710557034889853556e-01 -4.722115782268542228e-01 -4.688736793631909094e-01 9.729437731399248612e-02 -7.868121831197483207e-02 -1.861315900201765405e-02
-1.544005512623387588e-01 1.309669182005747112e-01 -4.006962768915198758e-01 -3.303431925991346940e-01 1.429168439714086913e-01 -2.029975733271424110e-01 -3.303431925991346940e-01 1.429168439714086913e-01 -2.029975733271424110e-01 2.853674694629134700e-01 -8.170306645550080571e-01 5.316631950920945870e-01
3.659777198314928537e-01 4.209517457842940624e-01 -3.976911150414905727e-01 1.506655129767677792e-01 -2.256727924011378006e-01 2.349302274818689806e-01 1.506655129767677792e-01 -2.256727924011378006e-01 2.349302274818689806e-01 5.497402595280120874e-02 -8.736168867785858438e-01 8.186428608257846351e-01
1.575396497051276823e-01 -3.450736655817283616e-01 1.919781498708071910e-01 -1.808248861304220245e-01 7.862327388539891437e-02 -1.081651576299329509e-01 -1.808248861304220245e-01 7.862327388539891437e-02 -1.081651576299329509e-01 -5.026133152868560439e-01 1.039665130739391596e+00 -5.370518154525355525e-01
2.021693819198128184e-01 1.012417294305694160e-01 -2.777125036112850776e-01 -3.388586062668569321e-01 -2.547427306641670830e-01 4.133581955704930255e-01 -3.388586062668569321e-01 -2.547427306641670830e-01 4.133581955704930255e-01 -1.009276524892434024e-01 -2.780265805526110912e-01 3.789542330418544935e-01
-3.114222534029323919e-01 3.699700540182780939e-01 -2.417301894708782095e-01 -8.156078843005865053e-02 -4.266430307513874309e-01 -1.366085938503553976e-01 -8.156078843005865053e-02 -4.266430307513874309e-01 -1.366085938503553976e-01 6.813923074212104858e-01 -1.293092550910366789e+00 6.117002434891563034e-01
-2.562974720070199108e-01 1.600276742336608216e-01 3.459413821942647349e-01 4.984767861493832886e-02 2.205167370153531259e-01 2.358698071282839814e-01 4.984767861493832886e-02 2.205167370153531259e-01 2.358698071282839814e-01 4.163251462406807324e-01 -2.304114382800768190e-01 -1.859137079606039133e-01
-3.348069033502264480e-01 -2.683492428292033605e-02 -1.759348837179129932e-01 4.272758871695554461e-01 -1.491177487288096737e-01 1.970414899618774252e-01 4.272758871695554461e-01 -1.491177487288096737e-01 1.970414899618774252e-01 3.079719790673061119e-01 -4.570719385022987691e-01 1.490999594349926571e-01
-2.918016194616724901e-01 -2.514557357872350130e-01 -4.666261778479630085e-02 3.913396775472647304e-01 1.318856582211993533e-01 -3.238028053483744673e-01 3.913396775472647304e-01 1.318856582211993533e-01 -3.238028053483744673e-01 4.034588367443747714e-02 1.644472343280012350e-01 -2.047931180024387121e-01
2.487217639408884073e-01 4.195401264406627417e-01 -5.415524998900511644e-02 -2.637480898532573725e-01 1.102241454919236086e-01 1.340591338930330334e-02 -2.637480898532573725e-01 1.102241454919236086e-01 1.340591338930330334e-02 1.708183624997743344e-01 -6.445137389294421926e-01 4.736953764296678582e-01
-4.431471444013530547e-01 9.294046547052414731e-02 -3.471155602442020927e-01 -4.807210556348289199e-01 -3.257482618732691071e-01 2.662069068868782029e-01 -4.807210556348289199e-01 -3.257482618732691071e-01 2.662069068868782029e-01 5.360876098718772020e-01 -9.761436355866034420e-01 4.400560257147262400e-01
4.941264815471441141e-01 1.120123587787984487e-01 1.078637342700446977e-01 -4.905749404469090802e-01 -4.495742680558875159e-01 -3.931572862874133101e-02 -4.905749404469090802e-01 -4.495742680558875159e-01 -3.931572862874133101e-02 -3.821141227683456654e-01 3.779654982595919144e-01 4.148624508753750995e-03
1.090424627612779362e-01 -1.944570260358576830e-01 3.908269611917544184e-01 -2.991390564584938128e-01 -8.723730739578972049e-02 -3.082614705336624850e-01 -2.991390564584938128e-01 -8.723730739578972049e-02 -3.082614705336624850e-01 -3.034994887971356192e-01 8.887834760247477206e-01 -5.852839872276121014e-01
9.125654030574459341e-02 2.147066912898085711e-01 -2.377621950484104518e-01 -8.144536425456183615e-02 8.750870478688177467e-02 4.296882028071726811e-01 -8.144536425456183615e-02 8.750870478688177467e-02 4.296882028071726811e-01 1.234501509840639777e-01 -5.759190373222830006e-01 4.524688863382190229e-01
-2.015505291108206087e-01 -1.425401153927305931e-01 -4.636319184729897902e-01 2.553660892374390867e-01 2.919300015984348518e-01 1.794095166519192874e-01 2.553660892374390867e-01 2.919300015984348518e-01 1.794095166519192874e-01 5.901041371809001568e-02 -3.801022167983492128e-01 3.210918030802591971e-01
6.968388641337341927e-02 -4.123738774319010147e-01 2.081111445466827803e-01 4.499133067460292512e-02 -4.860199206596990118e-01 2.253288467665665040e-01 4.499133067460292512e-02 -4.860199206596990118e-01 2.253288467665665040e-01 -4.820577638452744340e-01 1.102542785823858118e+00 -6.204850219785837950e-01
-3.906950919204543737e-01 1.341071275571921184e-01 -2.064469461629135916e-01 -1.711782873965308482e-01 2.154205048486423912e-02 4.207021892252273965e-01 -1.711782873965308482e-01 2.154205048486423912e-02 4.207021892252273965e-01 5.248022194776464922e-01 -8.653562931977522021e-01 3.405540737201057100e-01
2.645027771966663721e-01 3.075824662986498259e-01 1.208041041166674212e-03 -2.985462877047861951e-01 -1.977644296673688462e-01 1.184356221040500090e-01 -2.985462877047861951e-01 -1.977644296673688462e-01 1.184356221040500090e-01 4.307968910198345380e-02 -3.494541143594666055e-01 3.063744252574831517e-01
-2.450980244537608321e-01 2.489759982104228220e-01 4.287728437182543040e-01 3.778406063289818650e-01 3.450845061079553799e-01 2.973354372890449904e-01 3.778406063289818650e-01 3.450845061079553799e-01 2.973354372890449904e-01 4.940740226641836541e-01 -3.142771771563521721e-01 -1.797968455078314820e-01
-3.228923693798058103e-02 1.417459659677577921e-02 1.342099281595090510e-01 -4.340469807582063577e-01 -2.771271744704548734e-01 4.761747981268387164e-01 -4.340469807582063577e-01 -2.771271744704548734e-01 4.761747981268387164e-01 4.646383353475636024e-02 7.357149802797691152e-02 -1.200353315627332718e-01
1.473568514731891099e-01 3.350458408904217755e-01 3.001093079695165144e-01 1.066362648991858730e-01 -4.051171106374737985e-01 -7.311490606637471856e-02 1.066362648991858730e-01 -4.051171106374737985e-01 -7.311490606637471856e-02 1.876889894172326656e-01 -2.226255223381379267e-01 3.493653292090526108e-02
