-3.660543324242070407e-01 3.459350253802692121e-01 -4.360430990750685520e-01 3.002337341843338558e-01 -3.990661747356376576e-01 -3.832823879703157743e-01 3.002337341843338558e-01 -3.990661747356376576e-01 -3.832823879703157743e-01 7.119893578044762528e-01 -1.493967482259813906e+00 7.819781244553377642e-01
3.883164668571938982e-01 -4.676694058200012716e-01 -8.941436023810633849e-02 1.957414312983516425e-01 2.051161600550224229e-01 4.434281963725168474e-01 1.957414312983516425e-01 2.051161600550224229e-01 4.434281963725168474e-01 -8.559858726771951698e-01 1.234240918259090103e+00 -3.782550455818949331e-01
3.373142701482578776e-01 2.159303711937332615e-01 -2.914092539953117011e-01 4.458878262348651145e-01 9.784716443399521513e-02 2.925413293792129554e-01 4.458878262348651145e-01 9.784716443399521513e-02 2.925413293792129554e-01 -1.213838989545246161e-01 -3.859557262345203466e-01 5.073396251890449626e-01
1.147630611906694797e-01 -2.741472791679038234e-01 -4.143633189509505765e-01 3.970735286825552990e-01 2.237405499530409347e-01 -8.566902234577633557e-02 3.970735286825552990e-01 2.237405499530409347e-01 -8.566902234577633557e-02 -3.889103403585733032e-01 2.486943005755265501e-01 1.402160397830467531e-01
4.073449791708838585e-02 -2.690802181529483583e-02 -1.109071341991632043e-01 2.469641586215943763e-01 -4.575662709314065602e-01 6.891915317890884296e-02 2.469641586215943763e-01 -4.575662709314065602e-01 6.891915317890884296e-02 -6.764251973238322169e-02 -1.635659265148514674e-02 8.399911238386836843e-02
3.788945969180179674e-02 4.244426707062910475e-01 -3.436914113577941299e-01 -1.460003152492675982e-01 7.859422384769687575e-02 -3.199383526173124048e-01 -1.460003152492675982e-01 7.859422384769687575e-02 -3.199383526173124048e-01 3.865532110144892508e-01 -1.154687293078574317e+00 7.681340820640851774e-01
-4.662176938920095104e-01 -4.050195103218817705e-01 -2.612965697668508946e-01 4.876983176679656751e-01 -6.282303212482642785e-02 -1.822557277333207715e-01 4.876983176679656751e-01 -6.282303212482642785e-02 -1.822557277333207715e-01 6.119818357012773991e-02 8.252475698490313594e-02 -1.437229405550308758e-01
-3.101162621292784527e-01 1.257970842277678081e-01 2.386656926749405327e-01 8.622147471837049437e-02 2.189015225434103318e-01 -1.013717167001826347e-01 8.622147471837049437e-02 2.189015225434103318e-01 -1.013717167001826347e-01 4.359133463570462608e-01 -3.230447379098735361e-01 -1.128686084471727247e-01
-4.186625220143236348e-03 -7.004369446811398170e-02 1.780089403685894967e-01 -4.568757198427159105e-01 3.516839921265736413e-01 2.808542838520620144e-01 -4.568757198427159105e-01 3.516839921265736413e-01 2.808542838520620144e-01 -6.585706924797074535e-02 3.139097040846742237e-01 -2.480526348367034783e-01
-3.288056527189089362e-01 1.399421941117375834e-01 4.660580457755978401e-01 3.816680142334364367e-01 -1.362057349458285493e-01 1.325287082717763187e-02 3.816680142334364367e-01 -1.362057349458285493e-01 1.325287082717763187e-02 4.687478468306465196e-01 -1.426319951667862629e-01 -3.261158516638602567e-01
-3.362676915098322672e-01 2.923770821835265377e-01 1.818746083322245743e-01 2.111401577928493367e-01 -1.760555272844044339e-02 3.029015884478278853e-01 2.111401577928493367e-01 -1.760555272844044339e-02 3.029015884478278853e-01 6.286447736933588049e-01 -7.391472475446607682e-01 1.105024738513019633e-01
-1.397969232240682258e-01 1.931799625492608419e-01 2.190914894955167114e-01 1.870025408575204384e-01 4.928828161908900274e-01 2.207470924441734539e-02 1.870025408575204384e-01 4.928828161908900274e-01 2.207470924441734539e-02 3.329768857733290677e-01 -3.070653588270731982e-01 -2.591152694625586950e-02
-6.897661413473366032e-03 1.383805601214482817e-02 -1.050395233715650800e-01 -4.092902715506024913e-01 -2.586199508884403642e-01 4.950380284497031269e-01 -4.092902715506024913e-01 -2.586199508884403642e-01 4.950380284497031269e-01 2.073571742561819420e-02 -1.396132968093281024e-01 1.188775793837099082e-01
2.917093180964536181e-01 4.768254743105253546e-01 -2.787397877782784583e-01 -1.705127283795806470e-01 2.962042276141075847e-01 -1.909871352670752254e-01 -1.705127283795806470e-01 2.962042276141075847e-01 -1.909871352670752254e-01 1.851161562140717365e-01 -9.406814183028755494e-01 7.555652620888038129e-01
-3.759398742990948117e-01 2.880407532891519073e-01 2.109754479866620125e-01 4.026777462277622011e-01 4.216999622033006379e-01 1.101283542844189167e-01 4.026777462277622011e-01 4.216999622033006379e-01 1.101283542844189167e-01 6.639806275882467190e-01 -7.410459328907366139e-01 7.706530530248989486e-02
2.681904394283122217e-01 4.027634795060545114e-01 -2.843630211242632599e-01 -7.212099725091858371e-02 1.214884549181716178e-02 1.194418904871531462e-01 -7.212099725091858371e-02 1.214884549181716178e-02 1.194418904871531462e-01 1.345730400777422897e-01 -8.216995407080600611e-01 6.871265006303177714e-01
1.568058019753992838e-02 1.264219403260078423e-01 -9.712074704779061207e-02 2.674100123771216975e-01 2.417812209346179575e-01 -1.106185519840622300e-01 2.674100123771216975e-01 2.417812209346179575e-01 -1.106185519840622300e-01 1.107413601284679139e-01 -3.342840475022663682e-01 2.235426873737984543e-01
-2.244481319796979291e-01 -4.429803968831277361e-01 -3.756201194896738871e-01 2.300172901773219758e-01 2.800298183405336427e-02 2.828706176492334912e-03 2.300172901773219758e-01 2.800298183405336427e-02 2.828706176492334912e-03 -2.185322649034298070e-01 2.858925422968836560e-01 -6.736027739345384902e-02
-2.896039258702656216e-01 3.322218330116355478e-01 4.927286816929407065e-01 -3.416045957314373105e-02 -1.128030099179032630e-01 -3.552142886495743834e-01 -3.416045957314373105e-02 -1.128030099179032630e-01 -3.552142886495743834e-01 6.218257588819011694e-01 -4.613189102005960107e-01 -1.605068486813051587e-01
-1.982472281040229545e-01 1.632398816809991215e-01 4.470187250834078974e-02 4.512903124716227676e-02 4.214051636417607272e-01 3.596843302539213250e-01 4.512903124716227676e-02 4.214051636417607272e-01 3.596843302539213250e-01 3.614871097850220760e-01 -4.800251189576804078e-01 1.185380091726583318e-01
2.955946473535243646e-01 2.959891111682018128e-01 4.978893401547824782e-01 -1.873467783023108346e-01 -3.475807968619537558e-02 4.749664571193848994e-01 -1.873467783023108346e-01 -3.475807968619537558e-02 4.749664571193848994e-01 3.944638146774481768e-04 2.015057651719032172e-01 -2.019002289865806654e-01
-1.030932283941617955e-01 -1.432963240767094470e-01 -4.882107934960949747e-01 -1.433329531801308399e-03 -3.082459592656942027e-01 4.763570633313898295e-01 -1.433329531801308399e-03 -3.082459592656942027e-01 4.763570633313898295e-01 -4.020309568254765153e-02 -3.047113737368378761e-01 3.449144694193855276e-01
2.786572200824151135e-01 -5.999797969189402114e-02 2.580249583773869260e-01 -3.636387938913369089e-01 4.561560744963316649e-01 -2.905795817573220141e-02 -3.636387938913369089e-01 4.561560744963316649e-01 -2.905795817573220141e-02 -3.386551997743091347e-01 6.566781378435900818e-01 -3.180229380692809471e-01
-2.831523275525587025e-01 -1.586103097054447630e-01 -2.457845813283843217e-02 -1.978590654403145077e-02 -2.568074926802313973e-01 -4.376137196573788302e-01 -1.978590654403145077e-02 -2.568074926802313973e-01 -4.376137196573788302e-01 1.245420178471139394e-01 9.489833725492391459e-03 -1.340318515726063309e-01
2.945282929965258312e-01 -1.378133587266621163e-01 -2.873615418183883552e-01 -1.896167743055799937e-01 -5.258463167107874092e-03 -3.743936447352194108e-01 -1.896167743055799937e-01 -5.258463167107874092e-03 -3.743936447352194108e-01 -4.323416517231879475e-01 2.827934686314617085e-01 1.495481830917262389e-01
1.018941719036245974e-01 -4.592578958612486550e-01 -1.902370692758381665e-02 2.861584651165353099e-01 -7.182683950893020697e-02 -4.951818462942388921e-01 2.861584651165353099e-01 -7.182683950893020697e-02 -4.951818462942388921e-01 -5.611520677648732525e-01 1.001386256698538091e+00 -4.402341889336648384e-01
1.470533387561590022e-02 -7.810795152026650534e-03 -1.604609919708224197e-01 6.533688384607660993e-03 1.137987341983102141e-01 -2.473416879862228024e-01 6.533688384607660993e-03 1.137987341983102141e-01 -2.473416879862228024e-01 -2.251612902764255075e-02 -1.301340677911532184e-01 1.526501968187957692e-01
5.306582896392730841e-02 -3.723103601943743568e-01 9.703646914616836927e-02 -4.940480149587311853e-01 3.268901074311791888e-01 4.158773874300665252e-01 -4.940480149587311853e-01 3.268901074311791888e-01 4.158773874300665252e-01 -4.253761891583016652e-01 8.947230184988443913e-01 -4.693468293405427261e-01
-1.578515776362351408e-01 3.649330099646941328e-01 -4.946110878422608215e-01 -1.455750728040463571e-01 4.919795567378342227e-01 4.818177576855807720e-01 -1.455750728040463571e-01 4.919795567378342227e-01 4.818177576855807720e-01 5.227845876009292736e-01 -1.382328685407884228e+00 8.595440978069549542e-01
2.015245041107150969e-01 -3.632897056716251072e-01 -1.073252117158620678e-01 3.163352110959658514e-01 6.021004659507578349e-02 3.077889935689877010e-01 3.163352110959658514e-01 6.021004659507578349e-02 3.077889935689877010e-01 -5.648142097823402041e-01 8.207787037381032436e-01 -2.559644939557630394e-01
3.313639223105210307e-01 -1.783046500064027207e-01 -3.057122032726674599e-01 -9.692400023434266654e-02 -2.587539733997840097e-01 1.109739040304829061e-01 -9.692400023434266654e-02 -2.587539733997840097e-01 1.109739040304829061e-01 -5.096685723169237514e-01 3.822610190506590122e-01 1.274075532662647392e-01
-4.434483089856642302e-01 7.185064272038543809e-02 -2.407039746098388333e-01 2.389461517922946143e-01 -4.407796506708775430e-01 7.818064093402155024e-02 2.389461517922946143e-01 -4.407796506708775430e-01 7.818064093402155024e-02 5.152989517060496683e-01 -8.278535690362739397e-01 3.125546173302242714e-01
4.499857393072037581e-02 2.485881662136779635e-02 -4.301087736297434239e-01 1.207635172807511870e-01 -4.736923967079508246e-01 -4.074049302726161503e-01 1.207635172807511870e-01 -4.736923967079508246e-01 -4.074049302726161503e-01 -2.013975730935257946e-02 -4.348278329417586408e-01 4.549675902511112202e-01
3.141789859746344504e-01 -4.500489101377955770e-01 2.419687578297583519e-01 -7.802754930316124771e-02 2.546226318362978525e-01 -1.196023604559279807e-01 -7.802754930316124771e-02 2.546226318362978525e-01 -1.196023604559279807e-01 -7.642278961124300274e-01 1.456245564079984067e+00 -6.920176679675539289e-01
-2.950913542061298633e-01 -1.384415958555947901e-01 -1.074360759634466200e-01 -4.647237276517297566e-01 -5.054459389673304770e-02 1.665870455825793073e-01 -4.647237276517297566e-01 -5.054459389673304770e-02 1.665870455825793073e-01 1.566497583505350732e-01 -1.256442384583869032e-01 -3.100551989214817006e-02
3.180664434058865231e-01 -1.934534473827129730e-01 -1.278288738892939813e-01 2.582991521979864924e-01 2.932640770273775566e-01 -4.174299421768804530e-01 2.582991521979864924e-01 2.932640770273775566e-01 -4.174299421768804530e-01 -5.115198907885994961e-01 5.771444642820184878e-01 -6.562457349341899171e-02
-1.393915774957962261e-01 -7.707810133827319721e-02 -8.015997018584430922e-02 4.064567853065634839e-01 8.963813064299053224e-02 -4.042173606428026700e-01 4.064567853065634839e-01 8.963813064299053224e-02 -4.042173606428026700e-01 6.231347615752302893e-02 -6.539534500509414094e-02 3.081868847571112013e-03
4.533026918410357764e-01 2.328196283491662522e-01 -2.844615592031982665e-01 1.536010275750988585e-01 3.085843397060027415e-01 -3.382384921766504737e-01 1.536010275750988585e-01 3.085843397060027415e-01 -3.382384921766504737e-01 -2.204830634918695242e-01 -2.967981240604949944e-01 5.172811875523645186e-01
-2.254223596779668659e-01 2.758379445370880978e-01 -3.403205228864486509e-01 -4.116402053718706266e-01 -1.370719243950299093e-01 -6.270349150342358069e-02 -4.116402053718706266e-01 -1.370719243950299093e-01 -6.270349150342358069e-02 5.012603042150549637e-01 -1.117418771638591712e+00 6.161584674235367487e-01
2.869854599999133171e-01 2.575614603156000104e-01 1.452684341734723494e-01 2.831256272678847052e-01 -3.930074521862458869e-02 -5.965995973320592505e-02 2.831256272678847052e-01 -3.930074521862458869e-02 -5.965995973320592505e-02 -2.942399968431330670e-02 -8.286902645781435428e-02 1.122930261421276610e-01
-3.101835762633096127e-01 -4.466887328862580997e-01 2.018799279451061190e-01 2.283106904067759846e-01 3.813059897202853987e-01 4.247567708434919487e-01 2.283106904067759846e-01 3.813059897202853987e-01 4.247567708434919487e-01 -1.365051566229484870e-01 7.850738174543127057e-01 -6.485686608313642187e-01
-2.599652382436506981e-01 2.083953725612638364e-01 -2.899602591323491296e-02 -2.112994818201030522e-02 3.050937627773177008e-01 -4.171983606818512325e-01 -2.112994818201030522e-02 3.050937627773177008e-01 -4.171983606818512325e-01 4.683606108049145345e-01 -7.057520092794132838e-01 2.373913984744987493e-01
2.098663774109555957e-01 2.815997984155578227e-01 3.545345961009661595e-01 -1.893404005706648130e-01 7.696465378546157865e-02 -2.858355426044781877e-01 -1.893404005706648130e-01 7.696465378546157865e-02 -2.858355426044781877e-01 7.173342100460222692e-02 1.201376680806109931e-03 -7.293479768540833685e-02
-3.025562224863247440e-01 4.645324380183465385e-01 -3.618049624647857732e-01 6.859349631302924521e-02 -4.576791470173493526e-01 1.289729889355253345e-01 6.859349631302924521e-02 -4.576791470173493526e-01 1.289729889355253345e-01 7.670886605046712825e-01 -1.593426060987803705e+00 8.263374004831323116e-01
1.126150992442608301e-01 -3.211625125047560259e-01 2.968304963236275684e-01 -3.795156946331720293e-01 -3.812417180199496602e-01 -2.750363855631299259e-02 -3.795156946331720293e-01 -3.812417180199496602e-01 -2.750363855631299259e-02 -4.337776117490168559e-01 1.051770620577400450e+00 -6.179930088283835943e-01
-9.977598971070045231e-02 -1.597297671329838131e-01 3.918405415046197771e-01 -7.762830790707020423e-02 7.367290451179042687e-02 -2.733485369308319424e-02 -7.762830790707020423e-02 7.367290451179042687e-02 -2.733485369308319424e-02 -5.995377742228336082e-02 6.115240860598869510e-01 -5.515703086376035902e-01
-3.026498726338142653e-01 -4.612239893231211418e-01 4.832031244345935672e-01 3.564842640382337446e-02 3.878503054397612893e-01 -3.357564773307291084e-01 3.564842640382337446e-02 3.878503054397612893e-01 -3.357564773307291084e-01 -1.585741166893068765e-01 1.103001230447021586e+00 -9.444271137577147091e-01
-1.038921655866777982e-01 3.225240363733182791e-01 1.784017359428430316e-01 4.935872063171973245e-01 9.223972612855202424e-02 -4.375819308563790866e-01 4.935872063171973245e-01 9.223972612855202424e-02 -4.375819308563790866e-01 4.264162019599960773e-01 -5.705385023904713249e-01 1.441223004304752475e-01
-4.843038070490562896e-01 -2.671535707297493234e-01 3.088257978791245639e-01 -3.101171026751796678e-01 -1.638743230704677867e-01 2.615263284529112386e-02 -3.101171026751796678e-01 -1.638743230704677867e-01 2.615263284529112386e-02 2.171502363193069662e-01 3.588291322895669211e-01 -5.759793686088738873e-01
3.311018280041693185e-01 4.878164497309608327e-01 -6.221292858335114584e-02 3.006029613886677110e-01 -1.595822867410062740e-01 2.626304006115305345e-01 3.006029613886677110e-01 -1.595822867410062740e-01 2.626304006115305345e-01 1.567146217267915143e-01 -7.067440000411034928e-01 5.500293783143119786e-01
-1.232267053145164049e-02 1.558302734766259245e-02 -2.443042088851800075e-01 -4.973502608452973206e-01 1.408040627497108011e-01 3.888730728299188977e-01 -4.973502608452973206e-01 1.408040627497108011e-01 3.888730728299188977e-01 2.790569787911423294e-02 -2.877929341119568329e-01 2.598872362328426000e-01
4.036848115635170986e-01 -1.702438037291772455e-01 -2.059993710560537039e-03 -2.139230865560132200e-01 1.453566485106910777e-01 -4.270584734231989144e-01 -2.139230865560132200e-01 1.453566485106910777e-01 -4.270584734231989144e-01 -5.739286152926943441e-01 7.421124253113110525e-01 -1.681838100186167084e-01
-4.630694568715800763e-01 -4.790531693860964335e-01 1.355373595695708033e-02 4.293237340947698710e-01 1.074980998370430596e-01 -5.383932581100492332e-02 4.293237340947698710e-01 1.074980998370430596e-01 -5.383932581100492332e-02 -1.598371251451635722e-02 5.085906178575698711e-01 -4.926069053430535138e-01
1.439261219721383878e-01 -8.990581383922635617e-02 1.505704422073935733e-01 -8.649551045157455320e-02 -1.057146724729940424e-02 -9.646103301997233093e-02 -8.649551045157455320e-02 -1.057146724729940424e-02 -9.646103301997233093e-02 -2.338319358113647439e-01 4.743081918579846734e-01 -2.404762560466199295e-01
1.563335217758554663e-01 -4.848103370657330657e-03 -3.014322683660042301e-02 1.405029568918187977e-01 -1.971486956686466785e-01 3.821822689898658476e-01 1.405029568918187977e-01 -1.971486956686466785e-01 3.821822689898658476e-01 -1.611816251465127969e-01 1.358865016805697046e-01 2.529512346594309236e-02
1.198924671818559773e-01 -2.541631669781170277e-01 -3.076348630411925855e-01 -2.917284978474391499e-01 4.518342411169296025e-01 2.680087886980290213e-01 -2.917284978474391499e-01 4.518342411169296025e-01 2.680087886980290213e-01 -3.740556341599730050e-01 3.205839380968974472e-01 5.347169606307555778e-02
-1.666839888549448423e-01 4.838503723981686377e-01 2.728132861973923129e-01 -4.887192708508225625e-01 -3.593680026849487286e-01 1.807961250465481839e-01 -4.887192708508225625e-01 -3.593680026849487286e-01 1.807961250465481839e-01 6.505343612531134800e-01 -8.615714474538898049e-01 2.110370862007763249e-01
-2.091719723943852305e-02 6.235903237320339354e-02 2.028555396301844338e-01 1.492530996158751844e-01 -4.136559190397852692e-01 4.731224248586030079e-01 1.492530996158751844e-01 -4.136559190397852692e-01 4.731224248586030079e-01 8.327622961264191659e-02 5.722027764433912367e-02 -1.404965072569810403e-01
-4.625603848616819391e-01 4.972834332434890037e-01 1.631444519267554183e-01 3.823178234942390397e-01 2.377011394998126415e-01 -4.907134222379573307e-01 3.823178234942390397e-01 2.377011394998126415e-01 -4.907134222379573307e-01 9.598438181051709428e-01 -1.293982799421904417e+00 3.341389813167335854e-01
-1.410215843974561567e-01 -1.771960137284366299e-01 -4.186882889369339944e-01 -9.476669277119253998e-02 -2.920262679886526103e-01 -3.505550486057473769e-01 -9.476669277119253998e-02 -2.920262679886526103e-01 -3.505550486057473769e-01 -3.617442933098047320e-02 -2.053178458775168913e-01 2.414922752084973645e-01
4.428522424740098939e-01 -4.617452606529584003e-01 -3.946426943949113975e-01 4.389531800711019560e-01 -4.109405122228924068e-01 1.206932658442863016e-01 4.389531800711019560e-01 -4.109405122228924068e-01 1.206932658442863016e-01 -9.045975031269682942e-01 9.717000693850152970e-01 -6.710256625804700281e-02
9.751325323905102316e-02 -2.766066055311154903e-01 -3.691366005055946031e-01 -4.284523075779345103e-01 3.364013701228285580e-02 3.997848800166285965e-01 -4.284523075779345103e-01 3.364013701228285580e-02 3.997848800166285965e-01 -3.741198587701665135e-01 2.815898637956874007e-01 9.252999497447911281e-02
1.607324791665454278e-02 4.445094801811496632e-01 5.853835273285934448e-02 2.214734127993462920e-01 -4.062830657974021431e-01 2.806797871950839074e-01 2.214734127993462920e-01 -4.062830657974021431e-01 2.806797871950839074e-01 4.284362322644951204e-01 -8.144073597127854391e-01 3.859711274482903187e-01
3.179250966229230091e-01 3.433907043352216748e-01 3.145808350990312308e-01 -2.473189558396886589e-01 -1.013514239653654503e-01 -3.959058095661349697e-01 -2.473189558396886589e-01 -1.013514239653654503e-01 -3.959058095661349697e-01 2.546560771229866571e-02 -5.427547694848910975e-02 2.880986923619044404e-02
-6.804018312468718133e-02 -3.856196333513145502e-01 3.209096689690517090e-01 2.956871722107877742e-01 -3.748049885983366636e-01 2.792365039565691820e-01 2.956871722107877742e-01 -3.748049885983366636e-01 2.792365039565691820e-01 -3.175794502266273689e-01 1.024108752546993628e+00 -7.065293023203662592e-01
-1.837048750683815124e-01 2.288759489318236140e-01 1.619472344498900096e-01 -1.129307011865823274e-01 -6.907738669717933266e-02 -1.206278976807080294e-01 -1.129307011865823274e-01 -6.907738669717933266e-02 -1.206278976807080294e-01 4.125808240002051264e-01 -4.795095384821387308e-01 6.692871448193360440e-02
-3.992348275038736238e-01 4.570965387898786592e-01 -2.999958870642208675e-01 -4.760732866481048875e-01 5.140859691774357643e-03 4.542530367153255755e-01 -4.760732866481048875e-01 5.140859691774357643e-03 4.542530367153255755e-01 8.563313662937522830e-01 -1.613423792147851810e+00 7.570924258540995266e-01
-1.020578370004172619e-01 -9.259632961916119953e-02 -4.691365334428576617e-01 -1.257931479913736439e-01 2.513121780081694068e-01 -4.257702278482538016e-01 -1.257931479913736439e-01 2.513121780081694068e-01 -4.257702278482538016e-01 9.461507381256062388e-03 -3.860017112049525245e-01 3.765402038236964621e-01
4.666301542725804774e-01 -1.640442533802554115e-01 3.571433443851651512e-01 3.722394380341627063e-01 -1.084545101002574174e-01 -3.567829070783568035e-02 3.722394380341627063e-01 -1.084545101002574174e-01 -3.567829070783568035e-02 -6.306744076528358889e-01 1.151862005418256452e+00 -5.211875977654205627e-01
4.003776665621042730e-01 1.374233081942832779e-02 2.733415593416533840e-01 2.311560365787541649e-01 3.010855621594743514e-02 3.759683019922531733e-01 2.311560365787541649e-01 3.010855621594743514e-02 3.759683019922531733e-01 -3.866353357426759452e-01 6.462345642649010014e-01 -2.595992285222250562e-01
4.561882720451140294e-01 -2.666756711147507675e-01 4.315469833301612823e-01 3.764698823475929323e-01 1.012031094226473193e-02 4.745463885956057171e-01 3.764698823475929323e-01 1.012031094226473193e-02 4.745463885956057171e-01 -7.228639431598647969e-01 1.421086597604776847e+00 -6.982226544449120498e-01
8.466099376130764576e-02 2.294179475861979345e-01 -1.556712955261360110e-01 3.644361679908658669e-02 -4.162791565601889898e-01 2.926666242520007399e-01 3.644361679908658669e-02 -4.162791565601889898e-01 2.926666242520007399e-01 1.447569538248902887e-01 -5.298461969372242342e-01 3.850892431123339454e-01
-9.133709868427530854e-02 4.315811622145603321e-01 4.845372789797122159e-01 4.957313767500780566e-01 3.663331494128894139e-01 1.767094546244851738e-02 4.957313767500780566e-01 3.663331494128894139e-01 1.767094546244851738e-02 5.229182608988356407e-01 -4.699621441336837568e-01 -5.295611676515188382e-02
4.509063075044134061e-01 -2.217365801340890341e-01 1.643722927758867192e-01 -4.598242106893657422e-01 2.086808919317785227e-01 -2.300905841870313218e-01 -4.598242106893657422e-01 2.086808919317785227e-01 -2.300905841870313218e-01 -6.726428876385024402e-01 1.058751760548478194e+00 -3.861088729099757533e-01
-2.076826454958614621e-01 -4.270115149936400956e-01 2.156398171571191069e-01 1.006556295873817231e-02 1.567803217614861522e-01 1.136643518192372859e-01 1.006556295873817231e-02 1.567803217614861522e-01 1.136643518192372859e-01 -2.193288694977786335e-01 8.619802016485378360e-01 -6.426513321507592025e-01
-3.989906821794292346e-01 3.960505980660157244e-01 2.410546990705995096e-01 -4.492583325107443182e-01 -4.013617383344858514e-01 -2.147772130884039177e-01 -4.492583325107443182e-01 -4.013617383344858514e-01 -2.147772130884039177e-01 7.950412802454449590e-01 -9.500371792408611737e-01 1.549958989954162147e-01
-4.434858628948837866e-01 -3.691602713601269681e-01 -2.058588331639744640e-01 2.185632425279305791e-01 4.708886487704759816e-01 -3.443556231521344158e-01 2.185632425279305791e-01 4.708886487704759816e-01 -3.443556231521344158e-01 7.432559153475681857e-02 8.897584666139568554e-02 -1.633014381961525041e-01
4.580848088622251346e-01 4.612456604425443363e-01 -4.186495383902931744e-01 -3.512430557946539800e-01 2.061273793690385769e-01 -8.368334419993406215e-02 -3.512430557946539800e-01 2.061273793690385769e-01 -8.368334419993406215e-02 3.160851580319201659e-03 -8.830560504131567123e-01 8.798951988328375107e-01
-4.351865115153064067e-03 -2.342137208340244747e-01 6.905844909278391341e-02 1.887783198835697451e-01 4.602401459945363316e-01 1.347651728947790728e-01 1.887783198835697451e-01 4.602401459945363316e-01 1.347651728947790728e-01 -2.298618557188714107e-01 5.331340256456797988e-01 -3.032721699268083881e-01
4.464385541545519143e-01 1.832848503668211837e-01 6.509540270263092232e-02 -2.611020516568581806e-01 3.139680310066427227e-01 -4.595970495802599309e-01 -2.611020516568581806e-01 3.139680310066427227e-01 -4.595970495802599309e-01 -2.631537037877307306e-01 1.449642561235404692e-01 1.181894476641902614e-01
2.095948133050073992e-02 2.986400795064015901e-01 1.380416884370065933e-01 -1.216213112712363209e-01 -3.586380774494110080e-01 -3.738943972178038200e-01 -1.216213112712363209e-01 -3.586380774494110080e-01 -3.738943972178038200e-01 2.776805981759008501e-01 -4.382789892452958469e-01 1.605983910693949968e-01
-4.866078197797920613e-01 2.922045916593910553e-01 -9.011291344943461734e-02 2.738860325924299399e-01 -5.172121949627206394e-02 -4.000019686329818747e-01 2.738860325924299399e-01 -5.172121949627206394e-02 -4.000019686329818747e-01 7.788124114391831165e-01 -1.161129916548008900e+00 3.823175051088256726e-01
-3.137735609640733836e-01 -2.050642165940010919e-01 1.530749790883123573e-02 -3.593388300186350914e-02 1.151859873668501510e-01 -4.218688427834493826e-02 -3.593388300186350914e-02 1.151859873668501510e-01 -4.218688427834493826e-02 1.087093443700722917e-01 1.116623701327600360e-01 -2.203717145028323277e-01
1.553202310456194279e-01 -4.260459148169093435e-01 9.630734494471415719e-02 2.308730196037522830e-01 -4.311275518890441694e-01 2.409527943471266864e-01 2.308730196037522830e-01 -4.311275518890441694e-01 2.409527943471266864e-01 -5.813661458625287715e-01 1.103719405624152383e+00 -5.223532597616235007e-01
2.954432990464872510e-01 -1.551312911213754697e-01 3.527023927271343284e-01 -4.921581714520172346e-01 -2.943928178799116724e-01 2.111571285787233743e-01 -4.921581714520172346e-01 -2.943928178799116724e-01 2.111571285787233743e-01 -4.505745901678627208e-01 9.584082740163725189e-01 -5.078336838485097982e-01
9.969904564050158235e-02 3.420306594782305254e-01 -4.841695468752347242e-01 4.097488551874904905e-01 7.985521721218358238e-02 -4.294261893941727637e-01 4.097488551874904905e-01 7.985521721218358238e-02 -4.294261893941727637e-01 2.423316138377289430e-01 -1.068531820191194193e+00 8.262002063534652496e-01
-9.940196879671114871e-02 6.217193997804526528e-02 1.127970750492472973e-01 -4.926500807235445478e-02 -3.110229951491627620e-01 3.678792189727804196e-01 -4.926500807235445478e-02 -3.110229951491627620e-01 3.678792189727804196e-01 1.615739087747564140e-01 -1.109487737035543820e-01 -5.062513507120203204e-02
-9.023269676450884624e-02 9.659038327799174262e-02 -3.711873054263984395e-01 1.824872152368653966e-01 -2.623763969408229313e-01 -3.698911742919334111e-01 1.824872152368653966e-01 -2.623763969408229313e-01 -3.698911742919334111e-01 1.868230800425005889e-01 -6.546007687468907710e-01 4.677776887043901821e-01
1.630193925484045847e-01 -3.084809805546551154e-01 2.807140557597994635e-01 4.730156602144787170e-01 -5.165159660151097398e-02 -7.906147130697072090e-02 4.730156602144787170e-01 -5.165159660151097398e-02 -7.906147130697072090e-02 -4.715003731030597001e-01 1.060695409417514279e+00 -5.891950363144545788e-01
3.705912992132012196e-01 1.512218020986813016e-01 6.137104189634146056e-02 -3.408756220630331235e-01 6.929568158361842922e-02 -1.623359392382904831e-01 -3.408756220630331235e-01 6.929568158361842922e-02 -1.623359392382904831e-01 -2.193694971145199180e-01 1.295187369121800769e-01 8.985076020233984107e-02
-3.447118659390082662e-01 3.326520510869637182e-01 4.074828009470348178e-01 2.380188373764560161e-01 -2.304714146572528488e-01 -4.449800446658553899e-01 2.380188373764560161e-01 -2.304714146572528488e-01 -4.449800446658553899e-01 6.773639170259719844e-01 -6.025331671659008848e-01 -7.483074986007109963e-02
-9.581776578685263779e-02 1.314118544150620904e-01 8.959857218325817385e-02 1.397430226130603748e-01 1.211292905028259481e-01 4.528938831103155316e-01 1.397430226130603748e-01 1.211292905028259481e-01 4.528938831103155316e-01 2.272296202019147282e-01 -2.690429024337186448e-01 4.181328223180391657e-02
4.770320661194685785e-01 -3.869975086319965563e-01 -9.421385656409630993e-02 4.685472619580122178e-01 1.133612813516142737e-01 -2.425787715402405453e-02 4.685472619580122178e-01 1.133612813516142737e-01 -2.425787715402405453e-02 -8.640295747514651348e-01 1.156813226819365381e+00 -2.927836520679002463e-01
-1.305221626402081059e-01 -2.950072710191876668e-01 -8.063406162342112715e-02 -8.413357696837264754e-02 8.096679629570169290e-02 1.992907461038005978e-01 -8.413357696837264754e-02 8.096679629570169290e-02 1.992907461038005978e-01 -1.644851083789795609e-01 3.788583177747461006e-01 -2.143732093957665397e-01
1.375208960436358208e-01 3.303094844049070389e-02 -1.509002285868633608e-01 3.115782447767202479e-01 -4.724265260992058790e-01 -2.718299468624718607e-01 3.115782447767202479e-01 -4.724265260992058790e-01 -2.718299468624718607e-01 -1.044899476031451169e-01 -7.944122942420894784e-02 1.839311770273540647e-01
2.797235362656130819e-01 9.929078872212127038e-02 2.963175107195836766e-01 -2.437944962092042367e-01 4.186470283224537070e-01 -3.081014922634082165e-01 -2.437944962092042367e-01 4.186470283224537070e-01 -3.081014922634082165e-01 -1.804327475434918115e-01 3.774594695409542178e-01 -1.970267219974624062e-01
-4.399553196846146541e-01 -2.391176354065499554e-01 4.585090636006887710e-01 -3.412409647667672408e-01 7.250822697106518167e-02 1.753283910487080099e-02 -3.412409647667672408e-01 7.250822697106518167e-02 1.753283910487080099e-02 2.008376842780646987e-01 4.967890147291740277e-01 -6.976266990072387264e-01
-3.972314582083721346e-01 -3.340385218643138199e-02 1.128618815569448763e-02 -2.166888674306199913e-02 4.200092610771366530e-02 -2.543110556771261965e-01 -2.166888674306199913e-02 4.200092610771366530e-02 -2.543110556771261965e-01 3.638276060219407526e-01 -3.191375656798148830e-01 -4.469004034212586962e-02
4.880066615714263589e-01 8.604033062637816975e-02 -3.127622418658226877e-02 -4.624101226597877590e-01 -4.481785219995360059e-01 -4.129884171703913642e-01 -4.624101226597877590e-01 -4.481785219995360059e-01 -4.129884171703913642e-01 -4.019663309450481892e-01 2.846497761320877506e-01 1.173165548129604385e-01
4.258170930262266118e-01 1.693704041424575202e-01 -4.247357454191398318e-01 4.959406496455421864e-01 -6.867824868004401839e-02 9.665744209202586923e-02 4.959406496455421864e-01 -6.867824868004401839e-02 9.665744209202586923e-02 -2.564466888837690917e-01 -3.376594606778282603e-01 5.941061495615973520e-01
4.460382242876840264e-01 -5.110346932968123923e-02 -9.560007610990706173e-02 3.699792291600193517e-01 -4.702236328660700515e-01 -4.248608918851609628e-01 3.699792291600193517e-01 -4.702236328660700515e-01 -4.248608918851609628e-01 -4.971416936173652656e-01 4.526450868371394431e-01 4.449660678022582250e-02
2.874584000566249298e-01 2.945705480777651708e-01 1.157932774044221347e-01 -3.830258374968280588e-01 -1.427031005352917825e-01 -4.973994804525337932e-01 -3.830258374968280588e-01 -1.427031005352917825e-01 -4.973994804525337932e-01 7.112148021140241028e-03 -1.858894186944832772e-01 1.787772706733430361e-01
-1.809925514230261712e-01 -4.471649466062205258e-01 -4.263368625082497587e-01 3.375340733973403173e-01 4.995736954495725302e-01 -2.323150583530229074e-01 3.375340733973403173e-01 4.995736954495725302e-01 -2.323150583530229074e-01 -2.661723951831943547e-01 2.870004792811651217e-01 -2.082808409797076710e-02
