2.765591849971003047e-01 -1.936767744976399808e-01 3.506564028121215149e-01 4.502818537195284465e-01 -6.396922473954069766e-03 4.984606184545326002e-02 4.502818537195284465e-01 -6.396922473954069766e-03 4.984606184545326002e-02 -4.702359594947402854e-01 1.014569136804501781e+00 -5.443331773097614956e-01
1.445261893744573811e-01 -1.779723281302177940e-01 -4.890195597243998105e-01 3.872643692201960253e-02 3.607868139360151938e-01 -1.421149167415558523e-02 3.872643692201960253e-02 3.607868139360151938e-01 -1.421149167415558523e-02 -3.224985175046751751e-01 1.145128591049315858e-02 3.110472315941820165e-01
3.522629265975512070e-01 2.167954018596761623e-01 4.971353677713836738e-01 -1.565231763512833218e-01 -3.709574339493161288e-01 1.856334057486423994e-01 -1.565231763512833218e-01 -3.709574339493161288e-01 1.856334057486423994e-01 -1.354675247378750447e-01 4.158074906495825562e-01 -2.803399659117075116e-01
-2.942063230499279980e-01 1.344379466773086840e-01 4.205250328911311897e-01 5.102360570352626468e-05 2.938805238202909509e-01 -4.855884823857139487e-01 5.102360570352626468e-05 2.938805238202909509e-01 -4.855884823857139487e-01 4.286442697272366820e-01 -1.425571835134141763e-01 -2.860870862138225057e-01
3.418676325919995929e-01 -1.044265085262373605e-01 -4.481767529014052398e-01 2.482493142584655255e-01 -3.130931111549275503e-01 8.885763559587167570e-02 2.482493142584655255e-01 -3.130931111549275503e-01 8.885763559587167570e-02 -4.462941411182369533e-01 1.025438967430690740e-01 3.437502443751678793e-01
-7.463270809461353128e-02 -1.547844676358249849e-01 3.560139082083413342e-02 2.738573841342412107e-01 -1.190040474328915021e-01 -4.613743536561261127e-01 2.738573841342412107e-01 -1.190040474328915021e-01 -4.613743536561261127e-01 -8.015175954121145363e-02 2.705376179978705720e-01 -1.903858584566591183e-01
3.034141641594489958e-01 3.651444888780643883e-01 8.694970458421646953e-02 -1.500271352514014334e-01 -3.194248239715595794e-01 -4.247122477187004197e-01 -1.500271352514014334e-01 -3.194248239715595794e-01 -4.247122477187004197e-01 6.173032471861539250e-02 -3.399251090124633112e-01 2.781947842938479187e-01
-4.747985763292510430e-01 -2.929133483064875199e-01 1.749891840730818382e-01 2.474872140008014254e-01 2.187030378414203113e-01 2.004780014976298430e-01 2.474872140008014254e-01 2.187030378414203113e-01 2.004780014976298430e-01 1.818852280227635232e-01 2.860173043568058349e-01 -4.679025323795693581e-01
2.131919606020560298e-01 -2.746882196136303245e-01 4.140586072444267796e-01 -4.690464285953039880e-01 -6.071230691635098875e-02 -3.699413076214658203e-01 -4.690464285953039880e-01 -6.071230691635098875e-02 -3.699413076214658203e-01 -4.878801802156863543e-01 1.176627007073743458e+00 -6.887468268580571040e-01
1.619677904397076595e-01 -4.313124448966143554e-01 3.772470709191594329e-01 3.725367841163385041e-01 3.594571991197921257e-01 -3.981646540433829706e-01 3.725367841163385041e-01 3.594571991197921257e-01 -3.981646540433829706e-01 -5.932802353363220149e-01 1.401839751152095914e+00 -8.085595158157737883e-01
-3.232878384155739582e-01 -5.634301599414281991e-02 -7.723568500567667972e-02 -3.193310784944572989e-01 2.800415981330210968e-01 1.425333077289174799e-01 -3.193310784944572989e-01 2.800415981330210968e-01 1.425333077289174799e-01 2.669448224214311383e-01 -2.878374914329649981e-01 2.089266901153385980e-02
-1.692529738305952325e-01 -2.467490602554458512e-01 3.760246867964563977e-01 2.057995760597429724e-01 3.948372698735717057e-01 2.796437558260066458e-01 2.057995760597429724e-01 3.948372698735717057e-01 2.796437558260066458e-01 -7.749608642485061871e-02 7.002698334767528676e-01 -6.227737470519022489e-01
-2.362214707199802310e-01 -4.469237556872568407e-01 -1.379487449249049424e-01 -7.688922858985480779e-03 4.818206618326289492e-01 4.623253720068764006e-01 -7.688922858985480779e-03 4.818206618326289492e-01 4.623253720068764006e-01 -2.107022849672766096e-01 5.196772957296285078e-01 -3.089750107623518982e-01
-4.687524377347384030e-01 -3.946101358561565631e-01 -4.214884648174430648e-01 3.626527979401670265e-01 -3.264740360265616648e-02 -4.669948318508116980e-01 3.626527979401670265e-01 -3.264740360265616648e-02 -4.669948318508116980e-01 7.414230187858183996e-02 -1.010206308398683417e-01 2.687832896128650173e-02
-4.565103020637225617e-01 3.812946924485224320e-01 1.864102624377016459e-01 3.718519388402702353e-01 2.300351123536755749e-01 4.064813140654331969e-01 3.718519388402702353e-01 2.300351123536755749e-01 4.064813140654331969e-01 8.378049945122449937e-01 -1.032689424523065780e+00 1.948844300108207861e-01
-4.543210347545999506e-01 -3.784384007483122536e-01 -1.955833706842642350e-01 -9.598584624487627170e-02 -4.384084907255250130e-01 7.359034787198304173e-02 -9.598584624487627170e-02 -4.384084907255250130e-01 7.359034787198304173e-02 7.588263400628769695e-02 1.069723960577603217e-01 -1.828550300640480186e-01
-1.867414715702864214e-01 1.427787092719934314e-01 -1.585830813370154857e-01 -6.201575761166744361e-02 3.897119344961099685e-01 2.546830638961484761e-01 -6.201575761166744361e-02 3.897119344961099685e-01 2.546830638961484761e-01 3.295201808422798528e-01 -6.308819714512887700e-01 3.013617906090089171e-01
3.166839194553539016e-02 1.688397353653747768e-01 4.957276970397561655e-02 -2.335623239389212902e-01 -3.778704298719598453e-01 2.963882461497910903e-01 -2.335623239389212902e-01 -3.778704298719598453e-01 2.963882461497910903e-01 1.371713434198393866e-01 -2.564383090812385468e-01 1.192669656613991602e-01
-3.293144739659739084e-01 -1.584303466807551741e-01 -3.962261289092328109e-01 -3.613388925710487865e-01 -1.277240616395456385e-01 2.424166295812392180e-01 -3.613388925710487865e-01 -1.277240616395456385e-01 2.424166295812392180e-01 1.708841272852187343e-01 -4.086799095136963711e-01 2.377957822284776368e-01
-4.849438657516299545e-01 -2.778385227805465485e-01 -4.144229471484399685e-01 -4.068849158702243507e-01 -1.424666042398371468e-01 -4.819710872803329993e-01 -4.068849158702243507e-01 -1.424666042398371468e-01 -4.819710872803329993e-01 2.071053429710834060e-01 -3.436897673389768260e-01 1.365844243678934200e-01
-1.433757188772410984e-01 1.478406511531121792e-01 -2.374431237642243842e-01 -2.523068216181911794e-01 -3.732122099642354307e-03 2.117464459676003941e-01 -2.523068216181911794e-01 -3.732122099642354307e-03 2.117464459676003941e-01 2.912163700303532776e-01 -6.765001449476898410e-01 3.852837749173365633e-01
2.731865694302109127e-01 -4.509556531355908282e-01 -3.050806214938797112e-01 -3.577277413030991449e-01 4.274735059357497313e-01 2.085124533748493603e-01 -3.577277413030991449e-01 4.274735059357497313e-01 2.085124533748493603e-01 -7.241422225658017409e-01 8.700172542075128579e-01 -1.458750316417111170e-01
1.418117636288316330e-01 7.333575903778011273e-02 4.351169796032695603e-01 1.807822665882159452e-01 4.442813024876678396e-01 -1.100212650295278038e-01 1.807822665882159452e-01 4.442813024876678396e-01 -1.100212650295278038e-01 -6.847600459105152026e-02 4.302572251565409678e-01 -3.617812205654894475e-01
-2.123647417841120211e-01 -4.804612568285587804e-01 4.966047711983431201e-01 1.031759448191332806e-01 -4.431175520953010150e-01 -1.758591069088975001e-01 1.031759448191332806e-01 -4.431175520953010150e-01 -1.758591069088975001e-01 -2.680965150444467593e-01 1.245162543071348660e+00 -9.770660280269019005e-01
2.988855115046296085e-01 -2.088838815535438709e-01 -4.760209178557582854e-01 2.153339275316557000e-02 -3.791742555296584438e-02 -4.666127603292125059e-01 2.153339275316557000e-02 -3.791742555296584438e-02 -4.666127603292125059e-01 -5.077693930581734794e-01 2.406323567559590648e-01 2.671370363022144145e-01
4.512937542798095558e-01 2.495037790514453846e-02 3.463532341233976908e-01 3.607330527295919964e-01 9.934031437375123730e-02 -2.467136317140156132e-01 3.607330527295919964e-01 9.934031437375123730e-02 -2.467136317140156132e-01 -4.263433763746650174e-01 7.477462325929181697e-01 -3.214028562182531523e-01
3.689166264320787869e-01 -3.903921255527847967e-01 3.776288618963510313e-01 3.269786359470492343e-01 -4.777072380369656868e-01 -2.544309702131076767e-01 3.269786359470492343e-01 -4.777072380369656868e-01 -2.544309702131076767e-01 -7.593087519848635836e-01 1.527329739433999301e+00 -7.680209874491358280e-01
4.585140665956837225e-01 -5.425671533435538763e-04 3.428253374360226147e-01 -4.826093406157295762e-01 4.069022295171417225e-01 3.210539657839031058e-01 -4.826093406157295762e-01 4.069022295171417225e-01 3.210539657839031058e-01 -4.590566337490272764e-01 8.024245383383934449e-01 -3.433679045893661685e-01
3.802989561574967592e-01 1.221852462457631017e-01 6.560845405711712708e-02 -2.467095240736382200e-01 -2.505149580439580692e-02 4.582519694053291959e-01 -2.467095240736382200e-01 -2.505149580439580692e-02 4.582519694053291959e-01 -2.581137099117336575e-01 2.015369177230876829e-01 5.657679218864597459e-02
3.284088749584657130e-02 2.079093872875372728e-01 3.976681706338911493e-01 4.046599743246585001e-01 -3.609264720140594740e-01 4.795645669234276376e-01 4.046599743246585001e-01 -3.609264720140594740e-01 4.795645669234276376e-01 1.750684997916907015e-01 1.469028355466317493e-02 -1.897587833463538765e-01
-2.982567737350346748e-01 2.001977471477516257e-01 3.402487318957161389e-01 -2.736574911664976240e-01 -1.818672439460462531e-01 -2.453177094670522251e-01 -2.736574911664976240e-01 -1.818672439460462531e-01 -2.453177094670522251e-01 4.984545208827863005e-01 -3.584035361348217874e-01 -1.400509847479645131e-01
4.134954904132798204e-01 4.834619799393520267e-01 -3.013376779158022378e-01 1.492270930842607424e-01 1.031515019932971455e-01 6.258900013334189882e-02 1.492270930842607424e-01 1.031515019932971455e-01 6.258900013334189882e-02 6.996648952607220640e-02 -8.547661473812264710e-01 7.847996578551542646e-01
5.236720018549134714e-03 2.021622659497585017e-01 4.698639990799069466e-01 -2.845444409877876391e-01 -1.417582820532888865e-01 -3.824113361372349917e-02 -2.845444409877876391e-01 -1.417582820532888865e-01 -3.824113361372349917e-02 1.969255459312093670e-01 7.077618719893907784e-02 -2.677017331301484449e-01
-2.850756158693047437e-01 -1.565417221958279592e-01 -2.088330096538619784e-01 -3.120891288947676978e-01 1.234618901398882862e-01 -3.714631814573987612e-03 -3.120891288947676978e-01 1.234618901398882862e-01 -3.714631814573987612e-03 1.285338936734767845e-01 -1.808251811315108037e-01 5.229128745803401923e-02
-4.575708081174538755e-01 2.048748572055500983e-01 -4.599122272515854259e-02 -2.081757799466303904e-01 -2.337570504557705542e-01 1.174620199037539336e-01 -2.081757799466303904e-01 -2.337570504557705542e-01 1.174620199037539336e-01 6.624456653230039738e-01 -9.133117452537126146e-01 2.508660799307086409e-01
-4.388462314066693404e-01 -2.889792905341195262e-01 -3.473109594250377574e-01 3.737518169775079224e-01 -7.991591712514278800e-02 7.741230989669500850e-02 3.737518169775079224e-01 -7.991591712514278800e-02 7.741230989669500850e-02 1.498669408725498142e-01 -2.081986097634680455e-01 5.833166889091823126e-02
3.701458933690014996e-01 -3.051507435094514831e-01 -3.168808874453898916e-02 -3.930875436118520527e-01 3.703888379723530022e-02 3.000175981921084922e-01 -3.930875436118520527e-01 3.703888379723530022e-02 3.000175981921084922e-01 -6.752966368784529827e-01 9.487592916433654766e-01 -2.734626547649124939e-01
4.949682108840802730e-02 8.937964446353419135e-02 1.734649174318737552e-01 -2.127537175643284817e-01 3.922645321193130030e-03 4.779040032926973325e-01 -2.127537175643284817e-01 3.922645321193130030e-03 4.779040032926973325e-01 3.988282337512616404e-02 4.420244959321339984e-02 -8.408527296833956388e-02
4.411824956874714765e-01 -1.013754841150772412e-01 3.233710978025708949e-01 -2.920706611383657725e-01 1.483905092111409418e-01 -2.964437440649326794e-01 -2.920706611383657725e-01 1.483905092111409418e-01 -2.964437440649326794e-01 -5.425579798025487177e-01 9.673045617201968538e-01 -4.247465819176481361e-01
-7.963219791251097135e-02 -7.635106356170673347e-02 9.431700834188272431e-02 1.116596414747387245e-01 3.930222706669278532e-01 -4.588783382736437710e-01 1.116596414747387245e-01 3.930222706669278532e-01 -4.588783382736437710e-01 3.281134350804237876e-03 1.673869375527852199e-01 -1.706680719035894578e-01
-4.671460617715523789e-01 4.055896325372565503e-02 1.605040628359643007e-01 -2.520624937965196821e-01 1.141701971990380926e-01 3.610910361753986164e-01 -2.520624937965196821e-01 1.141701971990380926e-01 3.610910361753986164e-01 5.077050250252780339e-01 -3.877599254430393882e-01 -1.199450995822386457e-01
2.443608893284423544e-01 3.521833762914617916e-01 -1.379903957906840617e-01 1.170811024326482430e-01 3.415261370811117914e-02 -1.495465583526539577e-01 1.170811024326482430e-01 3.415261370811117914e-02 -1.495465583526539577e-01 1.078224869630194371e-01 -5.979962590451652904e-01 4.901737720821458533e-01
-4.370984598191589576e-01 -5.165635951106228863e-02 -1.936551092851078737e-01 -9.744914166439466729e-02 -8.365659226736943399e-02 -1.130092869028088698e-01 -9.744914166439466729e-02 -8.365659226736943399e-02 -1.130092869028088698e-01 3.854421003080966690e-01 -5.274408500821422541e-01 1.419987497740455851e-01
2.649598604516815170e-01 4.982795301717684033e-01 -4.924452237230901863e-01 -6.531119470557356088e-02 -4.676402847857591416e-01 -4.857325056020467269e-02 -6.531119470557356088e-02 -4.676402847857591416e-01 -4.857325056020467269e-02 2.333196697200868863e-01 -1.224044423614945476e+00 9.907247538948585897e-01
-4.568709636466372626e-01 -3.196094243747252817e-01 4.150484707247769078e-01 9.831628259107016987e-02 2.630890935066729774e-01 -3.663158050373159780e-01 9.831628259107016987e-02 2.630890935066729774e-01 -3.663158050373159780e-01 1.372615392719119809e-01 5.973963558275902086e-01 -7.346578950995021895e-01
-1.681262874601241464e-01 -2.137797916494392769e-01 -1.852819205174259798e-01 3.940159536300797960e-01 -2.062395983396589916e-01 1.008776669164342943e-01 3.940159536300797960e-01 -2.062395983396589916e-01 1.008776669164342943e-01 -4.565350418931513055e-02 7.415137532132842768e-02 -2.849787113201329714e-02
-1.936353284099927574e-01 -2.301511811708205624e-01 -2.567458577926072794e-01 -4.152997092326515816e-02 1.475267232563769459e-01 3.541187727000184582e-01 -4.152997092326515816e-02 1.475267232563769459e-01 3.541187727000184582e-01 -3.651585276082780496e-02 9.921176139041087971e-03 2.659467662178671699e-02
-7.145971853979071753e-02 1.559472667421736292e-01 -3.587508606742345618e-01 -2.452027840096406841e-01 4.499256541860834346e-01 -3.099462239971573219e-02 -2.452027840096406841e-01 4.499256541860834346e-01 -3.099462239971573219e-02 2.274069852819643467e-01 -7.421051126983725377e-01 5.146981274164081910e-01
2.406687530036422107e-02 1.995866830533631342e-01 4.413232987251292094e-02 -4.313915021799095140e-01 -4.956742285136581661e-01 1.670392335904751224e-01 -4.313915021799095140e-01 -4.956742285136581661e-01 1.670392335904751224e-01 1.755198077529989131e-01 -3.309741609338491264e-01 1.554543531808502133e-01
-8.216375599728420465e-02 4.384310263601531865e-01 -4.748255734275722562e-01 -3.072705607807597605e-01 4.738104958983149206e-01 -4.937192741436147170e-01 -3.072705607807597605e-01 4.738104958983149206e-01 -4.937192741436147170e-01 5.205947823574373912e-01 -1.433851382145162834e+00 9.132565997877254427e-01
-8.509416262531277475e-02 -1.163708454568085360e-01 4.857320408866141470e-01 2.613339044061830929e-01 -3.594241658512067339e-01 2.557781413690249916e-01 2.613339044061830929e-01 -3.594241658512067339e-01 2.557781413690249916e-01 -3.127668283149576123e-02 6.333795691749184442e-01 -6.021028863434226830e-01
-1.219975913514445010e-01 3.069426929025779183e-01 -2.642281663099801392e-01 4.652324125286794176e-01 -3.615446964967636845e-01 1.843448966205870621e-01 4.652324125286794176e-01 -3.615446964967636845e-01 1.843448966205870621e-01 4.289402842540224192e-01 -1.000111143466580366e+00 5.711708592125580575e-01
1.636412576192515234e-01 -1.394772999348238285e-01 4.644957051464699838e-01 -2.124034566723951301e-01 -6.868913295116385598e-02 -4.646581417983797202e-02 -2.124034566723951301e-01 -6.868913295116385598e-02 -4.646581417983797202e-02 -3.031185575540753518e-01 9.070915626353691641e-01 -6.039730050812938122e-01
-2.048276947802575298e-01 -1.841078553150913288e-01 4.220077491054213814e-01 -1.555827726161479463e-01 1.882195269724011855e-01 2.122212997218742014e-02 -1.555827726161479463e-01 1.882195269724011855e-01 2.122212997218742014e-02 2.071983946516620101e-02 5.853957649553465092e-01 -6.061156044205127102e-01
-1.696651789961258761e-01 -3.592586445829830666e-01 -4.923163179558155411e-01 -4.403796212725873405e-01 -3.424724414437009257e-01 8.294022097237052638e-02 -4.403796212725873405e-01 -3.424724414437009257e-01 8.294022097237052638e-02 -1.895934655868571905e-01 5.653579221402471600e-02 1.330576733728324745e-01
1.110893003188685446e-01 6.113169716415289834e-02 -4.616091946489082609e-01 4.092961633886360584e-02 2.227378967756498129e-01 -4.215324612847224373e-01 4.092961633886360584e-02 2.227378967756498129e-01 -4.215324612847224373e-01 -4.995760315471564628e-02 -4.727832886583455130e-01 5.227408918130611593e-01
-4.303394095875545666e-01 -9.426573348107125661e-02 1.452426690832229195e-01 -2.272774311315364226e-01 -4.105579572791855369e-01 3.607938817743341353e-01 -2.272774311315364226e-01 -4.105579572791855369e-01 3.607938817743341353e-01 3.360736761064833100e-01 -9.656527354218913395e-02 -2.395084025642941761e-01
4.424206123971431426e-01 -3.300634653809073615e-01 -3.475793852581533505e-01 -1.017505275476520143e-01 3.625899909013855504e-01 7.521284277201889523e-02 -1.017505275476520143e-01 3.625899909013855504e-01 7.521284277201889523e-02 -7.724840777780505041e-01 7.549681579008045151e-01 1.751591987724598898e-02
-2.086622815670177156e-01 4.204465606015443946e-01 -2.613083022166451386e-02 4.642809775128533545e-01 2.377445357755270106e-01 -6.913539623339604034e-02 4.642809775128533545e-01 2.377445357755270106e-01 -6.913539623339604034e-02 6.291088421685621102e-01 -1.075686232991770908e+00 4.465773908232089084e-01
-1.287288283321036397e-01 4.449057917484059432e-01 -2.631789846794411192e-01 -2.566300744486285090e-01 1.966999673030683793e-01 1.115135049861836203e-01 -2.566300744486285090e-01 1.966999673030683793e-01 1.115135049861836203e-01 5.736346200805095830e-01 -1.281719396508356645e+00 7.080847764278470624e-01
-4.126208212102036033e-01 4.105218912042584156e-01 2.108316575255864134e-02 3.134694494396496056e-01 9.902050488943958673e-02 -2.709635586107093097e-01 3.134694494396496056e-01 9.902050488943958673e-02 -2.709635586107093097e-01 8.231427124144620189e-01 -1.212581437866161682e+00 3.894387254516997743e-01
-5.763162618072192878e-03 -4.860961748153159734e-01 -3.136524698636284914e-01 2.290490214224940591e-01 -1.133309503589265965e-01 8.389777401844800142e-02 2.290490214224940591e-01 -1.133309503589265965e-01 8.389777401844800142e-02 -4.803330121972437805e-01 6.527767171489312625e-01 -1.724437049516874820e-01
-1.533699850097359763e-01 3.700257768707971850e-01 3.319938239888063913e-01 -2.373689812795093390e-01 -4.371477862667817460e-01 -4.872481237644308294e-01 -2.373689812795093390e-01 -4.371477862667817460e-01 -4.872481237644308294e-01 5.233957618805331613e-01 -5.614277147625239550e-01 3.803195288199079371e-02
2.816594256660813755e-01 -3.112002381339129542e-03 -1.307074184956618090e-01 4.867975625149333352e-01 6.427138776530394448e-02 4.910463185859301749e-01 4.867975625149333352e-01 6.427138776530394448e-02 4.910463185859301749e-01 -2.847714280474205051e-01 1.571760119330978256e-01 1.275954161143226795e-01
-6.487738125482789275e-02 -4.440665592722344845e-01 -8.773315132376091618e-02 -2.824738296614811572e-01 -1.651044470127148722e-01 -2.784919069253736224e-01 -2.824738296614811572e-01 -1.651044470127148722e-01 -2.784919069253736224e-01 -3.791891780174065918e-01 7.355225859658801602e-01 -3.563334079484735684e-01
-1.672400423830507910e-01 -2.661404345166851204e-02 4.519059159905053358e-01 3.650251424395553057e-01 -3.340396406323249412e-01 -2.172312875145033795e-01 3.650251424395553057e-01 -3.340396406323249412e-01 -2.172312875145033795e-01 1.406259989313822789e-01 3.378939605107915689e-01 -4.785199594421738478e-01
-1.734116987827605261e-01 -1.747318876993836367e-01 2.725713841805680326e-01 -1.708301996593092342e-01 -2.499677665945292393e-01 2.318754635438711187e-01 -1.708301996593092342e-01 -2.499677665945292393e-01 2.318754635438711187e-01 -1.320188916623110664e-03 4.486234607965747800e-01 -4.473032718799516694e-01
-2.713897481669010903e-01 -3.144733392528964444e-02 -3.130951237680477117e-01 4.846293854259615674e-01 2.450016052509746967e-01 1.250419935906197377e-01 4.846293854259615674e-01 2.450016052509746967e-01 1.250419935906197377e-01 2.399424142416114458e-01 -5.215902040843695131e-01 2.816477898427580673e-01
-1.073383300514085814e-02 -4.473704314981983288e-01 -2.442422280012718216e-01 3.525772561204257860e-01 -4.700944380138136758e-01 2.795934602025835769e-01 3.525772561204257860e-01 -4.700944380138136758e-01 2.795934602025835769e-01 -4.366365984930574706e-01 6.397648019899839777e-01 -2.031282034969265071e-01
-3.352213767757036278e-01 -8.525691580620975429e-02 5.159485048389766959e-02 4.587950376218176141e-01 1.916095544118323613e-01 -2.475629357935397179e-01 4.587950376218176141e-01 1.916095544118323613e-01 -2.475629357935397179e-01 2.499644609694938735e-01 -1.131126946793864496e-01 -1.368517662901074239e-01
4.536599623823226457e-01 3.759929350330687425e-01 -1.550546609838361345e-01 -1.706494146147218283e-01 -3.402142611271509187e-01 1.045617609790819857e-01 -1.706494146147218283e-01 -3.402142611271509187e-01 1.045617609790819857e-01 -7.766702734925390317e-02 -4.533805686676509739e-01 5.310475960169048770e-01
4.240151916739524074e-01 -3.356955276570152691e-01 -2.554746804069355504e-01 9.724954632489513084e-02 7.301931995834720635e-02 -3.842312242241271436e-01 9.724954632489513084e-02 7.301931995834720635e-02 -3.842312242241271436e-01 -7.597107193309676765e-01 8.399315665810473952e-01 -8.022084725007971873e-02
2.157470842863542515e-01 -4.044823944533730842e-01 -1.439316707432011233e-01 -1.683266734052436542e-01 9.257458291378806159e-02 6.718582220157687246e-02 -1.683266734052436542e-01 9.257458291378806159e-02 6.718582220157687246e-02 -6.202294787397273357e-01 8.807802024498992965e-01 -2.605507237101719609e-01
1.942391189527604700e-01 -3.418047598618756400e-01 -1.843192384510168313e-01 -2.941570430342878018e-01 -2.434511890318658001e-02 4.548801714285299891e-01 -2.941570430342878018e-01 -2.434511890318658001e-02 4.548801714285299891e-01 -5.360438788146361100e-01 6.935294002254949186e-01 -1.574855214108588086e-01
-1.501737149967007356e-01 -4.964265665349308909e-01 3.819086975363026326e-01 -3.594796217354092605e-01 -4.344887590648035536e-01 2.634782940457549572e-01 -3.594796217354092605e-01 -4.344887590648035536e-01 2.634782940457549572e-01 -3.462528515382301553e-01 1.224588115609463568e+00 -8.783352640712335235e-01
2.709779736613111556e-01 -3.473290378992143212e-01 2.824911556829052817e-01 -1.041841665487164281e-02 2.120600888516228633e-01 -1.488677602625646523e-01 -1.041841665487164281e-02 2.120600888516228633e-01 -1.488677602625646523e-01 -6.183070115605254768e-01 1.248127205142645080e+00 -6.298201935821196029e-01
4.126771525142096664e-01 -3.259636702274518738e-01 -1.964288836319945108e-01 -3.841181694543791547e-01 4.195183502075539028e-01 -1.283829127745457210e-01 -3.841181694543791547e-01 4.195183502075539028e-01 -1.283829127745457210e-01 -7.386408227416615402e-01 8.681756093371189031e-01 -1.295347865954573630e-01
3.423330461034712613e-01 -4.528703227709646173e-01 -9.642098350429451070e-02 4.361149318791763818e-01 4.328887313023934702e-01 8.120835436992279721e-02 4.361149318791763818e-01 4.328887313023934702e-01 8.120835436992279721e-02 -7.952033688744358786e-01 1.151652708141106096e+00 -3.564493392666701066e-01
6.410781188396608155e-02 6.788995861181779112e-02 -7.399536066172152093e-02 3.829095670569337972e-01 -2.412919693724552284e-01 3.004331430434198369e-01 3.829095670569337972e-01 -2.412919693724552284e-01 3.004331430434198369e-01 3.782146727851709578e-03 -1.456674660013910216e-01 1.418853192735393121e-01
3.762664517041590662e-01 2.013419421870022985e-01 -3.913466541690884259e-01 -4.727846639539978746e-02 2.381018416436796459e-01 1.390056238116951226e-01 -4.727846639539978746e-02 2.381018416436796459e-01 1.390056238116951226e-01 -1.749245095171567677e-01 -4.177640868389339568e-01 5.926885963560907244e-01
4.184586465896005247e-01 4.759589849721856947e-02 -6.079280767470640612e-02 2.152912432014287836e-01 3.636341707984581673e-01 3.767696138636186243e-01 2.152912432014287836e-01 3.636341707984581673e-01 3.767696138636186243e-01 -3.708627480923819553e-01 2.624740419204569797e-01 1.083887061719249756e-01
-2.334101594427221427e-01 4.232690293671901305e-01 -4.582287098443248441e-01 -1.234061250451726766e-01 4.027876041570886967e-01 -2.706091923128940424e-01 -1.234061250451726766e-01 4.027876041570886967e-01 -2.706091923128940424e-01 6.566791888099122732e-01 -1.538176928021427248e+00 8.814977392115149746e-01
1.892518747775440158e-01 1.446103481083067521e-01 2.233035087725629975e-01 -1.008378433653832618e-01 4.895274235156162890e-01 3.414083345968683680e-01 -1.008378433653832618e-01 4.895274235156162890e-01 3.414083345968683680e-01 -4.464152666923726365e-02 1.233346873334935090e-01 -7.869316066425624534e-02
2.624305583027201072e-01 4.900202824416985958e-01 -3.924067047751704784e-01 -3.650168797263741993e-02 -6.634935223086901868e-02 -1.096670475577199433e-01 -3.650168797263741993e-02 -6.634935223086901868e-02 -1.096670475577199433e-01 2.275897241389784886e-01 -1.110016711355847452e+00 8.824269872168690743e-01
-4.708506821524882646e-01 1.972293949846017913e-01 -3.474226736718613040e-01 4.218161432468443550e-01 -1.181429886911993243e-01 -3.949929421956832609e-01 4.218161432468443550e-01 -1.181429886911993243e-01 -3.949929421956832609e-01 6.680800771370900559e-01 -1.212732145793553151e+00 5.446520686564630953e-01
7.281228776535675351e-02 4.956570373048324596e-01 -4.602591986537259983e-01 -4.384005354660022169e-01 5.078994992277263698e-03 3.908136186164200554e-01 -4.384005354660022169e-01 5.078994992277263698e-03 3.908136186164200554e-01 4.228447495394757061e-01 -1.378760985498034053e+00 9.559162359585584579e-01
-3.828949643034104122e-01 -4.977909600531598144e-01 -3.389157399783992997e-01 7.373894625815313741e-02 1.642618488712774827e-01 -4.747558621262669698e-01 7.373894625815313741e-02 1.642618488712774827e-01 -4.747558621262669698e-01 -1.148959957497494022e-01 2.737712158245099170e-01 -1.588752200747605148e-01
-6.589065311453401463e-02 -9.875122026747118475e-02 3.691194927537582160e-01 -2.908958057239952044e-02 -4.373181073547646180e-01 -3.327484877511681649e-01 -2.908958057239952044e-02 -4.373181073547646180e-01 -3.327484877511681649e-01 -3.286056715293717012e-02 5.007312801741665709e-01 -4.678707130212294008e-01
3.931661865670433853e-01 -2.208999213561109176e-01 5.902553534200150054e-02 -4.918465610925606413e-01 -1.143018450699058164e-01 -1.467196118934659399e-01 -4.918465610925606413e-01 -1.143018450699058164e-01 -1.467196118934659399e-01 -6.140661079231543029e-01 8.939915646212667211e-01 -2.799254566981124182e-01
6.914053205563541749e-02 2.944712764953967277e-01 1.033656921993163502e-01 -2.917713753999495729e-01 4.409528498498967997e-01 -2.155013040999798068e-02 -2.917713753999495729e-01 4.409528498498967997e-01 -2.155013040999798068e-02 2.253307444397613102e-01 -4.164363287358416876e-01 1.911055842960803774e-01
-3.655074384642753582e-02 -2.519718675808165775e-01 2.061384693927250655e-01 -4.719810220089190045e-01 1.712507702598439208e-01 3.072466967771572133e-01 -4.719810220089190045e-01 1.712507702598439208e-01 3.072466967771572133e-01 -2.154211237343890417e-01 6.735314607079306848e-01 -4.581103369735416431e-01
-2.973509486522761813e-01 5.786100881632383341e-02 -4.350140524870484970e-01 -1.424281054643201649e-01 2.036102288276164796e-01 -2.258557358527534253e-01 -1.424281054643201649e-01 2.036102288276164796e-01 -2.258557358527534253e-01 3.552119574686000147e-01 -8.480870187719723452e-01 4.928750613033723305e-01
-3.011009081705008361e-01 -4.050880326861971970e-02 2.548741134227135996e-01 -4.696413736908379155e-01 2.631639903391741475e-01 2.494725991046841118e-01 -4.696413736908379155e-01 2.631639903391741475e-01 2.494725991046841118e-01 2.605921049018811164e-01 3.479081178945220287e-02 -2.953829166913333193e-01
1.433284592958725678e-01 -4.156298820960231399e-01 3.894453606733478956e-01 9.448724320159873624e-02 -2.990743865930480805e-01 1.726573178153093524e-01 9.448724320159873624e-02 -2.990743865930480805e-01 1.726573178153093524e-01 -5.589583413918957078e-01 1.364033584161266743e+00 -8.050752427693710356e-01
-2.953513659621574972e-01 -1.940828491032461356e-01 4.648979116352258689e-01 2.452351465154096744e-01 -2.869149802197167309e-01 -4.522649749898532967e-02 2.452351465154096744e-01 -2.869149802197167309e-01 -4.522649749898532967e-02 1.012685168589113616e-01 5.577122438795606429e-01 -6.589807607384720045e-01
6.342603610163721761e-02 2.136553301853338915e-02 -4.728290722126957668e-01 -4.043785092344680532e-01 5.731733967539343055e-02 -1.824518658199791865e-02 -4.043785092344680532e-01 5.731733967539343055e-02 -1.824518658199791865e-02 -4.206050308310382846e-02 -4.521341021481253275e-01 4.941946052312291560e-01
2.914209427703906563e-02 1.931732530029771633e-01 4.327334720570601423e-01 1.542397332597086335e-01 3.633065198080331903e-01 -3.488975550244128865e-01 1.542397332597086335e-01 3.633065198080331903e-01 -3.488975550244128865e-01 1.640311587259380977e-01 7.552906032814488135e-02 -2.395602190540829790e-01
-4.014499905965491777e-01 -1.801240620222200883e-01 3.939828050969088613e-01 -5.550861808575757728e-02 4.523804156674530175e-01 -1.618564482690928452e-01 -5.550861808575757728e-02 4.523804156674530175e-01 -1.618564482690928452e-01 2.213259285743290894e-01 3.527809385447998602e-01 -5.741068671191289496e-01
2.383997586209003483e-01 -7.516376433057281314e-02 6.978260730024266056e-02 1.792185680801535730e-01 2.213335855457587709e-02 -3.293310445799911834e-01 1.792185680801535730e-01 2.213335855457587709e-02 -3.293310445799911834e-01 -3.135635229514731614e-01 4.585098945822886352e-01 -1.449463716308154737e-01
-3.928125957684200920e-01 -2.844317628826310562e-01 2.436668469623151090e-01 -6.219798632572171027e-02 9.492850520449980234e-02 -4.579788483346020067e-01 -6.219798632572171027e-02 9.492850520449980234e-02 -4.579788483346020067e-01 1.083808328857890357e-01 4.197177769591571295e-01 -5.280986098449461652e-01
-3.459338791004901159e-01 9.892466791937670756e-03 -2.256717569495927389e-01 -2.217395968503835801e-01 2.413620545396143457e-01 1.275584942764074192e-02 -2.217395968503835801e-01 2.413620545396143457e-01 1.275584942764074192e-02 3.558263458924277867e-01 -5.913905696339581963e-01 2.355642237415304097e-01
-1.550200403228088053e-01 -2.975755565150008941e-01 -2.168939088274363103e-01 -1.469384568556677539e-01 3.986593913615231743e-01 4.124717720632153917e-02 -1.469384568556677539e-01 3.986593913615231743e-01 4.124717720632153917e-02 -1.425555161921920888e-01 2.232371638797566726e-01 -8.068164768756458383e-02
4.681392312157550695e-02 -1.034795386012830054e-01 -1.350105694909916609e-01 -8.908105425299983615e-02 -1.452427740162655079e-01 -2.729639635525558106e-01 -8.908105425299983615e-02 -1.452427740162655079e-01 -2.729639635525558106e-01 -1.502934617228585124e-01 1.187624308331498568e-01 3.153103088970865553e-02
