8.396454350096671515e-02 -9.553803087523293769e-03 8.354445665487042483e-03 4.319170949080046729e-01 1.873136341858594456e-02 -4.224234672960479609e-01 4.319170949080046729e-01 1.873136341858594456e-02 -4.224234672960479609e-01 -9.351834658849000892e-02 1.114265953415003452e-01 -1.790824875301033625e-02
-3.121455281030021123e-01 -4.193848457014293096e-01 -3.942957378713438654e-01 -1.404793914391873066e-01 1.890720119205950844e-01 2.158789330111162696e-01 -1.404793914391873066e-01 1.890720119205950844e-01 2.158789330111162696e-01 -1.072393175984271974e-01 1.323284254285126416e-01 -2.508910783008544421e-02
2.765942549387567784e-01 -4.534592063701674558e-01 -1.363273861907741136e-01 1.807587288216468968e-01 4.491135241344883511e-01 2.903417381272367370e-01 1.807587288216468968e-01 4.491135241344883511e-01 2.903417381272367370e-01 -7.300534613089242342e-01 1.047185281488317576e+00 -3.171318201793933422e-01
4.030514393073972856e-01 -3.437257526966329690e-01 -2.556828047966857032e-01 -4.807105711760764066e-01 2.885549877745774427e-01 2.229932748410641263e-01 -4.807105711760764066e-01 2.885549877745774427e-01 2.229932748410641263e-01 -7.467771920040302547e-01 8.348201399039775206e-01 -8.804294789994726589e-02
4.971032627797785652e-01 -5.560848536008111687e-02 3.302670472960479442e-01 2.029262019509381343e-02 -3.781219586424527934e-01 -4.301335935639616359e-02 2.029262019509381343e-02 -3.781219586424527934e-01 -4.301335935639616359e-02 -5.527117481398596821e-01 9.385872807959887432e-01 -3.858755326561290611e-01
1.309292421381573757e-01 -4.648224831789448119e-01 2.423423003217383132e-01 -7.317315889647801885e-02 -4.052481169135202510e-01 -1.409887039348156623e-01 -7.317315889647801885e-02 -4.052481169135202510e-01 -1.409887039348156623e-01 -5.957517253171021876e-01 1.302916508817785424e+00 -7.071647835006831251e-01
1.476363959130116976e-01 -4.944771888818587646e-01 -2.668209369946262788e-01 -3.610259917774576444e-01 3.027639849164224239e-01 8.592976859171674864e-02 -3.610259917774576444e-01 3.027639849164224239e-01 8.592976859171674864e-02 -6.421135847948704622e-01 8.697698366821029481e-01 -2.276562518872324858e-01
3.971031932720414659e-03 -2.960394220678124189e-01 2.515666895067287800e-01 4.536059996818303519e-01 -1.693307718817438356e-02 -9.440635253403406590e-02 4.536059996818303519e-01 -1.693307718817438356e-02 -9.440635253403406590e-02 -3.000104540005328335e-01 8.476165655750740324e-01 -5.476061115745411989e-01
-2.537563435803213974e-02 4.753971548028012029e-01 3.513017040233543664e-01 -3.069763264417975090e-01 -1.636014613027750864e-01 1.918556719906576724e-01 -3.069763264417975090e-01 -1.636014613027750864e-01 1.918556719906576724e-01 5.007727891608333426e-01 -6.248682399402801790e-01 1.240954507794468364e-01
-2.101791659000599166e-01 3.748790789887398445e-01 -5.422411507498114958e-02 -4.806085251887680654e-01 -2.314941947600338557e-01 -3.490038530444401488e-01 -4.806085251887680654e-01 -2.314941947600338557e-01 -3.490038530444401488e-01 5.850582448887997611e-01 -1.014161438952520644e+00 4.291031940637209940e-01
1.053775013126169169e-01 2.607188416718863033e-01 3.327906127608446507e-01 1.818751953904796936e-01 9.163282962091123807e-03 2.204574017463517555e-01 1.818751953904796936e-01 9.163282962091123807e-03 2.204574017463517555e-01 1.553413403592693864e-01 -8.326956927031103906e-02 -7.207177108895834738e-02
-8.859896092260000078e-02 -3.706810481588244111e-01 -4.144281290992494204e-01 3.528940049781873478e-01 -6.529682953744142537e-02 3.865037608228668597e-01 3.528940049781873478e-01 -6.529682953744142537e-02 3.865037608228668597e-01 -2.820820872362244103e-01 2.383350062957994009e-01 4.374708094042500939e-02
-4.043716386991135225e-01 -1.614093029579248828e-01 -3.080492748670675685e-01 1.497484975121692319e-01 1.662399579027092900e-01 3.658277105410596697e-01 1.497484975121692319e-01 1.662399579027092900e-01 3.658277105410596697e-01 2.429623357411886397e-01 -3.896023076503313254e-01 1.466399719091426856e-01
-1.319031514705096830e-01 -1.529589617264628387e-01 -4.776525751199397485e-01 -3.907513184950242024e-01 2.187200434824074780e-01 -3.941336222714010296e-01 -3.907513184950242024e-01 2.187200434824074780e-01 -3.941336222714010296e-01 -2.105581025595315570e-02 -3.036378031375237541e-01 3.246936133934769098e-01
1.341751566721078870e-01 1.357565624246261926e-01 1.403020353252391050e-01 1.085162340487360044e-01 2.262472169664678789e-01 -2.176446577613169175e-01 1.085162340487360044e-01 2.262472169664678789e-01 -2.176446577613169175e-01 1.581405752518305619e-03 2.964067148094606807e-03 -4.545472900612912426e-03
-6.850636911963925435e-02 -1.659395992301159195e-01 1.747126226762929502e-01 8.703387359301317794e-03 -2.517927532252327572e-01 -4.763758390711853030e-01 8.703387359301317794e-03 -2.517927532252327572e-01 -4.763758390711853030e-01 -9.743323011047666515e-02 4.380854520168855348e-01 -3.406522219064088697e-01
-3.212429843321323863e-01 -7.145125133578289489e-02 6.118036332261611587e-02 2.721321216338382643e-01 1.997961552343191505e-01 3.755670823589924989e-01 2.721321216338382643e-01 1.997961552343191505e-01 3.755670823589924989e-01 2.497917329963494915e-01 -1.171601183379504807e-01 -1.326316146583990108e-01
-4.689263726069642368e-01 -3.671223639263255789e-01 3.112542685171406642e-01 4.353812021037872793e-02 9.929205068084145935e-02 2.801073857635778541e-01 4.353812021037872793e-02 9.929205068084145935e-02 2.801073857635778541e-01 1.018040086806386579e-01 5.765726237628275852e-01 -6.783766324434662431e-01
-3.370478013385926896e-01 4.645995744541487893e-01 -4.616975298491954316e-01 1.847626109478683887e-02 2.181130126020324189e-01 -6.762613970135500363e-02 1.847626109478683887e-02 2.181130126020324189e-01 -6.762613970135500363e-02 8.016473757927414789e-01 -1.727944480096085700e+00 9.262971043033442209e-01
-1.525299757158530278e-01 2.717537011492010546e-02 -4.327433433327781964e-01 4.329063958907081178e-01 2.929241964344493354e-01 1.436978311535085373e-01 4.329063958907081178e-01 2.929241964344493354e-01 1.436978311535085373e-01 1.797053458307731333e-01 -6.396240592784714352e-01 4.599187134476983019e-01
-6.518377161641120132e-02 4.941781261207796039e-01 -2.132601228974650986e-01 -4.860501237170312683e-01 3.298216533872961875e-01 2.524481195325340988e-01 -4.860501237170312683e-01 3.298216533872961875e-01 2.524481195325340988e-01 5.593618977371908052e-01 -1.266800146755435508e+00 7.074382490182447025e-01
2.776419452478613437e-01 3.026913580003992577e-01 -4.297940216307518657e-01 2.077514612639583813e-01 2.379020417371605634e-01 -1.485528414515908668e-01 2.077514612639583813e-01 2.379020417371605634e-01 -1.485528414515908668e-01 2.504941275253791400e-02 -7.575347923836890374e-01 7.324853796311511234e-01
-1.370061492120344671e-01 -2.648381966357414852e-01 2.515570486165707997e-02 6.043549054098162898e-02 4.735747887064297723e-01 -1.734159809594196799e-01 6.043549054098162898e-02 4.735747887064297723e-01 -1.734159809594196799e-01 -1.278320474237070181e-01 4.178259489211055833e-01 -2.899939014973985651e-01
3.192827337531707332e-01 -1.998721259514772974e-01 4.452743369363185710e-01 -4.734935038680259112e-01 2.669329412752694530e-01 3.117684866395296073e-01 -4.734935038680259112e-01 2.669329412752694530e-01 3.117684866395296073e-01 -5.191548597046480307e-01 1.164301322592443899e+00 -6.451464628877958685e-01
2.835706727666782445e-01 6.081190382087486856e-02 4.636655912101782517e-01 -4.662855314712419652e-01 -1.670473062848105705e-01 1.737491534238793101e-01 -4.662855314712419652e-01 -1.670473062848105705e-01 1.737491534238793101e-01 -2.227587689458033759e-01 6.256124563351067591e-01 -4.028536873893033832e-01
-8.744670015790745321e-02 -2.112847555341218486e-01 2.541841715762984677e-01 1.229064147697246367e-01 2.422987585453526549e-01 -2.451051363928182791e-01 1.229064147697246367e-01 2.422987585453526549e-01 -2.451051363928182791e-01 -1.238380553762143954e-01 5.893069824866347117e-01 -4.654689271104203163e-01
4.840406473734805148e-01 -4.624134932093122430e-01 -2.402426513899957872e-02 -3.813087040000932015e-01 -1.731786727830012529e-01 -1.364046070585139825e-01 -3.813087040000932015e-01 -1.731786727830012529e-01 -1.364046070585139825e-01 -9.464541405827927578e-01 1.384843368653105422e+00 -4.383892280703126643e-01
-4.951752593681278958e-01 -4.259819651613552249e-01 1.850528169279954671e-01 2.050668322447180003e-01 -2.622480522059992269e-01 -1.522250074808640941e-01 2.050668322447180003e-01 -2.622480522059992269e-01 -1.522250074808640941e-01 6.919329420677267084e-02 5.418414878825780212e-01 -6.110347820893506920e-01
1.865324672428712027e-01 2.388874005666246081e-01 -3.071781446395257520e-01 1.824587902077147161e-01 2.835791886802736528e-01 -4.091464755976526035e-02 1.824587902077147161e-01 2.835791886802736528e-01 -4.091464755976526035e-02 5.235493332375340536e-02 -5.984204785299037654e-01 5.460655452061503601e-01
-4.811105071618718698e-01 -3.812020347625312278e-01 3.095686175146429298e-01 3.047708898891778873e-01 -9.007624858059692929e-02 -3.991029532376886291e-01 3.047708898891778873e-01 -9.007624858059692929e-02 -3.991029532376886291e-01 9.990847239934064206e-02 5.908621798778335155e-01 -6.907706522771741575e-01
-1.483152637298799092e-01 1.656633143025861843e-01 4.265913555323699313e-01 -1.787514722814190771e-01 2.653960284720153773e-01 -1.961476134241754155e-01 -1.787514722814190771e-01 2.653960284720153773e-01 -1.961476134241754155e-01 3.139785780324660935e-01 -5.305053680268234650e-02 -2.609280412297837470e-01
-1.625842484898498697e-03 -4.015284280845987652e-01 -7.507338028657972728e-02 -3.028547280189305413e-01 -1.440459997318922492e-01 -2.487662090367770418e-01 -3.028547280189305413e-01 -1.440459997318922492e-01 -2.487662090367770418e-01 -3.999025855997002665e-01 7.263576333977193045e-01 -3.264550477980190379e-01
4.388039133107717316e-01 4.370862454288305665e-01 3.490757017000689633e-01 1.642858466118694016e-01 -4.535847527871590401e-01 -2.775725174892520464e-01 1.642858466118694016e-01 -4.535847527871590401e-01 -2.775725174892520464e-01 -1.717667881941165042e-03 -8.629287584682043821e-02 8.801054372876160325e-02
3.778930732614956822e-01 -3.079978748283141998e-01 3.556710819698671866e-02 5.074192407659228188e-02 2.276089931783233933e-01 -6.663837091096835863e-02 5.074192407659228188e-02 2.276089931783233933e-01 -6.663837091096835863e-02 -6.858909480898098820e-01 1.029455931115110801e+00 -3.435649830253009185e-01
1.207320313953527124e-01 1.851917780127232405e-02 -1.291914311885677957e-01 2.770816516537946139e-01 1.447405467788196454e-01 2.760554074355686671e-01 2.770816516537946139e-01 1.447405467788196454e-01 2.760554074355686671e-01 -1.022128535940803884e-01 -4.549775539575973138e-02 1.477106089898401198e-01
3.510584823299549573e-01 3.756508111233913816e-02 3.157171483717987615e-01 2.083668432975328555e-01 -3.659489442711704177e-01 3.639060962711027081e-02 2.083668432975328555e-01 -3.659489442711704177e-01 3.639060962711027081e-02 -3.134934012176158191e-01 5.916454684770754424e-01 -2.781520672594596233e-01
3.654240312144623193e-01 1.033300064753612801e-01 4.953701497673248522e-01 -2.357087436386590129e-01 9.352225779799738792e-02 1.869409636770813510e-01 -2.357087436386590129e-01 9.352225779799738792e-02 1.869409636770813510e-01 -2.620940247391010391e-01 6.541341680310646112e-01 -3.920401432919635720e-01
-2.593497481409215988e-01 -1.194639766323782881e-01 -1.373105790487516575e-01 -4.073366736907690910e-02 -1.436910660100088055e-01 3.341402307848577724e-01 -4.073366736907690910e-02 -1.436910660100088055e-01 3.341402307848577724e-01 1.398857715085433107e-01 -1.577323739249166801e-01 1.784660241637336942e-02
-1.147339412117419633e-01 -3.888822790708819088e-01 -4.920113113144612971e-01 4.101484301967656121e-01 2.335338999003511162e-02 3.945285037272928674e-01 4.101484301967656121e-01 2.335338999003511162e-02 3.945285037272928674e-01 -2.741483378591399456e-01 1.710193056155605573e-01 1.031290322435793883e-01
-2.672716720227092946e-01 -4.423711088370205768e-01 4.101074350793245671e-01 1.293130766229996231e-01 1.499811539080340150e-01 4.594962213395330508e-01 1.293130766229996231e-01 1.499811539080340150e-01 4.594962213395330508e-01 -1.750994368143112823e-01 1.027577980730656426e+00 -8.524785439163451439e-01
-1.745771998353027321e-01 7.597595338079432548e-02 -5.556515546464158017e-02 -4.453672615769423970e-01 5.117478872543390622e-02 3.090135862010250367e-01 -4.453672615769423970e-01 5.117478872543390622e-02 3.090135862010250367e-01 2.505531532160970576e-01 -3.820942620615329632e-01 1.315411088454359056e-01
3.157811184723946507e-01 4.059997795645866603e-01 -1.217890603523704707e-01 -4.539355350836475900e-01 -2.386706879814538551e-01 -2.989380768538579813e-01 -4.539355350836475900e-01 -2.386706879814538551e-01 -2.989380768538579813e-01 9.021866109219200958e-02 -6.180075010091491405e-01 5.277888399169571310e-01
-1.688357196106823332e-01 4.007952388462205917e-01 1.289905519571317161e-01 3.404610964798034933e-01 -2.855279916685147246e-01 2.581133350596750420e-01 3.404610964798034933e-01 -2.855279916685147246e-01 2.581133350596750420e-01 5.696309584569029250e-01 -8.414356453459918006e-01 2.718046868890888756e-01
1.058045525327033776e-02 4.695934490892916813e-02 -2.239744812752332281e-01 3.304932248871206291e-02 -4.456881417051516969e-01 1.874184374772154271e-01 3.304932248871206291e-02 -4.456881417051516969e-01 1.874184374772154271e-01 3.637888965565883037e-02 -3.073127158398212266e-01 2.709338261841623963e-01
4.600426255523176744e-01 3.593716531904720402e-01 1.081800344330248187e-01 1.449121088352156583e-03 3.631797615019153325e-01 9.867364798742173093e-03 1.449121088352156583e-03 3.631797615019153325e-01 9.867364798742173093e-03 -1.006709723618456342e-01 -1.505206463956015872e-01 2.511916187574472215e-01
1.322237729028609143e-01 -1.380052292136753067e-01 -2.602869962436145101e-01 3.869404431618383988e-02 -2.842844956240792031e-01 4.450700499581494718e-02 3.869404431618383988e-02 -2.842844956240792031e-01 4.450700499581494718e-02 -2.702290021165362210e-01 1.479472350865970176e-01 1.222817670299392034e-01
-3.876647605973940758e-01 4.309043435713575398e-01 4.974129602792045635e-01 1.657409275677547145e-01 -3.751223490069676147e-01 -4.399612075669752098e-01 1.657409275677547145e-01 -3.751223490069676147e-01 -4.399612075669752098e-01 8.185691041687516156e-01 -7.520604874609045920e-01 -6.650861670784702362e-02
1.702153883440082893e-01 -2.837147764680858497e-02 -1.985152044950000416e-02 -4.689048238449381456e-01 3.580625861562598544e-01 -1.399277013959971949e-01 -4.689048238449381456e-01 3.580625861562598544e-01 -1.399277013959971949e-01 -1.985868659908168743e-01 2.071068231881254551e-01 -8.519957197308580810e-03
-4.321035964346308100e-01 -2.145549351836916196e-01 2.552376792784039061e-02 2.504328383011004133e-01 4.824698564961504843e-01 3.909141601980239411e-01 2.504328383011004133e-01 4.824698564961504843e-01 3.909141601980239411e-01 2.175486612509391904e-01 2.253004186059281988e-02 -2.400787031115320103e-01
3.768501280835176992e-01 2.463804314117105099e-01 3.876890408530160315e-01 -3.858245740746300001e-01 2.882536005003092372e-01 3.275533695410708379e-01 -3.858245740746300001e-01 2.882536005003092372e-01 3.275533695410708379e-01 -1.304696966718071893e-01 2.717783061131127109e-01 -1.413086094413055216e-01
1.076761307177875882e-01 2.553021617727033732e-01 -8.547896151686595889e-02 9.073341696026282488e-02 4.144715473942123252e-01 -2.805721026113302541e-01 9.073341696026282488e-02 4.144715473942123252e-01 -2.805721026113302541e-01 1.476260310549157850e-01 -4.884071543444851171e-01 3.407811232895693321e-01
-1.747954870285927109e-01 3.369959109683958731e-01 -2.561917975932104241e-01 4.595043362603682402e-01 -3.902175912852899886e-01 -2.121478262549558735e-02 4.595043362603682402e-01 -3.902175912852899886e-01 -2.121478262549558735e-02 5.117913979969885840e-01 -1.104979106558594992e+00 5.931877085616062972e-01
1.180779974824545109e-01 4.070602173521389311e-01 -9.515477405077965578e-02 -9.293426107118130108e-02 -1.902988960884047787e-01 4.873752085138479684e-01 -9.293426107118130108e-02 -1.902988960884047787e-01 4.873752085138479684e-01 2.889822198696844202e-01 -7.911972112726030071e-01 5.022149914029185869e-01
1.378408620215795244e-01 -4.654502936272232327e-01 -1.208453491138821168e-01 -1.559157043236691909e-02 -2.679475758261090634e-01 1.765420056236698398e-01 -1.559157043236691909e-02 -2.679475758261090634e-01 1.765420056236698398e-01 -6.032911556488027571e-01 9.478961001621438731e-01 -3.446049445133411160e-01
-4.886011957225701030e-01 -2.859747660759837107e-02 3.816126715202339259e-02 -3.582252496916571438e-02 -4.763146607340615901e-01 3.773531594528160005e-01 -3.582252496916571438e-02 -4.763146607340615901e-01 3.773531594528160005e-01 4.600037191149717319e-01 -3.932449753553499683e-01 -6.675874375962176366e-02
3.273510551834774018e-01 -7.564517755984323522e-03 -3.854482928736575609e-01 1.007221355789565953e-01 -4.835502266426305873e-01 -1.044697759331428832e-01 1.007221355789565953e-01 -4.835502266426305873e-01 -1.044697759331428832e-01 -3.349155729394617254e-01 -4.296820217821151200e-02 3.778837751176732374e-01
-3.111003877606471901e-01 -1.864653035033440043e-01 2.882903516923461806e-01 4.466348346690129922e-03 -1.243752794102009895e-01 3.200117404884921246e-01 4.466348346690129922e-03 -1.243752794102009895e-01 3.200117404884921246e-01 1.246350842573031859e-01 3.501205709383869991e-01 -4.747556551956901849e-01
-4.168903837601680706e-01 1.376272442963188958e-01 8.726924321031181986e-02 3.705816319131606251e-01 -4.518862180888583158e-01 -4.951653260101063214e-01 3.705816319131606251e-01 -4.518862180888583158e-01 -4.951653260101063214e-01 5.545176280564869664e-01 -6.048756291424940423e-01 5.035800108600707592e-02
-1.421481090159086857e-01 1.608817214813924590e-01 2.755692007196154369e-01 5.570641559110556251e-02 -1.069608934897021690e-01 4.139177169679150170e-01 5.570641559110556251e-02 -1.069608934897021690e-01 4.139177169679150170e-01 3.030298304973011447e-01 -1.883423512590781668e-01 -1.146874792382229780e-01
-4.708531739020761497e-01 4.061529745858065699e-01 -3.133446864967545098e-01 -4.334198797440560469e-01 -3.395903726598639150e-01 -1.822751846608907655e-01 -4.334198797440560469e-01 -3.395903726598639150e-01 -1.822751846608907655e-01 8.770061484878827196e-01 -1.596503809570443799e+00 7.194976610825610797e-01
4.403703396854395935e-01 2.090878069882572410e-01 -3.860021043837014165e-01 -2.945233322467633030e-01 -2.712125614706076826e-01 -1.485643652252114366e-01 -2.945233322467633030e-01 -2.712125614706076826e-01 -1.485643652252114366e-01 -2.312825326971823525e-01 -3.638073786747763050e-01 5.950899113719586575e-01
4.738552412004461978e-01 -1.516136508477907707e-01 -3.666159775483098793e-01 7.149068781309841913e-02 1.407567966555488548e-01 3.767499809101241270e-01 7.149068781309841913e-02 1.407567966555488548e-01 3.767499809101241270e-01 -6.254688920482369685e-01 4.104665653477178600e-01 2.150023267005191085e-01
2.783445107689045406e-01 4.933046142816267521e-01 3.751139059801812392e-01 1.284251271635993286e-01 3.791671643612543052e-01 6.456053475265943753e-02 1.284251271635993286e-01 3.791671643612543052e-01 6.456053475265943753e-02 2.149601035127222115e-01 -3.331508118141677244e-01 1.181907083014455129e-01
2.183735146215615153e-03 -3.346992855033449343e-01 2.796703923195787977e-01 2.542399332480050900e-01 -2.965227636205389761e-01 2.168132556217644558e-01 2.542399332480050900e-01 -2.965227636205389761e-01 2.168132556217644558e-01 -3.368830206495605495e-01 9.512526984724842816e-01 -6.143696778229237321e-01
-3.135909414030645381e-01 -2.466737420225800781e-01 4.915982242535164026e-01 -2.399432307157565170e-01 -1.530556397642338640e-01 -5.660733403065387748e-02 -2.399432307157565170e-01 -1.530556397642338640e-01 -5.660733403065387748e-02 6.691719938048446004e-02 6.713547668956120207e-01 -7.382719662760964807e-01
3.081912920617538854e-01 -2.694874630192911624e-03 -4.178580154054045703e-02 2.604540717745943423e-01 -1.815839182143770270e-01 3.236687510571889526e-02 2.604540717745943423e-01 -1.815839182143770270e-01 3.236687510571889526e-02 -3.108861666919467970e-01 2.717952397815992516e-01 3.909092691034754541e-02
4.328501164099995968e-01 -3.244098911048716172e-01 -2.429952673349966563e-01 -2.976465280665339108e-01 -1.871731811820311897e-01 -2.229553801976225103e-02 -2.976465280665339108e-01 -1.871731811820311897e-01 -2.229553801976225103e-02 -7.572600075148712140e-01 8.386746312847461748e-01 -8.141462376987496086e-02
3.666791945821435972e-01 1.244979612498555710e-01 -3.394551039589381869e-01 2.255419427047297143e-01 -3.243702959707912559e-01 8.937111696242072689e-02 2.255419427047297143e-01 -3.243702959707912559e-01 8.937111696242072689e-02 -2.421812333322880262e-01 -2.217718318765057317e-01 4.639530652087937579e-01
-1.408910852067197794e-01 3.151044634317388127e-01 -3.831491941508745613e-01 -2.770198909779029162e-01 1.984263860465450557e-01 -4.323519680612898375e-01 -2.770198909779029162e-01 1.984263860465450557e-01 -4.323519680612898375e-01 4.559955486384585921e-01 -1.154249206221071855e+00 6.982536575826133740e-01
4.351378963822822854e-01 -2.999390988369869948e-01 2.262073424456433335e-01 3.595635366986006387e-01 2.459725559819821994e-01 -2.538171047533011038e-01 3.595635366986006387e-01 2.459725559819821994e-01 -2.538171047533011038e-01 -7.350769952192692802e-01 1.261223436501899720e+00 -5.261464412826303283e-01
-2.960064499916885694e-01 2.061540037626332644e-01 -4.235354538739399821e-01 -1.922094786466828076e-01 -1.534796978550956315e-01 1.716699775544894280e-03 -1.922094786466828076e-01 -1.534796978550956315e-01 1.716699775544894280e-03 5.021604537543218338e-01 -1.131849911390895080e+00 6.296894576365732465e-01
-1.758372077098184771e-01 -3.959494033570543081e-02 -4.574783814746794519e-01 2.609460082090966360e-01 3.266796524423657422e-01 3.811718788110761702e-01 2.609460082090966360e-01 3.266796524423657422e-01 3.811718788110761702e-01 1.362422673741130463e-01 -5.541257085130870674e-01 4.178834411389740211e-01
-3.291490246082832138e-01 1.852707975847257549e-01 -3.468278842163083908e-01 -3.529274023148106787e-01 1.464013499965006737e-01 2.635869004434749918e-01 -3.529274023148106787e-01 1.464013499965006737e-01 2.635869004434749918e-01 5.144198221930089687e-01 -1.046518503994043225e+00 5.320986818010341457e-01
2.493853878408158753e-02 8.702931447484985039e-02 4.297482505146191789e-01 2.934053378257613920e-01 -1.717738782120681318e-02 -4.882236039448251130e-01 2.934053378257613920e-01 -1.717738782120681318e-02 -4.882236039448251130e-01 6.209077569076826286e-02 2.806281603490010657e-01 -3.427189360397693285e-01
4.847494372852713118e-01 -3.589153676116672020e-01 3.280176953974981435e-01 -2.619185963199334166e-01 -1.695474628043907028e-01 -4.909153519633252527e-01 -2.619185963199334166e-01 -1.695474628043907028e-01 -4.909153519633252527e-01 -8.436648048969385139e-01 1.530597867906103859e+00 -6.869330630091653456e-01
1.023045990363207203e-01 -1.098814809654939939e-01 -4.913099763333867998e-01 4.406258639492578455e-01 -2.382555985716505731e-02 -8.086085485909810799e-02 4.406258639492578455e-01 -2.382555985716505731e-02 -8.086085485909810799e-02 -2.121860800018147142e-01 -1.692424153660780917e-01 3.814284953678928058e-01
1.791332192952086455e-01 -1.808454537563453091e-02 -4.612365263458839681e-01 5.417783305120693615e-02 1.951769811635383212e-01 1.092733196999484679e-02 5.417783305120693615e-02 1.951769811635383212e-01 1.092733196999484679e-02 -1.972177646708431764e-01 -2.459342162994062608e-01 4.431519809702494372e-01
-2.399690644272806095e-01 3.642739218917026012e-01 2.134274972181188224e-01 3.536770300076039764e-01 -4.764304382035946528e-01 4.145689596344236394e-01 3.536770300076039764e-01 -4.764304382035946528e-01 4.145689596344236394e-01 6.042429863189832107e-01 -7.550894109925669895e-01 1.508464246735837788e-01
6.263106093106984851e-03 3.150758053518654123e-01 -2.652712511270266527e-01 -2.775535044516451721e-01 -3.103707271534242862e-01 -3.528435562074769827e-01 -2.775535044516451721e-01 -3.103707271534242862e-01 -3.528435562074769827e-01 3.088126992587584274e-01 -8.891597557376504923e-01 5.803470564788920649e-01
-2.294264779880849092e-01 1.718430747285799587e-01 9.338023343092238804e-02 3.224482932491207210e-01 4.618676194246043032e-01 3.646565017217623383e-01 3.224482932491207210e-01 4.618676194246043032e-01 3.646565017217623383e-01 4.012695527166648679e-01 -4.797323940143224386e-01 7.846284129765757065e-02
1.568532942055742563e-01 -2.167263144157570709e-01 2.698075661208828580e-01 -2.772636615061730980e-01 1.642671982135716080e-01 4.993393018110513504e-01 -2.772636615061730980e-01 1.642671982135716080e-01 4.993393018110513504e-01 -3.735796086213313272e-01 8.601134891579712560e-01 -4.865338805366399288e-01
-1.418313827379770187e-01 -2.162124506280539427e-01 4.333708535075281310e-01 1.741889411022522482e-01 4.595206218831252576e-01 -1.009906822669262016e-01 1.741889411022522482e-01 4.595206218831252576e-01 -1.009906822669262016e-01 -7.438106789007692399e-02 7.239643720256589976e-01 -6.495833041355820736e-01
-1.842380232338558521e-02 -1.701252879568406762e-01 -1.206934656766814884e-01 -4.706429018799278552e-01 2.216540155672905854e-01 -8.952190487085565085e-02 -4.706429018799278552e-01 2.216540155672905854e-01 -8.952190487085565085e-02 -1.517014856334550910e-01 2.011333079136142787e-01 -4.943182228015918778e-02
1.687010516724644082e-01 1.799532058019762681e-01 -1.877728379503328382e-01 -1.080512256938404025e-02 -2.308701503732312199e-01 4.081163938185322637e-01 -1.080512256938404025e-02 -2.308701503732312199e-01 4.081163938185322637e-01 1.125215412951185989e-02 -3.789781978818209662e-01 3.677260437523091063e-01
-3.155678214171969698e-01 6.176117808970138512e-02 2.110647431257864914e-01 -4.578922750387512952e-01 2.751169145311982422e-01 1.376981260091288961e-01 -4.578922750387512952e-01 2.751169145311982422e-01 1.376981260091288961e-01 3.773289995068983549e-01 -2.280254344708132486e-01 -1.493035650360851063e-01
1.842239682340508500e-01 -3.348997573947645190e-01 -4.447694525670103927e-01 -4.555345889645904256e-01 4.137726079091552656e-02 4.646451154526443084e-01 -4.555345889645904256e-01 4.137726079091552656e-02 4.646451154526443084e-01 -5.191237256288153690e-01 4.092540304565694953e-01 1.098696951722458737e-01
-3.167743900556030390e-02 -2.658478760103084593e-01 8.148067558104288288e-02 4.719458108535938834e-01 4.339481041018113938e-01 4.690806226326604822e-01 4.719458108535938834e-01 4.339481041018113938e-01 4.690806226326604822e-01 -2.341704370047481554e-01 5.814989885960994975e-01 -3.473285515913513422e-01
2.876666877281190970e-01 -1.536021839782887310e-01 -1.937208813973757549e-01 -3.272791903010928705e-01 3.247233052908745643e-01 -2.354189469367476972e-01 -3.272791903010928705e-01 3.247233052908745643e-01 -2.354189469367476972e-01 -4.412688717064078281e-01 4.011501742873208043e-01 4.011869741908702380e-02
1.312191816977066328e-01 -3.239644515239561429e-01 -3.031597314322986847e-01 3.879652580846493226e-02 3.760628643939352145e-01 2.949872979516837690e-01 3.879652580846493226e-02 3.760628643939352145e-01 2.949872979516837690e-01 -4.551836332216627756e-01 4.759883533133202338e-01 -2.080472009165745817e-02
-3.108502135453680149e-01 3.089634813124420010e-02 -3.750950530492376256e-01 7.923390206605440689e-02 2.144111467949267880e-01 2.787946138669099572e-01 7.923390206605440689e-02 2.144111467949267880e-01 2.787946138669099572e-01 3.417465616766122150e-01 -7.477379628570940406e-01 4.059914011804818257e-01
2.037528074280633428e-01 -3.487410207692642761e-02 1.665075642125268818e-02 -3.134928962760229476e-01 -1.172302072168164289e-01 -1.932396538319629542e-01 -3.134928962760229476e-01 -1.172302072168164289e-01 -1.932396538319629542e-01 -2.386269095049897704e-01 2.901517680031688862e-01 -5.152485849817911578e-02
4.721791107298494161e-01 1.425864062397809162e-01 -1.803962611778483494e-01 1.813449244602832744e-01 -1.939548039950547142e-01 9.553586699323546316e-02 1.813449244602832744e-01 -1.939548039950547142e-01 9.553586699323546316e-02 -3.295927044900684999e-01 6.610037072439234329e-03 3.229826674176292656e-01
-4.636340399878244867e-01 2.847788445757889475e-01 -4.188748616363711097e-01 4.884776797646084301e-01 -2.900776169199917875e-01 -3.020771211097268427e-01 4.884776797646084301e-01 -2.900776169199917875e-01 -3.020771211097268427e-01 7.484128845636134342e-01 -1.452066590775773491e+00 7.036537062121600572e-01
3.959828118067932889e-01 3.246842296949982165e-01 -3.882012744081070332e-01 3.238298191015573924e-01 -1.746832062125088791e-01 2.345078096125176037e-01 3.238298191015573924e-01 -1.746832062125088791e-01 2.345078096125176037e-01 -7.129858211179507244e-02 -6.415869219913101773e-01 7.128855041031052497e-01
-6.953118170750949290e-02 4.177487359855984739e-01 -2.903422184838407860e-01 -4.355235115178682781e-01 -2.459696528041543928e-02 -3.098670657902959924e-01 -4.355235115178682781e-01 -2.459696528041543928e-02 -3.098670657902959924e-01 4.872799176931079668e-01 -1.195370872162547116e+00 7.080909544694392599e-01
2.669540514384631802e-01 1.154586310533649574e-01 4.716566666028099153e-02 -3.550846737861471647e-01 -2.061599600944630239e-01 -1.231247202597354207e-01 -3.550846737861471647e-01 -2.061599600944630239e-01 -1.231247202597354207e-01 -1.514954203850982228e-01 8.320245599201425701e-02 6.829296439308396582e-02
4.338601754254034493e-02 1.384901892241859889e-01 2.889194253627275222e-01 5.797331917683323788e-02 -2.318229174960927397e-01 4.852316317320891637e-01 5.797331917683323788e-02 -2.318229174960927397e-01 4.852316317320891637e-01 9.510417168164564394e-02 5.532506445689588936e-02 -1.504292361385415333e-01
4.788777962169427083e-01 4.743046815770382008e-01 2.637234691918560747e-01 -4.339161504738585640e-01 4.263284030204216313e-01 3.955027780122148950e-01 -4.339161504738585640e-01 4.263284030204216313e-01 3.955027780122148950e-01 -4.573114639904507506e-03 -2.060080977452776185e-01 2.105812123851821260e-01
6.228338396163346502e-02 4.178501082011500944e-01 -1.083396490831373127e-01 -4.937398728944453197e-01 -2.249788682829034769e-02 -3.623891561609138279e-02 -4.937398728944453197e-01 -2.249788682829034769e-02 -3.623891561609138279e-02 3.555667242395166294e-01 -8.817564815238040365e-01 5.261897572842874071e-01
-2.499832314043242132e-01 -8.117291609423216148e-02 -3.062829944755292022e-01 -3.438780158067723525e-01 -4.943747024848387239e-01 -9.262488005138269642e-02 -3.438780158067723525e-01 -4.943747024848387239e-01 -9.262488005138269642e-02 1.688103153100920517e-01 -3.939203936913890924e-01 2.251100783812970407e-01
4.291271120490336433e-01 5.842885196866831610e-02 -2.242016301698288583e-01 2.228805884166673579e-02 1.039245236244257242e-02 3.880118919509062403e-01 2.228805884166673579e-02 1.039245236244257242e-02 3.880118919509062403e-01 -3.706982600803653272e-01 8.806777794186815278e-02 2.826304821384971744e-01
-2.206376317712667179e-01 2.447911570524001768e-01 -1.034095668357198905e-01 3.782165670386287148e-01 -1.407597340557552590e-01 2.428603857415125855e-01 3.782165670386287148e-01 -1.407597340557552590e-01 2.428603857415125855e-01 4.654287888236668946e-01 -8.136295127117869619e-01 3.482007238881200673e-01
-1.844110767018136698e-02 -1.716627312707693642e-01 9.231001581054087968e-02 2.722166117416519038e-01 -1.112518123653518654e-01 2.234020493101889215e-01 2.722166117416519038e-01 -1.112518123653518654e-01 2.234020493101889215e-01 -1.532216236005879972e-01 4.171943706818982411e-01 -2.639727470813102439e-01
