4.064232691643386852e-01 -4.719505971038103764e-01 4.348531337494406790e-01 3.524766398396647071e-01 -2.506635689319712812e-01 -2.073300548448545610e-01 3.524766398396647071e-01 -2.506635689319712812e-01 -2.073300548448545610e-01 -8.783738662681490617e-01 1.785177597121400117e+00 -9.068037308532510554e-01
3.387957581109779515e-01 2.457890132383213633e-01 3.279523454395498749e-01 -1.022980408756102300e-01 4.630736914356721190e-01 1.678109701442215274e-01 -1.022980408756102300e-01 4.630736914356721190e-01 1.678109701442215274e-01 -9.300674487265658819e-02 1.751700770738850998e-01 -8.216333220122851166e-02
4.309546777401996875e-01 2.690089987808818028e-01 -3.248242548979265454e-01 -2.690586564600554453e-01 -2.057092569799624515e-01 -4.224781472830626550e-01 -2.690586564600554453e-01 -2.057092569799624515e-01 -4.224781472830626550e-01 -1.619456789593178847e-01 -4.318875747194904635e-01 5.938332536788083482e-01
-2.536063557142791414e-01 2.853560605076329582e-01 3.809655993444942546e-01 -3.343404666670264369e-01 -4.278904314564717648e-01 3.617171245873820329e-01 -3.343404666670264369e-01 -4.278904314564717648e-01 3.617171245873820329e-01 5.389624162219120995e-01 -4.433528773850508031e-01 -9.560953883686129640e-02
4.026637044263726706e-01 2.826966361181696419e-01 -2.867860571079119403e-01 -7.942342774890498447e-02 -6.872486323435245126e-02 -1.831139893930012752e-01 -7.942342774890498447e-02 -6.872486323435245126e-02 -1.831139893930012752e-01 -1.199670683082030287e-01 -4.495156249178785535e-01 5.694826932260815822e-01
-4.760969738576691368e-01 -1.097552649652814294e-01 -4.931723832535800378e-01 2.537599968630195324e-01 1.323991488704291397e-01 -4.033780035926038954e-01 2.537599968630195324e-01 1.323991488704291397e-01 -4.033780035926038954e-01 3.663417088923877074e-01 -7.497588271806863158e-01 3.834171182882986084e-01
-4.080951478362276896e-01 -3.880603654641434641e-02 -3.059945743643764926e-01 -6.483732857806479011e-02 -2.633428476556530784e-01 -2.100020319118997003e-01 -6.483732857806479011e-02 -2.633428476556530784e-01 -2.100020319118997003e-01 3.692891112898133432e-01 -6.364776491077754894e-01 2.671885378179621462e-01
3.280935695469475721e-01 3.669361094050652694e-01 7.805174874023945719e-02 -4.889759355933279705e-01 -3.428490704382346488e-01 -2.109581075225639424e-01 -4.889759355933279705e-01 -3.428490704382346488e-01 -2.109581075225639424e-01 3.884253985811769727e-02 -3.277269005229435095e-01 2.888843606648258122e-01
-3.209945931652782303e-01 -3.993320197843429620e-01 1.149815714009601031e-01 -1.230458575985909908e-01 1.504320777492139660e-01 -2.408341588178005699e-01 -1.230458575985909908e-01 1.504320777492139660e-01 -2.408341588178005699e-01 -7.833742661906473170e-02 5.926510178043677968e-01 -5.143135911853030651e-01
-2.673289043680262544e-01 9.195388433273499196e-03 -2.390155613501795395e-01 -2.752139121045207304e-01 -4.121766289137692718e-01 3.651077215533744535e-01 -2.752139121045207304e-01 -4.121766289137692718e-01 3.651077215533744535e-01 2.765242928012997536e-01 -5.247352425847527924e-01 2.482109497834530387e-01
-2.695693255897805285e-01 1.764358869800243257e-01 -2.728937230054884200e-02 -1.146671674349760695e-01 -8.180263662175379924e-02 1.509604010638305738e-01 -1.146671674349760695e-01 -8.180263662175379924e-02 1.509604010638305738e-01 4.460052125698048542e-01 -6.497304718503780219e-01 2.037252592805731677e-01
2.854207215855096846e-01 3.273093048975674879e-01 -4.284917105302628038e-01 1.957236480763113740e-01 -2.616683970643426393e-01 3.264844052743776093e-02 1.957236480763113740e-01 -2.616683970643426393e-01 3.264844052743776093e-02 4.188858331205780328e-02 -7.976895987398880949e-01 7.558010154278302917e-01
-3.686378196185269296e-02 1.318790922401964494e-01 2.577834972058457019e-01 -1.232547085832302880e-01 -1.711779634520165239e-01 3.267904947711223196e-01 -1.232547085832302880e-01 -1.711779634520165239e-01 3.267904947711223196e-01 1.687428742020491423e-01 -4.283846923639988979e-02 -1.259044049656492525e-01
-1.383833522879427402e-01 7.313226326818045298e-02 3.075820379343013888e-01 -1.246303712316531032e-01 -3.550938812477306694e-01 2.033994279743885913e-01 -1.246303712316531032e-01 -3.550938812477306694e-01 2.033994279743885913e-01 2.115156155561231932e-01 2.293415910999774265e-02 -2.344497746661209359e-01
-2.621632262970774452e-01 -4.966259414533149563e-01 4.885504436237136927e-01 -4.077054086625256923e-01 -3.595821300945073462e-01 -2.998982518736386105e-01 -4.077054086625256923e-01 -3.595821300945073462e-01 -2.998982518736386105e-01 -2.344627151562375111e-01 1.219639100233266049e+00 -9.851763850770286490e-01
4.450482237927938511e-01 3.813196460233808649e-01 -2.905613141590485116e-01 3.915978697473795345e-01 -3.724145451870419787e-02 -4.698191517362148018e-01 3.915978697473795345e-01 -3.724145451870419787e-02 -4.698191517362148018e-01 -6.372857776941298624e-02 -6.081523824130163902e-01 6.718809601824293765e-01
3.004790489984635604e-01 -2.286792860481534628e-02 2.734218755622184194e-01 6.578423231994867670e-02 1.315277187253676150e-01 2.069312868717190224e-01 6.578423231994867670e-02 1.315277187253676150e-01 2.069312868717190224e-01 -3.233469776032789067e-01 6.196367817703126724e-01 -2.962898041670337657e-01
-2.513181338428314149e-01 -2.988506491310449764e-01 4.222485922290397653e-01 -1.757135419127159315e-01 -4.810966120520429046e-01 4.337445566391464613e-01 -1.757135419127159315e-01 -4.810966120520429046e-01 4.337445566391464613e-01 -4.753251528821356153e-02 7.686317566482983032e-01 -7.210992413600847417e-01
4.351746863442698121e-01 3.265907148431730356e-01 -2.243714868599990808e-01 -3.074982377352822871e-01 -1.910570140515002180e-01 1.703993585811401923e-01 -3.074982377352822871e-01 -1.910570140515002180e-01 1.703993585811401923e-01 -1.085839715010967765e-01 -4.423782302020753399e-01 5.509622017031721164e-01
-2.852121487912894215e-01 -4.467444273388874176e-01 -3.299180670249849401e-01 2.792016325620905182e-02 -1.833624570329398518e-01 2.753381244166674957e-02 2.792016325620905182e-02 -1.833624570329398518e-01 2.753381244166674957e-02 -1.615322785475979961e-01 2.783586388615004736e-01 -1.168263603139024776e-01
4.649709995361268611e-01 2.335581482586641666e-01 3.560081633059569706e-01 -9.446798360845387599e-02 -3.994080546878309157e-02 1.605248133661042464e-01 -9.446798360845387599e-02 -3.994080546878309157e-02 1.605248133661042464e-01 -2.314128512774626945e-01 3.538628663247554984e-01 -1.224500150472928039e-01
-1.208315817736036468e-01 -2.486115348749090570e-01 -3.751559833315377679e-01 4.771636726780321691e-01 -3.744698645035131612e-01 3.436345318799900461e-01 4.771636726780321691e-01 -3.744698645035131612e-01 3.436345318799900461e-01 -1.277799531013054102e-01 1.235504644676699293e-03 1.265444484566287109e-01
4.852196553795465883e-01 -2.881781099659774803e-02 2.397465219446972551e-01 -2.109985705524901611e-01 -3.905604670585792748e-01 1.050882349810539074e-01 -2.109985705524901611e-01 -3.905604670585792748e-01 1.050882349810539074e-01 -5.140374663761443363e-01 7.826017993174393395e-01 -2.685643329412950031e-01
3.344787191622667910e-01 1.724746582093580338e-01 -2.018362286153307927e-01 3.759095374562000380e-01 4.356747357682446697e-01 2.194257953692702046e-01 3.759095374562000380e-01 4.356747357682446697e-01 2.194257953692702046e-01 -1.620040609529087572e-01 -2.123068258717800694e-01 3.743108868246888266e-01
-4.917834949606879613e-01 -8.999992063013306787e-02 -7.097103113230796012e-02 1.616325236503104446e-01 -2.416666780183724939e-01 2.516971362795447087e-01 1.616325236503104446e-01 -2.416666780183724939e-01 2.516971362795447087e-01 4.017835743305548935e-01 -3.827546848327297857e-01 -1.902888949782510775e-02
4.273983084653987241e-03 -8.483359351226793521e-03 -1.938504402224821010e-01 2.437099123274765189e-01 5.766195545891306118e-03 -3.816549765172002617e-01 2.437099123274765189e-01 5.766195545891306118e-03 -3.816549765172002617e-01 -1.275734243588078076e-02 -1.726097384353745268e-01 1.853670808712553075e-01
3.128295501637062825e-01 2.978446191105952323e-01 -1.569157048362000983e-01 1.736778814943404914e-01 -1.126355370838467707e-01 1.121292437751708615e-02 1.736778814943404914e-01 -1.126355370838467707e-01 1.121292437751708615e-02 -1.498493105311105023e-02 -4.397753928936842804e-01 4.547603239467953307e-01
4.437739993000753280e-01 -4.613534750584067368e-01 -4.137560193593871061e-01 4.749566352840313144e-01 3.322676036589061743e-01 3.939624146462238352e-01 4.749566352840313144e-01 3.322676036589061743e-01 3.939624146462238352e-01 -9.051274743584820648e-01 9.527249300575016955e-01 -4.759745569901963069e-02
-3.445793476505910613e-01 -6.535055007660151016e-02 2.570621004779364283e-01 2.978742755003686016e-01 7.833630659684032160e-02 -3.028629712676724761e-01 2.978742755003686016e-01 7.833630659684032160e-02 -3.028629712676724761e-01 2.792287975739895511e-01 4.318385298054838728e-02 -3.224126505545379384e-01
-2.756115940627056338e-01 -5.092440552802190989e-02 -2.218364413509765765e-01 7.729685118966145296e-02 -3.627406975886334761e-01 -4.413761359858410227e-01 7.729685118966145296e-02 -3.627406975886334761e-01 -4.413761359858410227e-01 2.246871885346837239e-01 -3.955992243576383904e-01 1.709120358229546666e-01
-9.234110908929560324e-03 -4.261889692500604454e-01 -1.334039797063159005e-01 4.443394079666624918e-01 4.973705051205037364e-01 4.768775223960608489e-01 4.443394079666624918e-01 4.973705051205037364e-01 4.768775223960608489e-01 -4.169548583411308851e-01 7.097398478848754300e-01 -2.927849895437445449e-01
3.206663345385307728e-01 -2.160279294811195960e-01 4.645350193891861768e-02 2.030869047715556652e-01 4.173844376414492796e-02 1.512163020395400626e-01 2.030869047715556652e-01 4.173844376414492796e-02 1.512163020395400626e-01 -5.366942640196503689e-01 7.991756954396885826e-01 -2.624814314200382137e-01
-1.341096142194070362e-01 4.070373768197906861e-01 -4.766228664701180895e-01 -1.897996860228191585e-01 4.320283320529191284e-01 2.149909495814109617e-01 -1.897996860228191585e-01 4.320283320529191284e-01 2.149909495814109617e-01 5.411469910391977223e-01 -1.424807234329106498e+00 8.836602432899087756e-01
4.091824637608486581e-01 3.062458783408414931e-01 2.175486678660920603e-01 2.067209496362198973e-01 -3.873500023363167788e-01 1.169411690225780065e-01 2.067209496362198973e-01 -3.873500023363167788e-01 1.169411690225780065e-01 -1.029365854200071650e-01 1.423937494525773229e-02 8.869721047474943276e-02
4.107134542882382444e-01 4.161525757097549461e-01 1.631899274414362333e-01 3.699038708348791893e-01 1.947991798091852633e-02 1.789031834947183430e-01 3.699038708348791893e-01 1.947991798091852633e-02 1.789031834947183430e-01 5.439121421516701638e-03 -2.584017696898354144e-01 2.529626482683187128e-01
-1.134336371651148978e-01 1.861280982539943452e-01 4.606832336961557139e-01 4.798000112828724184e-01 -2.960621769251852164e-01 2.617042255729865596e-01 4.798000112828724184e-01 -2.960621769251852164e-01 2.617042255729865596e-01 2.995617354191092430e-01 -2.500659997694787418e-02 -2.745551354421613688e-01
-4.644711951696366414e-01 6.593353398547985300e-02 -4.781868402971654053e-01 3.477437700621298644e-01 -5.214865336547136465e-02 5.629132645602530349e-02 3.477437700621298644e-01 -5.214865336547136465e-02 5.629132645602530349e-02 5.304047291551164944e-01 -1.074525103437761864e+00 5.441203742826452583e-01
2.192321416923365129e-01 3.259196998012193758e-01 -8.672361862152744294e-02 4.980076441941257981e-01 3.904092248083115280e-01 -1.730420757509465446e-02 4.980076441941257981e-01 3.904092248083115280e-01 -1.730420757509465446e-02 1.066875581088828628e-01 -5.193308765316296816e-01 4.126433184227468187e-01
-1.473067833479630995e-01 2.416477811960254796e-01 4.923643328000614217e-01 1.533000870238858671e-01 -3.517124322204927545e-01 -4.079708746654238105e-01 1.533000870238858671e-01 -3.517124322204927545e-01 -4.079708746654238105e-01 3.889545645439885790e-01 -1.382380129399526369e-01 -2.507165516040359421e-01
4.779895119966026673e-01 4.333677049373143575e-01 1.035606605058776442e-01 1.483734854559393135e-02 1.532563226675420776e-02 -4.975503015529186834e-01 1.483734854559393135e-02 1.532563226675420776e-02 -4.975503015529186834e-01 -4.462180705928830982e-02 -2.851852373721484035e-01 3.298070444314367133e-01
-2.642376730020182807e-01 -4.656230844013142800e-02 3.847734447499041588e-01 3.394019326707895523e-01 3.562667675889094054e-01 2.842751122699120891e-01 3.394019326707895523e-01 3.562667675889094054e-01 2.842751122699120891e-01 2.176753645618868527e-01 2.136603886281487341e-01 -4.313357531900355868e-01
6.348175271361766736e-02 3.011352140683646317e-01 3.340513248686634018e-01 -4.141330475946902734e-01 -2.758463634746485260e-01 1.729629852378891108e-01 -4.141330475946902734e-01 -2.758463634746485260e-01 1.729629852378891108e-01 2.376534613547469643e-01 -2.047373505544481942e-01 -3.291611080029877012e-02
2.430308748562126642e-02 -4.344168930887647440e-01 4.026310823136902695e-02 2.180205344961031466e-01 2.009726523813594179e-01 -4.702152337253131531e-01 2.180205344961031466e-01 2.009726523813594179e-01 -4.702152337253131531e-01 -4.587199805743860104e-01 9.333999818945197813e-01 -4.746800013201337709e-01
-4.468713093270424430e-01 4.556766559053810894e-01 3.920842569859895876e-01 4.663654462530474332e-01 -4.148957540742588268e-01 -1.871697745761408127e-01 4.663654462530474332e-01 -4.148957540742588268e-01 -1.871697745761408127e-01 9.025479652324235325e-01 -9.661403641518150343e-01 6.359239891939150180e-02
3.956099852149419505e-01 1.816955408577702880e-02 1.114064647827255339e-01 -3.058854414009667400e-01 7.332087019854605092e-02 3.750164227398850025e-01 -3.058854414009667400e-01 7.332087019854605092e-02 3.750164227398850025e-01 -3.774404311291649217e-01 4.706773418261134267e-01 -9.323691069694850508e-02
3.499176092791567161e-02 -1.050870876516259989e-01 -1.720573512932721538e-02 1.804152248926198521e-01 -4.224738836596384495e-01 -3.667569169765116932e-01 1.804152248926198521e-01 -4.224738836596384495e-01 -3.667569169765116932e-01 -1.400788485795416705e-01 2.279602011018404539e-01 -8.788135252229878347e-02
4.648463390269615969e-01 1.264074396443214399e-01 -2.742393756595717935e-01 2.662322588415133584e-01 -1.723851143844641332e-01 -3.587015351038838062e-01 2.662322588415133584e-01 -1.723851143844641332e-01 -3.587015351038838062e-01 -3.384388993826401570e-01 -6.220791592125307634e-02 4.006468153038932334e-01
3.940620995065691190e-02 3.093553204242411869e-01 5.589281119008393528e-02 -1.769131384631394965e-02 2.262128865944746936e-01 -3.508556870665514582e-01 -1.769131384631394965e-02 2.262128865944746936e-01 -3.508556870665514582e-01 2.699491104735842750e-01 -5.234116197077415267e-01 2.534625092341572516e-01
-2.648795927425356966e-01 2.052129689934265588e-01 1.413741755146266099e-01 1.032253784852441569e-01 -4.000518761914236832e-01 2.170502434726959695e-01 1.032253784852441569e-01 -4.000518761914236832e-01 2.170502434726959695e-01 4.700925617359622555e-01 -5.339313552147622044e-01 6.383879347879994892e-02
1.035595516954864737e-01 3.337872434508155628e-01 -3.703830239098978572e-01 1.700084852838934513e-01 -3.708692196426159882e-01 2.885941965246621166e-01 1.700084852838934513e-01 -3.708692196426159882e-01 2.885941965246621166e-01 2.302276917553290891e-01 -9.343979591160425091e-01 7.041702673607134200e-01
2.239012800161188643e-02 -4.493564722667976463e-01 -3.171231675412167217e-01 -2.179196473835006698e-01 3.900243622293735335e-01 -4.191367372710000927e-01 -2.179196473835006698e-01 3.900243622293735335e-01 -4.191367372710000927e-01 -4.717466002684095328e-01 6.039799049939904574e-01 -1.322333047255809246e-01
-4.022126560220826708e-01 -7.504891173790706471e-02 -2.381349190110866321e-01 2.168613424269492107e-01 1.965502543215291720e-02 -4.749767203972787843e-01 2.168613424269492107e-01 1.965502543215291720e-02 -4.749767203972787843e-01 3.271637442841756060e-01 -4.902497515573551734e-01 1.630860072731795674e-01
-4.963933604223313978e-03 -2.341031266712055858e-01 3.640665520741481753e-02 -4.848955588227590319e-01 1.789086500146580549e-01 -9.373965047769616810e-02 -4.848955588227590319e-01 1.789086500146580549e-01 -9.373965047769616810e-02 -2.291391930669822719e-01 4.996489749456026752e-01 -2.705097818786204034e-01
4.751396811571156897e-01 2.085488297493478527e-01 5.248407237597663144e-02 8.556586273617761140e-02 3.818393525361639673e-01 2.948885720472732563e-01 8.556586273617761140e-02 3.818393525361639673e-01 2.948885720472732563e-01 -2.665908514077678371e-01 1.105260940343966158e-01 1.560647573733712212e-01
3.849587041043367464e-02 3.637124033444644189e-01 4.815943038036804014e-01 -4.309097618212491820e-01 3.948876306380477708e-02 2.833033611279697217e-01 -4.309097618212491820e-01 3.948876306380477708e-02 2.833033611279697217e-01 3.252165329340307443e-01 -2.073346324748147618e-01 -1.178819004592159825e-01
-2.164948768127408218e-01 4.600938805489981354e-01 -4.203115099728939041e-01 -2.603295503360936181e-01 -4.924956914361222626e-02 -4.201933635564758518e-04 -2.603295503360936181e-01 -4.924956914361222626e-02 -4.201933635564758518e-04 6.765887573617389572e-01 -1.556994147883631108e+00 8.804053905218920395e-01
-4.480431048675104222e-01 -2.696334082721394410e-01 4.117356737439875625e-01 -3.300423377636521050e-01 -5.226032095377508568e-02 5.891304088476023715e-02 -3.300423377636521050e-01 -5.226032095377508568e-02 5.891304088476023715e-02 1.784096965953709812e-01 5.029593854207560222e-01 -6.813690820161270034e-01
-4.522267873140641825e-01 4.934342682419106119e-01 -2.888650512301066398e-01 3.991306303763000329e-01 1.272235388293707636e-01 -2.436974905223564525e-01 3.991306303763000329e-01 1.272235388293707636e-01 -2.436974905223564525e-01 9.456610555559747944e-01 -1.727960375027992157e+00 7.822993194720172516e-01
-1.571247618739198826e-01 3.054016874005462956e-01 -2.719671668328614844e-01 4.664677634738620959e-01 -2.886224094626559378e-01 -3.427705045167894760e-02 4.664677634738620959e-01 -2.886224094626559378e-01 -3.427705045167894760e-02 4.625264492744661782e-01 -1.039895303507873958e+00 5.773688542334077800e-01
-1.105520959694633598e-01 3.366421520834030900e-01 -9.905194803921335556e-02 -1.954854498121679773e-01 4.215143105541382385e-01 1.138045061167682892e-01 -1.954854498121679773e-01 4.215143105541382385e-01 1.138045061167682892e-01 4.471942480528664499e-01 -8.828883481754828955e-01 4.356941001226164456e-01
-3.842859493906946033e-01 1.959177333746809913e-01 -4.783066675146169233e-01 2.458163553762419129e-01 -1.799341502429605555e-01 1.816604221413469222e-01 2.458163553762419129e-01 -1.799341502429605555e-01 1.816604221413469222e-01 5.802036827653755946e-01 -1.254428083654673509e+00 6.742244008892979146e-01
-4.787603818231689345e-02 -3.249132197072235329e-02 2.563464346552121187e-01 1.630647446925270749e-02 4.137031761510332473e-01 -3.529052685471005812e-01 1.630647446925270749e-02 4.137031761510332473e-01 -3.529052685471005812e-01 1.538471621159454017e-02 2.734530404143399318e-01 -2.888377566259344720e-01
9.363732940887214973e-02 -2.902769546469988748e-01 -3.985534142674219682e-01 -3.999257032615088914e-01 -3.086650387280593932e-01 -2.690700090770059560e-01 -3.999257032615088914e-01 -3.086650387280593932e-01 -2.690700090770059560e-01 -3.839142840558710246e-01 2.756378244354479312e-01 1.082764596204230934e-01
3.923374572552320583e-01 7.116123793873285752e-02 -4.362382070225350184e-01 -1.169373827977839841e-01 2.270370945515337580e-01 -4.410137186802309817e-02 -1.169373827977839841e-01 2.270370945515337580e-01 -4.410137186802309817e-02 -3.211762193164992008e-01 -1.862232256447686751e-01 5.073994449612678759e-01
2.987627112516094696e-01 -3.982440575212875533e-01 3.701054982564199181e-01 -2.175112029331470742e-01 -4.781950605422969902e-01 4.491989410664684046e-01 -2.175112029331470742e-01 -4.781950605422969902e-01 4.491989410664684046e-01 -6.970067687728970229e-01 1.465356324550604494e+00 -7.683495557777074714e-01
1.989011499859488774e-01 -1.892427599740021948e-01 -4.533738828681922461e-01 -1.689571620920871098e-04 2.677456365379156100e-01 1.015095286570226740e-01 -1.689571620920871098e-04 2.677456365379156100e-01 1.015095286570226740e-01 -3.881439099599510723e-01 1.240127870657610210e-01 2.641311228941900513e-01
1.444148962624405286e-01 -2.644406785358581757e-01 -4.627145253067966868e-01 -3.073497391288620983e-01 1.484651052823682260e-01 5.387030278887894319e-02 -3.073497391288620983e-01 1.484651052823682260e-01 5.387030278887894319e-02 -4.088555747982987043e-01 2.105817280273601932e-01 1.982738467709385111e-01
-3.543205666165660794e-01 1.997818560333475268e-02 -1.987926944836407861e-01 3.919458386998921906e-01 5.831567786451019586e-02 1.945674579446748931e-01 3.919458386998921906e-01 5.831567786451019586e-02 1.945674579446748931e-01 3.742987522199008321e-01 -5.930696323068763709e-01 2.187708800869755388e-01
-3.675260111832514553e-01 1.462720092557019402e-01 3.441217757745802519e-01 1.537639172712068625e-02 -4.843594357365098579e-01 3.063483063789941285e-01 1.537639172712068625e-02 -4.843594357365098579e-01 3.063483063789941285e-01 5.137980204389533956e-01 -3.159482539200750839e-01 -1.978497665188783117e-01
-3.939407819794413790e-01 -4.347615163048402787e-01 -4.399022200316742293e-01 3.386316975216097092e-01 -2.269941927728913456e-01 1.016301942876322029e-01 3.386316975216097092e-01 -2.269941927728913456e-01 1.016301942876322029e-01 -4.082073432539889968e-02 3.568003059856494907e-02 5.140703726833950604e-03
3.661990340843911396e-01 2.565502954746655684e-01 4.019304278461208746e-01 1.237081398223616180e-01 -7.519019598988285757e-02 -2.787656406844237766e-01 1.237081398223616180e-01 -7.519019598988285757e-02 -2.787656406844237766e-01 -1.096487386097255712e-01 2.550288709811808774e-01 -1.453801323714553062e-01
-4.840895887555601851e-01 3.875867114180028272e-01 -4.663802116030814071e-01 -1.930241133205101711e-01 2.181514544701927960e-01 -6.529409282638032330e-02 -1.930241133205101711e-01 2.181514544701927960e-01 -6.529409282638032330e-02 8.716763001735630123e-01 -1.725643223194647247e+00 8.539669230210842343e-01
-2.937141434993456590e-01 -1.612843100767311633e-01 -1.833506234530268841e-01 -8.720300825527194100e-02 -3.376935243928746999e-02 2.649098777834953955e-01 -8.720300825527194100e-02 -3.376935243928746999e-02 2.649098777834953955e-01 1.324298334226144958e-01 -1.544961467989102166e-01 2.206631337629572087e-02
3.402191556813095596e-01 -1.455214337764778598e-01 -4.199330467619940555e-01 4.174692658478806884e-03 -1.791644459862572480e-01 -2.335153185049398950e-01 4.174692658478806884e-03 -1.791644459862572480e-01 -2.335153185049398950e-01 -4.857405894577874195e-01 2.113289764722712238e-01 2.744116129855161956e-01
-3.224714025501929093e-02 1.533191091480492485e-01 4.162683518991026066e-01 4.373472775395838008e-01 -9.965469916320945920e-02 4.929557574207217296e-01 4.373472775395838008e-01 -9.965469916320945920e-02 4.929557574207217296e-01 1.855662494030685394e-01 7.738299334798481866e-02 -2.629492427510533581e-01
2.252718223897827166e-01 -1.182653917340883432e-01 4.755235598889095971e-01 -4.354762690381961399e-01 -3.044941330967971815e-01 -4.198429602969816488e-01 -4.354762690381961399e-01 -3.044941330967971815e-01 -4.198429602969816488e-01 -3.435372141238710597e-01 9.373261657468690000e-01 -5.937889516229979403e-01
1.862174762439660070e-01 2.792520919931823498e-01 3.256887430410855266e-01 2.817945399114032412e-01 -2.455992824167011479e-01 2.050219048994605942e-03 2.817945399114032412e-01 -2.455992824167011479e-01 2.050219048994605942e-03 9.303461574921634281e-02 -4.659796470131316593e-02 -4.643665104790317688e-02
1.564502865386020458e-01 -2.600669176428169749e-01 -3.453149588385355795e-01 -2.001898022630700380e-01 2.885501189618110418e-01 4.060977341778376770e-01 -2.001898022630700380e-01 2.885501189618110418e-01 4.060977341778376770e-01 -4.165172041814190207e-01 3.312691629857004161e-01 8.524804119571860461e-02
4.360246214061882508e-01 -3.576285755673477285e-01 1.419038858885909304e-01 -4.136482826211873576e-01 1.943079268628145062e-01 4.717716673451199938e-02 -4.136482826211873576e-01 1.943079268628145062e-01 4.717716673451199938e-02 -7.936531969735359793e-01 1.293185658429474749e+00 -4.995324614559386589e-01
-4.894200930616542378e-01 -1.677625737221797309e-01 9.379201114503155079e-02 -9.659215239696983257e-02 4.117357303216739872e-02 -1.541310586234108104e-01 -9.659215239696983257e-02 4.117357303216739872e-02 -1.541310586234108104e-01 3.216575193394745069e-01 -6.010293447226322527e-02 -2.615545848672112816e-01
2.605151199802830941e-01 1.821205804105755499e-01 -2.121037726339898288e-01 -1.175303414928152712e-01 -4.492416642345148370e-01 -4.294020142202945589e-01 -1.175303414928152712e-01 -4.492416642345148370e-01 -4.294020142202945589e-01 -7.839453956970754422e-02 -3.158298134748578345e-01 3.942243530445653787e-01
4.646173192524803985e-01 3.859029397238743497e-01 3.863370505721600567e-01 4.225639021633884607e-01 -3.082445216239447783e-01 1.866540641369818232e-01 4.225639021633884607e-01 -3.082445216239447783e-01 1.866540641369818232e-01 -7.871437952860604881e-02 7.914849037689175582e-02 -4.341108482857070072e-04
-3.900720234627880201e-01 5.348549232003851905e-02 -4.305998656079168541e-02 4.479783656821203497e-01 -2.445483486899391323e-01 -2.599095672252282885e-01 4.479783656821203497e-01 -2.445483486899391323e-01 -2.599095672252282885e-01 4.435575157828265391e-01 -5.401029946636567436e-01 9.654547888083020446e-02
3.939512634713341344e-01 -4.454782596361085423e-01 1.194470258617275071e-02 -1.476909147654839050e-01 -4.712015100624228348e-01 2.851821529136148170e-01 -1.476909147654839050e-01 -4.712015100624228348e-01 2.851821529136148170e-01 -8.394295231074426766e-01 1.296852485329723859e+00 -4.574229622222812930e-01
4.381348210283492195e-01 1.414092415349311738e-01 -2.616455119861432754e-01 4.313027283347337093e-01 -4.318619392288086667e-01 2.127666984926301907e-01 4.313027283347337093e-01 -4.318619392288086667e-01 2.127666984926301907e-01 -2.967255794934180457e-01 -1.063291740276564035e-01 4.030547535210744492e-01
-7.617006613344090571e-02 2.925212091289544070e-01 -4.650269441149736949e-01 -8.353910598903402374e-02 5.369665124795197642e-03 4.579625752604858935e-01 -8.353910598903402374e-02 5.369665124795197642e-03 4.579625752604858935e-01 3.686912752623953127e-01 -1.126239428506323303e+00 7.575481532439281018e-01
2.407350962614844825e-01 -2.011716719737783876e-01 3.499102518197905187e-02 3.932540847952764596e-01 -4.426466023025179553e-01 1.691611195823589098e-01 3.932540847952764596e-01 -4.426466023025179553e-01 1.691611195823589098e-01 -4.419067682352628701e-01 6.780694653910203096e-01 -2.361626971557574395e-01
-1.553409628712619783e-01 -4.079224484967889364e-01 -1.811282117215541332e-01 4.687008861600425735e-01 3.860562884287219720e-01 1.925910959404769640e-01 4.687008861600425735e-01 3.860562884287219720e-01 1.925910959404769640e-01 -2.525814856255269580e-01 4.793757224007617612e-01 -2.267942367752348032e-01
-3.507750493089132338e-01 -2.278762778006424572e-01 3.426360605488657507e-01 -1.300510338613548589e-01 1.342437175081800937e-01 -3.332723127905614646e-01 -1.300510338613548589e-01 1.342437175081800937e-01 -3.332723127905614646e-01 1.228987715082707766e-01 4.476135668412374313e-01 -5.705123383495082079e-01
2.610847442216859271e-01 -8.922534754803479462e-02 2.000057072109344691e-01 -4.274024774369381552e-01 -3.544446857489387259e-01 -2.675242750364484889e-01 -4.274024774369381552e-01 -3.544446857489387259e-01 -2.675242750364484889e-01 -3.503100917697207217e-01 6.395411465286899855e-01 -2.892310547589692638e-01
-4.529868349670997940e-01 -4.982921219577444161e-01 8.123183009874590521e-02 -3.979581811475307873e-02 1.225116133109092065e-01 1.103778506995132247e-01 -3.979581811475307873e-02 1.225116133109092065e-01 1.103778506995132247e-01 -4.530528699064462206e-02 6.248292390471349433e-01 -5.795239520564903213e-01
3.929770040899982497e-01 1.353641632890166813e-01 -4.705003084930493573e-01 4.190990955305372578e-01 3.459398809667890706e-01 4.990426227159194816e-02 4.190990955305372578e-01 3.459398809667890706e-01 4.990426227159194816e-02 -2.576128408009815685e-01 -3.482516309810844701e-01 6.058644717820660386e-01
9.826122757183086698e-02 2.297674226733177338e-01 -2.927507720721870266e-01 7.858936272046701532e-03 -3.193187785154804059e-01 -3.982898385130155816e-01 7.858936272046701532e-03 -3.193187785154804059e-01 -3.982898385130155816e-01 1.315061951014868669e-01 -6.540243898469916273e-01 5.225181947455047604e-01
-1.258423524472327415e-01 -3.290360939663394824e-02 -2.752765976991167207e-01 4.741462737732514698e-01 2.569396276546719315e-01 3.848874064561913499e-02 4.741462737732514698e-01 2.569396276546719315e-01 3.848874064561913499e-02 9.293874305059879326e-02 -3.353117313530815657e-01 2.423729883024827725e-01
1.120463659937898093e-03 -1.242772988834740522e-01 -3.556130483599149184e-01 2.304196764385136875e-01 2.363808755099012782e-01 -4.466774837955866939e-02 2.304196764385136875e-01 2.363808755099012782e-01 -4.466774837955866939e-02 -1.253977625434119503e-01 -1.059379869330289159e-01 2.313357494764408662e-01
-4.138575905203711880e-02 -2.460167027881458024e-01 1.798148892065596360e-01 -2.831051145510055100e-01 1.578862222564609841e-01 -3.000944908049407722e-01 -2.831051145510055100e-01 1.578862222564609841e-01 -3.000944908049407722e-01 -2.046309437361086836e-01 6.304625357308141220e-01 -4.258315919947054384e-01
3.037390361043754705e-01 4.811793521245372185e-01 -3.279781422402276991e-01 1.405614314496540507e-01 3.710213556756759568e-01 -1.336536513471021648e-01 1.405614314496540507e-01 3.710213556756759568e-01 -1.336536513471021648e-01 1.774403160201617480e-01 -9.865978103849266656e-01 8.091574943647649176e-01
-2.287871921078966642e-01 8.053127940622817338e-02 -2.206489777611633230e-01 6.860383883729381793e-02 -2.687778439221777393e-02 4.035926690298102804e-01 6.860383883729381793e-02 -2.687778439221777393e-02 4.035926690298102804e-01 3.093184715141248375e-01 -6.104987286815163339e-01 3.011802571673914963e-01
-4.593441905633142142e-01 3.377023980771687306e-01 -3.831748760146085342e-01 -2.236229220374286175e-01 1.537243261827782037e-01 5.969048949386845937e-02 -2.236229220374286175e-01 1.537243261827782037e-01 5.969048949386845937e-02 7.970465886404829448e-01 -1.517923862732260210e+00 7.208772740917772648e-01
-3.772405786927235383e-02 9.601828992602912116e-02 2.807486264851133395e-02 -3.651148413975962015e-01 -1.396151849888858099e-01 -2.933229039589341225e-01 -3.651148413975962015e-01 -1.396151849888858099e-01 -2.933229039589341225e-01 1.337423477953014750e-01 -2.016857750728192622e-01 6.794342727751778721e-02
3.023927037402467377e-01 -1.990816413642109151e-01 -1.446260437786622832e-01 -9.261519051610689335e-02 2.871975546049762018e-01 1.126663664927284314e-01 -9.261519051610689335e-02 2.871975546049762018e-01 1.126663664927284314e-01 -5.014743451044576528e-01 5.559299426900062846e-01 -5.445559758554863183e-02
-1.839528894921715896e-01 -5.387418925399511949e-03 1.733224452248174341e-01 -2.186181118213393892e-01 2.869384163573739377e-01 -2.506377922551907833e-01 -2.186181118213393892e-01 2.869384163573739377e-01 -2.506377922551907833e-01 1.785654705667720776e-01 1.443935834448684119e-04 -1.787098641502169460e-01
-4.007365369174319403e-01 3.948163694820768788e-01 -3.492829799603835994e-01 4.905512859718085261e-01 4.820515388206580987e-02 -1.671936934695803512e-01 4.905512859718085261e-01 4.820515388206580987e-02 -1.671936934695803512e-01 7.955529063995088190e-01 -1.539652255841969186e+00 7.440993494424604782e-01
