3.839364795611862613e-01 -1.652032683251327683e-01 3.874317067891731581e-01 1.523141641866796459e-01 -4.885680247108487029e-01 3.599291160337029227e-01 1.523141641866796459e-01 -4.885680247108487029e-01 3.599291160337029227e-01 -5.491397478863190296e-01 1.101774723000624956e+00 -5.526349751143059263e-01
3.546871629172299034e-02 3.310449656508918093e-01 -4.845601733156822410e-01 3.976235506641399020e-01 -3.764558314604441458e-01 1.041825200757149350e-01 3.976235506641399020e-01 -3.764558314604441458e-01 1.041825200757149350e-01 2.955762493591688189e-01 -1.111181388325742869e+00 8.156051389665740503e-01
-1.158781508464306054e-01 1.957540009945254456e-01 -2.525566599531485767e-01 -9.282072758624904107e-02 -1.378112680230638709e-01 2.473242468798823035e-01 -9.282072758624904107e-02 -1.378112680230638709e-01 2.473242468798823035e-01 3.116321518409560509e-01 -7.599428127886300732e-01 4.483106609476740223e-01
4.135817315706745712e-01 -6.860643458284998442e-02 2.778764933399567871e-01 3.890654379691070863e-01 -2.480427788344552464e-01 -6.676234765445321351e-02 3.890654379691070863e-01 -2.480427788344552464e-01 -6.676234765445321351e-02 -4.821881661535245556e-01 8.286710940763313271e-01 -3.464829279228067715e-01
-4.385689213947050469e-01 2.302432097015200130e-01 -4.650305988748176800e-01 -2.570523473997441410e-01 -1.022697639544778436e-02 1.841087110821617578e-01 -2.570523473997441410e-01 -1.022697639544778436e-02 1.841087110821617578e-01 6.688121310962250599e-01 -1.364085939672562642e+00 6.952738085763376930e-01
3.382613207036928582e-01 1.727863614628689648e-01 -2.692281857091562980e-01 2.286090745762660026e-01 -1.296311447174848253e-01 1.679290719476770333e-01 2.286090745762660026e-01 -1.296311447174848253e-01 1.679290719476770333e-01 -1.654749592408238934e-01 -2.765395879312013694e-01 4.420145471720252628e-01
-3.697882105204051140e-01 -4.876391574288345687e-01 -4.380638539364434259e-02 -4.853594891489254604e-01 1.077087908293482554e-01 4.695045697792008532e-01 -4.853594891489254604e-01 1.077087908293482554e-01 4.695045697792008532e-01 -1.178509469084294548e-01 5.616837189436196809e-01 -4.438327720351902261e-01
-1.613208670106602849e-01 -7.967949208909674841e-02 -2.965611404034916854e-01 -2.776627675658801531e-01 2.355411722165401400e-02 -5.278292513189519752e-02 -2.776627675658801531e-01 2.355411722165401400e-02 -5.278292513189519752e-02 8.164137492156353648e-02 -2.985230232359584734e-01 2.168816483143949370e-01
-4.626779909886609143e-01 -1.012241221052786466e-01 2.414423543862344035e-01 -9.421764262795528921e-02 -3.443304326527375503e-01 -3.232690414407149992e-01 -9.421764262795528921e-02 -3.443304326527375503e-01 -3.232690414407149992e-01 3.614538688833822677e-01 -1.878739239186921761e-02 -3.426664764915130501e-01
-4.229145955839613835e-01 -3.433246245580994227e-01 4.007817202363154196e-01 3.950982415656691948e-01 5.150428930783357284e-02 -2.543296649999617909e-01 3.950982415656691948e-01 5.150428930783357284e-02 -2.543296649999617909e-01 7.958997102586196082e-02 6.645163737685528815e-01 -7.441063447944148423e-01
-3.210971914289095785e-01 1.618106166295956161e-01 4.398082448548813472e-01 4.391186519981108427e-01 -4.081692332387414357e-01 -2.917982132380677607e-01 4.391186519981108427e-01 -4.081692332387414357e-01 -2.917982132380677607e-01 4.829078080585051946e-01 -2.049101798332194635e-01 -2.779976282252857311e-01
3.446188611438505411e-01 1.883385645969569699e-01 9.709228507748091097e-02 2.206798542099079885e-01 -3.374062443924865651e-01 -1.443360445323602637e-01 2.206798542099079885e-01 -3.374062443924865651e-01 -1.443360445323602637e-01 -1.562802965468935712e-01 6.503401702741751222e-02 9.124627951947605897e-02
-2.002701275754371624e-01 -1.646154901526165615e-01 -1.951148847932954178e-01 -3.719836042601987192e-01 1.652986090208484748e-01 9.819801441894238092e-02 -3.719836042601987192e-01 1.652986090208484748e-01 9.819801441894238092e-02 3.565463742282060089e-02 -6.615403206349945719e-02 3.049939464067885631e-02
-7.154926103210357269e-02 -1.507044067025590239e-01 -4.134273914743166189e-01 -7.542974483650488615e-03 -1.724261139528125986e-01 -1.930803547429439382e-01 -7.542974483650488615e-03 -1.724261139528125986e-01 -1.930803547429439382e-01 -7.915514567045545125e-02 -1.835678391013021438e-01 2.627229847717575950e-01
3.008518097836160310e-01 4.215931319496566410e-01 -3.358650182032664189e-01 2.896372482373390511e-01 1.049075027323884690e-01 -1.237157445675489686e-01 2.896372482373390511e-01 1.049075027323884690e-01 -1.237157445675489686e-01 1.207413221660406100e-01 -8.781994723189636698e-01 7.574581501529230598e-01
-1.945400816571817293e-01 -6.287680873226819678e-02 3.935303744569458306e-01 2.962208749664478891e-01 -9.776536226551968412e-02 2.164620736940727763e-01 2.962208749664478891e-01 -9.776536226551968412e-02 2.164620736940727763e-01 1.316632729249135325e-01 3.247439102643004949e-01 -4.564071831892140274e-01
-2.486775258494944296e-02 2.173399513633041957e-01 2.720447795645533073e-01 1.191954561476946672e-01 5.784487890331357907e-02 -7.166794968199385885e-02 1.191954561476946672e-01 5.784487890331357907e-02 -7.166794968199385885e-02 2.422077039482536387e-01 -1.875028757470045271e-01 -5.470482820124911161e-02
-2.118544190061888433e-01 -2.069911988605841469e-01 3.372160065318320354e-01 -1.742675958194236374e-01 4.682057600317294233e-01 2.400249334622996944e-01 -1.742675958194236374e-01 4.682057600317294233e-01 2.400249334622996944e-01 4.863220145604696398e-03 5.393439852468114859e-01 -5.442072053924161823e-01
-3.534843206831983498e-01 -2.295868232418520893e-01 -3.738335076504486487e-01 6.532465844266932553e-02 3.345456521122402993e-02 8.522782351539448520e-02 6.532465844266932553e-02 3.345456521122402993e-02 8.522782351539448520e-02 1.238974974413462604e-01 -2.681441818499428198e-01 1.442466844085965594e-01
-4.433717971618937881e-01 -6.434501713562457148e-02 -1.294648769241373287e-01 4.429686133491812505e-01 2.996140521713149818e-01 1.774072121644411082e-01 4.429686133491812505e-01 2.996140521713149818e-01 1.774072121644411082e-01 3.790267800262692166e-01 -4.441466398147819739e-01 6.511985978851275725e-02
-4.203869098440358165e-01 2.544924749082647653e-01 -3.005179113627770571e-01 3.806846571664885825e-01 1.928692593534545585e-01 -3.840296351103790196e-01 3.806846571664885825e-01 1.928692593534545585e-01 -3.840296351103790196e-01 6.748793847523005818e-01 -1.229889771023342515e+00 5.550103862710418223e-01
-4.617278010978043135e-01 -6.576198794385190727e-02 -5.653440373139217989e-02 -3.818681696065584497e-02 3.992733506518391096e-01 4.288278822745803520e-01 -3.818681696065584497e-02 3.992733506518391096e-01 4.288278822745803520e-01 3.959658131539524062e-01 -3.867382289414926788e-01 -9.227584212459727375e-03
-2.365968350432424705e-01 8.632098201641036361e-02 1.941147567856915668e-02 1.161174452132239798e-01 -3.285539794456376894e-01 -4.729833367410241074e-01 1.161174452132239798e-01 -3.285539794456376894e-01 -4.729833367410241074e-01 3.229178170596528341e-01 -3.898273233974940410e-01 6.690950633784120694e-02
1.713723299573634007e-01 1.049224057992506065e-01 1.494647210287537442e-01 1.144858430855616449e-01 -2.107898076907233076e-02 6.752712255227155680e-02 1.144858430855616449e-01 -2.107898076907233076e-02 6.752712255227155680e-02 -6.644992415811279418e-02 1.109922393876159319e-01 -4.454231522950313771e-02
-3.514665486435414321e-01 -1.330529578944780189e-01 -3.002612820232664070e-01 -2.613942426039742584e-01 1.191225604535967042e-01 2.093501302421777455e-01 -2.613942426039742584e-01 1.191225604535967042e-01 2.093501302421777455e-01 2.184135907490634132e-01 -3.856219148778518013e-01 1.672083241287883881e-01
-1.051417035841261116e-01 -1.560067060419434437e-01 -1.220155397874889136e-02 5.847091016151440002e-02 3.062815238930421957e-01 -4.698118012359628892e-01 5.847091016151440002e-02 3.062815238930421957e-01 -4.698118012359628892e-01 -5.086500245781733209e-02 1.946701545210118844e-01 -1.438051520631945523e-01
-4.319027264620499684e-01 -1.967209627141381922e-01 -3.883556585998336752e-01 -2.265960695757672783e-01 -2.508924510588129708e-01 -4.468147780772315780e-01 -2.265960695757672783e-01 -2.508924510588129708e-01 -4.468147780772315780e-01 2.351817637479117762e-01 -4.268164596336072591e-01 1.916346958856954830e-01
-6.074564940172466621e-02 -1.769265833467241755e-01 2.256905381163948343e-01 -3.876605229674441322e-01 -2.880496896578907950e-01 1.610043144663012571e-01 -3.876605229674441322e-01 -2.880496896578907950e-01 1.610043144663012571e-01 -1.161809339449995093e-01 5.187980554081185192e-01 -4.026171214631190098e-01
-3.704232228567398977e-01 -2.382859493912529159e-01 -3.228385497873124121e-01 -1.851948393317373043e-01 -4.516168042638808444e-01 -4.076794034700972347e-01 -1.851948393317373043e-01 -4.516168042638808444e-01 -4.076794034700972347e-01 1.321372734654869818e-01 -2.166898738615464781e-01 8.455260039605949629e-02
1.519948484061099947e-01 -2.474066507366029510e-01 -1.261415973034242244e-01 -4.144062479202498261e-01 -2.275412012153121832e-02 1.885539349542345589e-01 -4.144062479202498261e-01 -2.275412012153121832e-02 1.885539349542345589e-01 -3.994014991427129457e-01 5.206665525758916724e-01 -1.212650534331787266e-01
2.164715239363412813e-02 -9.821814752551105698e-02 4.213117917011138802e-01 -2.364796911579646332e-01 3.221844266795410583e-01 3.913423748283714199e-01 -2.364796911579646332e-01 3.221844266795410583e-01 3.913423748283714199e-01 -1.198652999191451851e-01 6.393952391457701223e-01 -5.195299392266249372e-01
-4.802675404933793857e-01 -2.963531691484625474e-01 -6.415183360286536018e-02 -2.574267711309830009e-01 3.881881465906312778e-01 -3.101569732437969851e-01 -2.574267711309830009e-01 3.881881465906312778e-01 -3.101569732437969851e-01 1.839143713449168382e-01 4.828696420068034900e-02 -2.322013355455971872e-01
-4.095406507290926257e-01 2.425907409447407570e-01 -8.504683580168748147e-02 -1.926528542415744116e-01 -1.764741446011995896e-01 4.322781059213611776e-01 -1.926528542415744116e-01 -1.764741446011995896e-01 4.322781059213611776e-01 6.521313916738333827e-01 -9.797689684202616212e-01 3.276375767464282385e-01
-2.732266567299908022e-01 2.535208725100520644e-01 1.984950070919353493e-01 1.387252873419664301e-01 -3.359313429093297998e-01 3.223886038626504469e-01 1.387252873419664301e-01 -3.359313429093297998e-01 3.223886038626504469e-01 5.267475292400428666e-01 -5.817733946581595816e-01 5.502586541811671506e-02
1.031629758620348225e-01 4.182962973982040644e-01 2.551776076189715692e-01 1.248893174890445268e-01 -4.561313628047147795e-01 -1.115420602962462482e-01 1.248893174890445268e-01 -4.561313628047147795e-01 -1.115420602962462482e-01 3.151333215361692419e-01 -4.782520113154017372e-01 1.631186897792324952e-01
2.620668019798758630e-01 2.389258786108156007e-01 1.973871937721349834e-01 7.629131321140736333e-04 1.028312578053053317e-01 -3.536605826382731577e-01 7.629131321140736333e-04 1.028312578053053317e-01 -3.536605826382731577e-01 -2.314092336906026226e-02 -1.839776146962035508e-02 4.153868483868061734e-02
6.155736027636893315e-02 -3.417631999397661158e-01 4.184948237804728688e-01 1.857196144351199729e-01 -4.652604875710315557e-01 -7.408602648141138225e-02 1.857196144351199729e-01 -4.652604875710315557e-01 -7.408602648141138225e-02 -4.033205602161350489e-01 1.163578583936374145e+00 -7.602580237202389846e-01
4.253568728677767918e-01 -1.725721571933582776e-01 -4.646998066652715531e-01 -4.830250461958018882e-01 -4.360446965005660980e-01 -4.429437424255942002e-01 -4.830250461958018882e-01 -4.360446965005660980e-01 -4.429437424255942002e-01 -5.979290300611350695e-01 3.058013805892217940e-01 2.921276494719132755e-01
4.285193564036171576e-01 1.227455940690618252e-01 2.870005431727254974e-01 -6.299282518021243060e-02 -2.528083917269108305e-03 -4.438239208119014734e-01 -6.299282518021243060e-02 -2.528083917269108305e-03 -4.438239208119014734e-01 -3.057737623345553324e-01 4.700287114382190046e-01 -1.642549491036636722e-01
-1.492987697409575709e-03 -2.131093016622922498e-01 -1.352020476460628062e-01 -3.640327229252365848e-01 -2.701093371982175029e-01 2.063031663342812516e-01 -3.640327229252365848e-01 -2.701093371982175029e-01 2.063031663342812516e-01 -2.116163139648826741e-01 2.895235679811121177e-01 -7.790725401622944357e-02
2.732116217522615464e-01 -3.944524562575858484e-01 -4.380976958499674945e-01 -3.134728710921292905e-01 -7.084645449926185723e-02 1.637730448447247689e-01 -3.134728710921292905e-01 -7.084645449926185723e-02 1.637730448447247689e-01 -6.676640780098473948e-01 6.240188384174657488e-01 4.364523959238164608e-02
-3.269502765233963659e-01 -3.868319608233288243e-01 2.421369392527716879e-02 -3.262883568027256098e-01 1.840105690309021824e-01 -4.327905455624994069e-01 -3.262883568027256098e-01 1.840105690309021824e-01 -4.327905455624994069e-01 -5.988168429993245834e-02 4.709273390485384514e-01 -4.110456547486059931e-01
-4.027275058601198499e-01 -4.936525239988892588e-01 -2.965918020684159551e-01 -2.984695406989529287e-01 -1.850887340651620194e-01 -1.949852870468006261e-01 -2.984695406989529287e-01 -1.850887340651620194e-01 -1.949852870468006261e-01 -9.092501813876940897e-02 2.879857400692427127e-01 -1.970607219304733038e-01
3.455794880181506379e-02 -2.725610860481718634e-01 -5.461253457553449930e-02 9.520260032121785621e-02 -3.918177445145404336e-01 4.301977490627384437e-02 9.520260032121785621e-02 -3.918177445145404336e-01 4.301977490627384437e-02 -3.071190348499869271e-01 5.250675863226242912e-01 -2.179485514726373641e-01
3.098916654001786508e-01 -4.197056249446725618e-01 -3.987211541497467371e-01 7.458115551199351323e-03 -4.311974620923940682e-01 6.878984342431271326e-02 7.458115551199351323e-03 -4.311974620923940682e-01 6.878984342431271326e-02 -7.295972903448512126e-01 7.505817611397770373e-01 -2.098447079492582468e-02
-1.597910971317417772e-02 -1.409382867494211045e-01 -1.949754246883246278e-01 -1.852762435113721740e-01 -4.874799907499329787e-01 -4.956277764616247028e-01 -1.852762435113721740e-01 -4.874799907499329787e-01 -4.956277764616247028e-01 -1.249591770362469267e-01 7.092203909734340339e-02 5.403713793890352335e-02
-4.128716430674878035e-01 -2.830361785860369128e-02 1.424149581009345189e-01 3.430025598280412868e-01 -4.224005017429055542e-01 2.688806079536096849e-01 3.430025598280412868e-01 -4.224005017429055542e-01 2.688806079536096849e-01 3.845680252088841122e-01 -2.138494492493459020e-01 -1.707185759595382102e-01
3.783243385397405678e-02 2.349374715928854718e-01 -1.557613704860700832e-01 1.973326180719765510e-01 -3.021480407168481985e-01 -3.899145454320556148e-01 1.973326180719765510e-01 -3.021480407168481985e-01 -3.899145454320556148e-01 1.971050377389114150e-01 -5.878038798178669699e-01 3.906988420789555549e-01
-1.428182413654637273e-01 1.340637531228464630e-01 -1.544325252980158769e-01 -7.596245957705982654e-02 -1.316162827278176684e-01 5.557467219508238632e-02 -7.596245957705982654e-02 -1.316162827278176684e-01 5.557467219508238632e-02 2.768819944883101902e-01 -5.653782729091725301e-01 2.884962784208623399e-01
-1.159692318842675540e-01 -2.638358395737233630e-01 -3.594641372848003114e-01 -5.437847650235427821e-02 -4.162920432069249221e-01 -7.513458434416508958e-02 -5.437847650235427821e-02 -4.162920432069249221e-01 -7.513458434416508958e-02 -1.478666076894558090e-01 5.223830997837886070e-02 9.562829771107694832e-02
-4.746002179498939322e-01 2.784921702787021003e-01 -3.444231938727378983e-01 -1.254895408514339339e-01 3.255883918190782822e-02 4.727036930322255914e-01 -1.254895408514339339e-01 3.255883918190782822e-02 4.727036930322255914e-01 7.530923882285960325e-01 -1.376007752380036031e+00 6.229153641514399986e-01
4.753927171733327572e-01 -7.080401788555545917e-02 1.430731579879294113e-01 4.389957485929885106e-02 2.742451562791468067e-01 -1.766552431081463981e-01 4.389957485929885106e-02 2.742451562791468067e-01 -1.766552431081463981e-01 -5.461967350588882164e-01 7.600739109323730869e-01 -2.138771758734848705e-01
-4.865414415002422555e-01 -2.540679320453828050e-01 3.194116782188659576e-01 4.739710964682842809e-01 -4.669874398206871335e-01 -1.303463574543531900e-01 4.739710964682842809e-01 -4.669874398206871335e-01 -1.303463574543531900e-01 2.324735094548594505e-01 3.410061008093893120e-01 -5.734796102642487625e-01
1.450721264682418576e-01 -4.408956572026290210e-02 -5.226477261274775632e-02 1.312223198556238257e-01 2.081655367485341079e-01 3.223308715772088551e-02 1.312223198556238257e-01 2.081655367485341079e-01 3.223308715772088551e-02 -1.891616921885047597e-01 1.809864852960199055e-01 8.175206892484854215e-03
-2.752033544691523392e-01 3.430448852638385837e-01 -1.369159360577295592e-01 -4.920781571739234472e-01 1.759443868314285453e-01 7.385263984250234337e-02 -4.920781571739234472e-01 1.759443868314285453e-01 7.385263984250234337e-02 6.182482397329909229e-01 -1.098209061054558955e+00 4.799608213215681429e-01
4.356700019956495362e-01 4.276189989088249321e-01 -4.022244177846692192e-01 8.693040039796784413e-02 -9.113162521925666226e-02 1.397085386325646050e-01 8.693040039796784413e-02 -9.113162521925666226e-02 1.397085386325646050e-01 -8.051003086824604082e-03 -8.217924136066695473e-01 8.298434166934941514e-01
5.080606404094878403e-02 2.624420374753139162e-01 -2.692723315458065425e-01 1.742259418398226511e-01 -5.535955463649910868e-02 -3.944742498714759460e-02 1.742259418398226511e-01 -5.535955463649910868e-02 -3.944742498714759460e-02 2.116359734343651322e-01 -7.433503424554855910e-01 5.317143690211204587e-01
2.572860403156147502e-01 4.528947275526200578e-01 1.878678821273960242e-02 -3.692637456871968871e-01 -2.193415248184893418e-02 1.719214095348274851e-01 -3.692637456871968871e-01 -2.193415248184893418e-02 1.719214095348274851e-01 1.956086872370053076e-01 -6.297166265768857629e-01 4.341079393398804553e-01
3.869550884686103753e-01 2.586254830391490067e-01 2.853055020747373716e-01 -4.024236862230421430e-01 4.222001630431736485e-01 2.835821813620320597e-01 -4.024236862230421430e-01 4.222001630431736485e-01 2.835821813620320597e-01 -1.283296054294613686e-01 1.550096244650497335e-01 -2.668001903558836485e-02
-3.222112513829020752e-01 -1.199985854705705179e-01 -3.056881723240306714e-01 2.400704411540499628e-02 1.100133634995553722e-01 -2.985536483399714447e-01 2.400704411540499628e-02 1.100133634995553722e-01 -2.985536483399714447e-01 2.022126659123315573e-01 -3.879022527657917108e-01 1.856895868534601535e-01
-3.776640788849949804e-01 -2.636431644712302624e-01 -3.657133752698649154e-01 -3.171682902179598917e-01 6.757416224910040015e-02 -2.858848773198958693e-01 -3.171682902179598917e-01 6.757416224910040015e-02 -2.858848773198958693e-01 1.140209144137647179e-01 -2.160911252123993709e-01 1.020702107986346530e-01
-2.081239318293668372e-01 -4.948436519660829314e-01 2.242640192833866841e-02 -8.955052340977154302e-03 -3.866108271976724797e-01 -1.001835902257082189e-01 -8.955052340977154302e-03 -3.866108271976724797e-01 -1.001835902257082189e-01 -2.867197201367160941e-01 8.039897740311376939e-01 -5.172700538944215998e-01
-1.829984376942118685e-01 -1.776492217245555505e-01 3.825217634984356962e-01 4.027305112832352263e-01 -2.749470819832732227e-01 4.643561614463472820e-01 4.027305112832352263e-01 -2.749470819832732227e-01 4.643561614463472820e-01 5.349215969656317959e-03 5.548217692533349288e-01 -5.601709852229912467e-01
2.932732330276140997e-01 3.735848104416324977e-01 2.821202495865915427e-01 3.097198904724006718e-01 2.708275698486842797e-01 -1.778106077124914641e-01 3.097198904724006718e-01 2.708275698486842797e-01 -1.778106077124914641e-01 8.031157741401839800e-02 -1.717761382690593530e-01 9.146456085504095501e-02
3.710049752440003346e-01 3.552415488703948299e-01 -1.985137132223040446e-01 -3.290866142975134023e-01 3.913657098249219146e-01 -2.915062785919327881e-01 -3.290866142975134023e-01 3.913657098249219146e-01 -2.915062785919327881e-01 -1.576342637360550469e-02 -5.379918357190933698e-01 5.537552620926988745e-01
2.327952687965220147e-01 -4.848984194111987112e-01 -1.697187990648179046e-01 1.950132051848409986e-01 -3.191031109111595043e-01 -3.297447058858804514e-02 1.950132051848409986e-01 -3.191031109111595043e-01 -3.297447058858804514e-02 -7.176936882077207258e-01 1.032873308554101532e+00 -3.151796203463808066e-01
-2.277919909206560511e-02 -3.126799323480662363e-01 -2.442909955878376227e-01 -8.733970238918398188e-02 -2.335652564258611230e-01 4.376179159159186982e-01 -8.733970238918398188e-02 -2.335652564258611230e-01 4.376179159159186982e-01 -2.899007332560006311e-01 3.582896700162292447e-01 -6.838893676022861357e-02
3.814751713995845339e-02 -1.247901782870203258e-01 -4.752240261168216851e-01 -8.845398690679739939e-02 4.965301162564809134e-01 6.174070969772393891e-02 -8.845398690679739939e-02 4.965301162564809134e-01 6.174070969772393891e-02 -1.629376954269787792e-01 -1.874961524028225801e-01 3.504338478298013593e-01
-1.346350287858841810e-01 -1.900423606953119959e-01 -4.697018144217608437e-01 -1.975966526635453135e-02 3.964823991250795432e-01 -2.931229656976231945e-01 -1.975966526635453135e-02 3.964823991250795432e-01 -2.931229656976231945e-01 -5.540733190942781494e-02 -2.242521218170210329e-01 2.796594537264488478e-01
-3.698244593690875881e-01 -2.517087420662023067e-02 -2.521273788041966668e-02 4.388849921242716778e-01 -2.818424884319874479e-01 -5.686914532178266590e-02 4.388849921242716778e-01 -2.818424884319874479e-01 -5.686914532178266590e-02 3.446535851624673574e-01 -3.446954488362667934e-01 4.186367379943600753e-05
5.729540623639695074e-02 -1.775789481767128253e-01 -4.293673684447132377e-01 -3.538371403936203530e-01 -4.013548788989240723e-02 -2.811008273944058944e-01 -3.538371403936203530e-01 -4.013548788989240723e-02 -2.811008273944058944e-01 -2.348743544131097760e-01 -1.691406585489063641e-02 2.517884202680004124e-01
9.817350805647440115e-02 -1.812203171206189234e-01 -2.708052068294216630e-01 9.562963855814665681e-02 -3.139038568982092103e-01 -3.930623000606113804e-01 9.562963855814665681e-02 -3.139038568982092103e-01 -3.930623000606113804e-01 -2.793938251770933245e-01 1.898089354682905849e-01 8.958488970880273961e-02
-8.310159295062224949e-02 -4.742998525529217302e-01 2.371279609702856561e-01 -2.101254230394631328e-01 -1.078923746412940865e-01 -1.891740122757554765e-01 -2.101254230394631328e-01 -1.078923746412940865e-01 -1.891740122757554765e-01 -3.911982596022994807e-01 1.102626073125506867e+00 -7.114278135232073863e-01
-4.321446889130996505e-01 2.847495669454641609e-01 -2.235927366711366604e-01 -1.822235075012779149e-02 1.988063421253650764e-01 -3.286243116069813563e-01 -1.822235075012779149e-02 1.988063421253650764e-01 -3.286243116069813563e-01 7.168942558585638114e-01 -1.225236559475164633e+00 5.083423036166008213e-01
1.010389534045443849e-01 -1.526034948543859571e-01 3.552923824803051467e-01 1.171188866116343874e-01 -2.616708798680431602e-01 -2.738391173244792975e-01 1.171188866116343874e-01 -2.616708798680431602e-01 -2.738391173244792975e-01 -2.536424482589303420e-01 7.615383255936214457e-01 -5.078958773346911038e-01
-2.049241060940013570e-01 -4.036281217457526882e-02 2.771437499400726256e-01 -4.528408190904500419e-01 -7.612503644833956695e-02 3.635994405384707084e-01 -4.528408190904500419e-01 -7.612503644833956695e-02 3.635994405384707084e-01 1.645612939194260882e-01 1.529452681952218063e-01 -3.175065621146478945e-01
-3.535290407731849216e-01 6.784644753934199191e-02 -2.093957114158584432e-01 -3.625204198818777757e-01 4.131410212815682659e-01 -1.359225460227724280e-01 -3.625204198818777757e-01 4.131410212815682659e-01 -1.359225460227724280e-01 4.213754883125269135e-01 -6.986176472677273486e-01 2.772421589552004351e-01
7.600908054959387705e-03 -3.140852704470468160e-01 4.087828287867477650e-01 -2.454643998399690386e-01 -7.722028502923594662e-02 -3.029602815541627692e-01 -2.454643998399690386e-01 -7.722028502923594662e-02 -3.029602815541627692e-01 -3.216861785020062037e-01 1.044554277735800785e+00 -7.228680992337945810e-01
1.489051514456137815e-01 -8.503560003606225326e-02 1.661217360998751280e-01 7.987351774433948393e-02 1.257897297567101003e-02 1.453895264511246843e-01 7.987351774433948393e-02 1.257897297567101003e-02 1.453895264511246843e-01 -2.339407514816760347e-01 4.850980876176134160e-01 -2.511573361359373813e-01
-2.040962377791626370e-01 2.944176886703366858e-01 4.392662970818117518e-01 -4.897529594604861369e-01 -2.337997709769141785e-01 -1.386418020723700906e-03 -4.897529594604861369e-01 -2.337997709769141785e-01 -1.386418020723700906e-03 4.985139264494993228e-01 -3.536653180380242567e-01 -1.448486084114750660e-01
-4.629055867655921253e-01 4.834254714034866840e-01 -2.555779444580468240e-01 -4.545756444222917025e-01 1.313182507972159296e-01 1.315122184559165408e-01 -4.545756444222917025e-01 1.313182507972159296e-01 1.315122184559165408e-01 9.463310581690788093e-01 -1.685334474030612206e+00 7.390034158615335080e-01
-4.703450592022717647e-01 1.678644552728880690e-02 -1.188235315703473072e-01 -1.153261126322363550e-01 -1.210806917871551924e-01 1.215392324526697321e-01 -1.153261126322363550e-01 -1.210806917871551924e-01 1.215392324526697321e-01 4.871315047295605716e-01 -6.227414818271966856e-01 1.356099770976361141e-01
-8.669534443542969981e-02 -3.111870681636197400e-02 -3.616933574918678174e-01 3.065517314272989680e-01 3.900318040218458959e-01 4.167083322120062050e-01 3.065517314272989680e-01 3.900318040218458959e-01 4.167083322120062050e-01 5.557663761906772582e-02 -3.861512882945735692e-01 3.305746506755058434e-01
-4.101883609367744654e-01 -2.709086850739257368e-01 -8.827265724037802741e-03 1.809995305980963698e-01 3.462578093231610810e-01 -3.341492656092193148e-02 1.809995305980963698e-01 3.462578093231610810e-01 -3.341492656092193148e-02 1.392796758628487286e-01 1.228017434870392055e-01 -2.620814193498879341e-01
1.917746075764665825e-01 1.037500670232952560e-01 -7.773679483039130922e-02 -1.620178307575471655e-01 4.393222714706199739e-01 1.719622015807699134e-01 -1.620178307575471655e-01 4.393222714706199739e-01 1.719622015807699134e-01 -8.802454055317132653e-02 -9.346232130051523868e-02 1.814868618536865652e-01
-4.806525383821727004e-01 -2.199874804245706139e-01 -9.509236874814708251e-02 -2.547513761420534539e-01 -2.562871546315538263e-01 2.581019520922190891e-01 -2.547513761420534539e-01 -2.562871546315538263e-01 2.581019520922190891e-01 2.606650579576020865e-01 -1.357699462811785551e-01 -1.248951116764235314e-01
4.096625765865543611e-01 4.072852358789411653e-01 -2.960649006794902061e-02 4.786128712222403880e-02 -9.473595371775667129e-02 -2.430073151615697036e-01 4.786128712222403880e-02 -9.473595371775667129e-02 -2.430073151615697036e-01 -2.377340707613195825e-03 -4.345143852392769901e-01 4.368917259468901859e-01
-3.950425879783120431e-01 1.483460942903582769e-01 -1.095315673623046271e-01 -3.817923223149281009e-01 3.514574833633795636e-01 1.050102580016264442e-01 -3.817923223149281009e-01 3.514574833633795636e-01 1.050102580016264442e-01 5.433886822686703200e-01 -8.012663439213332239e-01 2.578776616526629040e-01
-4.130305910753824250e-01 2.954633498396201929e-01 1.019871405304179079e-01 4.908650804684167035e-02 2.826745264570875715e-01 4.102789477481356695e-01 4.908650804684167035e-02 2.826745264570875715e-01 4.102789477481356695e-01 7.084939409150026179e-01 -9.019701502242049029e-01 1.934762093092022850e-01
-3.153731619857345070e-01 -4.272889295133630583e-02 -9.542996966317462970e-02 -1.918448454903419753e-01 -2.904899626825530046e-01 -1.919859307973418305e-01 -1.918448454903419753e-01 -2.904899626825530046e-01 -1.919859307973418305e-01 2.726442690343982012e-01 -3.253453457462365250e-01 5.270107671183832387e-02
8.405587255526902890e-02 4.662299802235342350e-01 4.606632605497810173e-01 4.809946801858266952e-01 4.906331195105294585e-01 -4.906755480771567424e-01 4.809946801858266952e-01 4.906331195105294585e-01 -4.906755480771567424e-01 3.821741076682652061e-01 -3.877408273420184237e-01 5.566719673753217634e-03
1.014403761828062134e-01 5.860379642272928180e-02 4.164076040760915642e-01 -1.366112639105643289e-01 -4.420492091978994731e-01 3.078313982809485205e-01 -1.366112639105643289e-01 -4.420492091978994731e-01 3.078313982809485205e-01 -4.283657976007693158e-02 4.006403874134392140e-01 -3.578038076533622824e-01
4.385141972093374862e-01 2.463487173472967973e-01 -7.275533585702409489e-02 -1.202019723484883951e-01 -2.013158358958866412e-02 1.844896657829464548e-01 -1.202019723484883951e-01 -2.013158358958866412e-02 1.844896657829464548e-01 -1.921654798620406890e-01 -1.269385733422802032e-01 3.191040532043208922e-01
1.139351266644379468e-01 -2.947232565807842430e-01 1.427913578996599098e-01 3.193584675185170418e-01 6.263244124417144398e-03 2.040492850078104992e-01 3.193584675185170418e-01 6.263244124417144398e-03 2.040492850078104992e-01 -4.086583832452221898e-01 8.461729977256663426e-01 -4.375146144804441528e-01
-3.019371352403760200e-01 1.170445529774164495e-01 -2.859504924181638374e-01 -2.091519454740820017e-01 -1.578016158199081476e-01 -4.431746174979622754e-01 -2.091519454740820017e-01 -1.578016158199081476e-01 -4.431746174979622754e-01 4.189816882177924695e-01 -8.219767336133727564e-01 4.029950453955802869e-01
3.574739717330577271e-03 -1.313058390525966290e-01 1.937440457173739139e-01 -8.637308688793121636e-02 9.244044681491303539e-02 -4.966838844845519185e-01 -8.637308688793121636e-02 9.244044681491303539e-02 -4.966838844845519185e-01 -1.348805787699272063e-01 4.599304635398977492e-01 -3.250498847699705429e-01
4.533933461949365418e-01 -2.798540066193613285e-01 -2.139812260857738568e-01 3.283853636719709090e-01 -2.089904128641948411e-01 -3.207614331664114804e-01 3.283853636719709090e-01 -2.089904128641948411e-01 -3.207614331664114804e-01 -7.332473528142978703e-01 7.991201333478853419e-01 -6.587278053358747165e-02
1.517863717812155677e-01 2.793405687788637071e-01 3.646212553805456835e-01 -4.715194341254201893e-01 -3.374788234680975441e-01 -1.675209120801983698e-01 -4.715194341254201893e-01 -3.374788234680975441e-01 -1.675209120801983698e-01 1.275541969976481393e-01 -4.227351039596616289e-02 -8.528068660168197646e-02
-4.357489393051755533e-01 2.236336058193932885e-01 3.422061041098869438e-01 -5.618518842729502971e-02 2.133486577863955569e-01 4.844111620637968629e-01 -5.618518842729502971e-02 2.133486577863955569e-01 4.844111620637968629e-01 6.593825451245688418e-01 -5.408100468340751865e-01 -1.185724982904936553e-01
-9.653015951933396899e-02 7.637294534884619956e-02 -3.087189458061112557e-02 -1.410416243260916858e-01 -2.213978034837938980e-01 -8.042804803541425684e-02 -1.410416243260916858e-01 -2.213978034837938980e-01 -8.042804803541425684e-02 1.729031048681801686e-01 -2.801479447976374937e-01 1.072448399294573251e-01
-1.908948413209462514e-01 4.170551838682613477e-01 3.700015317200220366e-01 8.525088371766875728e-02 4.753819011692723695e-01 -3.518233376841812809e-01 8.525088371766875728e-02 4.753819011692723695e-01 -3.518233376841812809e-01 6.079500251892075990e-01 -6.550036773374469101e-01 4.705365214823931108e-02
-5.048522240132358174e-02 -2.551237724052979328e-02 -2.465893377194388059e-01 2.076454506549136880e-01 -4.308734622428986860e-01 -1.657699575433351225e-01 2.076454506549136880e-01 -4.308734622428986860e-01 -1.657699575433351225e-01 2.497284516079378847e-02 -2.460498056397028011e-01 2.210769604789090126e-01
-2.143597917678348175e-01 -8.786367170481068634e-02 2.707843100914993917e-01 4.911988496391824777e-01 2.799157348697228764e-01 2.033989582569563082e-01 4.911988496391824777e-01 2.799157348697228764e-01 2.033989582569563082e-01 1.264961200630241311e-01 2.321518617332859469e-01 -3.586479817963100780e-01
