-2.165121375677901971e-01 1.630267489986300111e-01 -5.902442542590791152e-02 -1.830009312493481310e-01 -1.214611502762992234e-01 9.305170874687263005e-02 -1.830009312493481310e-01 -1.214611502762992234e-01 9.305170874687263005e-02 3.795388865664202083e-01 -6.015900609909581309e-01 2.220511744245379226e-01
5.343283415435684525e-02 -3.662959157708709501e-01 3.094698280443157756e-01 4.114931909727104209e-02 -4.600350051008764707e-01 2.585076190104999005e-01 4.114931909727104209e-02 -4.600350051008764707e-01 2.585076190104999005e-01 -4.197287499252277954e-01 1.095494493740414521e+00 -6.757657438151867257e-01
3.957395310931173249e-01 -2.020568762593929479e-01 4.060644258822015962e-01 3.043170297646002886e-01 -3.078483550357613563e-02 4.651124627206137951e-02 3.043170297646002886e-01 -3.078483550357613563e-02 4.651124627206137951e-02 -5.977964073525102728e-01 1.205917709494104706e+00 -6.081213021415945441e-01
-3.374793151334807284e-01 1.208021958319266398e-01 3.466380663105522730e-01 -5.415298493040066052e-02 2.729193137382095458e-01 8.326417793898199804e-03 -5.415298493040066052e-02 2.729193137382095458e-01 8.326417793898199804e-03 4.582815109654073682e-01 -2.324456404867817350e-01 -2.258358704786256332e-01
4.870681297267698273e-02 -4.175394002321576314e-01 -2.917453898190460748e-01 -3.636740820003655505e-01 3.461134249679110875e-01 -1.912738668501984263e-01 -3.636740820003655505e-01 3.461134249679110875e-01 -1.912738668501984263e-01 -4.662462132048346142e-01 5.920402236179461708e-01 -1.257940104131115566e-01
-2.840505289802233158e-01 -5.629193544369670565e-02 4.927944775870328753e-01 1.543011150834918688e-01 4.456765082977987014e-02 -3.022361584033175230e-01 1.543011150834918688e-01 4.456765082977987014e-02 -3.022361584033175230e-01 2.277585935365266101e-01 3.213278194942029709e-01 -5.490864130307295810e-01
2.952045871766384444e-01 8.607154318571996754e-02 -3.695512693046645314e-01 8.145862418197824528e-02 -4.568925177601556031e-01 8.883810624506083276e-02 8.145862418197824528e-02 -4.568925177601556031e-01 8.883810624506083276e-02 -2.091330439909184769e-01 -2.464897684994660221e-01 4.556228124903844989e-01
-1.953135670516079614e-01 -4.506352665813426750e-01 -1.051561585284382927e-01 -4.388923964417643653e-01 -8.078320130887028938e-02 3.003450845712495321e-01 -4.388923964417643653e-01 -8.078320130887028938e-02 3.003450845712495321e-01 -2.553216995297347136e-01 6.008008075826390959e-01 -3.454791080529043823e-01
2.555294769028361168e-01 3.839354641184828942e-01 -2.516013388853205468e-01 2.372962459158926007e-01 -2.614930273970287322e-01 1.335657496155093771e-01 2.372962459158926007e-01 -2.614930273970287322e-01 1.335657496155093771e-01 1.284059872156467774e-01 -7.639427902194502185e-01 6.355368030038034410e-01
4.779524096569847114e-01 4.323904036222125935e-01 -3.502454238455208202e-01 -4.600256416647845459e-01 4.980494521170497624e-02 3.037450413369509050e-01 -4.600256416647845459e-01 4.980494521170497624e-02 3.037450413369509050e-01 -4.556200603477211786e-02 -7.370738214329612958e-01 7.826358274677334137e-01
-3.566676825286786423e-01 1.807863684161898910e-01 -3.218745082061417184e-01 3.549463148471531104e-01 1.045562961228968524e-01 3.659947717013608548e-01 3.549463148471531104e-01 1.045562961228968524e-01 3.659947717013608548e-01 5.374540509448685333e-01 -1.040114927567200143e+00 5.026608766223316094e-01
-2.722871032781640777e-01 4.119236770924034063e-01 2.402960625569504627e-01 -4.280738336335625505e-01 1.246825900536594478e-01 1.968170342215870283e-01 -4.280738336335625505e-01 1.246825900536594478e-01 1.968170342215870283e-01 6.842107803705674840e-01 -8.558383949060204277e-01 1.716276145354529437e-01
-1.490577394591185989e-02 -1.756070021915885349e-01 1.148018467681024557e-01 -3.995118197853969599e-01 4.408814893354734421e-01 -1.850158229851553982e-01 -3.995118197853969599e-01 4.408814893354734421e-01 -1.850158229851553982e-01 -1.607012282456766750e-01 4.511100772053676655e-01 -2.904088489596909906e-01
-1.408924751365085992e-01 -3.158342618317602213e-01 -4.247409948367560917e-01 1.616479314563720182e-01 -9.199159720319027844e-02 1.518984758070046626e-01 1.616479314563720182e-01 -9.199159720319027844e-02 1.518984758070046626e-01 -1.749417866952516221e-01 6.603505369025575167e-02 1.089067330049958704e-01
3.239611805032471814e-01 4.604254082569397832e-01 -4.264542386369962745e-02 -9.868903893582192666e-02 -1.682954993159329060e-01 6.986138147387588315e-02 -9.868903893582192666e-02 -1.682954993159329060e-01 6.986138147387588315e-02 1.364642277536926018e-01 -6.395350598743320125e-01 5.030708321206394107e-01
-2.573245778156618702e-01 -9.802924867929463382e-02 1.177535273781936676e-01 3.782652867653868434e-02 4.789113834654195045e-01 3.584957330296658640e-01 3.782652867653868434e-02 4.789113834654195045e-01 3.584957330296658640e-01 1.592953291363672363e-01 5.648744692112106502e-02 -2.157827760574883014e-01
2.263194984280372246e-01 -2.322328174899096487e-01 -3.757698043881673167e-01 -4.548984752844464907e-01 3.217833905950767681e-01 -2.203486225554111000e-01 -4.548984752844464907e-01 3.217833905950767681e-01 -2.203486225554111000e-01 -4.585523159179468733e-01 3.150153290196892053e-01 1.435369868982576680e-01
-1.084982414102894088e-01 -1.221592961115974818e-01 1.705662711597015768e-01 4.908857866718063789e-02 -2.047738528490221643e-01 -3.039553061019679703e-01 4.908857866718063789e-02 -2.047738528490221643e-01 -3.039553061019679703e-01 -1.366105470130807298e-02 3.063866219726071316e-01 -2.927255672712990586e-01
4.375950079397890047e-01 3.566285196172566119e-01 -1.608620238601231600e-01 4.511110024910935934e-02 -2.204961612421532102e-01 -1.094086250433899954e-01 4.511110024910935934e-02 -2.204961612421532102e-01 -1.094086250433899954e-01 -8.096648832253239281e-02 -4.365240551548473791e-01 5.174905434773797719e-01
1.748099347392726433e-01 -4.329039486530651404e-01 2.705606819483360459e-01 4.256054814078457094e-01 -3.382312174214487932e-01 -4.005453945738221000e-01 4.256054814078457094e-01 -3.382312174214487932e-01 -4.005453945738221000e-01 -6.077138833923377836e-01 1.311178513993739081e+00 -7.034646306014011863e-01
-4.384710691700607343e-01 3.032045170685091495e-01 -3.999106057281203164e-01 -2.860386475157727926e-02 7.707537529035479729e-02 -3.933405743481499517e-01 -2.860386475157727926e-02 7.707537529035479729e-02 -3.933405743481499517e-01 7.416755862385698839e-01 -1.444790709035199239e+00 7.031151227966294659e-01
1.162353660118573551e-01 -3.106086192985294536e-01 3.799462852613879615e-01 3.753692769007358487e-01 4.155307910627854540e-01 -3.468854712646798344e-01 3.753692769007358487e-01 4.155307910627854540e-01 -3.468854712646798344e-01 -4.268439853103868087e-01 1.117398889870304224e+00 -6.905549045599174152e-01
1.759965874682477560e-01 2.326242136762003421e-01 -3.479811107872887721e-01 4.815807858492934246e-01 3.291051504519263426e-01 -3.821058590414145861e-01 4.815807858492934246e-01 3.291051504519263426e-01 -3.821058590414145861e-01 5.662762620795258606e-02 -6.372329506714417002e-01 5.806053244634891142e-01
-4.105050086048911417e-01 1.192721197973979352e-01 -1.494503676416903959e-01 -2.911362110399136061e-01 3.809459186399061226e-01 -3.209066665844222399e-01 -2.911362110399136061e-01 3.809459186399061226e-01 -3.209066665844222399e-01 5.297771284022890770e-01 -7.984996158413774081e-01 2.687224874390883311e-01
2.271520787467092850e-01 4.274398118743478747e-01 5.556505878974637991e-02 -2.978887407941291920e-01 1.845775113557887037e-01 3.042106456077198207e-01 -2.978887407941291920e-01 1.845775113557887037e-01 3.042106456077198207e-01 2.002877331276385897e-01 -5.721624862122400845e-01 3.718747530846014948e-01
-6.461342202431386017e-02 -2.186969133043129565e-01 -4.092637700920570554e-01 1.328473378888825884e-01 3.496559681792734686e-01 3.301281283550028256e-02 1.328473378888825884e-01 3.496559681792734686e-01 3.301281283550028256e-02 -1.540834912799990963e-01 -3.648336550774500253e-02 1.905668567877440989e-01
2.849367034311310887e-01 3.227854123431951328e-01 9.569577351910318885e-02 5.351024087086175829e-02 -3.032494897324813365e-01 3.789903972692036938e-01 5.351024087086175829e-02 -3.032494897324813365e-01 3.789903972692036938e-01 3.784870891206404409e-02 -2.649383477361559880e-01 2.270896388240919439e-01
-3.427653169343864992e-01 -2.845924673535095151e-01 4.723155606875518719e-01 -2.266085083293678526e-01 -3.321607143010385510e-01 4.617657489903775891e-01 -2.266085083293678526e-01 -3.321607143010385510e-01 4.617657489903775891e-01 5.817284958087698410e-02 6.987351784601844029e-01 -7.569080280410613870e-01
4.831617877902014691e-01 4.594136529634330612e-01 -4.051573348278693087e-01 3.697705954873171663e-01 3.692904151587663719e-01 1.109333659221638513e-01 3.697705954873171663e-01 3.692904151587663719e-01 1.109333659221638513e-01 -2.374813482676840781e-02 -8.408228529645339622e-01 8.645709877913023700e-01
2.380328309576353885e-01 3.450888640749999459e-01 -2.014742620732534739e-01 1.149993166675622458e-01 -7.116486959508616650e-04 4.213078723674678061e-01 1.149993166675622458e-01 -7.116486959508616650e-04 4.213078723674678061e-01 1.070560331173645574e-01 -6.536191592656179772e-01 5.465631261482534198e-01
1.723836759128136720e-01 2.231491600710839851e-01 -1.968044926600276412e-01 9.348835266860833215e-02 3.354571246027499010e-01 2.593560427305834359e-01 9.348835266860833215e-02 3.354571246027499010e-01 2.593560427305834359e-01 5.076548415827031313e-02 -4.707191368893819394e-01 4.199536527311116263e-01
-1.263433810462455398e-02 1.554340203490020000e-01 4.335008799703194970e-01 -2.266039065353513404e-01 -4.777596072171486075e-02 -1.417155763088027154e-01 -2.266039065353513404e-01 -4.777596072171486075e-02 -1.417155763088027154e-01 1.680683584536265540e-01 1.099985011676909430e-01 -2.780668596213174970e-01
-1.220059586711108590e-01 -1.211189714313631871e-02 -3.759443383020143470e-01 2.519082762246278584e-01 -1.488612593672818951e-01 -8.452235260746898682e-02 2.519082762246278584e-01 -1.488612593672818951e-01 -8.452235260746898682e-02 1.098940615279745403e-01 -4.737265026868525686e-01 3.638324411588780283e-01
4.076083618649384288e-02 -3.744582159285055889e-01 -4.211013534136479608e-01 -8.971174413066607123e-03 -3.780090339217990758e-01 4.242427861090749541e-01 -8.971174413066607123e-03 -3.780090339217990758e-01 4.242427861090749541e-01 -4.152190521149994318e-01 3.685759146298570599e-01 4.664313748514237190e-02
-2.207054031531436866e-01 -2.206559404040061567e-01 -1.718074833405913715e-02 -1.165255361718872118e-01 5.383789405444461273e-02 1.904755655405943049e-01 -1.165255361718872118e-01 5.383789405444461273e-02 1.904755655405943049e-01 4.946274913752990443e-05 2.034257293208094897e-01 -2.034751920699470196e-01
-7.104687270829057599e-02 1.482104017582851485e-01 -1.070749655176457260e-01 2.084625329901858004e-01 -3.616956727779035985e-01 -1.659510329023928810e-01 2.084625329901858004e-01 -3.616956727779035985e-01 -1.659510329023928810e-01 2.192572744665757245e-01 -4.745426417425065990e-01 2.552853672759308745e-01
2.410824063995625766e-01 1.638526307645071789e-02 -4.340996228379052635e-01 -1.370677563001487798e-01 5.674339210568923875e-02 3.770067734741904264e-01 -1.370677563001487798e-01 5.674339210568923875e-02 3.770067734741904264e-01 -2.246971433231118587e-01 -2.257877425912441227e-01 4.504848859143559814e-01
-2.396549272710848388e-01 -2.189029298195197537e-01 -2.110447930996299792e-01 1.667524451973090294e-01 2.137038205922658918e-02 3.196490516945247329e-01 1.667524451973090294e-01 2.137038205922658918e-02 3.196490516945247329e-01 2.075199745156508513e-02 -1.289386073167531066e-02 -7.858136719889774469e-03
4.629232135382689295e-01 -2.128830834068605737e-01 3.432659389221968116e-01 2.952611186628928408e-03 4.921628712391642457e-01 2.973428873457457655e-01 2.952611186628928408e-03 4.921628712391642457e-01 2.973428873457457655e-01 -6.758062969451295032e-01 1.231955319274186778e+00 -5.561490223290573853e-01
3.929469543476546978e-01 -3.244883702527929792e-01 3.462098191060600794e-01 2.159767228110975879e-02 6.337957777438851803e-02 -9.746739427287698376e-02 2.159767228110975879e-02 6.337957777438851803e-02 -9.746739427287698376e-02 -7.174353246004476770e-01 1.388133513959300736e+00 -6.706981893588530586e-01
-2.968923432588247424e-01 -3.145146373337052159e-01 -2.560731168309648975e-02 -1.352268504747244915e-02 4.307162943388740395e-01 -3.397871688078824004e-01 -1.352268504747244915e-02 4.307162943388740395e-01 -3.397871688078824004e-01 -1.762229407488047350e-02 3.065296197254891997e-01 -2.889073256506087262e-01
-3.581145725073389130e-01 -2.648884601858331189e-01 2.059283750418825498e-01 1.055740065962038621e-01 3.398265526169985673e-02 3.942037060238688939e-01 1.055740065962038621e-01 3.398265526169985673e-02 3.942037060238688939e-01 9.322611232150579408e-02 3.775907229062098747e-01 -4.708168352277156687e-01
3.743436994457349787e-02 2.982361632911878502e-03 -1.115518690381207545e-01 3.263332752017975569e-01 4.270658178731508992e-01 -4.677445083637830070e-01 3.263332752017975569e-01 4.270658178731508992e-01 -4.677445083637830070e-01 -3.445200831166161937e-02 -8.008222235937101363e-02 1.145342306710326330e-01
-1.601513360431821020e-01 -4.218176989034636559e-01 3.933647713701632354e-01 -2.540442089276442328e-01 2.934248454734794676e-01 9.739456373357824326e-02 -2.540442089276442328e-01 2.934248454734794676e-01 9.739456373357824326e-02 -2.616663628602815539e-01 1.076848833133908556e+00 -8.151824702736268913e-01
7.816335873771018683e-02 -2.048328448996482587e-01 -6.264591124825169555e-02 1.635628694587023535e-01 3.490601316522257136e-02 -2.064839774279192408e-02 1.635628694587023535e-01 3.490601316522257136e-02 -2.064839774279192408e-02 -2.829962036373584455e-01 4.251831372887550087e-01 -1.421869336513965631e-01
4.652933511063657157e-01 -2.082762056384825922e-01 -1.387729271523405750e-01 -1.976769263788301645e-01 -6.369938426400434395e-03 1.212642428984440635e-01 -1.976769263788301645e-01 -6.369938426400434395e-03 1.212642428984440635e-01 -6.735695567448483079e-01 7.430728352309903251e-01 -6.950327848614201720e-02
-7.585275259553658778e-02 2.405931442945633547e-01 -7.531021768211465517e-02 1.379869200333162516e-01 -4.415514001371186881e-01 3.847915578174375684e-01 1.379869200333162516e-01 -4.415514001371186881e-01 3.847915578174375684e-01 3.164458968900999425e-01 -6.323492588667779524e-01 3.159033619766780099e-01
-1.550465370654042774e-01 4.890484311774413451e-01 -2.752173706929280650e-01 1.206496711428692858e-01 4.467793167854393621e-01 -4.305111654631903484e-01 1.206496711428692858e-01 4.467793167854393621e-01 -4.305111654631903484e-01 6.440949682428456224e-01 -1.408360770113215032e+00 7.642658018703694101e-01
-5.485495073646795561e-02 3.766595010502234997e-01 -2.622354054513774679e-01 -1.430736410352891896e-01 -3.270401993199324453e-01 -9.674395762247378627e-02 -1.430736410352891896e-01 -3.270401993199324453e-01 -9.674395762247378627e-02 4.315144517866914553e-01 -1.070409358288292534e+00 6.388949065016009676e-01
-3.162276819875572409e-01 3.889595914459145209e-01 4.840466966640692981e-01 3.000777731254702374e-01 -4.666308186965963944e-01 2.200862732007338174e-01 3.000777731254702374e-01 -4.666308186965963944e-01 2.200862732007338174e-01 7.051872734334717618e-01 -6.101001682153169847e-01 -9.508710521815477712e-02
4.101967335977119156e-02 1.978869256696411671e-01 -1.070734782715598854e-02 -4.934106396341931822e-01 3.273713278616234845e-01 -3.768568908664916561e-01 -4.934106396341931822e-01 3.273713278616234845e-01 -3.768568908664916561e-01 1.568672523098699756e-01 -3.654615258066671313e-01 2.085942734967971557e-01
-4.978744415340909946e-01 -2.334688992430744570e-01 -1.679205166372544911e-01 3.367468593393065923e-01 -2.865673556040390091e-01 -4.066831241696700072e-01 3.367468593393065923e-01 -2.865673556040390091e-01 -4.066831241696700072e-01 2.644055422910165376e-01 -1.988571596851965717e-01 -6.554838260581996590e-02
1.493119180601508722e-01 -7.665474441846154008e-02 -1.561537063773420497e-01 6.554939603812437454e-02 -7.205426672474901650e-02 1.532681655157904776e-01 6.554939603812437454e-02 -7.205426672474901650e-02 1.532681655157904776e-01 -2.259666624786124123e-01 1.464677005197319026e-01 7.949896195888050965e-02
-4.298674949123297839e-01 2.496090292309123271e-01 -2.950472128280590134e-03 -3.565233942248013932e-01 -1.918446231967377846e-01 -2.144655686776182346e-01 -3.565233942248013932e-01 -1.918446231967377846e-01 -2.144655686776182346e-01 6.794765241432421110e-01 -9.320360255024350282e-01 2.525595013591929172e-01
3.962930889334380646e-01 -2.548024154484750392e-01 -1.243500936856567485e-01 2.994714625555968679e-01 9.730566636363469080e-02 -3.582300445785084886e-01 2.994714625555968679e-01 9.730566636363469080e-02 -3.582300445785084886e-01 -6.510955043819131038e-01 7.815478261447313946e-01 -1.304523217628182907e-01
-3.617205851418996421e-01 -4.454331926130679076e-01 -1.565338257529179655e-01 3.704160434740405572e-01 7.976626495947980455e-02 2.664911383593120409e-01 3.704160434740405572e-01 7.976626495947980455e-02 2.664911383593120409e-01 -8.371260747116826550e-02 3.726119743313182076e-01 -2.888993668601499420e-01
-1.971801620823865342e-01 -4.061531183536518652e-01 -1.055041425166408642e-01 -1.583481243379136760e-02 -1.627163175187176236e-01 -3.709993108159255204e-01 -1.583481243379136760e-02 -1.627163175187176236e-01 -3.709993108159255204e-01 -2.089729562712653310e-01 5.096219321082763321e-01 -3.006489758370110010e-01
1.506421767917029975e-01 -2.105189065648509494e-01 4.621201529014035136e-01 3.675382336831972685e-01 4.229547313028941824e-01 -1.105253459065917987e-01 3.675382336831972685e-01 4.229547313028941824e-01 -1.105253459065917987e-01 -3.611610833565539469e-01 1.033800142822808521e+00 -6.726390594662544631e-01
2.317056755620665598e-01 -6.707830498817768383e-02 6.895053923320604294e-02 3.871572872263181475e-01 4.192987740755793613e-01 3.825186666370498090e-01 3.871572872263181475e-01 4.192987740755793613e-01 3.825186666370498090e-01 -2.987839805502442436e-01 4.348128247716279704e-01 -1.360288442213837268e-01
4.317945481437968080e-02 1.002520561830417822e-01 -2.047928337881402827e-01 4.401091589194575660e-01 2.565812300265178925e-01 -8.069161961396065230e-03 4.401091589194575660e-01 2.565812300265178925e-01 -8.069161961396065230e-03 5.707260136866210143e-02 -3.621174913398441664e-01 3.050448899711820649e-01
-5.408589008913144980e-02 1.596926132875758908e-01 -3.060392735361525673e-01 -8.776061230643450450e-03 5.617825643174301220e-02 2.339786181747333105e-01 -8.776061230643450450e-03 5.617825643174301220e-02 2.339786181747333105e-01 2.137785033767073406e-01 -6.795103902004357987e-01 4.657318868237284581e-01
5.885408799088198695e-02 -4.785402470734047009e-01 -1.456774096592836631e-01 -2.690553284861588734e-01 -4.070060089307787621e-01 -1.758570907215812884e-01 -2.690553284861588734e-01 -4.070060089307787621e-01 -1.758570907215812884e-01 -5.373943350642866879e-01 8.702571724784077256e-01 -3.328628374141210378e-01
2.987182705963105089e-01 2.710019471158831017e-01 -6.206047115651103230e-02 2.640114416526636587e-01 4.184543187437781420e-01 1.200787580116030595e-01 2.640114416526636587e-01 4.184543187437781420e-01 1.200787580116030595e-01 -2.771632348042740723e-02 -3.053460947919667268e-01 3.330624182723941340e-01
-4.579691490064263792e-01 3.772351301518250821e-02 1.163042355107868353e-02 7.938255584189590763e-03 2.580290708579459080e-01 -4.831538722789024964e-01 7.938255584189590763e-03 2.580290708579459080e-01 -4.831538722789024964e-01 4.956926620216088875e-01 -5.217857514857127121e-01 2.609308946410382468e-02
-2.864797350115562136e-01 1.933427525386705037e-01 1.758649011983892674e-02 4.231157066312163373e-02 4.686562974238821511e-01 8.980411376338381935e-02 4.231157066312163373e-02 4.686562974238821511e-01 8.980411376338381935e-02 4.798224875502267173e-01 -6.555787499690582942e-01 1.757562624188315770e-01
4.204694245093538729e-01 -2.752459164297756944e-01 -2.255737750819970522e-01 3.650381877293709110e-01 -2.604537371099442389e-01 -4.731618295544115504e-01 3.650381877293709110e-01 -2.604537371099442389e-01 -4.731618295544115504e-01 -6.957153409391295673e-01 7.453874822869082095e-01 -4.967214134777864221e-02
-3.475367390419246139e-01 -3.311884528775812520e-01 2.669838660977841283e-02 1.963100514997135893e-01 3.906274994234683051e-01 -2.848260863392116926e-01 1.963100514997135893e-01 3.906274994234683051e-01 -2.848260863392116926e-01 1.634828616434336190e-02 3.415385533230163029e-01 -3.578868394873596648e-01
3.147824165272797847e-01 2.108686857260232417e-01 -4.261647257006527800e-01 4.066627940459907053e-01 -2.043150098598659481e-01 -6.427086791357483619e-02 4.066627940459907053e-01 -2.043150098598659481e-01 -6.427086791357483619e-02 -1.039137308012565430e-01 -5.331196806254194787e-01 6.370334114266760217e-01
-4.508910756021263788e-01 6.496480570660700948e-02 5.946013024153307125e-02 3.636818871639341255e-01 -2.306069663175065454e-01 4.032664624899905403e-01 3.636818871639341255e-01 -2.306069663175065454e-01 4.032664624899905403e-01 5.158558813087333883e-01 -5.213605567738073265e-01 5.504675465073938234e-03
6.790217414403065810e-02 -3.059754976140738325e-01 -2.243427731422099614e-01 1.726508941451386780e-01 3.273996869888888828e-01 1.652535298411449416e-01 1.726508941451386780e-01 3.273996869888888828e-01 1.652535298411449416e-01 -3.738776717581044906e-01 4.555103962299683618e-01 -8.163272447186387115e-02
3.336878843431596575e-01 6.359438253848803679e-02 -1.270247479713140226e-01 -2.193579578145798958e-02 1.996697917043124271e-01 2.905560363709308591e-01 -2.193579578145798958e-02 1.996697917043124271e-01 2.905560363709308591e-01 -2.700935018046716207e-01 7.947437129486956131e-02 1.906191305098020594e-01
-1.577921563649303804e-01 -2.461962258391469094e-01 -2.182495538229749510e-01 -2.304490480826058008e-01 -4.452884948354873806e-02 -2.070768887715506157e-01 -2.304490480826058008e-01 -4.452884948354873806e-02 -2.070768887715506157e-01 -8.840406947421652895e-02 1.163507414903884873e-01 -2.794667201617195840e-02
-4.443584589483118297e-01 -1.077147971137152327e-01 -7.424863545600024484e-02 5.076034043638599780e-02 -1.298184222305059921e-01 1.196047343144867048e-01 5.076034043638599780e-02 -1.298184222305059921e-01 1.196047343144867048e-01 3.366436618345965970e-01 -3.031775001768816091e-01 -3.346616165771498785e-02
4.784051523960557439e-01 4.237163858069408207e-01 2.426266174406777054e-04 4.616320061409716624e-01 3.265454194643713226e-02 1.487535600561014082e-01 4.616320061409716624e-01 3.265454194643713226e-02 1.487535600561014082e-01 -5.468876658911492328e-02 -3.687849926003852197e-01 4.234737591895001430e-01
4.363836498604304337e-01 -2.157598185928593093e-01 -6.607015572287855409e-02 4.926688244473834688e-01 4.760852767852404854e-01 -1.262665311956003844e-01 4.926688244473834688e-01 4.760852767852404854e-01 -1.262665311956003844e-01 -6.521434684532897430e-01 8.018331313232704982e-01 -1.496896628699807552e-01
3.439474921066008051e-01 -1.824456776962348759e-01 7.929194605049927347e-02 1.257043051909316755e-01 2.247924077407705834e-01 2.521155029128721026e-01 1.257043051909316755e-01 2.247924077407705834e-01 2.521155029128721026e-01 -5.263931698028356809e-01 7.881307935495698302e-01 -2.617376237467341493e-01
3.422563841138713814e-01 -3.837635227823597006e-01 4.941066806774883080e-01 -1.169081296571228279e-02 2.289882618033868278e-01 4.594815183658665925e-01 -1.169081296571228279e-02 2.289882618033868278e-01 4.594815183658665925e-01 -7.260199068962310820e-01 1.603890110356079202e+00 -8.778702034598480086e-01
1.205126814049073403e-01 -1.345017979964326926e-01 3.626644823119836714e-01 1.754846797867918307e-01 -1.239450618337099019e-01 2.310296436494705397e-01 1.754846797867918307e-01 -1.239450618337099019e-01 2.310296436494705397e-01 -2.550144794013400329e-01 7.521807597097563969e-01 -4.971662803084163640e-01
3.948493866530267127e-01 3.335499370802996744e-02 -2.840412805956300524e-01 4.868221436603754615e-01 3.804777548950970534e-01 4.422105535626186246e-01 4.868221436603754615e-01 3.804777548950970534e-01 4.422105535626186246e-01 -3.614943929449967452e-01 4.409811864133672543e-02 3.173962743036600198e-01
3.278628014214208797e-01 -1.540927021045426226e-01 -1.019826748314638376e-01 4.280764738944663472e-01 -9.071917346084390488e-02 -3.440662884950514977e-01 4.280764738944663472e-01 -9.071917346084390488e-02 -3.440662884950514977e-01 -4.819555035259635023e-01 5.340655307990422873e-01 -5.211002727307878502e-02
-1.112675538388718799e-02 1.680154645137592606e-01 -2.272239776072626505e-02 -2.824028300446126405e-01 -1.892320326124827812e-01 4.659920756750579596e-01 -2.824028300446126405e-01 -1.892320326124827812e-01 4.659920756750579596e-01 1.791422198976464486e-01 -3.698800821721319743e-01 1.907378622744855257e-01
-3.942569580895555204e-01 2.377909133784038564e-01 2.019490387384491603e-01 -2.885156818619480923e-01 2.386452544060987391e-01 -3.977783219502709633e-01 -2.885156818619480923e-01 2.386452544060987391e-01 -3.977783219502709633e-01 6.320478714679593768e-01 -6.678897461079140729e-01 3.584187463995469614e-02
-4.492200209977237346e-01 -5.929009065441248616e-02 2.689111201458070921e-01 -1.205779990591034911e-01 1.209129446071329772e-01 3.460132542081928442e-01 -1.205779990591034911e-01 1.209129446071329772e-01 3.460132542081928442e-01 3.899299303433112485e-01 -6.172871954309167020e-02 -3.282012108002195783e-01
-2.045737290208675674e-01 -2.619309887460430364e-01 2.763920084242379449e-01 -2.471969621471772349e-01 2.087869331432486986e-01 -2.757322323090413141e-01 -2.471969621471772349e-01 2.087869331432486986e-01 -2.757322323090413141e-01 -5.735725972517546900e-02 5.956802568954564503e-01 -5.383229971702809813e-01
4.826874926455662074e-01 2.923425313581251572e-03 4.595140329203817320e-01 1.312422828872095160e-01 3.420574475731277264e-01 -2.983549681301344014e-01 1.312422828872095160e-01 3.420574475731277264e-01 -2.983549681301344014e-01 -4.797640673319849558e-01 9.363546749387854362e-01 -4.565906076068004804e-01
-1.930821156461215438e-02 4.934016157544084402e-01 -1.251291256542547137e-01 -1.260635167562478287e-01 7.197853892502581452e-02 7.263610372153750383e-02 -1.260635167562478287e-01 7.197853892502581452e-02 7.263610372153750383e-02 5.127098273190205946e-01 -1.131240568727683637e+00 6.185307414086631539e-01
7.446945993622799964e-02 -3.580632236085778963e-02 -3.090479008054930476e-01 -4.473303619966523259e-01 -4.740996872715127486e-01 -4.633345481293880130e-01 -4.473303619966523259e-01 -4.740996872715127486e-01 -4.633345481293880130e-01 -1.102757822970857893e-01 -1.629657961475494687e-01 2.732415784446352580e-01
2.446047636550477966e-01 2.322266047372283371e-01 -2.799037734467102467e-02 1.542319420903477400e-01 -2.247593836192715022e-01 5.359573447476817520e-02 1.542319420903477400e-01 -2.247593836192715022e-01 5.359573447476817520e-02 -1.237815891781945954e-02 -2.478388231640799022e-01 2.602169820818993617e-01
-3.850677619632214554e-01 4.683566278604507360e-01 1.568200182826432476e-01 -5.051865447797654340e-02 3.125337253118865011e-02 4.862732120789150514e-01 -5.051865447797654340e-02 3.125337253118865011e-02 4.862732120789150514e-01 8.534243898236721915e-01 -1.164960999401479569e+00 3.115366095778074884e-01
-4.992544779581020720e-01 7.694096929535010343e-02 -4.565590025864385559e-02 2.367163729345660439e-01 -2.980375443531079194e-01 -3.016724394684597854e-01 2.367163729345660439e-01 -2.980375443531079194e-01 -3.016724394684597854e-01 5.761954472534521754e-01 -6.987923168074461344e-01 1.225968695539939590e-01
3.383604100590953401e-02 4.472829243018832113e-01 -3.936690195528558256e-02 3.684440933405888075e-01 3.441041520955470112e-01 6.654605985974759719e-02 3.684440933405888075e-01 3.441041520955470112e-01 6.654605985974759719e-02 4.134468832959736773e-01 -9.000967095531424711e-01 4.866498262571687938e-01
-3.544049709300933770e-01 1.336442048543495797e-02 1.415042787945288705e-01 1.766508272755595854e-03 -3.329946378927262085e-01 3.075887924407421092e-01 1.766508272755595854e-03 -3.329946378927262085e-01 3.075887924407421092e-01 3.677693914155283350e-01 -2.396295331064344225e-01 -1.281398583090939125e-01
-4.579304765416819523e-01 -4.618121173477982566e-01 3.713343117669590798e-01 -2.677882068028182294e-01 3.664537072120296335e-01 -3.886397757364353778e-01 -2.677882068028182294e-01 3.664537072120296335e-01 -3.886397757364353778e-01 -3.881640806116304354e-03 8.370280699208736408e-01 -8.331464291147573364e-01
-1.403849008947605226e-01 3.378155785725417415e-01 2.641758348693502567e-01 3.555398692039045683e-01 1.111622436960327809e-01 -2.827626998127814595e-01 3.555398692039045683e-01 1.111622436960327809e-01 -2.827626998127814595e-01 4.782004794673022641e-01 -5.518402231704937488e-01 7.363974370319148477e-02
-3.744146895361637473e-01 -4.334300110487466773e-01 8.783500496561047477e-02 -8.953559565658975039e-02 -4.348673450211388847e-01 -2.628103825075932543e-01 -8.953559565658975039e-02 -4.348673450211388847e-01 -2.628103825075932543e-01 -5.901532151258293002e-02 5.802803375269400821e-01 -5.212650160143571521e-01
1.955062919408151467e-01 2.476465566487642267e-01 -4.323785092821850196e-01 -3.970811370670964680e-01 4.776154728270352035e-01 4.607724739217197163e-01 -3.970811370670964680e-01 4.776154728270352035e-01 4.607724739217197163e-01 5.214026470794907997e-02 -7.321653306388983262e-01 6.800250659309492463e-01
-4.316677560528892066e-02 1.936844710980024642e-01 1.180136150854979027e-01 -4.326357274978187561e-01 3.215283657382782545e-01 -1.946040929415665532e-01 -4.326357274978187561e-01 3.215283657382782545e-01 -1.946040929415665532e-01 2.368512467032913849e-01 -3.125221027157959464e-01 7.567085601250456151e-02
-4.389519248214586167e-01 1.569418833565223714e-01 -5.675800818133169834e-02 -4.937339255789005010e-01 -4.802922117868567708e-01 -7.220179142988225607e-02 -4.937339255789005010e-01 -4.802922117868567708e-01 -7.220179142988225607e-02 5.958938081779809881e-01 -8.095936997158350579e-01 2.136998915378540698e-01
3.421031858766467870e-01 4.727154866535538957e-01 4.874224383018805895e-01 1.139015936993871270e-01 -3.909244896019309357e-01 1.203652977141861369e-01 1.139015936993871270e-01 -3.909244896019309357e-01 1.203652977141861369e-01 1.306123007769071087e-01 -1.159053491285804149e-01 -1.470695164832669377e-02
1.947649771732057333e-01 2.161028575543061381e-01 -4.590692048554899651e-01 -2.831287721325844720e-01 -1.715055219159411504e-01 -2.525522653752053648e-01 -2.831287721325844720e-01 -1.715055219159411504e-01 -2.525522653752053648e-01 2.133788038110040475e-02 -6.965099427908965080e-01 6.751720624097961032e-01
4.923686779242797407e-02 -8.498347637675385258e-02 -2.434424586468864060e-02 -3.045743940837138952e-01 -4.614506276002261487e-02 4.844634886581397071e-01 -3.045743940837138952e-01 -4.614506276002261487e-02 4.844634886581397071e-01 -1.342203441691818266e-01 1.948595746812470386e-01 -6.063923051206521198e-02
2.696547153578978673e-01 2.622821674545412485e-01 -9.095024517777527961e-02 -9.350784341300888425e-02 -1.102562491279146517e-01 2.563432849589170059e-01 -9.350784341300888425e-02 -1.102562491279146517e-01 2.563432849589170059e-01 -7.372547903356618804e-03 -3.458598647289599093e-01 3.532324126323165281e-01
-4.852852162513991985e-01 -2.374746357762493876e-01 -1.498964573085524998e-01 -3.704196787559120851e-01 4.717165996269035988e-01 3.480819617760217977e-01 -3.704196787559120851e-01 4.717165996269035988e-01 3.480819617760217977e-01 2.478105804751498109e-01 -1.602324020074529232e-01 -8.757817846769688774e-02
