-2.285092267113193465e-01 -4.777015164910372036e-01 -1.677131830163460791e-01 1.825936011764378586e-01 -1.750442221534258547e-01 3.392536965389209014e-01 1.825936011764378586e-01 -1.750442221534258547e-01 3.392536965389209014e-01 -2.491922897797178571e-01 5.591806232544089816e-01 -3.099883334746911245e-01
3.055704296024673861e-01 -4.119580506142201948e-01 -1.042609349163327037e-01 -3.563351880388928583e-01 6.213189203313795872e-02 3.125231040908348357e-01 -3.563351880388928583e-01 6.213189203313795872e-02 3.125231040908348357e-01 -7.175284802166875808e-01 1.025225595914575072e+00 -3.076971156978874911e-01
1.255582747280126199e-01 1.924463957980355744e-01 2.886042600408608161e-01 -4.271433347346542675e-01 -9.248330639709034795e-02 3.739778371330335638e-01 -4.271433347346542675e-01 -9.248330639709034795e-02 3.739778371330335638e-01 6.688812107002295448e-02 2.926974317280228721e-02 -9.615786424282524170e-02
1.861240443411342760e-01 -2.629784038091234066e-01 -3.228925866786774845e-01 -1.471636865535810301e-01 -3.626280258304469539e-01 3.750671123139258656e-01 -1.471636865535810301e-01 -3.626280258304469539e-01 3.750671123139258656e-01 -4.491024481502576826e-01 3.891882652807036047e-01 5.991418286955407790e-02
-2.581287504170803881e-01 3.178046363862541135e-03 -2.462874061349407118e-01 -1.200296806320896303e-01 3.768725494762973360e-01 -3.550651177189084740e-01 -1.200296806320896303e-01 3.768725494762973360e-01 -3.550651177189084740e-01 2.613067967809429293e-01 -5.107722492797461822e-01 2.494654524988032529e-01
-4.376087811413298390e-03 -1.980838273844294228e-01 2.482634481422395512e-01 -6.093381950800524915e-02 4.901286645257852959e-01 1.090671517648381661e-01 -6.093381950800524915e-02 4.901286645257852959e-01 1.090671517648381661e-01 -1.937077395730161244e-01 6.400550150996850984e-01 -4.463472755266689740e-01
-3.124456981602770078e-01 3.963613983683578201e-02 3.443771846177013929e-01 4.672282285847751959e-01 -2.363219373700705672e-01 -1.896702583493329319e-01 4.672282285847751959e-01 -2.363219373700705672e-01 -1.896702583493329319e-01 3.520818379971127898e-01 -4.734079321624717895e-02 -3.047410447808656109e-01
-3.110413415770623136e-01 5.522386402983636700e-03 1.434913363756854521e-01 -2.184214028503992377e-01 -2.730309983394041407e-02 -2.137726231282418565e-01 -2.184214028503992377e-01 -2.730309983394041407e-02 -2.137726231282418565e-01 3.165637279800459503e-01 -1.785947780073441349e-01 -1.379689499727018154e-01
-2.243543924340727358e-01 -3.819718066929421729e-01 4.381746378780720930e-01 -3.396840618409716628e-01 -2.789588695671892937e-01 -4.752768073977579055e-01 -3.396840618409716628e-01 -2.789588695671892937e-01 -4.752768073977579055e-01 -1.576174142588694371e-01 9.777638588298837030e-01 -8.201464445710142659e-01
2.800433424910275804e-01 -1.139215136352712543e-01 3.921404634530600841e-02 2.597346718754074413e-01 -4.602866457438223868e-01 1.848960829775569970e-01 2.597346718754074413e-01 -4.602866457438223868e-01 1.848960829775569970e-01 -3.939648561262988347e-01 5.471004161068760974e-01 -1.531355599805772627e-01
-1.597660471626051182e-01 -2.916711243121278274e-01 1.602029534856689308e-01 1.715821450553149941e-01 -7.341057218061197709e-02 -1.509193200288477810e-01 1.715821450553149941e-01 -7.341057218061197709e-02 -1.509193200288477810e-01 -1.319050771495227092e-01 5.837791549473194674e-01 -4.518740777977967582e-01
3.356340021718371425e-01 1.299256269784713202e-01 1.454588417219341290e-01 3.301029416224141588e-01 4.092765861822287299e-01 1.065411314172148849e-01 3.301029416224141588e-01 4.092765861822287299e-01 1.065411314172148849e-01 -2.057083751933658222e-01 2.212415899368286309e-01 -1.553321474346280873e-02
-2.183538068657174813e-01 -4.319599091083781151e-02 6.768265709814003106e-02 1.629210636249470712e-01 4.284341724978710797e-01 -9.505038724227177216e-02 1.629210636249470712e-01 4.284341724978710797e-01 -9.505038724227177216e-02 1.751578159548796698e-01 -6.427916794590182725e-02 -1.108786480089778426e-01
7.752566414232042735e-02 -4.227272565943253069e-01 1.173292773840216574e-01 4.329100547843962588e-01 -3.712701416752062222e-02 -2.949680697889836001e-01 4.329100547843962588e-01 -3.712701416752062222e-02 -2.949680697889836001e-01 -5.002529207366457342e-01 1.040309454714992698e+00 -5.400565339783469643e-01
4.945628123735194004e-01 -4.233364881312579042e-01 2.145545052417623388e-01 3.126426757699165560e-01 -1.528268833618785516e-01 3.565590646736971348e-01 3.126426757699165560e-01 -1.528268833618785516e-01 3.565590646736971348e-01 -9.178993005047773046e-01 1.555790293877797659e+00 -6.378909933730202431e-01
2.229452492471409863e-01 -4.433068636166535015e-01 -1.358155783320691423e-01 -2.458090225652316274e-01 -2.748219473223988407e-01 3.227386299751020537e-01 -2.458090225652316274e-01 -2.748219473223988407e-01 3.227386299751020537e-01 -6.662521128637944878e-01 9.737433981483788470e-01 -3.074912852845843592e-01
4.392161324283785362e-01 -4.188137367484081608e-01 -2.563471810045216959e-01 -1.214803857502959605e-01 4.790914203071859889e-01 -3.585644272211447880e-01 -1.214803857502959605e-01 4.790914203071859889e-01 -3.585644272211447880e-01 -8.580298691767866970e-01 1.020496424920673162e+00 -1.624665557438864649e-01
1.564274588300781366e-01 2.261336748699394050e-01 7.753314312494119509e-02 -4.670385097097374816e-01 2.446647573094719030e-01 4.059315042499056503e-01 -4.670385097097374816e-01 2.446647573094719030e-01 4.059315042499056503e-01 6.970621603986126846e-02 -2.183067477848594784e-01 1.486005317449982099e-01
3.950293914384569449e-01 -4.790405463915210493e-01 -4.077187763193264036e-01 2.350409735113356824e-02 3.062723204405148891e-02 -4.104333837952179875e-01 2.350409735113356824e-02 3.062723204405148891e-02 -4.104333837952179875e-01 -8.740699378299779942e-01 9.453917079021726400e-01 -7.132177007219464571e-02
-1.862993704936477535e-02 -3.215492189059265815e-02 -4.636381329597907275e-01 -4.953301319541831838e-01 1.493300626132798570e-02 2.295297558251943038e-01 -4.953301319541831838e-01 1.493300626132798570e-02 2.295297558251943038e-01 -1.352498484122788280e-02 -4.179582262279701865e-01 4.314832110691980693e-01
6.698745187238019927e-02 6.064049693733764013e-02 1.866869604320007259e-01 4.473636958052836787e-01 -3.803141853295101127e-01 1.793108563073132489e-01 4.473636958052836787e-01 -3.803141853295101127e-01 1.793108563073132489e-01 -6.346954935042559143e-03 1.323934184297056449e-01 -1.260464634946630857e-01
3.794481192339471676e-02 -3.863357879836031294e-01 4.829073526475244904e-01 -3.707699521951220989e-01 7.073652764505666823e-03 3.499349845994254027e-01 -3.707699521951220989e-01 7.073652764505666823e-03 3.499349845994254027e-01 -4.242805999069978462e-01 1.293523740538125466e+00 -8.692431406311276199e-01
-3.735741905738598767e-01 -2.803318113387328614e-01 -2.578443388573700146e-01 -2.403913276220459583e-01 -4.726428719991538907e-01 -1.187263209720083035e-01 -2.403913276220459583e-01 -4.726428719991538907e-01 -1.187263209720083035e-01 9.324237923512701531e-02 -7.075490675376416849e-02 -2.248747248136284682e-02
2.836412077261643017e-01 4.596182044461127880e-02 -2.117564845394704909e-01 1.462426419051890969e-01 -2.459816922141151441e-01 -1.696075551891939037e-01 1.462426419051890969e-01 -2.459816922141151441e-01 -1.696075551891939037e-01 -2.376793872815530229e-01 -2.003891770252874682e-02 2.577183049840817697e-01
-4.005120286120094075e-01 1.050638925756399722e-01 1.016738223472913871e-01 4.461153714034571394e-02 1.577760580814903113e-01 3.641959650621969802e-01 4.461153714034571394e-02 1.577760580814903113e-01 3.641959650621969802e-01 5.055759211876493797e-01 -5.089659914159979648e-01 3.390070228348585069e-03
-4.082304608600432205e-01 1.779434169403979471e-01 4.193723696849278593e-01 -3.871164977966696785e-01 3.502584466951419451e-02 -6.845328538269546126e-02 -3.871164977966696785e-01 3.502584466951419451e-02 -6.845328538269546126e-02 5.861738778004411676e-01 -3.447449250559112555e-01 -2.414289527445299122e-01
2.062172484423576702e-01 -2.599134962989056996e-01 2.881385096047798244e-01 -2.177556155570870011e-01 4.985706014170315781e-01 -4.318232271395550104e-02 -2.177556155570870011e-01 4.985706014170315781e-01 -4.318232271395550104e-02 -4.661307447412633698e-01 1.014182750644948783e+00 -5.480520059036855240e-01
-2.601118554485857270e-01 2.625078554159632205e-01 -2.845060299258281855e-01 -4.724734344713050760e-01 -3.655430237535413074e-01 -4.636921454005937804e-01 -4.724734344713050760e-01 -3.655430237535413074e-01 -4.636921454005937804e-01 5.226197108645489475e-01 -1.069633596206340354e+00 5.470138853417914060e-01
2.078346668752248938e-01 -4.477729798830930585e-01 -2.388028964895817507e-01 3.521374311652296640e-01 -1.786253178626218130e-02 3.521148929787689674e-01 3.521374311652296640e-01 -1.786253178626218130e-02 3.521148929787689674e-01 -6.556076467583179523e-01 8.645777301518292601e-01 -2.089700833935113078e-01
-1.502439917915687762e-01 3.168576112852772297e-02 4.745367172130591227e-01 -2.078767100624289155e-01 -2.443705572927858949e-01 -2.725350823633259090e-01 -2.078767100624289155e-01 -2.443705572927858949e-01 -2.725350823633259090e-01 1.819297529200964991e-01 2.609212031644349006e-01 -4.428509560845313997e-01
1.597158344078475345e-01 -1.338756312654650893e-01 9.605627919529924341e-02 -1.980523006047746337e-01 -4.764126406396104185e-01 -2.540449148636831911e-01 -1.980523006047746337e-01 -4.764126406396104185e-01 -2.540449148636831911e-01 -2.935914656733126238e-01 5.235233761340769565e-01 -2.299319104607643327e-01
-4.558899095438319060e-01 1.064021606745405579e-01 2.710919928611775775e-01 -4.244306488441601521e-01 -3.854862825996344666e-01 -7.144742448693341963e-02 -4.244306488441601521e-01 -3.854862825996344666e-01 -7.144742448693341963e-02 5.622920702183724639e-01 -3.976022380317354443e-01 -1.646898321866370196e-01
-5.664903798673515123e-02 3.186285809917138723e-01 3.233653075982100278e-01 -1.306032075001919424e-01 1.840981627354296712e-01 -1.478461947345024452e-01 -1.306032075001919424e-01 1.840981627354296712e-01 -1.478461947345024452e-01 3.752776189784490235e-01 -3.705408923719528680e-01 -4.736726606496155512e-03
3.114014153748365654e-01 3.044312203854411258e-01 4.426390752177176147e-01 2.993247671781147368e-01 -5.816762825952304095e-02 2.129318925562916354e-01 2.993247671781147368e-01 -5.816762825952304095e-02 2.129318925562916354e-01 -6.970194989395439578e-03 1.451780498216719284e-01 -1.382078548322764888e-01
2.272918902179080769e-01 -2.167708128026255565e-01 -4.007884880473799871e-02 -3.406745943606912519e-01 4.168105147833351953e-01 -9.084709412441382970e-02 -3.406745943606912519e-01 4.168105147833351953e-01 -9.084709412441382970e-02 -4.440627030205336334e-01 6.207546670184211912e-01 -1.766919639978875578e-01
2.992513625667735377e-01 1.027018228878795458e-01 -1.119084089325376175e-01 -3.375659475441196156e-01 3.457796788604416971e-02 -1.562857833270582253e-01 -3.375659475441196156e-01 3.457796788604416971e-02 -1.562857833270582253e-01 -1.965495396788939919e-01 -1.806069214152317137e-02 2.146102318204171633e-01
-3.626428586007949262e-01 1.548222882314003179e-01 2.461009172690735713e-01 -4.610048757087259474e-03 3.706593744185429085e-01 1.116293766688940536e-01 -4.610048757087259474e-03 3.706593744185429085e-01 1.116293766688940536e-01 5.174651468321952441e-01 -4.261865177945219907e-01 -9.127862903767325342e-02
2.733226619848896366e-01 -2.041021379093542754e-01 -4.818509762950093922e-01 -6.771215825998211368e-02 5.717413468359788808e-02 1.710614140298100105e-01 -6.771215825998211368e-02 5.717413468359788808e-02 1.710614140298100105e-01 -4.774247998942439120e-01 1.996759615085887951e-01 2.777488383856551168e-01
-2.181622421767109854e-01 4.451130061374869440e-01 4.005097318889834224e-01 -1.842774816301242513e-01 -9.435039682475854228e-02 -2.786652809554196475e-01 -1.842774816301242513e-01 -9.435039682475854228e-02 -2.786652809554196475e-01 6.632752483141979294e-01 -7.078785225627014510e-01 4.460327424850352163e-02
-1.392711646522273305e-01 3.983878267675359242e-01 7.365488361117245031e-02 -2.376879243875851255e-02 -9.466582056407479850e-02 7.838754869833575167e-02 -2.376879243875851255e-02 -9.466582056407479850e-02 7.838754869833575167e-02 5.376589914197632547e-01 -8.623919345761267286e-01 3.247329431563634738e-01
7.050937339642593393e-02 -1.576242002596081049e-01 -1.089372410092387389e-01 -1.531275543907367753e-01 2.119786808603021377e-01 3.543468985436830643e-01 -1.531275543907367753e-01 2.119786808603021377e-01 3.543468985436830643e-01 -2.281335736560340388e-01 2.768205329064034048e-01 -4.868695925036936600e-02
3.270782950717198156e-01 -1.667120078774895209e-01 2.518850747889330721e-01 -7.974970852015028644e-02 2.261609635713468514e-02 -2.474489755148444603e-01 -7.974970852015028644e-02 2.261609635713468514e-02 -2.474489755148444603e-01 -4.937903029492093365e-01 9.123873856156319295e-01 -4.185970826664225930e-01
-2.718820408841526870e-03 -2.482182921346511861e-01 1.997075316662042521e-01 4.156735102423197992e-01 2.841293409774625633e-02 2.487375937534012094e-01 4.156735102423197992e-01 2.841293409774625633e-02 2.487375937534012094e-01 -2.454994717258096593e-01 6.934252955266650975e-01 -4.479258238008554383e-01
-4.522418988951041330e-01 -3.188918158964439975e-01 4.518760817269651398e-03 4.425491265887366854e-01 9.356675679889014940e-02 -2.831928595053108122e-01 4.425491265887366854e-01 9.356675679889014940e-02 -2.831928595053108122e-01 1.333500829986601355e-01 1.900604937150535134e-01 -3.234105767137136489e-01
-4.600176402117379659e-01 -1.212846893822697725e-01 4.417492612113631534e-01 2.054162201844378366e-01 7.227189465060313012e-02 -2.666655778605991900e-01 2.054162201844378366e-01 7.227189465060313012e-02 -2.666655778605991900e-01 3.387329508294681935e-01 2.243009997641647324e-01 -5.630339505936329259e-01
3.247004549771352888e-01 -1.614143714662986673e-01 1.472919641709651284e-01 6.711371889270001390e-02 -2.841233628889684448e-01 4.402627451559570915e-01 6.711371889270001390e-02 -2.841233628889684448e-01 4.402627451559570915e-01 -4.861148264434339561e-01 7.948211620806977518e-01 -3.087063356372637957e-01
-8.187279965142113536e-02 -4.614408559429569179e-01 4.490550522825431656e-01 4.109358451906244269e-01 -4.999697524265769299e-01 -4.715171673076743453e-01 4.109358451906244269e-01 -4.999697524265769299e-01 -4.715171673076743453e-01 -3.795680562915357825e-01 1.290063964517035977e+00 -9.104959082255000835e-01
-4.320418477593267470e-01 1.932752411005922433e-02 1.136937403124914647e-01 -4.466929501403887892e-01 -7.590628505451524344e-02 -2.173633397259933098e-02 -4.466929501403887892e-01 -7.590628505451524344e-02 -2.173633397259933098e-02 4.513693718693859713e-01 -3.570031556669537309e-01 -9.436621620243224040e-02
2.700516779415595980e-02 1.125318508975681198e-03 4.925241919908542876e-01 1.457256925908008149e-01 2.132121958480480695e-01 -4.927429101927797150e-01 1.457256925908008149e-01 2.132121958480480695e-01 -4.927429101927797150e-01 -2.587984928518027861e-02 5.172787227670588850e-01 -4.913988734818786064e-01
1.111918483353071530e-01 -2.806334507016805535e-02 3.045618003967542897e-02 4.955381321546299400e-01 -4.014797756386471184e-01 -9.074831382125914114e-02 4.955381321546299400e-01 -4.014797756386471184e-01 -9.074831382125914114e-02 -1.392551934054752083e-01 1.977747185153186926e-01 -5.851952510984348432e-02
3.283600667431183506e-01 6.431523830088159421e-03 4.577262396870773742e-01 5.240291972044863744e-02 1.032395851209199078e-01 2.970081669087537568e-01 5.240291972044863744e-02 1.032395851209199078e-01 2.970081669087537568e-01 -3.219285429130301912e-01 7.732232587700194060e-01 -4.512947158569892148e-01
-3.351621149511966324e-01 2.217093393412561397e-01 -3.966055743916596654e-01 2.533251700457220812e-01 2.420776711425353112e-01 3.570649234440912423e-01 2.533251700457220812e-01 2.420776711425353112e-01 3.570649234440912423e-01 5.568714542924527722e-01 -1.175186368025368466e+00 6.183149137329158052e-01
4.808483321775538499e-01 -3.886350799685647228e-01 2.849742892868768473e-01 -1.602256442511882373e-01 -3.258620718891922508e-01 4.350224109674168949e-01 -1.602256442511882373e-01 -3.258620718891922508e-01 4.350224109674168949e-01 -8.694834121461185727e-01 1.543092781401560032e+00 -6.736093692554415702e-01
3.469467681708594542e-01 -2.945682413065885408e-01 -1.122877439063992844e-01 3.094828814273259399e-01 1.206912512702857931e-01 -1.360103897029329989e-01 3.094828814273259399e-01 1.206912512702857931e-01 -1.360103897029329989e-01 -6.415150094774479950e-01 8.237955068776372514e-01 -1.822804974001892564e-01
-2.769190583087112190e-01 4.068239576359360399e-01 -1.677961728017637322e-01 -4.137042527453353991e-01 7.510174463974972348e-02 -9.596925316196491806e-02 -4.137042527453353991e-01 7.510174463974972348e-02 -9.596925316196491806e-02 6.837430159446472588e-01 -1.258363146382347031e+00 5.746201304376997721e-01
-2.919152568915300838e-01 3.464620803117280934e-01 1.598380333021854893e-01 -4.086361851513615751e-01 -4.384849245378708016e-01 -4.921024843052804743e-01 -4.086361851513615751e-01 -4.384849245378708016e-01 -4.921024843052804743e-01 6.383773372032581772e-01 -8.250013842128007813e-01 1.866240470095426041e-01
4.471140536069475591e-01 3.170203784560899907e-01 -1.583084733652807552e-01 -8.154707169848041115e-02 9.254776364188554982e-02 1.829343298923278294e-01 -8.154707169848041115e-02 9.254776364188554982e-02 1.829343298923278294e-01 -1.300936751508575684e-01 -3.452351766705131775e-01 4.753288518213707459e-01
-2.542488971848726464e-01 6.920185430882486166e-02 -6.527482688325481064e-04 3.931868210335858205e-01 7.033382361970053065e-02 -2.199165104022260397e-02 3.931868210335858205e-01 7.033382361970053065e-02 -2.199165104022260397e-02 3.234507514936975081e-01 -3.933053540713549179e-01 6.985460257765740977e-02
-4.584058403816401173e-01 3.677734819537112898e-01 1.582791214540627545e-01 3.333500833975604483e-01 4.091746911970952638e-01 -3.450807507794207973e-01 3.333500833975604483e-01 4.091746911970952638e-01 -3.450807507794207973e-01 8.261793223353514071e-01 -1.035673682834999942e+00 2.094943604996485353e-01
-4.035770373755928064e-01 2.421365277594976773e-01 4.660804688728631406e-01 -3.858419458134749735e-01 -4.332571412421368784e-01 -3.867245869731691377e-01 -3.858419458134749735e-01 -4.332571412421368784e-01 -3.867245869731691377e-01 6.457135651350904837e-01 -4.217696240217250203e-01 -2.239439411133654634e-01
-1.200035116049654738e-01 -9.012846300634325125e-02 7.498768782116904674e-02 2.596799307455902595e-01 -1.136550502884110525e-01 4.153624365513752803e-01 2.596799307455902595e-01 -1.136550502884110525e-01 4.153624365513752803e-01 2.987504859862222251e-02 1.352411022288900755e-01 -1.651161508275122980e-01
-3.573591195984826552e-02 -3.270465804650171115e-01 -6.200882982242583719e-02 -1.270589447455350296e-02 -4.672383081606207300e-01 1.764912627206082218e-01 -1.270589447455350296e-02 -4.672383081606207300e-01 1.764912627206082218e-01 -2.913106685051688460e-01 5.563484191477601204e-01 -2.650377506425912744e-01
5.221690154378400006e-02 -1.600472545383384571e-01 3.836418704482191799e-02 3.089636164680088504e-01 7.596907392805463122e-02 -3.282521725413420910e-01 3.089636164680088504e-01 7.596907392805463122e-02 -3.282521725413420910e-01 -2.122641560821224571e-01 4.106755976652828322e-01 -1.984114415831603750e-01
-1.844541583410607144e-01 -4.929622377526343691e-02 3.012463377624496896e-02 -1.455714112163122298e-01 4.150517016965862283e-01 -1.491581211032522170e-01 -1.455714112163122298e-01 4.150517016965862283e-01 -1.491581211032522170e-01 1.351579345657972775e-01 -5.573707701428887162e-02 -7.942085755150840587e-02
-1.764044432800284667e-01 -1.413333866358602586e-01 2.212346919238724618e-01 -3.823632075094217653e-01 -1.239378416234464542e-01 -3.827274543789602745e-01 -3.823632075094217653e-01 -1.239378416234464542e-01 -3.827274543789602745e-01 3.507105664416820812e-02 3.274970219155645124e-01 -3.625680785597327205e-01
3.742484574273727826e-01 3.918309633626515520e-01 5.735864752372732411e-02 4.502433428647145686e-01 4.949219948551127901e-01 3.596812631812238426e-01 4.502433428647145686e-01 4.949219948551127901e-01 3.596812631812238426e-01 1.758250593527876937e-02 -3.520548217742029973e-01 3.344723158389242279e-01
-2.663640300635796709e-01 2.915651958168297142e-02 -1.427925134392556972e-01 2.636609528321181006e-01 4.471940293523191112e-02 6.217469450170676204e-02 2.636609528321181006e-01 4.471940293523191112e-02 6.217469450170676204e-02 2.955205496452626424e-01 -4.674695826662013109e-01 1.719490330209386686e-01
-1.362428614375346125e-01 -1.123616815239425470e-03 -4.335927835862911639e-01 3.517196582598131060e-01 -2.798970131299449715e-01 -1.627036986112173622e-02 3.517196582598131060e-01 -2.798970131299449715e-01 -1.627036986112173622e-02 1.351192446222951871e-01 -5.675884113933469255e-01 4.324691667710517384e-01
1.701963631462054538e-01 -1.920770545639450821e-01 3.152155718983518096e-01 2.293554022882503540e-01 3.136879620133599111e-01 -1.844391457312191118e-01 2.293554022882503540e-01 3.136879620133599111e-01 -1.844391457312191118e-01 -3.622734177101505360e-01 8.695660441724474277e-01 -5.072926264622968917e-01
4.611975481021515222e-01 -1.928151620225537766e-02 4.066194441130194237e-01 -2.645726799885756986e-01 -3.303729037152747239e-01 4.519347017790860122e-01 -2.645726799885756986e-01 -3.303729037152747239e-01 4.519347017790860122e-01 -4.804790643044068998e-01 9.063800246196817012e-01 -4.259009603152748014e-01
6.786495459499464200e-02 -3.979390897413530581e-01 9.017208216055982994e-02 4.980711184429482685e-01 2.608336891390761192e-01 3.194909577193090211e-01 4.980711184429482685e-01 2.608336891390761192e-01 3.194909577193090211e-01 -4.658040443363477001e-01 9.539152162382605882e-01 -4.881111719019128881e-01
3.360653337460622891e-01 -1.518428928502357778e-01 2.681098329512688894e-01 8.249756171623268131e-04 4.583463543839427778e-01 -2.186064000581017241e-01 8.249756171623268131e-04 4.583463543839427778e-01 -2.186064000581017241e-01 -4.879082265962980669e-01 9.078609523978027340e-01 -4.199527258015046671e-01
1.585747763718441394e-01 1.434448391968319303e-01 -1.933202191605664089e-01 2.873809911791811444e-01 3.819729400182824142e-01 -3.299933035572909512e-01 2.873809911791811444e-01 3.819729400182824142e-01 -3.299933035572909512e-01 -1.512993717501220914e-02 -3.216351211823861300e-01 3.367650583573983392e-01
1.528537122935329506e-01 -2.299768263337689245e-01 2.568948624598010877e-01 2.299250653342321815e-02 1.233239546513920093e-02 -2.568860101993739598e-01 2.299250653342321815e-02 1.233239546513920093e-02 -2.568860101993739598e-01 -3.828305386273018751e-01 8.697022274208718873e-01 -4.868716887935700122e-01
2.904487662157868577e-01 -2.863018566348581873e-01 1.134005354921653330e-01 4.490799267674578932e-01 1.793658804034921062e-01 -1.504273319575653023e-01 4.490799267674578932e-01 1.793658804034921062e-01 -1.504273319575653023e-01 -5.767506228506450450e-01 9.764530149776685652e-01 -3.997023921270235203e-01
-4.465260995646636033e-01 2.742337879996253891e-01 -1.704745424967252232e-01 3.125543101052792316e-01 -4.761700484889797025e-02 4.805651946927274043e-01 3.125543101052792316e-01 -4.761700484889797025e-02 4.805651946927274043e-01 7.207598875642889924e-01 -1.165468218060639494e+00 4.447083304963506123e-01
3.147208033904697055e-01 9.437651931520907311e-05 2.818792344512740522e-01 -2.842096451462559070e-01 4.983677162647142111e-01 3.216949532197381778e-01 -2.842096451462559070e-01 4.983677162647142111e-01 3.216949532197381778e-01 -3.146264268711544965e-01 5.964112848031133396e-01 -2.817848579319588431e-01
1.984641963412033805e-01 4.723310049609661387e-01 2.170858190004182342e-01 -5.213595987332764192e-02 -1.532726616495730942e-01 2.548744124991737525e-01 -5.213595987332764192e-02 -1.532726616495730942e-01 2.548744124991737525e-01 2.738668086197627582e-01 -5.291119945803106628e-01 2.552451859605479045e-01
2.132450774411425165e-01 -3.000994187781325095e-01 1.744943322217999970e-01 -4.386418134156847559e-01 1.170292517062043736e-02 7.072812986634369192e-02 -4.386418134156847559e-01 1.170292517062043736e-02 7.072812986634369192e-02 -5.133444962192750260e-01 9.879382472192075326e-01 -4.745937509999325066e-01
7.342576323867655574e-02 2.758804472514558848e-01 2.271633371478105623e-01 -1.391324662357743547e-01 -4.317387481295724694e-01 -7.316113821899672409e-03 -1.391324662357743547e-01 -4.317387481295724694e-01 -7.316113821899672409e-03 2.024546840127793290e-01 -2.511717941164246515e-01 4.871711010364532246e-02
4.079088670856311216e-01 -1.493240912103211970e-01 -7.153884890476169822e-02 -2.760850637716198985e-01 4.266352081873145963e-01 -1.975674381736747254e-02 -2.760850637716198985e-01 4.266352081873145963e-01 -1.975674381736747254e-02 -5.572329582959523187e-01 6.350182006015118175e-01 -7.778524230555949881e-02
3.841918446136750598e-01 4.634056589727679754e-01 2.313256239988134011e-01 -1.869176926046826059e-01 1.708062240340860738e-01 3.702031743805166419e-01 -1.869176926046826059e-01 1.708062240340860738e-01 3.702031743805166419e-01 7.921381435909291557e-02 -3.112938493330474898e-01 2.320800349739545743e-01
1.233867039137070964e-02 5.875751472299373113e-02 -1.925290096847472876e-01 3.153078037797253375e-01 -2.685701372772916207e-01 -1.381118929239143478e-01 3.153078037797253375e-01 -2.685701372772916207e-01 -1.381118929239143478e-01 4.641884433162302148e-02 -2.977053687393640402e-01 2.512865244077410187e-01
2.371688453522967643e-01 -2.467701440434983962e-01 1.231255159212585326e-01 4.780983358358373847e-01 -2.758131515645585452e-01 -1.839204034075230254e-01 4.780983358358373847e-01 -2.758131515645585452e-01 -1.839204034075230254e-01 -4.839389893957951605e-01 8.538346493605520893e-01 -3.698956599647569288e-01
-1.311720911815759116e-01 -3.489325585418837639e-01 -9.272374899597157771e-02 1.516720654893268794e-01 -1.036823010133139933e-01 3.637508937659434949e-01 1.516720654893268794e-01 -1.036823010133139933e-01 3.637508937659434949e-01 -2.177604673603078522e-01 4.739692769062200384e-01 -2.562088095459121861e-01
-1.849033488328659658e-01 4.542305470117904420e-01 -2.567976318000227964e-01 4.357699556646329464e-01 -4.884051836956226911e-02 -1.392595353300034589e-01 4.357699556646329464e-01 -4.884051836956226911e-02 -1.392595353300034589e-01 6.391338958446564078e-01 -1.350162074656469535e+00 7.110281788118132384e-01
-1.888112715805890796e-01 6.333723213015474141e-02 -1.370972989595489189e-01 -6.976296873303045043e-02 -1.369360750652635073e-01 3.632789073830409166e-01 -6.976296873303045043e-02 -1.369360750652635073e-01 3.632789073830409166e-01 2.521485037107438210e-01 -4.525830348004474812e-01 2.004345310897036603e-01
-1.454413432496181047e-01 1.606069962778613469e-01 3.591782669574326015e-01 2.814231973329816006e-01 -4.218411500356348265e-01 3.705415558257364461e-01 2.814231973329816006e-01 -4.218411500356348265e-01 3.705415558257364461e-01 3.060483395274794516e-01 -1.074770688479081970e-01 -1.985712706795712545e-01
3.403580131688043187e-01 -4.095528585819334655e-01 -4.560660589802342235e-01 -3.217782988872204264e-01 8.895119017730657163e-02 2.685625361441573711e-01 -3.217782988872204264e-01 8.895119017730657163e-02 2.685625361441573711e-01 -7.499108717507377841e-01 7.033976713524370261e-01 4.651320039830075803e-02
-2.993841914302018958e-01 3.341872197225380647e-01 -3.076400109316546061e-01 -1.466842896185553968e-01 -4.302367038942023214e-02 4.780267545059668777e-02 -1.466842896185553968e-01 -4.302367038942023214e-02 4.780267545059668777e-02 6.335714111527399606e-01 -1.275398641806932520e+00 6.418272306541926708e-01
-4.287171954644543037e-01 4.477493602833599873e-01 -2.756603073901782164e-01 4.871284019579261715e-01 -2.870754617430576472e-01 1.716078370674670728e-01 4.871284019579261715e-01 -2.870754617430576472e-01 1.716078370674670728e-01 8.764665557478142910e-01 -1.599876223421352606e+00 7.234096676735382037e-01
-4.581425780979569984e-01 3.781996519339534402e-01 -3.649008934036389595e-01 1.626654376416781789e-01 1.660260157908639567e-01 -2.970863064384438035e-01 1.626654376416781789e-01 1.660260157908639567e-01 -2.970863064384438035e-01 8.363422300319104385e-01 -1.579442775369502838e+00 7.431005453375923997e-01
3.406308082454442276e-01 -1.963770360475178833e-01 1.694330084009808557e-01 -2.713848851751632374e-03 -2.069471494889655316e-01 2.509038758230121013e-01 -2.713848851751632374e-03 -2.069471494889655316e-01 2.509038758230121013e-01 -5.370078442929621110e-01 9.028178887414608500e-01 -3.658100444484987390e-01
-4.402314738344226264e-01 7.050948406285928449e-02 3.191848568865490732e-01 1.938869507169529438e-01 -2.710294395168612036e-01 -9.328446762194542163e-02 1.938869507169529438e-01 -2.710294395168612036e-01 -9.328446762194542163e-02 5.107409578972819109e-01 -2.620655850735921222e-01 -2.486753728236897887e-01
1.887261618213564862e-01 1.978270927774716803e-01 -3.867389489401984459e-02 -9.407165016937935054e-02 3.031553595254800060e-01 -3.351810400951338309e-03 -9.407165016937935054e-02 3.031553595254800060e-01 -3.351810400951338309e-03 9.100930956115194093e-03 -2.456019186276067190e-01 2.365009876714915249e-01
-5.012104539547168613e-02 4.346727712411951883e-01 3.589646341455668965e-01 2.177925534194801171e-01 4.924681036960415481e-01 1.245622681894694717e-01 2.177925534194801171e-01 4.924681036960415481e-01 1.245622681894694717e-01 4.847938166366668744e-01 -5.605019537322951662e-01 7.570813709562829175e-02
-4.220076606100129357e-01 4.012242152934898387e-01 -7.986515742254929329e-02 3.821622510843569742e-02 2.251086502145411838e-01 6.133809404944579047e-02 3.821622510843569742e-02 2.251086502145411838e-01 6.133809404944579047e-02 8.232318759035027744e-01 -1.304321248619541906e+00 4.810893727160391320e-01
2.035461135923767317e-01 2.146330434067937887e-01 2.827575149451341252e-01 -4.740287655364909813e-01 -4.588271817154970789e-01 -7.234603720458621101e-02 -4.740287655364909813e-01 -4.588271817154970789e-01 -7.234603720458621101e-02 1.108692981441705694e-02 5.703754172392327959e-02 -6.812447153834033653e-02
4.775395164399521830e-01 -9.579381359284100395e-02 2.785062037520442679e-01 -3.055477726613589073e-01 4.289570879160077288e-01 -4.916860275246406342e-01 -3.055477726613589073e-01 4.289570879160077288e-01 -4.916860275246406342e-01 -5.733333300327931870e-01 9.476333473776784588e-01 -3.743000173448852719e-01
-3.089740445349472564e-01 -3.615170555006355091e-01 4.548998094314834484e-01 -3.705431514495952650e-01 -3.899867269485143284e-01 -2.991720997309794683e-01 -3.705431514495952650e-01 -3.899867269485143284e-01 -2.991720997309794683e-01 -5.254301096568825269e-02 8.689598758978072102e-01 -8.164168649321189575e-01
-1.719157948243230649e-01 -4.740145496222579746e-01 3.957837994168015294e-01 -3.155970240539297533e-01 2.640368034344268144e-01 2.616462259881155994e-01 -3.155970240539297533e-01 2.640368034344268144e-01 2.616462259881155994e-01 -3.020987547979349097e-01 1.171897103836994525e+00 -8.697983490390595041e-01
3.365955506049752577e-01 -1.855853630302025659e-01 2.131599264164538710e-01 -2.643875505939263792e-01 -1.380648601407197251e-01 1.945630799709954228e-01 -2.643875505939263792e-01 -1.380648601407197251e-01 1.945630799709954228e-01 -5.221809136351778236e-01 9.209262030818342604e-01 -3.987452894466564368e-01
3.394949978424275372e-01 4.311899254200270981e-01 2.097870132465060600e-01 1.831335802636512300e-01 1.340367029737155047e-02 -4.746977919944194158e-01 1.831335802636512300e-01 1.340367029737155047e-02 -4.746977919944194158e-01 9.169492757759956092e-02 -3.130978397511205991e-01 2.214029121735210381e-01
