2.035291738013881302e-01 7.012915836058808416e-02 1.618978492941987035e-01 3.679244155358020185e-01 -3.709864868931782578e-01 -7.747448006084756145e-02 3.679244155358020185e-01 -3.709864868931782578e-01 -7.747448006084756145e-02 -1.334000154408000460e-01 2.251687063744106654e-01 -9.176869093361061935e-02
-2.142860821766623403e-01 -3.120508462043514175e-02 4.912998320306629640e-01 3.610826925838228618e-02 4.391703515935270197e-01 2.792966783677933718e-01 3.610826925838228618e-02 4.391703515935270197e-01 2.792966783677933718e-01 1.830809975562271985e-01 3.394239190948709073e-01 -5.225049166510981058e-01
-4.277374763650759748e-01 4.778647921830481149e-02 -2.936345660985519856e-01 -1.933681245148246575e-01 -4.164993038358099087e-01 2.259146556517761528e-01 -1.933681245148246575e-01 -4.164993038358099087e-01 2.259146556517761528e-01 4.755239555833807863e-01 -8.169450009002375834e-01 3.414210453168567971e-01
-7.434889878024730780e-02 1.130625951652817207e-01 -5.019099117246739183e-02 2.812908956147245343e-01 -1.396718176125738564e-01 -3.136367419467498419e-01 2.812908956147245343e-01 -1.396718176125738564e-01 -3.136367419467498419e-01 1.874114939455290285e-01 -3.506650802832781411e-01 1.632535863377491125e-01
4.805981690320743072e-01 2.203466348093554572e-01 2.076859606759310362e-01 -1.094440169266513996e-01 -1.014912973552410946e-01 1.551045111654066888e-01 -1.094440169266513996e-01 -1.014912973552410946e-01 1.551045111654066888e-01 -2.602515342227188500e-01 2.475908600892944289e-01 1.266067413342442105e-02
6.445363267748116520e-02 -8.874513169431075266e-02 -2.178162838268626889e-01 -3.951244281279195913e-01 4.063563445357580850e-01 1.457636152215058267e-02 -3.951244281279195913e-01 4.063563445357580850e-01 1.457636152215058267e-02 -1.531987643717919179e-01 2.412761223923998166e-02 1.290711521325519362e-01
-2.973648676944865565e-01 3.432341173942018431e-01 2.127633133975004309e-01 -4.416197998313873274e-01 -3.063456209758979032e-01 3.914378945148324629e-01 -4.416197998313873274e-01 -3.063456209758979032e-01 3.914378945148324629e-01 6.405989850886883996e-01 -7.710697890853898118e-01 1.304708039967014122e-01
4.170287574816973208e-01 7.487932201412828004e-02 -7.878322105836865763e-02 2.911958440705889606e-01 -9.508843837855940340e-02 -8.873669478511847508e-02 2.911958440705889606e-01 -9.508843837855940340e-02 -8.873669478511847508e-02 -3.421494354675690408e-01 1.884868923950721031e-01 1.536625430724969377e-01
3.017164924396672498e-01 -1.144985288765956177e-01 4.994242698136769354e-01 3.721912979060200133e-01 -4.968710328731317238e-01 -3.158727715473061970e-01 3.721912979060200133e-01 -4.968710328731317238e-01 -3.158727715473061970e-01 -4.162150213162628676e-01 1.030137820006535421e+00 -6.139227986902725531e-01
2.066177648597785632e-01 -2.432421698954694289e-01 3.059745150764678900e-01 -1.322786346699708071e-01 2.315530122796959356e-01 4.547237903544011361e-01 -1.322786346699708071e-01 2.315530122796959356e-01 4.547237903544011361e-01 -4.498599347552479921e-01 9.990766197271853111e-01 -5.492166849719373189e-01
2.148730318394043159e-02 4.801210231743340273e-01 3.477543453267875062e-01 1.033081032858059745e-01 3.963836201412375138e-01 -4.475270262839337043e-02 1.033081032858059745e-01 3.963836201412375138e-01 -4.475270262839337043e-02 4.586337199903935957e-01 -5.910003978379401168e-01 1.323666778475465211e-01
4.233154819848048422e-01 -2.574881317995734165e-01 -2.189742064651979403e-01 -1.338047247224553038e-01 1.262986692359280294e-02 2.207934973565678360e-01 -1.338047247224553038e-01 1.262986692359280294e-02 2.207934973565678360e-01 -6.808036137843782587e-01 7.193175391187537349e-01 -3.851392533437547616e-02
-1.861473932220776284e-01 -3.875361368413487995e-02 2.541421385831365010e-01 1.662717257494396028e-01 2.502722483316837110e-01 -1.395825210963899110e-01 1.662717257494396028e-01 2.502722483316837110e-01 -1.395825210963899110e-01 1.473937795379427484e-01 1.455019727293286325e-01 -2.928957522672713809e-01
3.858316044330558636e-01 -3.583774087995432733e-01 -3.172961155628140073e-01 -2.991206483926232007e-01 3.796665493338983177e-01 -3.577000101091879491e-01 -2.991206483926232007e-01 3.796665493338983177e-01 -3.577000101091879491e-01 -7.442090132325991370e-01 7.852903064693284030e-01 -4.108129323672926603e-02
-7.586773125353163394e-04 4.361818753885302602e-01 2.276083200450768063e-01 4.752232610115405542e-01 1.956065008160783325e-01 -2.238193447694519778e-01 4.752232610115405542e-01 1.956065008160783325e-01 -2.238193447694519778e-01 4.369405527010655765e-01 -6.455141080445190305e-01 2.085735553434534539e-01
-3.003666713517753051e-01 -4.907216439682359210e-01 -2.569454025352612137e-01 -4.193673859889949229e-01 2.036982141096715937e-01 3.351022836857223686e-01 -4.193673859889949229e-01 2.036982141096715937e-01 3.351022836857223686e-01 -1.903549726164606160e-01 4.241312140494353233e-01 -2.337762414329747074e-01
3.957552492342386596e-02 1.826106710003283506e-01 3.623799493147277229e-01 -3.871750659255416283e-01 -4.065391314923870736e-01 2.119538956717516021e-01 -3.871750659255416283e-01 -4.065391314923870736e-01 2.119538956717516021e-01 1.430351460769044847e-01 3.673413223749488754e-02 -1.797692783143993722e-01
-9.438981312543637259e-02 2.788105765500048516e-01 -4.411880312412790328e-01 -1.637685135365118949e-02 8.609145554608632622e-02 2.154024455844695263e-01 -1.637685135365118949e-02 8.609145554608632622e-02 2.154024455844695263e-01 3.732003896754412242e-01 -1.093198997466725109e+00 7.199986077912838844e-01
-9.543202746154733074e-02 -3.528821021359848098e-01 -6.459890374919585732e-02 3.121923594699043125e-01 4.048015812504575095e-01 -1.495796687517456647e-01 3.121923594699043125e-01 4.048015812504575095e-01 -1.495796687517456647e-01 -2.574500746744374791e-01 5.457332730612264315e-01 -2.882831983867889525e-01
4.191908277107188052e-01 1.102768422431018580e-01 -2.296390847720042316e-01 1.595955618190428860e-01 -3.674811517977294439e-02 4.184975306805496231e-01 1.595955618190428860e-01 -3.674811517977294439e-02 4.184975306805496231e-01 -3.089139854676169472e-01 -3.100194154748914244e-02 3.399159270151060896e-01
-1.248772375042260796e-01 2.697313734212151148e-01 3.162364799431581774e-01 8.124501336450973277e-02 3.870482926845291161e-01 -1.529815097257083423e-01 8.124501336450973277e-02 3.870482926845291161e-01 -1.529815097257083423e-01 3.946086109254411944e-01 -3.481035044034981318e-01 -4.650510652194306260e-02
4.368207853137723307e-01 2.821861842688065947e-01 -5.448660892817080992e-02 -1.674858237371679159e-01 2.816746183544709403e-01 2.365655385476390649e-01 -1.674858237371679159e-01 2.816746183544709403e-01 2.365655385476390649e-01 -1.546346010449657360e-01 -1.820381921520116686e-01 3.366727931969774046e-01
-1.771249391746010371e-01 1.835488831150342559e-01 -1.948652302586240115e-02 -2.342736684029615990e-01 -2.349636997420793127e-01 1.187464020847450730e-02 -2.342736684029615990e-01 -2.349636997420793127e-01 1.187464020847450730e-02 3.606738222896352930e-01 -5.637092284305319501e-01 2.030354061408966571e-01
2.553393239736134745e-01 2.259258494188520761e-02 1.139227665971795922e-01 1.776963164456052402e-01 2.187597797217777362e-01 3.953273679253535011e-01 1.776963164456052402e-01 2.187597797217777362e-01 3.953273679253535011e-01 -2.327467390317282669e-01 3.240769206870226515e-01 -9.133018165529438459e-02
-3.213820648411476188e-01 4.787445306016032687e-01 -4.112023264323236837e-01 3.949374569844144034e-02 3.158065210960787628e-01 -3.446213158641889818e-01 3.949374569844144034e-02 3.158065210960787628e-01 -3.446213158641889818e-01 8.001265954427508875e-01 -1.690073452476677840e+00 8.899468570339269524e-01
2.431063070789671876e-01 -2.001959840374145649e-01 7.650421049942046636e-02 6.651233446370652391e-02 -4.095062659882087175e-01 -2.686648422075811338e-01 6.651233446370652391e-02 -4.095062659882087175e-01 -2.686648422075811338e-01 -4.433022911163817525e-01 7.200024856532167838e-01 -2.767001945368350313e-01
4.171927061604334686e-01 -9.999694131252967466e-02 1.273003829302339351e-01 1.879085759420299206e-01 1.564850894586872210e-01 3.538045911629332796e-01 1.879085759420299206e-01 1.564850894586872210e-01 3.538045911629332796e-01 -5.171896474729631432e-01 7.444869717157267530e-01 -2.272973242427636098e-01
2.073137705949390508e-02 1.673253631700454269e-01 2.562098031386973451e-01 2.176143882874023161e-01 -3.944776477623931354e-01 2.880887482979848091e-01 2.176143882874023161e-01 -3.944776477623931354e-01 2.880887482979848091e-01 1.465939861105515218e-01 -5.770954614189960363e-02 -8.888443996865191821e-02
4.382614131149742409e-01 2.632040319587910515e-01 1.348419464365054887e-01 4.672590224267059167e-02 2.731741304949335536e-01 2.186572590513347070e-02 4.672590224267059167e-02 2.731741304949335536e-01 2.186572590513347070e-02 -1.750573811561831894e-01 4.669529563389762661e-02 1.283620855222855628e-01
-2.989049248023190053e-01 2.032706986407313288e-01 3.896372612506384669e-01 -3.074995629254255736e-01 2.468354747179288822e-01 3.243850259488615384e-01 -3.074995629254255736e-01 2.468354747179288822e-01 3.243850259488615384e-01 5.021756234430503341e-01 -3.158090608331431959e-01 -1.863665626099071382e-01
3.608319232256966824e-01 -2.891636721231901630e-01 -2.926009873852408738e-01 -2.262074041108439459e-01 -3.148054783031540849e-01 9.660534548098154151e-02 -2.262074041108439459e-01 -3.148054783031540849e-01 9.660534548098154151e-02 -6.499955953488868454e-01 6.465582800868361346e-01 3.437315262050710807e-03
9.151183041520860595e-02 2.817562362357109995e-01 3.991041052627514185e-01 3.748585079275187359e-01 3.231068031491109993e-01 -2.693569432720512857e-01 3.748585079275187359e-01 3.231068031491109993e-01 -2.693569432720512857e-01 1.902444058205023936e-01 -7.289653679346197457e-02 -1.173478690270404190e-01
-2.568843246865915031e-01 -3.301628986447717740e-01 -4.762180044130041034e-01 2.175560127129799737e-01 3.076653684886391238e-01 9.074057843021410275e-02 2.175560127129799737e-01 3.076653684886391238e-01 9.074057843021410275e-02 -7.327857395818027086e-02 -7.277653181005205862e-02 1.460551057682323295e-01
2.308818114469667337e-01 -4.423210816309636195e-01 -4.199421203707328631e-01 -4.565298446548623490e-01 2.065734002314133511e-01 7.319405942256795861e-02 -4.565298446548623490e-01 2.065734002314133511e-01 7.319405942256795861e-02 -6.732028930779303533e-01 6.955818543381611097e-01 -2.237896126023075638e-02
-1.043625248895184709e-01 3.970360132931571862e-02 -2.731612986649156749e-02 -4.461099495750595612e-01 -2.678621372351924768e-01 -4.586740077347267741e-01 -4.461099495750595612e-01 -2.678621372351924768e-01 -4.586740077347267741e-01 1.440661262188341896e-01 -2.110858574146414757e-01 6.701973119580728611e-02
8.957780355997102539e-02 -2.498370109521717009e-01 3.841000710415007902e-01 -3.119410779053687355e-01 2.132740905911548746e-01 2.167910005337359003e-02 -3.119410779053687355e-01 2.132740905911548746e-01 2.167910005337359003e-02 -3.394148145121427262e-01 9.733518965058152173e-01 -6.339370819936724910e-01
-2.552804523236508194e-01 -2.496642576297946059e-01 1.786743079642399978e-01 -3.658871837489602319e-01 -4.779784946802031476e-01 -2.101823349681632980e-01 -3.658871837489602319e-01 -4.779784946802031476e-01 -2.101823349681632980e-01 5.616194693856213505e-03 4.227223709001783902e-01 -4.283385655940346037e-01
3.939427440668856750e-01 4.329069312668440972e-01 -3.264203718679987709e-01 -3.125409590543775096e-01 3.369574135362580769e-01 -2.823830280884238597e-01 -3.125409590543775096e-01 3.369574135362580769e-01 -2.823830280884238597e-01 3.896418719995842217e-02 -7.982914903348012903e-01 7.593273031348428681e-01
4.095408165834650838e-01 2.060461076170944095e-01 1.051815880058107888e-01 1.795949755829191474e-01 -2.601877685828221098e-01 -2.188760847926966013e-01 1.795949755829191474e-01 -2.601877685828221098e-01 -2.188760847926966013e-01 -2.034947089663706743e-01 1.026301893550870536e-01 1.008645196112836206e-01
-3.578889145454614562e-01 -1.309089387460895537e-01 -3.586902031490353249e-01 3.506762111363037615e-01 -4.032253009919226638e-01 -3.251046955249148329e-02 3.506762111363037615e-01 -4.032253009919226638e-01 -3.251046955249148329e-02 2.269799757993719025e-01 -4.547612402023176736e-01 2.277812644029457712e-01
3.181227868615793541e-01 3.163046245172818072e-01 3.069753193858525409e-01 -4.589342084285119583e-02 -1.905990760350462221e-02 -1.176142680069195423e-01 -4.589342084285119583e-02 -1.905990760350462221e-02 -1.176142680069195423e-01 -1.818162344297546973e-03 -7.511142787131719345e-03 9.329305131429266318e-03
4.372678541513672634e-01 4.456485814705833937e-01 -1.054336418146359922e-01 3.554546546431747167e-02 -3.116724090968804317e-01 -9.575815471682036506e-02 3.554546546431747167e-02 -3.116724090968804317e-01 -9.575815471682036506e-02 8.380727319216130233e-03 -5.594629506044355161e-01 5.510822232852193858e-01
-2.813563445620012038e-01 -3.920369365072832180e-01 -4.268002098591294757e-02 -4.055381505770123685e-01 -3.344830700256657963e-01 2.540975724847660544e-02 -4.055381505770123685e-01 -3.344830700256657963e-01 2.540975724847660544e-02 -1.106805919452820142e-01 4.600375074666522845e-01 -3.493569155213702704e-01
3.011564316956859555e-01 8.659780364028457633e-02 -1.841878058549354380e-01 -1.196057381061893521e-01 1.063001423736605888e-01 -9.797278327836778100e-02 -1.196057381061893521e-01 1.063001423736605888e-01 -9.797278327836778100e-02 -2.145586280554013792e-01 -5.622698143981863517e-02 2.707856094952200143e-01
2.775255130659097791e-01 2.024998530848357570e-01 9.981183274629579216e-02 -3.554080806521203728e-01 -3.882491502988610899e-01 8.710206300301170934e-02 -3.554080806521203728e-01 -3.882491502988610899e-01 8.710206300301170934e-02 -7.502565998107402212e-02 -2.766236035746594268e-02 1.026880203385399648e-01
9.175169306764219268e-02 -9.295321050339244717e-02 -2.503900050631535645e-02 3.627375992605404997e-01 1.966669153053079988e-02 4.488226647536639469e-01 3.627375992605404997e-01 1.966669153053079988e-02 4.488226647536639469e-01 -1.847049035710346399e-01 2.526191135681117306e-01 -6.791420999707709072e-02
-2.772290965675335839e-01 2.746238279667729820e-01 -8.165873116722988101e-02 3.623254795864836453e-01 -6.920196404027878501e-02 2.838282720733740216e-01 3.623254795864836453e-01 -6.920196404027878501e-02 2.838282720733740216e-01 5.518529245343065659e-01 -9.081354836683094289e-01 3.562825591340028630e-01
4.239249413012280421e-02 -3.136189906049478004e-01 9.969276709705399142e-02 -4.276916024750198053e-01 -2.310235881927831247e-01 1.503637845692840092e-01 -4.276916024750198053e-01 -2.310235881927831247e-01 1.503637845692840092e-01 -3.560114847350706047e-01 7.693232424370723965e-01 -4.133117577020017919e-01
-4.771330500303231359e-01 1.638663654225596122e-01 3.325389350755181272e-01 1.676764577780599508e-01 -4.822074990406708395e-01 -4.743553071327043513e-01 1.676764577780599508e-01 -4.822074990406708395e-01 -4.743553071327043513e-01 6.409994154528827481e-01 -4.723268457999242331e-01 -1.686725696529585150e-01
-1.309600035319778977e-01 -3.084832945621918121e-02 -2.326837378892502306e-01 3.011543719018672238e-02 -3.600288556959130304e-02 4.191826848976342168e-01 3.011543719018672238e-02 -3.600288556959130304e-02 4.191826848976342168e-01 1.001116740757587165e-01 -3.019470825087897659e-01 2.018354084330310494e-01
-3.612308430453272656e-01 -4.999384799133804735e-01 -4.415126129156803358e-01 -3.408115806055649344e-01 -8.901630701551488389e-02 3.180680012038021864e-01 -3.408115806055649344e-01 -8.901630701551488389e-02 3.180680012038021864e-01 -1.387076368680532079e-01 1.971335038657533456e-01 -5.842586699770013769e-02
-5.013942320334718872e-02 -1.254208125170853672e-01 -2.749524444555366820e-01 -4.058989757301859624e-01 -4.139216873187682166e-01 3.118885476616476415e-01 -4.058989757301859624e-01 -4.139216873187682166e-01 3.118885476616476415e-01 -7.528138931373817844e-02 -7.425024262471313641e-02 1.495316319384513148e-01
-4.216846449862342583e-01 -3.909675867489079693e-01 4.846413141708303396e-01 -3.423024337963301855e-01 -2.565668497447074481e-01 -4.251613631854425090e-01 -3.423024337963301855e-01 -2.565668497447074481e-01 -4.251613631854425090e-01 3.071705823732628904e-02 8.448918426824120198e-01 -8.756089009197383088e-01
6.018562230205704022e-02 9.291198733110928032e-02 -2.434261059983440223e-01 4.229615927628826988e-03 -1.707712543910294700e-01 2.333405014680131062e-01 4.229615927628826988e-03 -1.707712543910294700e-01 2.333405014680131062e-01 3.272636502905224010e-02 -3.690644583585055427e-01 3.363380933294533026e-01
-2.814413243739217751e-01 4.318941460458349813e-01 4.968835728060574386e-01 -4.401113179530435904e-01 -1.074021725675576855e-01 -2.704156861379315435e-01 -4.401113179530435904e-01 -1.074021725675576855e-01 -2.704156861379315435e-01 7.133354704197567564e-01 -6.483460436595342991e-01 -6.498942676022245735e-02
1.799837584932987289e-01 4.045031376388682487e-01 2.215506600753239796e-01 -1.613716190698901709e-01 -1.521473477729462509e-02 3.987873119802716193e-01 -1.613716190698901709e-01 -1.521473477729462509e-02 3.987873119802716193e-01 2.245193791455695198e-01 -4.074718567091137889e-01 1.829524775635442690e-01
2.130764497238736288e-01 3.910259857008049345e-01 -1.087391395949379724e-01 -3.257009642823788242e-01 -2.002590778812559646e-01 -1.406174711712582237e-02 -3.257009642823788242e-01 -2.002590778812559646e-01 -1.406174711712582237e-02 1.779495359769313056e-01 -6.777146612726742125e-01 4.997651252957429069e-01
-3.005112948472509204e-01 -6.542919043675454738e-02 -3.838271841326471590e-01 4.240006003484407815e-01 -4.497042216359126154e-02 -1.213246776830670948e-01 4.240006003484407815e-01 -4.497042216359126154e-02 -1.213246776830670948e-01 2.350821044104963731e-01 -5.534800981063889846e-01 3.183979936958926116e-01
-3.144576273143258049e-01 -4.000691043298080229e-01 -2.103760656379545235e-01 7.312773131078775801e-02 -2.844315116618439943e-01 4.292421882114744180e-01 7.312773131078775801e-02 -2.844315116618439943e-01 4.292421882114744180e-01 -8.561147701548221800e-02 2.753045157073357174e-01 -1.896930386918534994e-01
1.858409594184329272e-01 2.280632388035496172e-01 -2.668926821414630002e-02 -3.520073966330922177e-01 -2.538033645221133838e-01 2.993509830646612357e-01 -3.520073966330922177e-01 -2.538033645221133838e-01 2.993509830646612357e-01 4.222227938511668999e-02 -2.969747864028126072e-01 2.547525070176959172e-01
-2.036209544046022613e-01 7.837500371015870826e-02 4.678197627314295559e-01 4.597926583084580576e-01 3.979807425817161182e-02 -2.920718717324807256e-01 4.597926583084580576e-01 3.979807425817161182e-02 -2.920718717324807256e-01 2.819959581147609695e-01 1.074488009065098781e-01 -3.894447590212708477e-01
1.668989729196366234e-01 -1.466233088249511152e-01 4.077357143018821573e-01 -1.060342850402173909e-02 -4.339636980352818973e-01 -1.142059123796003162e-01 -1.060342850402173909e-02 -4.339636980352818973e-01 -1.142059123796003162e-01 -3.135222817445877386e-01 8.678813048714210110e-01 -5.543590231268332724e-01
1.747040432734930926e-01 -1.602234957503889667e-03 -3.676963134287745127e-01 -2.929290370151493850e-01 8.054329436594920288e-02 3.106948220077475620e-01 -2.929290370151493850e-01 8.054329436594920288e-02 3.106948220077475620e-01 -1.763062782309969823e-01 -1.897878002402736408e-01 3.660940784712706231e-01
1.493426065197037689e-01 -4.176333153980918977e-01 5.180784217811951198e-02 -2.603652757853796018e-01 -4.556278653191357941e-01 4.677103121584524903e-01 -2.603652757853796018e-01 -4.556278653191357941e-01 4.677103121584524903e-01 -5.669759219177956666e-01 1.036417079494007076e+00 -4.694411575762114097e-01
-2.724546563203075200e-01 9.452551581648660495e-02 2.183911949387834506e-01 1.085913551010443401e-01 -4.833284765382878101e-01 -4.195840998058036897e-01 1.085913551010443401e-01 -4.833284765382878101e-01 -4.195840998058036897e-01 3.669801721367941250e-01 -2.431144930144972793e-01 -1.238656791222968456e-01
6.950850212114401128e-02 1.579425698668646127e-01 8.746517776066042860e-02 4.699023841591069006e-01 -4.414647730025530459e-01 1.429570852513525336e-01 4.699023841591069006e-01 -4.414647730025530459e-01 1.429570852513525336e-01 8.843406774572060147e-02 -1.589114598519247856e-01 7.047739210620418415e-02
2.330535860956672867e-02 3.619670851406233680e-01 -2.242401572961858491e-01 -1.930311060438119064e-01 3.343847515046958208e-01 -3.669298020917349801e-01 -1.930311060438119064e-01 3.343847515046958208e-01 -3.669298020917349801e-01 3.386617265310566394e-01 -9.248689689678658565e-01 5.862072424368092172e-01
-1.139690678473082031e-01 3.151141120047569189e-01 2.210059788264789882e-01 -3.656430304738251813e-01 2.921918374240436433e-01 4.384764262097081700e-01 -3.656430304738251813e-01 2.921918374240436433e-01 4.384764262097081700e-01 4.290831798520651219e-01 -5.231913130303430526e-01 9.410813317827793067e-02
3.130714807282639622e-01 -1.017050393782192863e-03 -9.229966146927748305e-02 6.835643394416157648e-02 2.592410240697573531e-02 -1.639701833187610092e-01 6.835643394416157648e-02 2.592410240697573531e-02 -1.639701833187610092e-01 -3.140885311220461551e-01 2.228059200465508649e-01 9.128261107549529019e-02
2.640672278597744338e-02 -1.509965066351958152e-01 -2.423109336187549978e-01 2.596127562735306427e-02 9.234850429710739217e-02 4.753645797032109988e-01 2.596127562735306427e-02 9.234850429710739217e-02 4.753645797032109988e-01 -1.774032294211732586e-01 8.608880243761407591e-02 9.131442698355918264e-02
-2.310184982637286666e-02 -3.422925710469414406e-01 -1.068137686401608999e-01 -2.648972228281475383e-01 4.003721095011147924e-02 1.665620496016957386e-01 -2.648972228281475383e-01 4.003721095011147924e-02 1.665620496016957386e-01 -3.191907212205685740e-01 5.546695236273491147e-01 -2.354788024067805408e-01
2.153386979901510401e-01 -3.029224851856235912e-01 1.382023067310869102e-01 -4.488300916105673055e-01 4.362189311306416961e-01 -3.405555617672358926e-01 -4.488300916105673055e-01 4.362189311306416961e-01 -3.405555617672358926e-01 -5.182611831757746312e-01 9.593859750924851326e-01 -4.411247919167105014e-01
-3.639202978943003597e-01 8.376144129259133209e-03 -1.165464486616942796e-01 -3.802909692694650401e-01 -2.770474534899292074e-01 -2.924131850736206850e-01 -3.802909692694650401e-01 -2.770474534899292074e-01 -2.924131850736206850e-01 3.722964420235594929e-01 -4.972190348145129057e-01 1.249225927909534128e-01
-2.963799689672397264e-01 1.076759126728146221e-01 -4.963694651473481434e-01 -1.899626050540336175e-01 -7.602253774186251700e-02 -6.392439364815594161e-03 -1.899626050540336175e-01 -7.602253774186251700e-02 -6.392439364815594161e-03 4.040558816400543485e-01 -1.008101259460217225e+00 6.040453778201627655e-01
4.455174169762406988e-01 -1.817541573151193468e-02 9.565524382062973174e-02 -3.804414112194841602e-01 3.116780325185241063e-01 -5.307020794066863445e-02 -3.804414112194841602e-01 3.116780325185241063e-01 -5.307020794066863445e-02 -4.636928327077526335e-01 5.775234922598942999e-01 -1.138306595521416664e-01
4.770669995397873731e-01 3.013916493107824390e-01 3.581336487021067327e-01 3.573547992409168428e-01 3.567425728424996612e-01 2.107400786980634377e-01 3.573547992409168428e-01 3.567425728424996612e-01 2.107400786980634377e-01 -1.756753502290049340e-01 2.324173496203292277e-01 -5.674199939132429371e-02
3.082776375457503271e-01 3.735261467151290704e-01 4.831802684983929064e-01 -3.329777490150827024e-01 -1.960722819296151220e-01 -1.926658918712952362e-01 -3.329777490150827024e-01 -1.960722819296151220e-01 -1.926658918712952362e-01 6.524850916937874334e-02 4.440561261388509262e-02 -1.096541217832638360e-01
-3.906266073129921468e-01 -1.364919621768411195e-01 -1.729460579206426596e-01 -4.948508373489095558e-01 4.019424927985522089e-01 -4.442660137659191211e-01 -4.948508373489095558e-01 4.019424927985522089e-01 -4.442660137659191211e-01 2.541346451361510272e-01 -2.905887408799525673e-01 3.645409574380154005e-02
1.228254350977118214e-01 1.903410191877454860e-01 -5.297068395896131765e-02 1.091771695729061298e-01 3.529775532549768169e-01 1.984330966325343892e-01 1.091771695729061298e-01 3.529775532549768169e-01 1.984330966325343892e-01 6.751558409003366457e-02 -3.108272872367404682e-01 2.433117031467068037e-01
4.525111535091707049e-01 4.942348520982110527e-01 3.680005424491800126e-01 -3.342691848608053684e-01 -2.159588752664569622e-01 1.635870013617649610e-01 -3.342691848608053684e-01 -2.159588752664569622e-01 1.635870013617649610e-01 4.172369858904034778e-02 -1.679580082380713879e-01 1.262343096490310401e-01
4.607473653042137851e-02 7.033101970937205571e-03 2.053986230331483753e-03 -4.055252498747995427e-01 -3.445302805460044304e-01 -2.992259604335346657e-01 -4.055252498747995427e-01 -3.445302805460044304e-01 -2.992259604335346657e-01 -3.904163455948417294e-02 3.406251881887845112e-02 4.979115740605721818e-03
-1.328415833221671116e-01 4.880383953483654613e-01 1.500578690878873189e-01 -1.953146940318029046e-01 3.920828288048865407e-01 -4.632734967597710307e-01 -1.953146940318029046e-01 3.920828288048865407e-01 -4.632734967597710307e-01 6.208799786705325729e-01 -9.588605049310107153e-01 3.379805262604781424e-01
-4.581755759042881460e-01 1.583221858737171583e-02 -2.518042545252778819e-01 4.858483993964559655e-01 -4.541126707247978844e-01 4.547755529935583185e-01 4.858483993964559655e-01 -4.541126707247978844e-01 4.547755529935583185e-01 4.740077944916598618e-01 -7.416442676043094595e-01 2.676364731126495977e-01
-4.831565914589752708e-01 -2.521142141179166796e-02 4.742643351988795608e-01 3.400226418419693974e-02 6.423821643730998066e-02 -4.760270738567740079e-01 3.400226418419693974e-02 6.423821643730998066e-02 -4.760270738567740079e-01 4.579451700471836029e-01 4.153058656348762590e-02 -4.994757566106712288e-01
5.372736204045081010e-02 -1.530737780112213509e-01 -4.902334664959607791e-01 3.977205516068375024e-01 -2.632791512574528259e-01 1.644008275020866217e-01 3.977205516068375024e-01 -2.632791512574528259e-01 1.644008275020866217e-01 -2.068011400516721610e-01 -1.303585484330672672e-01 3.371596884847394282e-01
7.269745583854558824e-02 -1.721705450866648501e-01 3.723347106665439998e-01 3.093943100325674544e-01 -4.536852973457757843e-01 3.761497725147356919e-01 3.093943100325674544e-01 -4.536852973457757843e-01 3.761497725147356919e-01 -2.448680009252104384e-01 7.893732566784192883e-01 -5.445052557532088500e-01
-4.390880085269279753e-01 -1.181340181727046357e-01 4.537694367308346965e-01 -4.066591102158507720e-01 -3.171026798459009033e-02 2.182559986441665600e-01 -4.066591102158507720e-01 -3.171026798459009033e-02 2.182559986441665600e-01 3.209539903542233397e-01 2.509494645493159926e-01 -5.719034549035393322e-01
-9.166718248455141271e-02 -3.707299962482789590e-01 -2.568634449084391536e-01 2.289774795816029718e-01 2.387247025490064622e-01 -4.664099683038145372e-01 2.289774795816029718e-01 2.387247025490064622e-01 -4.664099683038145372e-01 -2.790628137637275463e-01 3.929293651035673518e-01 -1.138665513398398055e-01
2.108269331707327554e-01 3.991442637198168164e-01 -3.102346277061325264e-01 3.166548122468021420e-01 -1.673708222887986263e-01 -1.285819178073823732e-01 3.166548122468021420e-01 -1.673708222887986263e-01 -1.285819178073823732e-01 1.883173305490840610e-01 -8.976962219750334038e-01 7.093788914259493428e-01
4.896734509956901515e-02 -2.722674428335429830e-01 3.334839455635640881e-02 -3.169294158700466379e-01 2.108660887508516657e-01 -6.484050269913010922e-02 -3.169294158700466379e-01 2.108660887508516657e-01 -6.484050269913010922e-02 -3.212347879331119982e-01 6.268506253230113900e-01 -3.056158373898993919e-01
1.037619111162790819e-01 -4.406459866085021826e-02 4.023151786183000178e-01 -1.328629540771064654e-04 -2.533490454159231797e-01 -2.472361053267913000e-01 -1.328629540771064654e-04 -2.533490454159231797e-01 -2.472361053267913000e-01 -1.478265097771293002e-01 5.942062870562795363e-01 -4.463797772791502361e-01
-4.062354154997310784e-01 -1.404912212106379510e-02 4.800847857239256555e-01 1.779712840170570853e-01 4.197403520788687281e-01 2.235340380601836818e-01 1.779712840170570853e-01 4.197403520788687281e-01 2.235340380601836818e-01 3.921862933786672833e-01 1.019476144663221673e-01 -4.941339078449894506e-01
-4.970080304470803068e-01 -7.053847705227578313e-02 3.399914833269785941e-01 6.989819204076175296e-02 -2.023762530928462366e-01 -2.073336371230386499e-01 6.989819204076175296e-02 -2.023762530928462366e-01 -2.073336371230386499e-01 4.264695533948045236e-01 -1.593959301555014640e-02 -4.105299603792543772e-01
-1.899405121316486422e-01 -1.270642751443115115e-01 -9.204298271484090410e-02 3.194926458728107876e-01 -3.123930518353188468e-01 6.010795467821761218e-02 3.194926458728107876e-01 -3.123930518353188468e-01 6.010795467821761218e-02 6.287623698733713073e-02 -2.785494455786652335e-02 -3.502129242947060739e-02
-8.149181948954753452e-02 -4.915932245192019545e-01 -9.350958442788437353e-02 8.902981363553552629e-02 -2.361507923132222242e-02 4.425480862625561507e-01 8.902981363553552629e-02 -2.361507923132222242e-02 4.425480862625561507e-01 -4.101014050296544200e-01 8.081850451209720010e-01 -3.980836400913175810e-01
-7.269667657853606801e-02 1.654295069404354557e-02 -2.469262548547512814e-03 4.659951257503706090e-01 -1.212658779311870383e-01 3.213304505962377711e-01 4.659951257503706090e-01 -1.212658779311870383e-01 3.213304505962377711e-01 8.923962727257961358e-02 -1.082518405151706720e-01 1.901221324259105838e-02
3.785590855326590454e-01 -1.201586932974870736e-01 -1.348117651455702504e-01 3.559835397163146897e-02 3.492368944527347585e-01 6.040567359717874396e-02 3.559835397163146897e-02 3.492368944527347585e-01 6.040567359717874396e-02 -4.987177788301461190e-01 4.840647069820629422e-01 1.465307184808317675e-02
3.154673463334394246e-01 1.740856831666198756e-01 3.773072117471485409e-01 8.543371558436474444e-02 4.160245527164524448e-01 6.492773188891676206e-02 8.543371558436474444e-02 4.160245527164524448e-01 6.492773188891676206e-02 -1.413816631668195489e-01 3.446031917473482142e-01 -2.032215285805286653e-01
-3.969459481538766266e-01 -2.880911845965430373e-01 2.400737895809333944e-01 2.329031453826760911e-01 -2.193264645908061805e-01 -9.998067280892297681e-02 2.329031453826760911e-01 -2.193264645908061805e-01 -9.998067280892297681e-02 1.088547635573335892e-01 4.193102106201428425e-01 -5.281649741774764317e-01
-3.604071504313116625e-01 1.117153228984614222e-01 4.273584705668265205e-02 5.568240307333283123e-02 -2.304090320035991901e-01 1.906583912108572587e-01 5.568240307333283123e-02 -2.304090320035991901e-01 1.906583912108572587e-01 4.721224733297730847e-01 -5.411019491715518548e-01 6.897947584177877012e-02
-3.989087031093295765e-01 4.229948130350965618e-01 -4.964196657884943908e-01 -3.217316211244138913e-01 -8.158782935210329157e-02 2.184935130290139860e-01 -3.217316211244138913e-01 -8.158782935210329157e-02 2.184935130290139860e-01 8.219035161444261384e-01 -1.741317994968017091e+00 9.194144788235909527e-01
-4.663865009974643705e-02 1.107437472227578157e-01 -1.412644437568160161e-01 -1.129989602777659030e-01 -2.755297276461744493e-01 3.908712699586885941e-01 -1.129989602777659030e-01 -2.755297276461744493e-01 3.908712699586885941e-01 1.573823973225042527e-01 -4.093905883020780845e-01 2.520081909795738317e-01
5.297947492114463142e-02 -4.217112525716822935e-01 2.902356947031233814e-01 3.897217034019843096e-01 -4.914758737754543194e-02 -4.574478491217207621e-01 3.897217034019843096e-01 -4.914758737754543194e-02 -4.574478491217207621e-01 -4.746907274928269249e-01 1.186637674767632600e+00 -7.119469472748056749e-01
