3.638367270431518419e-01 -2.174721287687785276e-01 -6.675844532584562785e-02 -3.462614606645811888e-01 -4.161804166070183220e-01 -3.204341337500883347e-01 -3.462614606645811888e-01 -4.161804166070183220e-01 -3.204341337500883347e-01 -5.813088558119303695e-01 7.320225392548632692e-01 -1.507136834429328998e-01
4.969130231917586737e-01 -2.998262688456654335e-01 -1.687710601140560707e-01 3.318909289670524121e-02 1.134627744128414717e-01 3.346686377519152433e-01 3.318909289670524121e-02 1.134627744128414717e-01 3.346686377519152433e-01 -7.967392920374241072e-01 9.277945007690334700e-01 -1.310552087316093628e-01
2.166839523021432123e-01 -2.474989025561334932e-01 3.414352649802814277e-01 -4.132148591372438728e-01 -2.510389479667043400e-01 3.321000717512482270e-01 -4.132148591372438728e-01 -2.510389479667043400e-01 3.321000717512482270e-01 -4.641828548582767056e-01 1.053117022394691737e+00 -5.889341675364149209e-01
1.596387129554248663e-01 1.101603011595380099e-01 -2.074082291081617013e-01 -1.830156030943188572e-01 1.380290174674014825e-01 -4.858195717397446600e-01 -1.830156030943188572e-01 1.380290174674014825e-01 -4.858195717397446600e-01 -4.947841179588685634e-02 -2.680901184718128549e-01 3.175685302676997113e-01
-4.880236425779254095e-01 2.762020053728750923e-01 4.243919852863902165e-01 -3.493505826960929816e-01 4.548423989033263393e-01 -2.468081615711752441e-01 -3.493505826960929816e-01 4.548423989033263393e-01 -2.468081615711752441e-01 7.642256479508005018e-01 -6.160356680372853777e-01 -1.481899799135151241e-01
-2.272542933242197583e-01 -1.351170359687841049e-01 -4.857714948807971833e-01 -1.733223621932596936e-01 -4.432710294876162083e-01 -6.787227374719728701e-02 -1.733223621932596936e-01 -4.432710294876162083e-01 -6.787227374719728701e-02 9.213725735543565332e-02 -4.427917162674487317e-01 3.506544589120130784e-01
-8.046582206636676560e-04 1.453981556959499377e-01 -1.710346731845618917e-01 4.909147504142384877e-01 4.374652308733175676e-01 4.984595082913045871e-02 4.909147504142384877e-01 4.374652308733175676e-01 4.984595082913045871e-02 1.462028139166136054e-01 -4.626356427971254348e-01 3.164328288805118294e-01
-7.499712275185621557e-02 -1.635020869253197562e-01 3.034485869220800991e-01 -8.469966500771541895e-02 -3.924138722303733839e-01 1.895206610324013941e-01 -8.469966500771541895e-02 -3.924138722303733839e-01 1.895206610324013941e-01 -8.850496417346354061e-02 5.554556380208633959e-01 -4.669506738473998553e-01
-4.422896597839370836e-01 -3.852868916387515164e-01 -1.415057062552522726e-01 -7.794861722176904539e-02 6.487607501569592205e-02 -1.007620583043837836e-01 -7.794861722176904539e-02 6.487607501569592205e-02 -1.007620583043837836e-01 5.700276814518556723e-02 1.867784172383136765e-01 -2.437811853834992437e-01
-4.824656852569351173e-01 -3.428635379957266638e-01 4.372535626951281618e-01 -9.663590906302799155e-02 4.294337300894017773e-01 -2.000437971359514400e-03 -9.663590906302799155e-02 4.294337300894017773e-01 -2.000437971359514400e-03 1.396021472612084535e-01 6.405149534296463720e-01 -7.801171006908548256e-01
3.572744718510953987e-01 -1.993608444764604082e-01 4.438745057870491229e-01 5.786407625551048817e-02 7.989221724968875726e-02 1.771224780766673668e-01 5.786407625551048817e-02 7.989221724968875726e-02 1.771224780766673668e-01 -5.566353163275558069e-01 1.199870666591065227e+00 -6.432353502635095310e-01
-1.536874253687974257e-01 1.518729740250149840e-01 -2.222277391274559699e-01 2.028679329960132449e-01 -2.128370650851098000e-01 -1.233634359341800879e-01 2.028679329960132449e-01 -2.128370650851098000e-01 -1.233634359341800879e-01 3.055603993938124097e-01 -6.796611125462833636e-01 3.741007131524709539e-01
-3.115068048117570765e-01 -2.981627585268619152e-01 3.633625043945926114e-01 -3.810276779199949226e-01 6.157046927217935117e-02 -1.882850784275689193e-01 -3.810276779199949226e-01 6.157046927217935117e-02 -1.882850784275689193e-01 1.334404628489516131e-02 6.481812166365593653e-01 -6.615252629214545266e-01
2.546590847056995344e-02 -1.398825413064432865e-01 4.851926309419537509e-01 3.141772885621806344e-01 -3.130627477486745969e-01 1.632872910412653811e-01 3.141772885621806344e-01 -3.130627477486745969e-01 1.632872910412653811e-01 -1.653484497770132400e-01 7.904236220254102774e-01 -6.250751722483970374e-01
-3.716640830993913625e-01 7.353559634913942045e-02 -7.997794744702935166e-02 -5.435630350575870740e-02 3.558623719420017650e-01 -4.143660260920528637e-01 -5.435630350575870740e-02 3.558623719420017650e-01 -4.143660260920528637e-01 4.451996794485307829e-01 -5.987132232446995550e-01 1.535135437961687721e-01
-1.385407514064557200e-01 8.521108245154462857e-02 -9.717058908612286050e-02 -3.882481535014991048e-01 4.893041970722447065e-01 -4.842563148248578697e-01 -3.882481535014991048e-01 4.893041970722447065e-01 -4.842563148248578697e-01 2.237518338580003485e-01 -4.061335053956678376e-01 1.823816715376674891e-01
1.307421009778592103e-01 -3.486120775558562146e-01 1.077054256413655375e-01 6.617363835511691494e-02 2.670423800667006686e-01 -1.604535245687437328e-01 6.617363835511691494e-02 2.670423800667006686e-01 -1.604535245687437328e-01 -4.793541785337154248e-01 9.356716817309371770e-01 -4.563175031972217521e-01
1.588476927089473856e-01 -3.728223705101204599e-01 -4.164046235432069532e-01 4.895009282453672839e-01 -4.371074711338662766e-01 -3.626781436919668256e-02 4.895009282453672839e-01 -4.371074711338662766e-01 -3.626781436919668256e-02 -5.316700632190678455e-01 4.880878101859813523e-01 4.358225303308649323e-02
3.596008386557211223e-01 1.298662501930475388e-01 -4.351079590170676692e-01 -4.979598662130582110e-01 2.392345753761604410e-02 -6.191835153331015640e-02 -4.979598662130582110e-01 2.392345753761604410e-02 -6.191835153331015640e-02 -2.297345884626735835e-01 -3.352396207474416245e-01 5.649742092101152080e-01
4.233831863416182006e-01 -6.090770936747502695e-02 8.770682736773627308e-02 4.703397636781088131e-01 3.685725795241259206e-01 4.354379512511930006e-01 4.703397636781088131e-01 3.685725795241259206e-01 4.354379512511930006e-01 -4.842908957090932276e-01 6.329054324443045276e-01 -1.486145367352113000e-01
9.050780402837654837e-02 3.066822888726432605e-01 2.259459454866833417e-01 9.797914234215898688e-02 -7.818835260464629400e-02 -3.241409550751599422e-01 9.797914234215898688e-02 -7.818835260464629400e-02 -3.241409550751599422e-01 2.161744848442667122e-01 -2.969108282302266311e-01 8.073634338595991888e-02
2.762920242617205036e-01 4.587863745783862246e-01 6.475455284457476424e-02 -4.763295287978442927e-01 3.298076426907928793e-01 3.796855397820371181e-01 -4.763295287978442927e-01 3.298076426907928793e-01 3.796855397820371181e-01 1.824943503166657210e-01 -5.765261720504771814e-01 3.940318217338114604e-01
-1.542894058076753616e-01 -1.493968072487837917e-01 -3.848588906266176002e-01 -3.274261816367133315e-01 4.013985961990287343e-01 1.466996981380688236e-01 -3.274261816367133315e-01 4.013985961990287343e-01 1.466996981380688236e-01 4.892598558891569915e-03 -2.403546819367253784e-01 2.354620833778338085e-01
2.964808960053527676e-01 -1.242891068529526910e-01 -3.790606670548020141e-01 -3.789266353215126060e-02 -7.285980296344085616e-02 1.282957120390959549e-02 -3.789266353215126060e-02 -7.285980296344085616e-02 1.282957120390959549e-02 -4.207700028583054586e-01 1.659984426564561355e-01 2.547715602018493231e-01
-2.478465470000197346e-01 -1.347441985265926956e-01 -1.225035907522780132e-01 -4.468104955947516110e-02 -4.466376557377635947e-01 -1.112092948582088514e-02 -4.468104955947516110e-02 -4.466376557377635947e-01 -1.112092948582088514e-02 1.131023484734270390e-01 -1.008617406991123566e-01 -1.224060777431468239e-02
1.136733190422102302e-01 3.215624027792836070e-01 -1.137114405589854105e-01 -1.254687144559752943e-01 2.142841961939808693e-01 2.923864424325004485e-01 -1.254687144559752943e-01 2.142841961939808693e-01 2.923864424325004485e-01 2.078890837370733768e-01 -6.431629270753423944e-01 4.352738433382690175e-01
-1.669043005163614035e-01 -7.118297694003572484e-02 1.726729856547264408e-01 5.601592963714552287e-02 -4.914176165665443685e-01 1.327659419129191276e-01 5.601592963714552287e-02 -4.914176165665443685e-01 1.327659419129191276e-01 9.572132357632567867e-02 1.481346390184364870e-01 -2.438559625947621656e-01
-9.075003880643239818e-02 -1.755823148331915329e-01 1.623661451747848705e-02 4.686698964046751570e-01 -2.882769135774979619e-01 -2.689041341726388090e-01 4.686698964046751570e-01 -2.882769135774979619e-01 -2.689041341726388090e-01 -8.483227602675913470e-02 2.766512053774291546e-01 -1.918189293506700199e-01
-1.562694342202213260e-01 -1.248643882361571977e-01 3.713757531462177353e-01 4.792466022320106545e-01 2.085557503360937481e-01 -3.737357279651764008e-01 4.792466022320106545e-01 2.085557503360937481e-01 -3.737357279651764008e-01 3.140504598406412828e-02 4.648350953983108047e-01 -4.962401413823749330e-01
3.305530687908154741e-01 2.653704051447791645e-02 -3.213726456969011602e-01 -3.884241715504898051e-01 8.454536562426950841e-02 2.587184555727054525e-01 -3.884241715504898051e-01 8.454536562426950841e-02 2.587184555727054525e-01 -3.040160282763375577e-01 -4.389365793504151902e-02 3.479096862113790767e-01
1.898584792392357112e-01 3.161224137380107546e-01 1.871780644058965715e-01 2.707030236181093841e-01 -3.413300377849209921e-01 2.882509874908512071e-02 2.707030236181093841e-01 -3.413300377849209921e-01 2.882509874908512071e-02 1.262639344987750434e-01 -2.552082838308892265e-01 1.289443493321141831e-01
-1.467791963274408529e-01 1.016274212007348687e-01 4.403882278046108434e-01 -1.684567560596438307e-01 5.148989012894333861e-02 -2.018997760868319613e-01 -1.684567560596438307e-01 5.148989012894333861e-02 -2.018997760868319613e-01 2.484066175281757216e-01 9.035418907570025304e-02 -3.387608066038759747e-01
-1.534713702094097076e-01 -3.233548352698550898e-01 -4.803099845505275356e-01 -1.311704396795457805e-01 -3.304848434303848670e-01 -4.385000644112243551e-01 -1.311704396795457805e-01 -3.304848434303848670e-01 -4.385000644112243551e-01 -1.698834650604453822e-01 1.292831577977293644e-02 1.569551492806724458e-01
-4.433137336727825950e-01 4.780205748671164656e-01 -4.063804748430372982e-01 -3.278369016686643045e-01 8.815791816830176320e-02 3.196791293742643481e-01 -3.278369016686643045e-01 8.815791816830176320e-02 3.196791293742643481e-01 9.213343085398990606e-01 -1.805735358250052824e+00 8.844010497101537638e-01
3.713771844166463554e-01 2.261525835202982115e-01 3.335319171290915818e-01 4.170692415434376077e-01 -3.305652624447366073e-01 -3.537002214746407525e-01 4.170692415434376077e-01 -3.305652624447366073e-01 -3.537002214746407525e-01 -1.452246008963481438e-01 2.526039345051415141e-01 -1.073793336087933703e-01
-1.151949625854516990e-01 -2.837556326529155903e-03 -4.591123440364310859e-01 2.121536101730655544e-01 -3.797978615926174140e-01 -2.094001985326543469e-02 2.121536101730655544e-01 -3.797978615926174140e-01 -2.094001985326543469e-02 1.123574062589225431e-01 -5.686321939688244731e-01 4.562747877099019300e-01
1.137055535512614401e-01 -1.190059226008410853e-02 3.961703164950458600e-02 -4.432879285206692277e-01 3.381424996501016800e-01 3.745797962240237089e-01 -4.432879285206692277e-01 3.381424996501016800e-01 3.745797962240237089e-01 -1.256061458113455487e-01 1.771237697209342432e-01 -5.151762390958869453e-02
-4.003988560835367583e-01 3.185389976988246552e-01 1.482452236506228704e-01 -4.570714802575523983e-01 -3.517565516827048100e-01 4.369016380460433169e-02 -4.570714802575523983e-01 -3.517565516827048100e-01 4.369016380460433169e-02 7.189378537823614135e-01 -8.892316278305631982e-01 1.702937740482017848e-01
-1.297469568787827932e-01 -3.834334201725242419e-01 -2.681634310262961396e-01 -4.903884276784465923e-01 9.652876578587443746e-02 5.149857305835070509e-02 -4.903884276784465923e-01 9.652876578587443746e-02 5.149857305835070509e-02 -2.536864632937414488e-01 3.689564524399695511e-01 -1.152699891462281023e-01
-1.685534367290685287e-01 -8.121505768173198359e-02 7.898332386614193013e-03 -2.896988115126015728e-01 -2.720281053913676805e-01 -4.883915631380635336e-01 -2.896988115126015728e-01 -2.720281053913676805e-01 -4.883915631380635336e-01 8.733837904733654511e-02 1.775011021009631484e-03 -8.911339006834617660e-02
-2.308235276453951546e-02 2.279170750490164821e-01 -1.158463497378455775e-01 2.357280316558568733e-01 -1.266384044618292792e-01 -9.422223519634409516e-02 2.357280316558568733e-01 -1.266384044618292792e-01 -9.422223519634409516e-02 2.509994278135559975e-01 -5.947628526004180571e-01 3.437634247868620596e-01
3.170886825696691558e-01 -2.451373660792832698e-01 3.060239517453572367e-01 -2.099852192468931733e-02 1.120894593826659014e-01 -2.955873871878200720e-01 -2.099852192468931733e-02 1.120894593826659014e-01 -2.955873871878200720e-01 -5.622260486489524256e-01 1.113387366473592932e+00 -5.511613178246405065e-01
1.071513282276902457e-01 -3.260740858782442686e-01 -2.071901614324987984e-01 -4.880104355712366893e-01 -4.802592429845859989e-01 2.245817057958517937e-01 -4.880104355712366893e-01 -4.802592429845859989e-01 2.245817057958517937e-01 -4.332254141059345143e-01 5.521093385516799845e-01 -1.188839244457454702e-01
2.283094463286277076e-01 -8.687609782918492840e-03 2.114000056651721415e-01 -3.974240272456586176e-01 -2.416847831343121866e-01 -2.471830074815739575e-01 -3.974240272456586176e-01 -2.416847831343121866e-01 -2.471830074815739575e-01 -2.369970561115462004e-01 4.570846715596368348e-01 -2.200876154480906344e-01
-1.563010230267852796e-01 3.843087815767881610e-01 1.908684584611236579e-01 6.003700423421887145e-02 -4.542338244829269289e-02 -2.906532918727633419e-01 6.003700423421887145e-02 -4.542338244829269289e-02 -2.906532918727633419e-01 5.406098046035734406e-01 -7.340501277192379437e-01 1.934403231156645031e-01
-4.179681661028560313e-01 7.816057317013436201e-02 2.113725983299100664e-01 2.436773837249514019e-01 -4.957868610188898018e-01 -3.344548017263136996e-01 2.436773837249514019e-01 -4.957868610188898018e-01 -3.344548017263136996e-01 4.961287392729903933e-01 -3.629167141132146890e-01 -1.332120251597757044e-01
-8.041034957793469218e-02 -1.307795686390791357e-01 4.258169003898885085e-01 3.403784793258146646e-01 -3.105820427857901578e-01 2.212286947609998222e-01 3.403784793258146646e-01 -3.105820427857901578e-01 2.212286947609998222e-01 -5.036921906114444347e-02 6.069656880901120877e-01 -5.565964690289676442e-01
4.430409501658720828e-01 9.834337195874520710e-02 -2.792882262712000907e-01 -3.361362457979885088e-01 -3.729491065573432573e-01 3.271404695942375929e-01 -3.361362457979885088e-01 -3.729491065573432573e-01 3.271404695942375929e-01 -3.446975782071268757e-01 -3.293402002281842211e-02 3.776315982299452978e-01
3.343715027909192061e-01 2.771952027084975123e-01 -2.919264623570579920e-01 -4.081536337037745543e-01 3.059429115231770968e-01 4.730370017125059556e-01 -4.081536337037745543e-01 3.059429115231770968e-01 4.730370017125059556e-01 -5.717630008242169382e-02 -5.119453649831338105e-01 5.691216650655555043e-01
1.417193905198542714e-01 1.031517850295653460e-01 -3.248307695271290818e-01 3.652167818162922464e-01 -3.027595153995827904e-01 2.484604571902777614e-01 3.652167818162922464e-01 -3.027595153995827904e-01 2.484604571902777614e-01 -3.856760549028892537e-02 -3.894149490664055024e-01 4.279825545566944278e-01
-4.795836705717704262e-03 1.975293346552234874e-01 4.459481392610553652e-01 4.748627313623026147e-01 -2.611865942696603993e-01 1.734782550555039604e-01 4.748627313623026147e-01 -2.611865942696603993e-01 1.734782550555039604e-01 2.023251713609411917e-01 4.609363324489068603e-02 -2.484188046058318777e-01
-3.900436529420248100e-01 4.521436579857198712e-01 -4.155614024832714470e-01 -3.783862514813490785e-01 1.986147112379720303e-01 -1.141238913144104750e-02 -3.783862514813490785e-01 1.986147112379720303e-01 -1.141238913144104750e-02 8.421873109277446812e-01 -1.709892371396735999e+00 8.677050604689913182e-01
3.650713425760195863e-01 -1.873860847128530072e-01 3.462468562224836344e-01 2.574974613764147158e-02 -1.813048348436815393e-01 -4.784446393529673269e-02 2.574974613764147158e-02 -1.813048348436815393e-01 -4.784446393529673269e-02 -5.524574272888725934e-01 1.086090368224209346e+00 -5.336329409353366415e-01
-4.434466114320310126e-01 1.628555932315771670e-01 -4.919696522744683165e-01 3.281675098406480195e-01 -4.910749206396204380e-01 -2.033083588354858140e-01 3.281675098406480195e-01 -4.910749206396204380e-01 -2.033083588354858140e-01 6.063022046636081797e-01 -1.261127450169653663e+00 6.548252455060454835e-01
-4.170004349931071275e-01 2.492597710919031151e-02 -3.778037337510229410e-01 -1.908162849013627094e-01 -2.672211664596905178e-01 1.846273549722932117e-02 -1.908162849013627094e-01 -2.672211664596905178e-01 1.846273549722932117e-02 4.419264121022974390e-01 -8.446561229625106915e-01 4.027297108602132525e-01
4.622533159682722381e-01 -2.773643000667149749e-01 1.779135912969550537e-01 4.511418601743893975e-01 3.675093614808396802e-01 4.639006243117159700e-01 4.511418601743893975e-01 3.675093614808396802e-01 4.639006243117159700e-01 -7.396176160349872131e-01 1.194895507398657131e+00 -4.552778913636700286e-01
-1.111659248050227422e-01 -3.949659947976530416e-01 -3.568737081592876503e-01 -2.258028685384984025e-01 4.595912227171033981e-01 -4.860862458558664612e-01 -2.258028685384984025e-01 4.595912227171033981e-01 -4.860862458558664612e-01 -2.838000699926302994e-01 3.218923566309956907e-01 -3.809228663836539130e-02
3.355923926055615070e-01 -3.118349896840750812e-01 2.690884667559882981e-01 3.294729502815416655e-01 -6.929700283254214277e-02 2.793903418875417488e-01 3.294729502815416655e-01 -6.929700283254214277e-02 2.793903418875417488e-01 -6.474273822896365882e-01 1.228350838729699968e+00 -5.809234564400633793e-01
-4.934551683163999058e-01 4.915622056737879442e-01 -2.249173341574683960e-02 -2.616167715466866106e-02 -1.289082467046762659e-01 4.856385711732458255e-01 -2.616167715466866106e-02 -1.289082467046762659e-01 4.856385711732458255e-01 9.850173739901878500e-01 -1.499071313079722634e+00 5.140539390895347838e-01
1.721389956550616329e-01 -3.926642422148718392e-02 -2.241486572783575326e-01 -1.684739709793642293e-01 3.361826321515327676e-01 1.383274061386335907e-01 -1.684739709793642293e-01 3.361826321515327676e-01 1.383274061386335907e-01 -2.114054198765488168e-01 2.652318681967846814e-02 1.848822330568703487e-01
-2.685699252535145298e-01 -1.735941804410333633e-01 -2.481911053578720328e-01 -2.387358378063256792e-01 2.965915071878322262e-02 4.670570552026277467e-01 -2.387358378063256792e-01 2.965915071878322262e-02 4.670570552026277467e-01 9.497574481248116651e-02 -1.695726697293198360e-01 7.459692491683866944e-02
3.268608055726962558e-02 -2.435567868584344042e-01 -1.128964352578963881e-01 4.869101591457036804e-03 -6.012438751444149077e-02 -6.206858908295043165e-02 4.869101591457036804e-03 -6.012438751444149077e-02 -6.206858908295043165e-02 -2.762428674157040298e-01 4.069032190162420459e-01 -1.306603516005380161e-01
-4.428638715714982022e-01 4.107707864330646386e-01 3.619423610177984196e-01 3.570764663459456978e-01 3.977035942371826005e-01 7.077171468554221967e-02 3.570764663459456978e-01 3.977035942371826005e-01 7.077171468554221967e-02 8.536346580045628407e-01 -9.024630834198290597e-01 4.882842541526621893e-02
4.407708554803533296e-01 -2.019166350256010878e-01 5.804638630458580639e-02 -1.430253003894661479e-01 3.058856253853033946e-01 1.496435641506643766e-02 -1.430253003894661479e-01 3.058856253853033946e-01 1.496435641506643766e-02 -6.426874905059544174e-01 9.026505118361413116e-01 -2.599630213301868942e-01
2.284856176227669788e-01 1.676949286513058635e-01 -4.180497346387468394e-01 6.523222910672132890e-02 -5.292443246475742047e-02 3.274566594825629728e-01 6.523222910672132890e-02 -5.292443246475742047e-02 3.274566594825629728e-01 -6.079068897146111539e-02 -5.249539743185915874e-01 5.857446632900527028e-01
-2.861716159882843336e-03 -2.519440924013321981e-01 -3.567442440709134299e-01 -5.171076648591732550e-03 2.189319736710209074e-01 -4.562191335897803901e-01 -5.171076648591732550e-03 2.189319736710209074e-01 -4.562191335897803901e-01 -2.490823762414493547e-01 1.442822245718681229e-01 1.048001516695812319e-01
-3.790586017410031427e-01 3.959038419424560917e-01 4.254587590585656720e-02 1.993834633584542493e-01 -1.231902799187067910e-02 1.694951013642783666e-01 1.993834633584542493e-01 -1.231902799187067910e-02 1.694951013642783666e-01 7.749624436834592345e-01 -1.128320409720058759e+00 3.533579660365995245e-01
1.944834491879061655e-01 2.702134809051034425e-01 -4.378751438746464331e-01 4.907272037051426672e-01 -3.440898912888054051e-01 2.936845283128088901e-01 4.907272037051426672e-01 -3.440898912888054051e-01 2.936845283128088901e-01 7.573003171719727700e-02 -7.838186564969471526e-01 7.080886247797498756e-01
3.565401868284167053e-01 2.454928528254485265e-02 4.660007326846993259e-02 -7.960704171427079867e-02 2.758057547583965263e-01 6.913310438074260489e-02 -7.960704171427079867e-02 2.758057547583965263e-01 6.913310438074260489e-02 -3.319909015458718526e-01 3.540416895317969326e-01 -2.205078798592507994e-02
-1.338984646225860331e-01 3.210865021202872205e-01 1.269889491579686558e-01 -3.254558521402932669e-01 -3.067201463252311466e-01 4.362389226785824414e-01 -3.254558521402932669e-01 -3.067201463252311466e-01 4.362389226785824414e-01 4.549849667428732536e-01 -6.490825197051918183e-01 1.940975529623185647e-01
1.210368017439222843e-02 -1.130351233596742500e-01 8.098127106604735559e-03 -6.175639100207086507e-02 -3.700676085182570407e-01 3.656708672218652589e-01 -6.175639100207086507e-02 -3.700676085182570407e-01 3.656708672218652589e-01 -1.251388035340664784e-01 2.462720540003454639e-01 -1.211332504662789855e-01
-3.036518250881380387e-01 -3.988756219808462511e-01 -3.728089298433201471e-01 -3.766649352039964649e-01 9.379557016063588826e-02 3.984848271335050818e-01 -3.766649352039964649e-01 9.379557016063588826e-02 3.984848271335050818e-01 -9.522379689270821235e-02 1.212904890302343164e-01 -2.606669213752610403e-02
-3.898949478294727600e-01 -8.344441202420938009e-02 -1.827380457910416922e-01 -2.526907923078476337e-01 4.881118631653861284e-01 1.015909731065756105e-02 -2.526907923078476337e-01 4.881118631653861284e-01 1.015909731065756105e-02 3.064505358052633799e-01 -4.057441695720956920e-01 9.929363376683231213e-02
-2.893691436993737209e-01 1.528494901453386623e-01 -3.928750948518618946e-01 3.350269215440120352e-01 4.528694640560994022e-01 -1.372286569846794535e-01 3.350269215440120352e-01 4.528694640560994022e-01 -1.372286569846794535e-01 4.422186338447123832e-01 -9.879432188419129401e-01 5.457245849972005569e-01
2.093760578262340299e-01 2.529466153345463209e-01 -1.030818859702741230e-01 -1.883815050672371649e-01 1.092778416994203416e-01 4.276584377368038981e-01 -1.883815050672371649e-01 1.092778416994203416e-01 4.276584377368038981e-01 4.357055750831229091e-02 -3.995990588131327348e-01 3.560285013048204439e-01
4.659574252781374382e-01 5.895680868286623522e-02 -1.299981318539034092e-02 2.648379904137752039e-01 3.830915567593268234e-01 1.323912879731011794e-01 2.648379904137752039e-01 3.830915567593268234e-01 1.323912879731011794e-01 -4.070006165952712029e-01 3.350439947270146268e-01 7.195662186825657614e-02
-4.609253944446777274e-01 -4.981019380543509900e-01 1.657944538499640519e-01 1.176373371241379306e-02 2.021872889307207988e-01 4.275974003566008763e-01 1.176373371241379306e-02 2.021872889307207988e-01 4.275974003566008763e-01 -3.717654360967326266e-02 7.010729355139883046e-01 -6.638963919043150419e-01
-3.459834446522356277e-01 -4.564858338380228808e-02 1.496096564849963562e-01 -7.836770867110021133e-02 -3.411085585937678744e-02 -8.622790413870629056e-02 -7.836770867110021133e-02 -3.411085585937678744e-02 -8.622790413870629056e-02 3.003348612684333396e-01 -1.050766213996346954e-01 -1.952582398687986442e-01
8.062885674849551432e-02 4.647872408519443388e-01 2.304714444348824331e-01 4.738598737283428175e-02 -1.812267634413133877e-02 3.519518616758726681e-01 4.738598737283428175e-02 -1.812267634413133877e-02 3.519518616758726681e-01 3.841583841034488245e-01 -6.184741805205107301e-01 2.343157964170619056e-01
1.671035088709226235e-01 -4.543154841210576000e-01 -4.875454140303230322e-01 4.762048937863256892e-01 -4.557497880257610490e-02 1.508030447556012454e-01 4.762048937863256892e-01 -4.557497880257610490e-02 1.508030447556012454e-01 -6.214189929919802236e-01 5.881890630827147914e-01 3.322992990926543211e-02
3.929616473916475172e-01 2.565571618925887032e-01 -2.107385140170188187e-01 1.836746612479622787e-02 1.598689720160535455e-01 4.733401589875345650e-01 1.836746612479622787e-02 1.598689720160535455e-01 4.733401589875345650e-01 -1.364044854990588140e-01 -3.308911904105487078e-01 4.672956759096075219e-01
2.071324852404784478e-01 -3.048735749619824187e-02 4.146893296176302757e-01 3.368753591046014240e-01 -4.511970310820393459e-01 4.813458312987299870e-01 3.368753591046014240e-01 -4.511970310820393459e-01 4.813458312987299870e-01 -2.376198427366766897e-01 6.827965298505052072e-01 -4.451766871138285175e-01
-2.333061162783464093e-01 4.811922936461503486e-01 -4.710535070087107368e-01 -8.990771727285762349e-02 6.607975561624257477e-02 -4.082501996426159963e-01 -8.990771727285762349e-02 6.607975561624257477e-02 -4.082501996426159963e-01 7.144984099244967579e-01 -1.666744210579357954e+00 9.522458006548610854e-01
-3.051027380173023662e-01 8.315083480168650176e-02 -1.464753072551941981e-01 1.965242725938518564e-01 2.540066054754258618e-01 4.552444608144209370e-01 1.965242725938518564e-01 2.540066054754258618e-01 4.552444608144209370e-01 3.882535728189888680e-01 -6.178797148758695679e-01 2.296261420568806999e-01
2.943365640947773754e-01 -4.993381424619358633e-03 1.192429309977391938e-01 3.109240312787997507e-01 2.786696912275370419e-01 -8.784154173378611041e-02 3.109240312787997507e-01 2.786696912275370419e-01 -8.784154173378611041e-02 -2.993299455193967340e-01 4.235662579417552864e-01 -1.242363124223585524e-01
3.831059257561211240e-01 -1.955900159326359189e-01 1.993995392457581506e-02 4.435846597542680847e-01 4.198138980656898056e-01 -5.537690854194254886e-02 4.435846597542680847e-01 4.198138980656898056e-01 -5.537690854194254886e-02 -5.786959416887570429e-01 7.942259115459687768e-01 -2.155299698572117340e-01
-2.719888961697320973e-01 -3.904350583380459261e-01 1.781059730743922431e-01 4.792415865196806291e-01 8.444684997629037237e-02 2.514826116314996529e-01 4.792415865196806291e-01 8.444684997629037237e-02 2.514826116314996529e-01 -1.184461621683138288e-01 6.869871935807519980e-01 -5.685410314124381692e-01
-4.850882855169039720e-01 3.233786410728182181e-01 9.005877575663434609e-02 -3.394149712360068349e-01 1.301034000269452040e-02 -3.397833238120873123e-02 -3.394149712360068349e-01 1.301034000269452040e-02 -3.397833238120873123e-02 8.084669265897221901e-01 -1.041786791905906062e+00 2.333198653161838720e-01
4.912314042992842467e-01 3.590916717691716720e-01 -1.829950017838815057e-01 -2.302993130634211072e-01 6.781952486036502137e-02 2.747616629525476695e-01 -2.302993130634211072e-01 6.781952486036502137e-02 2.747616629525476695e-01 -1.321397325301125747e-01 -4.099469410229406030e-01 5.420866735530531777e-01
4.391915186366176505e-01 -2.206959306508100571e-01 -1.478438268511681475e-01 2.160705793386175078e-01 -1.147605373181669330e-01 -1.004341951836860147e-01 2.160705793386175078e-01 -1.147605373181669330e-01 -1.004341951836860147e-01 -6.598874492874277076e-01 7.327395530870696172e-01 -7.285210379964190963e-02
-6.767416274523585518e-02 -4.936575520549716378e-01 -1.532340123888278338e-01 7.285266691245806392e-02 -1.029520064648530298e-01 9.426733694389788365e-02 7.285266691245806392e-02 -1.029520064648530298e-01 9.426733694389788365e-02 -4.259833893097357826e-01 7.664069289758795867e-01 -3.404235396661438040e-01
3.184580927554561125e-01 -9.557703382548354831e-02 -3.220149464592166888e-01 -4.486652046420011031e-01 -3.475242677600648422e-01 -1.052493502205813503e-01 -4.486652046420011031e-01 -3.475242677600648422e-01 -1.052493502205813503e-01 -4.140351265809396608e-01 1.875972139472065203e-01 2.264379126337331405e-01
2.749984858573738533e-01 -1.093059475654079016e-02 2.471398145971274163e-01 -1.061162289093623423e-01 -2.434850633386141938e-01 2.236333712394658058e-01 -1.061162289093623423e-01 -2.434850633386141938e-01 2.236333712394658058e-01 -2.859290806139146435e-01 5.439994899675828499e-01 -2.580704093536682064e-01
4.124014188975034800e-01 -4.091510379749906390e-01 -7.153239091233820623e-02 2.839730094869978849e-01 -3.323086289695367235e-01 4.714147479388031137e-01 2.839730094869978849e-01 -3.323086289695367235e-01 4.714147479388031137e-01 -8.215524568724941190e-01 1.159171103935146441e+00 -3.376186470626524327e-01
1.719770812804666260e-01 -1.173586077093856650e-01 -4.178711925390271587e-01 -2.497831840711541851e-01 -3.283733479697714674e-02 3.601433761260542932e-01 -2.497831840711541851e-01 -3.283733479697714674e-02 3.601433761260542932e-01 -2.893356889898522910e-01 -1.117689583978920265e-02 3.005125848296414937e-01
3.824915310910881328e-02 5.880143120233483067e-02 -2.163682551753172145e-01 -3.524934848061611614e-01 -2.687449483193604660e-01 -2.401235041249282220e-01 -3.524934848061611614e-01 -2.687449483193604660e-01 -2.401235041249282220e-01 2.055227809322601740e-02 -2.957219644708780626e-01 2.751696863776520452e-01
4.902743208427962074e-02 -2.659321441337438863e-01 -7.271131560567256624e-02 -1.171405156852688423e-01 3.378144735111946462e-01 -2.866734279821588904e-01 -1.171405156852688423e-01 3.378144735111946462e-01 -2.866734279821588904e-01 -3.149595762180235070e-01 5.081804047460948270e-01 -1.932208285280713200e-01
-2.517165692083579431e-01 1.113861376864285768e-01 2.208273462885212979e-03 -2.328794841258229331e-01 3.417216441788588632e-01 -3.542616200635102519e-01 -2.328794841258229331e-01 3.417216441788588632e-01 -3.542616200635102519e-01 3.631027068947865200e-01 -4.722805711183298838e-01 1.091778642235433638e-01
-7.783153966212108532e-02 -2.237295173917185354e-01 3.036142793984548671e-01 4.419530781314835455e-01 -8.012907690831139185e-02 1.516610899579735605e-01 4.419530781314835455e-01 -8.012907690831139185e-02 1.516610899579735605e-01 -1.458979777295974500e-01 6.732417745197708525e-01 -5.273437967901734025e-01
2.821125612271673244e-01 9.984892436222658763e-02 -4.325677135810584995e-01 -2.162120250794041798e-02 -1.809105192166917675e-01 -1.706873888279405449e-01 -2.162120250794041798e-02 -1.809105192166917675e-01 -1.706873888279405449e-01 -1.822636368649407368e-01 -3.501530010783443503e-01 5.324166379432850871e-01
-3.982092353719944855e-01 3.762687587332083083e-01 3.690844945944234956e-01 -1.400850971170927162e-01 -2.442737960635796846e-01 -4.194357806092119390e-03 -1.400850971170927162e-01 -2.442737960635796846e-01 -4.194357806092119390e-03 7.744779941052027938e-01 -7.816622582439876066e-01 7.184264138784812737e-03
-3.656433963654180941e-01 -1.210017021603091436e-01 -3.490387540847416092e-01 -3.557241260919146164e-01 1.663071053199447480e-01 3.814494135752527493e-01 -3.557241260919146164e-01 1.663071053199447480e-01 3.814494135752527493e-01 2.446416942051089505e-01 -4.726787461295414161e-01 2.280370519244324656e-01
-3.086210496334312881e-01 -4.864753875005776163e-01 -3.422474576561522763e-01 -6.292749192244428968e-03 -6.789975963567285167e-02 4.646556185654101556e-01 -6.292749192244428968e-03 -6.789975963567285167e-02 4.646556185654101556e-01 -1.778543378671463282e-01 3.220822677115716681e-01 -1.442279298444253399e-01
