-1.010551960971495244e-01 5.184042594658200276e-02 -4.251477078828133083e-01 1.869401304572619882e-01 -1.389190438993470611e-01 2.493339534251641787e-01 1.869401304572619882e-01 -1.389190438993470611e-01 2.493339534251641787e-01 1.528956220437315272e-01 -6.298837558731268382e-01 4.769881338293953110e-01
1.573462627480450848e-01 3.186467992954300499e-02 -4.823644489572774807e-01 -3.200729751086069941e-01 -1.399224349080032681e-01 1.544456934634212963e-01 -3.200729751086069941e-01 -1.399224349080032681e-01 1.544456934634212963e-01 -1.254815828185020798e-01 -3.887475460683184059e-01 5.142291288868204857e-01
-4.183704375848614765e-01 4.126270364806201574e-01 -4.010536267010470501e-01 2.047918530241751300e-01 -3.763677065834232227e-01 -3.772716475731721086e-01 2.047918530241751300e-01 -3.763677065834232227e-01 -3.772716475731721086e-01 8.309974740654816339e-01 -1.644678137247148841e+00 8.136806631816672075e-01
4.303418429877426954e-01 1.328999735463499698e-01 5.559976971295010895e-02 4.701899213555217338e-01 -8.447093654479453928e-02 4.001369406205226298e-01 4.701899213555217338e-01 -8.447093654479453928e-02 4.001369406205226298e-01 -2.974418694413927255e-01 2.201416656079928647e-01 7.730020383339986090e-02
3.071614872922298067e-01 2.413912914073175209e-01 -8.043123284481501489e-02 4.442733542959305115e-01 -2.658324086913831374e-01 1.466953788445592988e-01 4.442733542959305115e-01 -2.658324086913831374e-01 1.466953788445592988e-01 -6.577019588491228586e-02 -2.560523283672202499e-01 3.218225242521325358e-01
1.039841410962836221e-01 -2.429383439021237656e-02 -3.290901629093418990e-01 -1.082502044044535428e-01 2.910868273195795775e-01 -2.606692985675063134e-02 -1.082502044044535428e-01 2.910868273195795775e-01 -2.606692985675063134e-02 -1.282779754864959987e-01 -1.765183530326335237e-01 3.047963285191295224e-01
2.491846596104321243e-01 4.316266340797213497e-01 -2.382276732469433833e-01 3.478170805356806117e-01 -2.290628252419185662e-01 1.520809387569614923e-01 3.478170805356806117e-01 -2.290628252419185662e-01 1.520809387569614923e-01 1.824419744692892253e-01 -8.522962817959539583e-01 6.698543073266647330e-01
1.423495401552221651e-01 -7.569419573168889581e-02 2.472425294417746056e-02 -3.856195791924836858e-01 -5.120673605925540883e-02 3.906786722113211319e-01 -3.856195791924836858e-01 -5.120673605925540883e-02 3.906786722113211319e-01 -2.180437358869110609e-01 3.184621845627774173e-01 -1.004184486758663564e-01
8.707759272181125887e-02 -5.421516602775922067e-02 4.470510671561334082e-02 -2.328393535705558515e-01 2.535377962839456822e-01 -2.373605076041073181e-01 -2.328393535705558515e-01 2.535377962839456822e-01 -2.373605076041073181e-01 -1.412927587495704795e-01 2.402130314929430410e-01 -9.892027274337256149e-02
8.850006497307116859e-02 -2.950526165932016998e-01 -3.516492826360995139e-02 3.232352747901092727e-01 1.286511460167889531e-01 -2.247944939130972486e-01 3.232352747901092727e-01 1.286511460167889531e-01 -2.247944939130972486e-01 -3.835526815662728684e-01 6.434403698958646167e-01 -2.598876883295917484e-01
4.651575470143406443e-01 -4.310744167170506014e-01 -7.758186712276027297e-02 -2.081852873131347925e-01 2.606787211600908316e-01 3.489987098959557166e-01 -2.081852873131347925e-01 2.606787211600908316e-01 3.489987098959557166e-01 -8.962319637313912457e-01 1.249724513325681574e+00 -3.534925495942903284e-01
-3.388675466560593375e-01 2.516941198144495573e-02 3.896592977765644950e-02 3.347345486769017775e-01 -4.136583492634551273e-01 -1.439671841611134262e-01 3.347345486769017775e-01 -4.136583492634551273e-01 -1.439671841611134262e-01 3.640369586375042932e-01 -3.502404408412927994e-01 -1.379651779621149377e-02
-9.231427132285641157e-02 4.048610107099664956e-01 4.325111841385632649e-01 4.243644659341255787e-01 -1.059487277950447170e-01 1.205047355313698665e-01 4.243644659341255787e-01 -1.059487277950447170e-01 1.205047355313698665e-01 4.971752820328229072e-01 -4.695251086042261379e-01 -2.765017342859676930e-02
-1.974818874996057128e-01 -1.663476950562928769e-01 3.487781210777657348e-01 4.869451933269575150e-01 -2.132458003735332452e-01 -4.834022423226195242e-01 4.869451933269575150e-01 -2.132458003735332452e-01 -4.834022423226195242e-01 3.113419244331283586e-02 4.839916236907457758e-01 -5.151258161340586117e-01
-2.251655959881959657e-01 3.063800562134763039e-01 1.540031985135530412e-01 -2.255235590139125224e-01 -3.608438417984463076e-01 4.301582521182779617e-01 -2.255235590139125224e-01 -3.608438417984463076e-01 4.301582521182779617e-01 5.315456522016722696e-01 -6.839225099015955323e-01 1.523768576999232627e-01
-4.644909682396697326e-01 -4.163591715071589539e-01 -7.975609216808654534e-02 2.757895540132138112e-01 -2.296323701908641324e-01 1.193592852492563194e-01 2.757895540132138112e-01 -2.296323701908641324e-01 1.193592852492563194e-01 4.813179673251077872e-02 2.884712826065616298e-01 -3.366030793390724085e-01
3.597068869881915321e-01 -8.319399913662173240e-02 -2.020755543544722199e-01 1.524898059621260238e-01 -4.455141668608076921e-01 2.147823979215851553e-01 1.524898059621260238e-01 -4.455141668608076921e-01 2.147823979215851553e-01 -4.429008861248132645e-01 3.240193309069627770e-01 1.188815552178504875e-01
-3.344348439967261832e-01 8.593789365841486561e-02 1.115802674854967647e-01 3.045942014064366710e-01 4.306119949682050141e-01 2.322514289367457740e-01 3.045942014064366710e-01 4.306119949682050141e-01 2.322514289367457740e-01 4.203727376551410488e-01 -3.947303638280591498e-01 -2.564237382708189905e-02
3.898989854429452118e-01 4.767607918050952298e-01 2.140084796829212488e-01 -5.463080497272865266e-02 -4.429849994859428319e-01 1.689222912295427204e-01 -5.463080497272865266e-02 -4.429849994859428319e-01 1.689222912295427204e-01 8.686180636215001805e-02 -3.496141184843239991e-01 2.627523121221739810e-01
4.132175423158179761e-01 2.052943963213393896e-01 4.608060488193044257e-01 1.545815272310986366e-01 4.059681443623279762e-01 -2.227419831931567451e-01 1.545815272310986366e-01 4.059681443623279762e-01 -2.227419831931567451e-01 -2.079231459944785865e-01 4.634347984924436226e-01 -2.555116524979650361e-01
-1.389515815361909157e-01 -7.506998299578604428e-02 2.750747937746078620e-02 2.571438619728658725e-01 2.254873718689330842e-01 -1.608933520456192756e-01 2.571438619728658725e-01 2.254873718689330842e-01 -1.608933520456192756e-01 6.388159854040487140e-02 3.869586383284195907e-02 -1.025774623732468305e-01
1.991663706733698413e-01 -1.413610492727257473e-03 1.604108011341902618e-01 1.626314014962410015e-01 -4.071113543922694200e-01 1.406668808043142205e-01 1.626314014962410015e-01 -4.071113543922694200e-01 1.406668808043142205e-01 -2.005799811660970988e-01 3.624043927930146181e-01 -1.618244116269175192e-01
2.075262252919962691e-01 2.805424215485918804e-02 2.089705076418948426e-01 2.983802744631141035e-01 1.947365133265313020e-01 3.419665587461386824e-01 2.983802744631141035e-01 1.947365133265313020e-01 3.419665587461386824e-01 -1.794719831371370811e-01 3.603882486241727356e-01 -1.809162654870356546e-01
4.985157672628340864e-01 -1.442256439826098413e-01 3.815671575754097100e-01 2.850412970267176549e-01 3.134846039131322648e-01 -6.198047881898449685e-02 2.850412970267176549e-01 3.134846039131322648e-01 -6.198047881898449685e-02 -6.427414112454439277e-01 1.168534212803463479e+00 -5.257928015580195513e-01
7.097521685580576722e-02 -2.601579415577320864e-01 7.846731997665523650e-02 -1.486741416224105494e-01 -4.676158819460290994e-01 -2.088333114618613484e-01 -1.486741416224105494e-01 -4.676158819460290994e-01 -2.088333114618613484e-01 -3.311331584135378536e-01 6.697584199479251765e-01 -3.386252615343873229e-01
8.616809495319921464e-02 -4.409729223738353410e-01 -1.881617527178059968e-01 1.181133803480993727e-01 -2.809466906658314445e-01 -1.884756126036890578e-01 1.181133803480993727e-01 -2.809466906658314445e-01 -1.884756126036890578e-01 -5.271410173270345556e-01 7.799521869830638998e-01 -2.528111696560293442e-01
-4.460378978548531492e-01 1.262507292301285888e-01 -4.437806544329923053e-01 4.398589956827378966e-01 1.476165078422375654e-02 4.508193661128343521e-01 4.398589956827378966e-01 1.476165078422375654e-02 4.508193661128343521e-01 5.722886270849817381e-01 -1.142320010748102632e+00 5.700313836631208941e-01
-3.095966367277601661e-01 1.431235350719433086e-01 1.395944397099395662e-01 4.216812828985742057e-01 1.647282689918085907e-01 -1.692246313577040473e-01 4.216812828985742057e-01 1.647282689918085907e-01 -1.692246313577040473e-01 4.527201717997034747e-01 -4.562492671617072171e-01 3.529095362003742409e-03
-1.117068503465462603e-01 -2.236742116947444403e-01 -3.401756183211680495e-01 -1.018706884226228127e-02 1.260632113370495633e-01 1.451752695354034950e-01 -1.018706884226228127e-02 1.260632113370495633e-01 1.451752695354034950e-01 -1.119673613481981800e-01 -4.534045278225429243e-03 1.165014066264236092e-01
-4.534343762673028744e-01 -1.303929554013140146e-01 -3.171268209553703699e-01 -1.735489816987799694e-01 -1.390383632801968083e-01 1.816834496163937107e-01 -1.735489816987799694e-01 -1.390383632801968083e-01 1.816834496163937107e-01 3.230414208659888597e-01 -5.097752864200452150e-01 1.867338655540563552e-01
-2.954444536200493410e-01 6.828860085268062541e-02 3.944216451160382775e-01 4.706688753483119214e-01 -4.975809124859792432e-01 1.888130184369563036e-02 4.706688753483119214e-01 -4.975809124859792432e-01 1.888130184369563036e-02 3.637330544727299664e-01 -3.760001020937231431e-02 -3.261330442633576521e-01
4.438229125111790019e-01 8.630718000365633635e-03 7.919396430217406913e-02 3.155128196368486293e-01 -3.830815445116220186e-02 -1.417864972392042233e-01 3.155128196368486293e-01 -3.830815445116220186e-02 -1.417864972392042233e-01 -4.351921945108133682e-01 5.057554408126218037e-01 -7.056324630180843549e-02
-4.770669075609185183e-01 2.379274286622641288e-01 -3.938873905492265015e-01 4.201339964367145630e-02 -4.459727587632229540e-01 4.631198451930570448e-01 4.201339964367145630e-02 -4.459727587632229540e-01 4.631198451930570448e-01 7.149943362231826471e-01 -1.346809155434673277e+00 6.318148192114906303e-01
3.131705274833449515e-01 4.100306297374962661e-01 1.768423503224975102e-01 1.866707863693999325e-01 -2.904220960987893285e-01 2.045989574594696547e-01 1.866707863693999325e-01 -2.904220960987893285e-01 2.045989574594696547e-01 9.686010225415131458e-02 -3.300483816691500705e-01 2.331882794149987559e-01
-2.815022186599011045e-01 1.422221935784737656e-01 2.508252761630369587e-02 -3.078577799957800121e-01 -3.925825457795955042e-01 2.279042521392542486e-01 -3.078577799957800121e-01 -3.925825457795955042e-01 2.279042521392542486e-01 4.237244122383748701e-01 -5.408640782005449399e-01 1.171396659621700698e-01
2.280698421857733083e-01 1.802856090229452146e-01 2.571194687264996004e-01 -4.043945963172941305e-01 4.526180077609938124e-01 -3.508919345833568793e-01 -4.043945963172941305e-01 4.526180077609938124e-01 -3.508919345833568793e-01 -4.778423316282809363e-02 1.246180928663824794e-01 -7.683385970355438577e-02
8.937387823374254303e-02 -2.303465903491459521e-01 -1.869594244867067712e-01 3.208911648950252271e-01 -4.084509488387260134e-01 -3.948217272220924112e-01 3.208911648950252271e-01 -4.084509488387260134e-01 -3.948217272220924112e-01 -3.197204685828884951e-01 3.631076344453276761e-01 -4.338716586243918094e-02
-2.578923277440651196e-01 -2.491303189628856218e-01 -3.453443511535203569e-04 -2.680843702625023139e-01 4.292921121449535526e-01 -4.855273944691174126e-01 -2.680843702625023139e-01 4.292921121449535526e-01 -4.855273944691174126e-01 8.762008781179497774e-03 2.400229658305526037e-01 -2.487849746117321015e-01
-2.536688038955000613e-01 2.934569246976078682e-01 -4.266742398824053817e-01 8.275562741067143957e-02 4.260880094177802446e-01 -3.232111111723212638e-01 8.275562741067143957e-02 4.260880094177802446e-01 -3.232111111723212638e-01 5.471257285931079295e-01 -1.267256893173121179e+00 7.201311645800132499e-01
-1.158881120517085694e-02 2.664892895181451005e-01 2.185142907009550717e-01 2.071746514926205984e-01 -1.454185963839084161e-01 -1.575112879393758547e-01 2.071746514926205984e-01 -1.454185963839084161e-01 -1.575112879393758547e-01 2.780781007233159574e-01 -3.260530995405059862e-01 4.797499881719002879e-02
1.976648845204653782e-02 -3.940478297296450272e-01 -2.313207591193759960e-01 -8.126104331997385799e-02 8.242945622170994024e-02 -1.406811645639196584e-01 -8.126104331997385799e-02 8.242945622170994024e-02 -1.406811645639196584e-01 -4.138143181816915650e-01 5.765413887919605962e-01 -1.627270706102690312e-01
-4.868599184766482235e-01 1.470027864356598934e-01 1.048803381791163503e-01 4.881620417954063429e-01 3.754199373941232709e-01 7.823871905857582298e-02 4.881620417954063429e-01 3.754199373941232709e-01 7.823871905857582298e-02 6.338627049123081170e-01 -6.759851531688516602e-01 4.212244825654354319e-02
2.214887283519693106e-01 4.535867812462062165e-01 3.622725523387346769e-01 3.500830583777705396e-01 -4.486718327025651654e-01 -2.111095734347177011e-01 3.500830583777705396e-01 -4.486718327025651654e-01 -2.111095734347177011e-01 2.320980528942369059e-01 -3.234122818017084455e-01 9.131422890747153964e-02
4.266826152438742970e-01 -4.853561968994992704e-01 -4.898113454742076822e-01 3.754391192115147380e-01 -1.881826128348678129e-01 -9.767559795682401180e-02 3.754391192115147380e-01 -1.881826128348678129e-01 -9.767559795682401180e-02 -9.120388121433735673e-01 9.075836635686651555e-01 4.455148574708411857e-03
2.605315404167414250e-01 6.972585780467055461e-02 -3.612079810757349296e-01 2.405168067036688173e-01 -2.394404182807572390e-01 -1.688196749318768841e-01 2.405168067036688173e-01 -2.394404182807572390e-01 -1.688196749318768841e-01 -1.908056826120708704e-01 -2.401281562683346138e-01 4.309338388804054842e-01
-3.656362721476413835e-01 -2.557246100712535775e-01 -3.881290694424880394e-01 6.853971513098366941e-02 -5.238667217072212612e-02 4.767610363013252694e-01 6.853971513098366941e-02 -5.238667217072212612e-02 4.767610363013252694e-01 1.099116620763878061e-01 -2.423161214476222680e-01 1.324044593712344620e-01
-3.142649721241552729e-02 -5.676778448291508461e-03 -1.066210515370169531e-01 -4.046960198830931166e-01 2.170915046351957756e-01 -4.078635926682813162e-01 -4.046960198830931166e-01 2.170915046351957756e-01 -4.078635926682813162e-01 2.574971876412401883e-02 -1.266939918528494635e-01 1.009442730887254447e-01
-2.010171385413742629e-01 1.619299135854519456e-01 -3.256469045434999821e-01 4.834676983180860033e-01 4.693790384390033044e-01 4.651213361413986114e-02 4.834676983180860033e-01 4.693790384390033044e-01 4.651213361413986114e-02 3.629470521268262084e-01 -8.505238702557781361e-01 4.875768181289519276e-01
-4.057972678226773322e-01 2.548746057554170941e-01 1.710662745876099233e-01 -1.148287748130365493e-01 -2.610657778440874655e-01 4.219710224523227637e-01 -1.148287748130365493e-01 -2.610657778440874655e-01 4.219710224523227637e-01 6.606718735780944263e-01 -7.444802047459015970e-01 8.380833116780717074e-02
-2.218440661128835423e-01 3.200075392134118513e-01 4.022847857827490659e-01 3.204551347721781296e-01 2.778517219236131819e-02 3.801430135619123796e-01 3.204551347721781296e-01 2.778517219236131819e-02 3.801430135619123796e-01 5.418516053262953935e-01 -4.595743587569581790e-01 -8.227724656933721459e-02
-1.165909339328847771e-01 -3.254712837330582254e-01 3.487807410082419679e-01 3.891141353870687380e-01 1.349973534572408429e-01 -1.228470566185435597e-01 3.891141353870687380e-01 1.349973534572408429e-01 -1.228470566185435597e-01 -2.088803498001734482e-01 8.831323745414736415e-01 -6.742520247413001933e-01
-4.804800411768167523e-01 -4.225474248486651430e-01 4.622121372617231660e-01 -4.307062396370203716e-01 1.209569388018061353e-02 7.338021280254958256e-03 -4.307062396370203716e-01 1.209569388018061353e-02 7.338021280254958256e-03 5.793261632815160933e-02 8.268269457822366997e-01 -8.847595621103883090e-01
-2.916166860070051881e-01 2.615335028550882512e-01 -4.414364974702963407e-01 3.605106329237851570e-01 -3.243904868064285685e-01 -7.221903177418798059e-02 3.605106329237851570e-01 -3.243904868064285685e-01 -7.221903177418798059e-02 5.531501888620934393e-01 -1.256120189187478031e+00 7.029700003253845919e-01
-1.364002031958939654e-01 -4.210554627131463112e-01 -1.759570048426604139e-01 -1.214306036296791680e-01 -3.499753113311406816e-01 -2.852655943815372019e-01 -1.214306036296791680e-01 -3.499753113311406816e-01 -2.852655943815372019e-01 -2.846552595172523459e-01 5.297537173877382433e-01 -2.450984578704858974e-01
1.117438629026457075e-01 4.357969561592146546e-01 -3.574319637886389511e-01 4.124183612178122793e-02 1.019908454922391350e-02 -9.769682691232317584e-02 4.124183612178122793e-02 1.019908454922391350e-02 -9.769682691232317584e-02 3.240530932565689470e-01 -1.117282013204422553e+00 7.932289199478536057e-01
3.439536221560056672e-01 5.444552572457439510e-02 -2.548254962737193097e-01 3.125428658818228955e-01 -9.592247467489345425e-02 -1.339372822862082701e-01 3.125428658818228955e-01 -9.592247467489345425e-02 -1.339372822862082701e-01 -2.895080964314312721e-01 -1.976292556686243262e-02 3.092710219982937048e-01
3.118302554393781456e-01 -6.564160374229366379e-02 -5.253626475462647161e-02 -3.837766600700182051e-01 3.387306974038424290e-01 9.354400539434892803e-02 -3.837766600700182051e-01 3.387306974038424290e-01 9.354400539434892803e-02 -3.774718591816718094e-01 3.905771981693390016e-01 -1.310533898766719219e-02
8.311262884358872061e-02 -2.289982284672872348e-01 8.227544307826872849e-02 -3.665793531418167772e-01 -1.752781185736442815e-01 3.038363593777505534e-01 -3.665793531418167772e-01 -1.752781185736442815e-01 3.038363593777505534e-01 -3.121108573108759554e-01 6.233845288564319187e-01 -3.112736715455559633e-01
3.861342928279523079e-01 1.896764767182459455e-01 2.358791623939706650e-01 -4.424365606685854990e-01 8.925149315737890277e-02 4.563479338813303254e-01 -4.424365606685854990e-01 8.925149315737890277e-02 4.563479338813303254e-01 -1.964578161097063624e-01 2.426605017854310820e-01 -4.620268567572471952e-02
-1.511724277769035396e-01 4.345488617196036074e-02 -1.003415445186774946e-01 -2.362641628128119287e-01 7.895439385677061050e-02 -2.339108947250727599e-01 -2.362641628128119287e-01 7.895439385677061050e-02 -2.339108947250727599e-01 1.946273139488639004e-01 -3.384237446395017557e-01 1.437964306906378553e-01
3.056946096400230406e-01 -2.707182614180349001e-01 1.883830610260661675e-02 -1.511356898083753286e-01 4.038174002418403186e-01 2.404885086735752964e-02 -1.511356898083753286e-01 4.038174002418403186e-01 2.404885086735752964e-02 -5.764128710580579407e-01 8.659694385786994575e-01 -2.895565675206415168e-01
-2.039200672663520342e-01 -1.454211093286906786e-01 -4.335069786141337866e-01 -4.850721772032992041e-01 -3.261792081017869105e-01 -2.155978712984800705e-01 -4.850721772032992041e-01 -3.261792081017869105e-01 -2.155978712984800705e-01 5.849895793766135554e-02 -3.465848272231044636e-01 2.880858692854431080e-01
1.436402193909941394e-01 -1.505931907348309062e-01 4.725580966526976567e-03 1.276165372258100117e-01 3.276485328297167321e-01 -2.962874274077366143e-01 1.276165372258100117e-01 3.276485328297167321e-01 -2.962874274077366143e-01 -2.942334101258250456e-01 4.495521818271829284e-01 -1.553187717013578828e-01
-1.995041302265607719e-01 -3.242050433808846277e-01 4.231399319224408151e-01 -1.640050992373468519e-01 -3.949184009224828706e-01 -3.941793348154457588e-01 -1.640050992373468519e-01 -3.949184009224828706e-01 -3.941793348154457588e-01 -1.247009131543238558e-01 8.720458884576492986e-01 -7.473449753033254428e-01
-2.600993197020222691e-01 -2.666261670889380486e-02 1.997546552294899858e-01 4.598566006008374396e-01 3.009592830464318247e-01 1.045195749855354350e-01 4.598566006008374396e-01 3.009592830464318247e-01 1.045195749855354350e-01 2.334367029931284643e-01 -7.019431054744673659e-03 -2.264172719383837906e-01
-1.571919638862326885e-01 -2.275538548049456100e-01 3.641442993023985553e-01 3.683373279166745062e-01 -2.469952907303087919e-01 -4.891495947266155664e-02 3.683373279166745062e-01 -2.469952907303087919e-01 -4.891495947266155664e-02 -7.036189091871292156e-02 6.620600450260570868e-01 -5.916981541073441653e-01
-3.757371603817162287e-01 -4.963979679421682834e-01 -1.016055811684245525e-01 -2.936484292620401559e-01 -3.577576714039752970e-01 -1.259185878098445510e-02 -2.936484292620401559e-01 -3.577576714039752970e-01 -1.259185878098445510e-02 -1.206608075604520547e-01 5.154531943341957856e-01 -3.947923867737437309e-01
2.392507348926604660e-01 -1.770510689540645277e-01 -9.638606204597577332e-02 3.832113357862453329e-01 -1.883298195564971911e-01 -4.005766368914387421e-01 3.832113357862453329e-01 -1.883298195564971911e-01 -4.005766368914387421e-01 -4.163018038467249937e-01 4.969668107548137481e-01 -8.066500690808875440e-02
2.590991182893259692e-01 -3.666053361104062436e-01 -1.799059349738918456e-02 -2.057291444111272183e-01 -1.151705834811829199e-01 -1.415869921853653013e-01 -2.057291444111272183e-01 -1.151705834811829199e-01 -1.415869921853653013e-01 -6.257044543997322128e-01 9.743191970127492718e-01 -3.486147426130170590e-01
-4.724715365223040031e-01 -3.207676427223635773e-01 1.069316144298610993e-01 -1.266175477144846351e-01 -3.062719764975319059e-02 -2.771520496553715462e-01 -1.266175477144846351e-01 -3.062719764975319059e-02 -2.771520496553715462e-01 1.517038937999404258e-01 2.759953633522842509e-01 -4.276992571522246767e-01
2.890101145562437024e-01 4.441883604194307722e-01 -3.021104299943032645e-01 -8.576846935613402501e-02 2.046363118655503133e-01 -1.777181746261580209e-02 -8.576846935613402501e-02 2.046363118655503133e-01 -1.777181746261580209e-02 1.551782458631870698e-01 -9.014770362769211065e-01 7.462987904137340367e-01
2.911535959625322079e-02 1.506493884680204509e-01 4.591679917979264447e-01 -2.194698544892805803e-01 9.965015308660629678e-02 4.631497126073793602e-01 -2.194698544892805803e-01 9.965015308660629678e-02 4.631497126073793602e-01 1.215340288717672301e-01 1.869845744581387637e-01 -3.085186033299059938e-01
6.091458981015196450e-02 2.464423502866897042e-01 3.423844425760607102e-01 -3.502244890628393170e-01 -5.165077453421307307e-02 4.733675530554626310e-01 -3.502244890628393170e-01 -5.165077453421307307e-02 4.733675530554626310e-01 1.855277604765377397e-01 -8.958566818716673374e-02 -9.594209228937100598e-02
3.310878277385972401e-01 -4.765623660099742587e-01 -4.625826641014543217e-01 -3.168757168449914952e-01 -2.377747054348910982e-02 -9.366139721439981081e-02 -3.168757168449914952e-01 -2.377747054348910982e-02 -9.366139721439981081e-02 -8.076501937485714988e-01 8.216298956570914358e-01 -1.397970190851993699e-02
-3.115853444040648235e-01 9.224984586091800054e-02 4.972396725903323045e-01 1.520528253056152579e-02 1.760769604854732773e-01 -3.938778010920263029e-02 1.520528253056152579e-02 1.760769604854732773e-01 -3.938778010920263029e-02 4.038351902649828240e-01 1.154636464431479936e-03 -4.049898267294143039e-01
2.779935768965835496e-02 -4.675414656251978274e-01 -2.231075841101840540e-01 -4.419427291669134616e-01 3.777295487462997148e-01 -3.620499993708481412e-01 -4.419427291669134616e-01 3.777295487462997148e-01 -3.620499993708481412e-01 -4.953408233148561823e-01 7.397747048298699557e-01 -2.444338815150137734e-01
-1.435755582054411006e-01 1.210175512987259339e-01 3.927028347501280159e-01 8.015881620195186574e-02 2.652237381522648541e-01 1.185805104179231684e-01 8.015881620195186574e-02 2.652237381522648541e-01 1.185805104179231684e-01 2.645931095041670345e-01 7.092173947235047571e-03 -2.716852834514020820e-01
1.247544671623863621e-01 -1.770989427664447780e-01 2.651063152941108836e-01 2.938233863918966460e-01 -1.472180251566643783e-01 2.319489375904677519e-01 2.938233863918966460e-01 -1.472180251566643783e-01 2.319489375904677519e-01 -3.018534099288311401e-01 7.440586679893868016e-01 -4.422052580605556615e-01
-2.884731049405415693e-01 1.263424068737182271e-01 -3.149281869975514292e-01 1.497827030604946819e-01 7.219819025405749269e-02 2.851802250203535616e-01 1.497827030604946819e-01 7.219819025405749269e-02 2.851802250203535616e-01 4.148155118142597964e-01 -8.560861056855294526e-01 4.412705938712696563e-01
-4.065440524135577327e-02 1.618477816145171833e-01 1.214089099948892914e-01 -1.449892548894520239e-01 -1.962781822852462943e-01 -2.498428547763360541e-01 -1.449892548894520239e-01 -1.962781822852462943e-01 -2.498428547763360541e-01 2.025021868558729565e-01 -2.429410584755008484e-01 4.043887161962789190e-02
-1.400168048286923872e-01 -3.452540152862999534e-01 1.922047453417906615e-01 2.383601324221884532e-02 -3.201740035145322905e-01 -2.300359525717168285e-01 2.383601324221884532e-02 -3.201740035145322905e-01 -2.300359525717168285e-01 -2.052372104576075662e-01 7.426959710856981811e-01 -5.374587606280906149e-01
3.889993554420075883e-01 3.197729233389011716e-01 -3.495605083913039257e-01 4.356653058961553748e-01 4.990639275195655200e-01 -3.563771141019775879e-01 4.356653058961553748e-01 4.990639275195655200e-01 -3.563771141019775879e-01 -6.922643210310641670e-02 -6.001069996270986806e-01 6.693334317302050973e-01
2.646026501940552667e-01 -3.386612021946143747e-01 4.942063474680236101e-02 -1.076031790056405368e-01 -3.719000601003374928e-01 -1.519595112889943200e-01 -1.076031790056405368e-01 -3.719000601003374928e-01 -1.519595112889943200e-01 -6.032638523886696413e-01 9.913456893300863770e-01 -3.880818369414167357e-01
-1.012428766731736651e-01 2.266106273201105026e-01 -3.567199468854830302e-01 -4.699487953392743611e-01 -4.502540732825748293e-01 2.680567833984770498e-01 -4.699487953392743611e-01 -4.502540732825748293e-01 2.680567833984770498e-01 3.278535039932841677e-01 -9.111840781988777005e-01 5.833305742055935328e-01
4.256518130836788316e-01 3.763806204159969582e-01 -3.111385162170565710e-02 -3.799177257005971198e-01 -3.360540865564549673e-01 1.895670907837992969e-01 -3.799177257005971198e-01 -3.360540865564549673e-01 1.895670907837992969e-01 -4.927119266768187344e-02 -3.582232793700207418e-01 4.074944720377026153e-01
8.602310120508682711e-02 4.239591989883327861e-01 -2.829539598444194004e-01 3.179480853812930441e-01 9.277232526728496076e-02 4.279677896707134721e-02 3.179480853812930441e-01 9.277232526728496076e-02 4.279677896707134721e-02 3.379360977832459589e-01 -1.044849256615998145e+00 7.069131588327521865e-01
-3.034321702056382852e-01 1.885401626025023925e-01 1.510847190320572242e-01 -3.232392384264507479e-01 -4.018861684884026397e-01 -3.583640773847508454e-01 -3.232392384264507479e-01 -4.018861684884026397e-01 -3.583640773847508454e-01 4.919723328081406777e-01 -5.294277763785858459e-01 3.745544357044516826e-02
1.168995257350946559e-02 1.882414041462181498e-01 3.754940767880872166e-01 4.976782871612995818e-01 1.932186967693576563e-01 -1.029398315159357757e-03 4.976782871612995818e-01 1.932186967693576563e-01 -1.029398315159357757e-03 1.765514515727086842e-01 1.070122106916038263e-02 -1.872526726418690668e-01
-2.210223279256537943e-01 -2.291611714837594738e-01 3.185357477754352518e-01 4.419024196457799203e-01 -4.714104035179701446e-01 -2.624085153803161763e-01 4.419024196457799203e-01 -4.714104035179701446e-01 -2.624085153803161763e-01 -8.138843558105679499e-03 5.558357628173004050e-01 -5.476969192591947255e-01
2.703293631175914813e-01 -1.316049837702383263e-01 3.215071054177641718e-01 4.251937166460419970e-01 1.608339173600974448e-01 -4.428034032065800707e-01 4.251937166460419970e-01 1.608339173600974448e-01 -4.428034032065800707e-01 -4.019343468878298076e-01 8.550464360758323057e-01 -4.531120891880024981e-01
3.635855798511099524e-01 2.023209660799887288e-01 4.128825568271233815e-01 -1.635898583800922124e-01 2.175456400921941258e-01 3.602915773237455044e-01 -1.635898583800922124e-01 2.175456400921941258e-01 3.602915773237455044e-01 -1.612646137711212235e-01 3.718262045182558762e-01 -2.105615907471346526e-01
2.861273781970613550e-01 -7.502002298205712183e-02 -4.611571617099474718e-02 3.148678109217950549e-01 4.449874217467582049e-01 3.671676369483545255e-01 3.148678109217950549e-01 4.449874217467582049e-01 3.671676369483545255e-01 -3.611474011791184768e-01 3.900517079901808515e-01 -2.890430681106237465e-02
-4.902916916668513814e-01 -4.347484098090449445e-01 2.577369170222534311e-01 -4.536392895407516113e-01 -1.998005378732014004e-01 2.723509914523898345e-01 -4.536392895407516113e-01 -1.998005378732014004e-01 2.723509914523898345e-01 5.554328185780643690e-02 6.369420449734919387e-01 -6.924853268312983756e-01
4.220521803674396333e-01 8.589572798464106818e-02 6.903491206435519167e-02 3.952894288779313925e-01 3.375306474345768359e-01 2.624281352740507334e-01 3.952894288779313925e-01 3.375306474345768359e-01 2.624281352740507334e-01 -3.361564523827985651e-01 3.192956364625126886e-01 1.686081592028587650e-02
2.659078564803155631e-01 -2.917988337275484456e-01 2.030829093300141608e-01 1.195870122090721965e-01 -1.315885392830460354e-01 2.299006201125048943e-01 1.195870122090721965e-01 -1.315885392830460354e-01 2.299006201125048943e-01 -5.577066902078640087e-01 1.052588433265426726e+00 -4.948817430575626064e-01
3.713508804839094068e-01 6.284459741074255312e-02 4.583506440989603137e-01 -9.198911609452686822e-02 -9.698280120776525681e-02 -4.803867797549327134e-01 -9.198911609452686822e-02 -9.698280120776525681e-02 -4.803867797549327134e-01 -3.085062830731668537e-01 7.040123297613846143e-01 -3.955060466882177606e-01
2.384402961989700032e-01 2.552307097680160952e-01 3.463798002679616683e-01 3.663040275848649108e-01 1.786941058855645581e-01 2.824378509375532476e-01 3.663040275848649108e-01 1.786941058855645581e-01 2.824378509375532476e-01 1.679041356904609206e-02 7.435867693089948105e-02 -9.114909049994557311e-02
-2.297961515286388590e-01 2.884872555979374198e-01 -3.663673778961401561e-01 -4.279634838954985421e-01 -4.748226102213786159e-01 -3.561739887063427590e-01 -4.279634838954985421e-01 -4.748226102213786159e-01 -3.561739887063427590e-01 5.182834071265762788e-01 -1.173138040620653744e+00 6.548546334940775759e-01
-2.166095601321504915e-02 -2.021148731615700633e-01 4.468151972054211774e-01 -6.253306234901923055e-02 2.595308755440844939e-01 2.177034304446158197e-01 -6.253306234901923055e-02 2.595308755440844939e-01 2.177034304446158197e-01 -1.804539171483550142e-01 8.293839875153462549e-01 -6.489300703669912407e-01
-3.571242021206693096e-01 3.379508782022134783e-01 3.507189022138890167e-02 3.659940523894027464e-01 2.429265679800347577e-01 -2.953700245627739474e-01 3.659940523894027464e-01 2.429265679800347577e-01 -2.953700245627739474e-01 6.950750803228827879e-01 -9.979540683037073645e-01 3.028789879808245766e-01
-2.472837212473170121e-01 -3.825156920008175865e-01 -1.981406104923977285e-01 4.894326901856379530e-01 -3.780032410027018841e-01 -4.005237287709728644e-02 4.894326901856379530e-01 -3.780032410027018841e-01 -4.005237287709728644e-02 -1.352319707535005744e-01 3.196070522619204324e-01 -1.843750815084198580e-01
-5.873970644530135399e-02 2.583285357930142911e-02 2.081414376187473714e-02 3.521424391729625070e-01 -2.311779071910790018e-01 -1.733965694926412615e-01 3.521424391729625070e-01 -2.311779071910790018e-01 -1.733965694926412615e-01 8.457256002460278310e-02 -8.959126984202947508e-02 5.018709817426691977e-03
3.389822105081446990e-01 -3.105828666018598527e-01 3.471941361154695649e-02 1.370794512766090323e-01 -4.925994496621977081e-02 1.663949910667060772e-01 1.370794512766090323e-01 -4.925994496621977081e-02 1.663949910667060772e-01 -6.495650771100045517e-01 9.948673573234113610e-01 -3.453022802134068092e-01
