4.064232691643386852e-01 -4.719505971038103764e-01 4.348531337494406790e-01 3.524766398396647071e-01 4.348531337494406790e-01 3.524766398396647071e-01 -2.279986004635409236e-02 5.295080894922250536e-01
3.387957581109779515e-01 2.457890132383213633e-01 3.279523454395498749e-01 -1.022980408756102300e-01 3.279523454395498749e-01 -1.022980408756102300e-01 -5.053403082618305175e-01 -3.001593399236459625e-01
4.309546777401996875e-01 2.690089987808818028e-01 -3.248242548979265454e-01 -2.690586564600554453e-01 -3.248242548979265454e-01 -2.690586564600554453e-01 -6.628160504978570788e-01 -3.823650916219487050e-01
-2.536063557142791414e-01 2.853560605076329582e-01 3.809655993444942546e-01 -3.343404666670264369e-01 3.809655993444942546e-01 -3.343404666670264369e-01 3.983425768869274242e-01 -2.682441628978745607e-01
4.026637044263726706e-01 2.826966361181696419e-01 -2.867860571079119403e-01 -7.942342774890498447e-02 -2.867860571079119403e-01 -7.942342774890498447e-02 -6.303270538828056324e-01 -3.649173069080100529e-01
-4.760969738576691368e-01 -1.097552649652814294e-01 -4.931723832535800378e-01 2.537599968630195324e-01 -4.931723832535800378e-01 2.537599968630195324e-01 3.715886748278348639e-01 -1.048668453635495379e-01
-4.080951478362276896e-01 -3.880603654641434641e-02 -3.059945743643764926e-01 -6.483732857806479011e-02 -3.059945743643764926e-01 -6.483732857806479011e-02 3.764220373935336372e-01 -1.262297046686165491e-01
3.280935695469475721e-01 3.669361094050652694e-01 7.805174874023945719e-02 -4.889759355933279705e-01 7.805174874023945719e-02 -4.889759355933279705e-01 -5.688723254077018288e-01 -3.399393913977969417e-01
-3.209945931652782303e-01 -3.993320197843429620e-01 1.149815714009601031e-01 -1.230458575985909908e-01 1.149815714009601031e-01 -1.230458575985909908e-01 6.462775470819021040e-02 4.557605529680433532e-01
-2.673289043680262544e-01 9.195388433273499196e-03 -2.390155613501795395e-01 -2.752139121045207304e-01 -2.390155613501795395e-01 -2.752139121045207304e-01 2.722452905982370996e-01 -8.057557637544404683e-02
-2.695693255897805285e-01 1.764358869800243257e-01 -2.728937230054884200e-02 -1.146671674349760695e-01 -2.728937230054884200e-02 -1.146671674349760695e-01 3.646927317158603077e-01 -2.179738860645255016e-01
2.854207215855096846e-01 3.273093048975674879e-01 -4.284917105302628038e-01 1.957236480763113740e-01 -4.284917105302628038e-01 1.957236480763113740e-01 -4.722624375565402932e-01 -3.016429121354317067e-01
-3.686378196185269296e-02 1.318790922401964494e-01 2.577834972058457019e-01 -1.232547085832302880e-01 2.577834972058457019e-01 -1.232547085832302880e-01 4.658690616519201716e-02 -1.158459356906292315e-01
-1.383833522879427402e-01 7.313226326818045298e-02 3.075820379343013888e-01 -1.246303712316531032e-01 3.075820379343013888e-01 -1.246303712316531032e-01 1.586239277908531309e-01 -8.693388752790286167e-02
-2.621632262970774452e-01 -4.966259414533149563e-01 4.885504436237136927e-01 -4.077054086625256923e-01 4.885504436237136927e-01 -4.077054086625256923e-01 1.769108148628351085e-03 6.745337099552137783e-01
4.450482237927938511e-01 3.813196460233808649e-01 -2.905613141590485116e-01 3.915978697473795345e-01 -2.905613141590485116e-01 3.915978697473795345e-01 -7.844594861127989205e-01 -4.339828950811051023e-01
3.004790489984635604e-01 -2.286792860481534628e-02 2.734218755622184194e-01 6.578423231994867670e-02 2.734218755622184194e-01 6.578423231994867670e-02 -2.867363821189842232e-01 -6.689678812353078152e-02
-2.513181338428314149e-01 -2.988506491310449764e-01 4.222485922290397653e-01 -1.757135419127159315e-01 4.222485922290397653e-01 -1.757135419127159315e-01 1.011049589681654037e-01 3.250015552188486034e-01
4.351746863442698121e-01 3.265907148431730356e-01 -2.243714868599990808e-01 -3.074982377352822871e-01 -2.243714868599990808e-01 -3.074982377352822871e-01 -7.194227101339272235e-01 -4.093062274562319081e-01
-2.852121487912894215e-01 -4.467444273388874176e-01 -3.299180670249849401e-01 2.792016325620905182e-02 -3.299180670249849401e-01 2.792016325620905182e-02 3.037827262757314406e-02 5.649790408790932306e-01
4.649709995361268611e-01 2.335581482586641666e-01 3.560081633059569706e-01 -9.446798360845387599e-02 3.560081633059569706e-01 -9.446798360845387599e-02 -6.821665308274028616e-01 -3.952067700502728820e-01
-1.208315817736036468e-01 -2.486115348749090570e-01 -3.751559833315377679e-01 4.771636726780321691e-01 -3.751559833315377679e-01 4.771636726780321691e-01 6.075133176140627006e-02 2.958189589938561292e-01
4.852196553795465883e-01 -2.881781099659774803e-02 2.397465219446972551e-01 -2.109985705524901611e-01 2.397465219446972551e-01 -2.109985705524901611e-01 -4.572537187384224655e-01 -2.057898367394125905e-01
3.344787191622667910e-01 1.724746582093580338e-01 -2.018362286153307927e-01 3.759095374562000380e-01 -2.018362286153307927e-01 3.759095374562000380e-01 -4.498569246938984301e-01 -2.546031640573537258e-01
-4.917834949606879613e-01 -8.999992063013306787e-02 -7.097103113230796012e-02 1.616325236503104446e-01 -7.097103113230796012e-02 1.616325236503104446e-01 4.032625439333452633e-01 -1.437510995721856810e-01
4.273983084653987241e-03 -8.483359351226793521e-03 -1.938504402224821010e-01 2.437099123274765189e-01 -1.938504402224821010e-01 2.437099123274765189e-01 -4.201467615917618519e-03 8.537059805700932674e-03
3.128295501637062825e-01 2.978446191105952323e-01 -1.569157048362000983e-01 1.736778814943404914e-01 -1.569157048362000983e-01 1.736778814943404914e-01 -4.991787465938021806e-01 -3.069955294330865003e-01
4.437739993000753280e-01 -4.613534750584067368e-01 -4.137560193593871061e-01 4.749566352840313144e-01 -4.137560193593871061e-01 4.749566352840313144e-01 -3.430064586476189170e-02 4.772651415520914320e-01
-3.445793476505910613e-01 -6.535055007660151016e-02 2.570621004779364283e-01 2.978742755003686016e-01 2.570621004779364283e-01 2.978742755003686016e-01 2.995424478225857667e-01 -4.911368235539098626e-02
-2.756115940627056338e-01 -5.092440552802190989e-02 -2.218364413509765765e-01 7.729685118966145296e-02 -2.218364413509765765e-01 7.729685118966145296e-02 2.475408808941580718e-01 -2.244405017538128599e-02
-9.234110908929560324e-03 -4.261889692500604454e-01 -1.334039797063159005e-01 4.443394079666624918e-01 -1.334039797063159005e-01 4.443394079666624918e-01 1.363158488494704487e-03 6.077407379562109746e-01
3.206663345385307728e-01 -2.160279294811195960e-01 4.645350193891861768e-02 2.030869047715556652e-01 4.645350193891861768e-02 2.030869047715556652e-01 -1.821205659292131074e-01 1.598690976906422256e-01
-1.341096142194070362e-01 4.070373768197906861e-01 -4.766228664701180895e-01 -1.897996860228191585e-01 -4.766228664701180895e-01 -1.897996860228191585e-01 2.432848653757700985e-01 -2.593433393175326174e-01
4.091824637608486581e-01 3.062458783408414931e-01 2.175486678660920603e-01 2.067209496362198973e-01 2.175486678660920603e-01 2.067209496362198973e-01 -6.598033497930699820e-01 -3.798896289894861944e-01
4.107134542882382444e-01 4.161525757097549461e-01 1.631899274414362333e-01 3.699038708348791893e-01 1.631899274414362333e-01 3.699038708348791893e-01 -7.525523780496403692e-01 -4.116551509732683800e-01
-1.134336371651148978e-01 1.861280982539943452e-01 4.606832336961557139e-01 4.798000112828724184e-01 4.606832336961557139e-01 4.798000112828724184e-01 1.556600114922677969e-01 -1.643516193348527055e-01
-4.644711951696366414e-01 6.593353398547985300e-02 -4.781868402971654053e-01 3.477437700621298644e-01 -4.781868402971654053e-01 3.477437700621298644e-01 5.257196498336239587e-01 -2.773197942239761238e-01
2.192321416923365129e-01 3.259196998012193758e-01 -8.672361862152744294e-02 4.980076441941257981e-01 -8.672361862152744294e-02 4.980076441941257981e-01 -3.621362893066258914e-01 -2.677587810337111462e-01
-1.473067833479630995e-01 2.416477811960254796e-01 4.923643328000614217e-01 1.533000870238858671e-01 4.923643328000614217e-01 1.533000870238858671e-01 2.184994980502809325e-01 -2.049534194593869985e-01
4.779895119966026673e-01 4.333677049373143575e-01 1.035606605058776442e-01 1.483734854559393135e-02 1.035606605058776442e-01 1.483734854559393135e-02 -8.922799475927518653e-01 -4.740341108334296116e-01
-2.642376730020182807e-01 -4.656230844013142800e-02 3.847734447499041588e-01 3.394019326707895523e-01 3.847734447499041588e-01 3.394019326707895523e-01 2.396306409383731628e-01 -2.109119082611618512e-02
6.348175271361766736e-02 3.011352140683646317e-01 3.340513248686634018e-01 -4.141330475946902734e-01 3.340513248686634018e-01 -4.141330475946902734e-01 -1.017149350993181572e-01 -2.144827298439577479e-01
2.430308748562126642e-02 -4.344168930887647440e-01 4.026310823136902695e-02 2.180205344961031466e-01 4.026310823136902695e-02 2.180205344961031466e-01 -3.187743969685206957e-03 6.225442900283262304e-01
-4.468713093270424430e-01 4.556766559053810894e-01 3.920842569859895876e-01 4.663654462530474332e-01 3.920842569859895876e-01 4.663654462530474332e-01 8.541289570354541061e-01 -4.477294082679352805e-01
3.956099852149419505e-01 1.816955408577702880e-02 1.114064647827255339e-01 -3.058854414009667400e-01 1.114064647827255339e-01 -3.058854414009667400e-01 -4.099860992614146049e-01 -1.743466817918676581e-01
3.499176092791567161e-02 -1.050870876516259989e-01 -1.720573512932721538e-02 1.804152248926198521e-01 -1.720573512932721538e-02 1.804152248926198521e-01 -2.763739643248244032e-02 1.149059603098901150e-01
4.648463390269615969e-01 1.264074396443214399e-01 -2.742393756595717935e-01 2.662322588415133584e-01 -2.742393756595717935e-01 2.662322588415133584e-01 -5.823664101158304574e-01 -3.265107177536575866e-01
3.940620995065691190e-02 3.093553204242411869e-01 5.589281119008393528e-02 -1.769131384631394965e-02 5.589281119008393528e-02 -1.769131384631394965e-02 -6.378725136263768691e-02 -2.152074555321314975e-01
-2.648795927425356966e-01 2.052129689934265588e-01 1.413741755146266099e-01 1.032253784852441569e-01 1.413741755146266099e-01 1.032253784852441569e-01 3.735930480474665694e-01 -2.332618050017810640e-01
1.035595516954864737e-01 3.337872434508155628e-01 -3.703830239098978572e-01 1.700084852838934513e-01 -3.703830239098978572e-01 1.700084852838934513e-01 -1.726932662823638109e-01 -2.330979003076916745e-01
2.239012800161188643e-02 -4.493564722667976463e-01 -3.171231675412167217e-01 -2.179196473835006698e-01 -3.171231675412167217e-01 -2.179196473835006698e-01 -2.267830136799164203e-03 6.507763936029303808e-01
-4.022126560220826708e-01 -7.504891173790706471e-02 -2.381349190110866321e-01 2.168613424269492107e-01 -2.381349190110866321e-01 2.168613424269492107e-01 3.418414117787417772e-01 -8.109376977338694781e-02
-4.963933604223313978e-03 -2.341031266712055858e-01 3.640665520741481753e-02 -4.848955588227590319e-01 3.640665520741481753e-02 -4.848955588227590319e-01 2.639788849549424849e-03 2.888827599516129441e-01
4.751396811571156897e-01 2.085488297493478527e-01 5.248407237597663144e-02 8.556586273617761140e-02 5.248407237597663144e-02 8.556586273617761140e-02 -6.733193301027051714e-01 -3.908139319696109504e-01
3.849587041043367464e-02 3.637124033444644189e-01 4.815943038036804014e-01 -4.309097618212491820e-01 4.815943038036804014e-01 -4.309097618212491820e-01 -6.649872150206544152e-02 -2.329076230365149380e-01
-2.164948768127408218e-01 4.600938805489981354e-01 -4.203115099728939041e-01 -2.603295503360936181e-01 -4.203115099728939041e-01 -2.603295503360936181e-01 4.157108127962433342e-01 -2.952775333165261751e-01
-4.480431048675104222e-01 -2.696334082721394410e-01 4.117356737439875625e-01 -3.300423377636521050e-01 4.117356737439875625e-01 -3.300423377636521050e-01 2.064283260309935641e-01 1.415929593092707384e-01
-4.522267873140641825e-01 4.934342682419106119e-01 -2.888650512301066398e-01 3.991306303763000329e-01 -2.888650512301066398e-01 3.991306303763000329e-01 8.985151750694749806e-01 -4.544659583308806594e-01
-1.571247618739198826e-01 3.054016874005462956e-01 -2.719671668328614844e-01 4.664677634738620959e-01 -2.719671668328614844e-01 4.664677634738620959e-01 2.530970966913281828e-01 -2.368196875273813062e-01
-1.105520959694633598e-01 3.366421520834030900e-01 -9.905194803921335556e-02 -1.954854498121679773e-01 -9.905194803921335556e-02 -1.954854498121679773e-01 1.849850869784454566e-01 -2.355359794472994261e-01
-3.842859493906946033e-01 1.959177333746809913e-01 -4.783066675146169233e-01 2.458163553762419129e-01 -4.783066675146169233e-01 2.458163553762419129e-01 5.348628137354191070e-01 -3.052096660231158887e-01
-4.787603818231689345e-02 -3.249132197072235329e-02 2.563464346552121187e-01 1.630647446925270749e-02 2.563464346552121187e-01 1.630647446925270749e-02 4.476492663978838549e-02 3.125489294209283370e-02
9.363732940887214973e-02 -2.902769546469988748e-01 -3.985534142674219682e-01 -3.999257032615088914e-01 -3.985534142674219682e-01 -3.999257032615088914e-01 -3.927581176470160140e-02 3.657697155873090855e-01
3.923374572552320583e-01 7.116123793873285752e-02 -4.362382070225350184e-01 -1.169373827977839841e-01 -4.362382070225350184e-01 -1.169373827977839841e-01 -4.481758955512660791e-01 -2.200259965192609413e-01
2.987627112516094696e-01 -3.982440575212875533e-01 3.701054982564199181e-01 -2.175112029331470742e-01 3.701054982564199181e-01 -2.175112029331470742e-01 -6.080176252180588548e-02 4.675832292378935828e-01
1.989011499859488774e-01 -1.892427599740021948e-01 -4.533738828681922461e-01 -1.689571620920871098e-04 -4.533738828681922461e-01 -1.689571620920871098e-04 -1.236199448152610070e-01 1.854939147108470854e-01
1.444148962624405286e-01 -2.644406785358581757e-01 -4.627145253067966868e-01 -3.073497391288620983e-01 -4.627145253067966868e-01 -3.073497391288620983e-01 -6.803654994578985094e-02 3.135138887378717820e-01
-3.543205666165660794e-01 1.997818560333475268e-02 -1.987926944836407861e-01 3.919458386998921906e-01 -1.987926944836407861e-01 3.919458386998921906e-01 3.684779307024550477e-01 -1.451221216308178907e-01
-3.675260111832514553e-01 1.462720092557019402e-01 3.441217757745802519e-01 1.537639172712068625e-02 3.441217757745802519e-01 1.537639172712068625e-02 4.750435474022670079e-01 -2.599518774602732618e-01
-3.939407819794413790e-01 -4.347615163048402787e-01 -4.399022200316742293e-01 3.386316975216097092e-01 -4.399022200316742293e-01 3.386316975216097092e-01 5.140019856404853815e-02 4.685897526579504424e-01
3.661990340843911396e-01 2.565502954746655684e-01 4.019304278461208746e-01 1.237081398223616180e-01 4.019304278461208746e-01 1.237081398223616180e-01 -5.540959748781664196e-01 -3.248339739308684360e-01
-4.840895887555601851e-01 3.875867114180028272e-01 -4.663802116030814071e-01 -1.930241133205101711e-01 -4.663802116030814071e-01 -1.930241133205101711e-01 8.593429722304821716e-01 -4.717059824917080313e-01
-2.937141434993456590e-01 -1.612843100767311633e-01 -1.833506234530268841e-01 -8.720300825527194100e-02 -1.833506234530268841e-01 -8.720300825527194100e-02 1.989711775112056880e-01 1.010289406621041192e-01
3.402191556813095596e-01 -1.455214337764778598e-01 -4.199330467619940555e-01 4.174692658478806884e-03 -4.199330467619940555e-01 4.174692658478806884e-03 -2.412007970153757785e-01 5.094884757233654471e-02
-3.224714025501929093e-02 1.533191091480492485e-01 4.162683518991026066e-01 4.373472775395838008e-01 4.162683518991026066e-01 4.373472775395838008e-01 4.213534588796280511e-02 -1.308522379727246887e-01
2.252718223897827166e-01 -1.182653917340883432e-01 4.755235598889095971e-01 -4.354762690381961399e-01 4.755235598889095971e-01 -4.354762690381961399e-01 -1.719881017466234618e-01 8.150470065329190605e-02
1.862174762439660070e-01 2.792520919931823498e-01 3.256887430410855266e-01 2.817945399114032412e-01 3.256887430410855266e-01 2.817945399114032412e-01 -2.902207158576025070e-01 -2.359473095692856126e-01
1.564502865386020458e-01 -2.600669176428169749e-01 -3.453149588385355795e-01 -2.001898022630700380e-01 -3.453149588385355795e-01 -2.001898022630700380e-01 -7.507519896974257367e-02 3.032250271370420247e-01
4.360246214061882508e-01 -3.576285755673477285e-01 1.419038858885909304e-01 -4.136482826211873576e-01 1.419038858885909304e-01 -4.136482826211873576e-01 -1.241548928746138980e-01 2.954093031572680994e-01
-4.894200930616542378e-01 -1.677625737221797309e-01 9.379201114503155079e-02 -9.659215239696983257e-02 9.379201114503155079e-02 -9.659215239696983257e-02 3.252073441749105953e-01 -4.362517262840875931e-02
2.605151199802830941e-01 1.821205804105755499e-01 -2.121037726339898288e-01 -1.175303414928152712e-01 -2.121037726339898288e-01 -1.175303414928152712e-01 -3.554054496933628515e-01 -2.168208023398319195e-01
4.646173192524803985e-01 3.859029397238743497e-01 3.863370505721600567e-01 4.225639021633884607e-01 3.863370505721600567e-01 4.225639021633884607e-01 -8.232116979447965388e-01 -4.528511141857074485e-01
-3.900720234627880201e-01 5.348549232003851905e-02 -4.305998656079168541e-02 4.479783656821203497e-01 -4.305998656079168541e-02 4.479783656821203497e-01 4.317984118931497139e-01 -2.027809779196754758e-01
3.939512634713341344e-01 -4.454782596361085423e-01 1.194470258617275071e-02 -1.476909147654839050e-01 1.194470258617275071e-02 -1.476909147654839050e-01 -4.295781700602213649e-02 4.887315414538641600e-01
4.381348210283492195e-01 1.414092415349311738e-01 -2.616455119861432754e-01 4.313027283347337093e-01 -2.616455119861432754e-01 4.313027283347337093e-01 -5.620474464916725976e-01 -3.133747893409902785e-01
-7.617006613344090571e-02 2.925212091289544070e-01 -4.650269441149736949e-01 -8.353910598903402374e-02 -4.650269441149736949e-01 -8.353910598903402374e-02 1.207327858230140133e-01 -2.127544303134616954e-01
2.407350962614844825e-01 -2.011716719737783876e-01 3.499102518197905187e-02 3.932540847952764596e-01 3.499102518197905187e-02 3.932540847952764596e-01 -1.438769326261018500e-01 1.836883270064776918e-01
-1.553409628712619783e-01 -4.079224484967889364e-01 -1.811282117215541332e-01 4.687008861600425735e-01 -1.811282117215541332e-01 4.687008861600425735e-01 2.860683101867403377e-02 5.501923577386336195e-01
-3.507750493089132338e-01 -2.278762778006424572e-01 3.426360605488657507e-01 -1.300510338613548589e-01 3.426360605488657507e-01 -1.300510338613548589e-01 1.909084241452093100e-01 1.567607405672475362e-01
2.610847442216859271e-01 -8.922534754803479462e-02 2.000057072109344691e-01 -4.274024774369381552e-01 2.000057072109344691e-01 -4.274024774369381552e-01 -2.144939901363465407e-01 2.902126652779923183e-02
-4.529868349670997940e-01 -4.982921219577444161e-01 8.123183009874590521e-02 -3.979581811475307873e-02 8.123183009874590521e-02 -3.979581811475307873e-02 1.547292537742328555e-03 5.413900881093856032e-01
3.929770040899982497e-01 1.353641632890166813e-01 -4.705003084930493573e-01 4.190990955305372578e-01 -4.705003084930493573e-01 4.190990955305372578e-01 -4.993670107909324307e-01 -2.714716323296316181e-01
9.826122757183086698e-02 2.297674226733177338e-01 -2.927507720721870266e-01 7.858936272046701532e-03 -2.927507720721870266e-01 7.858936272046701532e-03 -1.434156855876227155e-01 -1.866296229953018360e-01
-1.258423524472327415e-01 -3.290360939663394824e-02 -2.752765976991167207e-01 4.741462737732514698e-01 -2.752765976991167207e-01 4.741462737732514698e-01 1.175610172262781666e-01 1.814995923850666257e-02
1.120463659937898093e-03 -1.242772988834740522e-01 -3.556130483599149184e-01 2.304196764385136875e-01 -3.556130483599149184e-01 2.304196764385136875e-01 -8.419672656295512300e-04 1.397208904624331616e-01
-4.138575905203711880e-02 -2.460167027881458024e-01 1.798148892065596360e-01 -2.831051145510055100e-01 1.798148892065596360e-01 -2.831051145510055100e-01 2.102258308330345882e-02 3.048281397865834075e-01
3.037390361043754705e-01 4.811793521245372185e-01 -3.279781422402276991e-01 1.405614314496540507e-01 -3.279781422402276991e-01 1.405614314496540507e-01 -5.960449413196451385e-01 -3.419031852671629013e-01
-2.287871921078966642e-01 8.053127940622817338e-02 -2.206489777611633230e-01 6.860383883729381793e-02 -2.206489777611633230e-01 6.860383883729381793e-02 2.656362426923115083e-01 -1.263895717160397891e-01
-4.593441905633142142e-01 3.377023980771687306e-01 -3.831748760146085342e-01 -2.236229220374286175e-01 -3.831748760146085342e-01 -2.236229220374286175e-01 7.695874599554086704e-01 -4.346565738143645108e-01
-3.772405786927235383e-02 9.601828992602912116e-02 2.807486264851133395e-02 -3.651148413975962015e-01 2.807486264851133395e-02 -3.651148413975962015e-01 4.496845692062854255e-02 -8.822188246783434218e-02
3.023927037402467377e-01 -1.990816413642109151e-01 -1.446260437786622832e-01 -9.261519051610689335e-02 -1.446260437786622832e-01 -9.261519051610689335e-02 -1.819910321459069780e-01 1.472737940171425786e-01
-1.839528894921715896e-01 -5.387418925399511949e-03 1.733224452248174341e-01 -2.186181118213393892e-01 1.733224452248174341e-01 -2.186181118213393892e-01 1.819708269357074859e-01 -2.842222234444182621e-02
-4.007365369174319403e-01 3.948163694820768788e-01 -3.492829799603835994e-01 4.905512859718085261e-01 -3.492829799603835994e-01 4.905512859718085261e-01 7.171712261665534882e-01 -3.995261758916452965e-01
