-2.285092267113193465e-01 -4.777015164910372036e-01 -1.677131830163460791e-01 1.825936011764378586e-01 -1.677131830163460791e-01 1.825936011764378586e-01 1.019081844693639494e-02 6.536837886566687628e-01
3.055704296024673861e-01 -4.119580506142201948e-01 -1.042609349163327037e-01 -3.563351880388928583e-01 -1.042609349163327037e-01 -3.563351880388928583e-01 -5.380603259370286828e-02 4.882941986326521100e-01
1.255582747280126199e-01 1.924463957980355744e-01 2.886042600408608161e-01 -4.271433347346542675e-01 2.886042600408608161e-01 -4.271433347346542675e-01 -1.738847495960638145e-01 -1.711756608950565084e-01
1.861240443411342760e-01 -2.629784038091234066e-01 -3.228925866786774845e-01 -1.471636865535810301e-01 -3.228925866786774845e-01 -1.471636865535810301e-01 -8.823083615847428229e-02 2.974938847972172784e-01
-2.581287504170803881e-01 3.178046363862541135e-03 -2.462874061349407118e-01 -1.200296806320896303e-01 -2.462874061349407118e-01 -1.200296806320896303e-01 2.597694406904231812e-01 -6.979839817705506266e-02
-4.376087811413298390e-03 -1.980838273844294228e-01 2.482634481422395512e-01 -6.093381950800524915e-02 2.482634481422395512e-01 -6.093381950800524915e-02 2.642423366103103643e-03 2.373018799111606403e-01
-3.124456981602770078e-01 3.963613983683578201e-02 3.443771846177013929e-01 4.672282285847751959e-01 3.443771846177013929e-01 4.672282285847751959e-01 3.372139809276740730e-01 -1.356874305545335002e-01
-3.110413415770623136e-01 5.522386402983636700e-03 1.434913363756854521e-01 -2.184214028503992377e-01 1.434913363756854521e-01 -2.184214028503992377e-01 3.144767225280442058e-01 -1.022386058214585364e-01
-2.243543924340727358e-01 -3.819718066929421729e-01 4.381746378780720930e-01 -3.396840618409716628e-01 4.381746378780720930e-01 -3.396840618409716628e-01 5.296028719899248394e-02 4.775393743967506488e-01
2.800433424910275804e-01 -1.139215136352712543e-01 3.921404634530600841e-02 2.597346718754074413e-01 3.921404634530600841e-02 2.597346718754074413e-01 -2.162374195709105273e-01 4.847535123067557572e-02
-1.597660471626051182e-01 -2.916711243121278274e-01 1.602029534856689308e-01 1.715821450553149941e-01 1.602029534856689308e-01 1.715821450553149941e-01 6.656776195696216536e-02 3.512179792436648240e-01
3.356340021718371425e-01 1.299256269784713202e-01 1.454588417219341290e-01 3.301029416224141588e-01 1.454588417219341290e-01 3.301029416224141588e-01 -4.228489185067762501e-01 -2.256951418466072168e-01
-2.183538068657174813e-01 -4.319599091083781151e-02 6.768265709814003106e-02 1.629210636249470712e-01 6.768265709814003106e-02 1.629210636249470712e-01 1.994897887522807389e-01 -2.616500431144058725e-03
7.752566414232042735e-02 -4.227272565943253069e-01 1.173292773840216574e-01 4.329100547843962588e-01 1.173292773840216574e-01 4.329100547843962588e-01 -1.198124150524808307e-02 5.954153614613819645e-01
4.945628123735194004e-01 -4.233364881312579042e-01 2.145545052417623388e-01 3.126426757699165560e-01 2.145545052417623388e-01 3.126426757699165560e-01 -7.582984407247156389e-02 3.579578949317596126e-01
2.229452492471409863e-01 -4.433068636166535015e-01 -1.358155783320691423e-01 -2.458090225652316274e-01 -1.358155783320691423e-01 -2.458090225652316274e-01 -2.527893084317467398e-02 5.901232547844179610e-01
4.392161324283785362e-01 -4.188137367484081608e-01 -2.563471810045216959e-01 -1.214803857502959605e-01 -2.563471810045216959e-01 -1.214803857502959605e-01 -7.131663310335273342e-02 4.013078718522301580e-01
1.564274588300781366e-01 2.261336748699394050e-01 7.753314312494119509e-02 -4.670385097097374816e-01 7.753314312494119509e-02 -4.670385097097374816e-01 -2.271744910617015667e-01 -1.994667858357917212e-01
3.950293914384569449e-01 -4.790405463915210493e-01 -4.077187763193264036e-01 2.350409735113356824e-02 -4.077187763193264036e-01 2.350409735113356824e-02 -1.655920040767999701e-02 5.524721713783704580e-01
-1.862993704936477535e-02 -3.215492189059265815e-02 -4.636381329597907275e-01 -4.953301319541831838e-01 -4.636381329597907275e-01 -4.953301319541831838e-01 1.743184870806680983e-02 3.284178633791948188e-02
6.698745187238019927e-02 6.064049693733764013e-02 1.866869604320007259e-01 4.473636958052836787e-01 1.866869604320007259e-01 4.473636958052836787e-01 -7.511175661259444913e-02 -6.145054577688483649e-02
3.794481192339471676e-02 -3.863357879836031294e-01 4.829073526475244904e-01 -3.707699521951220989e-01 4.829073526475244904e-01 -3.707699521951220989e-01 -8.625934294766081367e-03 5.341513203086128980e-01
-3.735741905738598767e-01 -2.803318113387328614e-01 -2.578443388573700146e-01 -2.403913276220459583e-01 -2.578443388573700146e-01 -2.403913276220459583e-01 1.641247315479176239e-01 2.193600599242732097e-01
2.836412077261643017e-01 4.596182044461127880e-02 -2.117564845394704909e-01 1.462426419051890969e-01 -2.117564845394704909e-01 1.462426419051890969e-01 -3.097145402465696362e-01 -1.243016662263856792e-01
-4.005120286120094075e-01 1.050638925756399722e-01 1.016738223472913871e-01 4.461153714034571394e-02 1.016738223472913871e-01 4.461153714034571394e-02 4.846707341106969991e-01 -2.544353561154014121e-01
-4.082304608600432205e-01 1.779434169403979471e-01 4.193723696849278593e-01 -3.871164977966696785e-01 4.193723696849278593e-01 -3.871164977966696785e-01 5.535143070692221112e-01 -3.129316664819769001e-01
2.062172484423576702e-01 -2.599134962989056996e-01 2.881385096047798244e-01 -2.177556155570870011e-01 2.881385096047798244e-01 -2.177556155570870011e-01 -9.901995636277118040e-02 2.849429683020898718e-01
-2.601118554485857270e-01 2.625078554159632205e-01 -2.845060299258281855e-01 -4.724734344713050760e-01 -2.845060299258281855e-01 -4.724734344713050760e-01 3.966746661327362755e-01 -2.612556586057809271e-01
2.078346668752248938e-01 -4.477729798830930585e-01 -2.388028964895817507e-01 3.521374311652296640e-01 -2.388028964895817507e-01 3.521374311652296640e-01 -2.170917065576605243e-02 6.050783726413422325e-01
-1.502439917915687762e-01 3.168576112852772297e-02 4.745367172130591227e-01 -2.078767100624289155e-01 4.745367172130591227e-01 -2.078767100624289155e-01 1.597651822613770367e-01 -5.325503073969858892e-02
1.597158344078475345e-01 -1.338756312654650893e-01 9.605627919529924341e-02 -1.980523006047746337e-01 9.605627919529924341e-02 -1.980523006047746337e-01 -1.169517180989653737e-01 1.262891681515968811e-01
-4.558899095438319060e-01 1.064021606745405579e-01 2.710919928611775775e-01 -4.244306488441601521e-01 2.710919928611775775e-01 -4.244306488441601521e-01 5.529052523542010711e-01 -3.029163505022130498e-01
-5.664903798673515123e-02 3.186285809917138723e-01 3.233653075982100278e-01 -1.306032075001919424e-01 3.233653075982100278e-01 -1.306032075001919424e-01 9.274904316325338627e-02 -2.203135218717432453e-01
3.114014153748365654e-01 3.044312203854411258e-01 4.426390752177176147e-01 2.993247671781147368e-01 4.426390752177176147e-01 2.993247671781147368e-01 -5.010020411994668965e-01 -3.087236939375235800e-01
2.272918902179080769e-01 -2.167708128026255565e-01 -4.007884880473799871e-02 -3.406745943606912519e-01 -4.007884880473799871e-02 -3.406745943606912519e-01 -1.287513946459459269e-01 2.120987947269069029e-01
2.992513625667735377e-01 1.027018228878795458e-01 -1.119084089325376175e-01 -3.375659475441196156e-01 -1.119084089325376175e-01 -3.375659475441196156e-01 -3.607186834413523280e-01 -1.817055364614567070e-01
-3.626428586007949262e-01 1.548222882314003179e-01 2.461009172690735713e-01 -4.610048757087259474e-03 2.461009172690735713e-01 -4.610048757087259474e-03 4.749332529594973984e-01 -2.623621901923496869e-01
2.733226619848896366e-01 -2.041021379093542754e-01 -4.818509762950093922e-01 -6.771215825998211368e-02 -4.818509762950093922e-01 -6.771215825998211368e-02 -1.617511826845061118e-01 1.710545430540171274e-01
-2.181622421767109854e-01 4.451130061374869440e-01 4.005097318889834224e-01 -1.842774816301242513e-01 4.005097318889834224e-01 -1.842774816301242513e-01 4.123759450586514941e-01 -2.945821818163063543e-01
-1.392711646522273305e-01 3.983878267675359242e-01 7.365488361117245031e-02 -2.376879243875851255e-02 7.365488361117245031e-02 -2.376879243875851255e-02 2.502390378865963494e-01 -2.590714235545635291e-01
7.050937339642593393e-02 -1.576242002596081049e-01 -1.089372410092387389e-01 -1.531275543907367753e-01 -1.089372410092387389e-01 -1.531275543907367753e-01 -4.828140621159048018e-02 1.774980170303325222e-01
3.270782950717198156e-01 -1.667120078774895209e-01 2.518850747889330721e-01 -7.974970852015028644e-02 2.518850747889330721e-01 -7.974970852015028644e-02 -2.180225364626150186e-01 8.752469034101062473e-02
-2.718820408841526870e-03 -2.482182921346511861e-01 1.997075316662042521e-01 4.156735102423197992e-01 1.997075316662042521e-01 4.156735102423197992e-01 1.369098491834571133e-03 3.098232207004786853e-01
-4.522418988951041330e-01 -3.188918158964439975e-01 4.518760817269651398e-03 4.425491265887366854e-01 4.518760817269651398e-03 4.425491265887366854e-01 1.638094181688725670e-01 2.160610710259259493e-01
-4.600176402117379659e-01 -1.212846893822697725e-01 4.417492612113631534e-01 2.054162201844378366e-01 4.417492612113631534e-01 2.054162201844378366e-01 3.484314470048472390e-01 -7.562156404515257835e-02
3.247004549771352888e-01 -1.614143714662986673e-01 1.472919641709651284e-01 6.711371889270001390e-02 1.472919641709651284e-01 6.711371889270001390e-02 -2.198778152672242747e-01 8.203858531980025293e-02
-8.187279965142113536e-02 -4.614408559429569179e-01 4.490550522825431656e-01 4.109358451906244269e-01 4.490550522825431656e-01 4.109358451906244269e-01 6.313890152225151708e-03 6.676653641535639228e-01
-4.320418477593267470e-01 1.932752411005922433e-02 1.136937403124914647e-01 -4.466929501403887892e-01 1.136937403124914647e-01 -4.466929501403887892e-01 4.487424462175725881e-01 -2.056141291371275659e-01
2.700516779415595980e-02 1.125318508975681198e-03 4.925241919908542876e-01 1.457256925908008149e-01 4.925241919908542876e-01 1.457256925908008149e-01 -2.706594662446947658e-02 -1.853331254819556243e-03
1.111918483353071530e-01 -2.806334507016805535e-02 3.045618003967542897e-02 4.955381321546299400e-01 3.045618003967542897e-02 4.955381321546299400e-01 -1.049510179176601221e-01 1.648726927047343416e-02
3.283600667431183506e-01 6.431523830088159421e-03 4.577262396870773742e-01 5.240291972044863744e-02 4.577262396870773742e-01 5.240291972044863744e-02 -3.325837779313337572e-01 -1.142104927628563027e-01
-3.351621149511966324e-01 2.217093393412561397e-01 -3.966055743916596654e-01 2.533251700457220812e-01 -3.966055743916596654e-01 2.533251700457220812e-01 4.837792571072925263e-01 -2.848879514886790143e-01
4.808483321775538499e-01 -3.886350799685647228e-01 2.849742892868768473e-01 -1.602256442511882373e-01 2.849742892868768473e-01 -1.602256442511882373e-01 -1.070992721204045983e-01 3.084571867928022626e-01
3.469467681708594542e-01 -2.945682413065885408e-01 -1.122877439063992844e-01 3.094828814273259399e-01 -1.122877439063992844e-01 3.094828814273259399e-01 -1.425477695166699199e-01 2.609666301488410278e-01
-2.769190583087112190e-01 4.068239576359360399e-01 -1.677961728017637322e-01 -4.137042527453353991e-01 -1.677961728017637322e-01 -4.137042527453353991e-01 5.022336728006441264e-01 -3.180023899839535817e-01
-2.919152568915300838e-01 3.464620803117280934e-01 1.598380333021854893e-01 -4.086361851513615751e-01 1.598380333021854893e-01 -4.086361851513615751e-01 4.941903912462741744e-01 -3.116406244238457690e-01
4.471140536069475591e-01 3.170203784560899907e-01 -1.583084733652807552e-01 -8.154707169848041115e-02 -1.583084733652807552e-01 -8.154707169848041115e-02 -7.306025865819696374e-01 -4.164294350324838634e-01
-2.542488971848726464e-01 6.920185430882486166e-02 -6.527482688325481064e-04 3.931868210335858205e-01 -6.527482688325481064e-04 3.931868210335858205e-01 2.894378874672065560e-01 -1.290554593887689727e-01
-4.584058403816401173e-01 3.677734819537112898e-01 1.582791214540627545e-01 3.333500833975604483e-01 1.582791214540627545e-01 3.333500833975604483e-01 7.955848645117860052e-01 -4.426520624213522437e-01
-4.035770373755928064e-01 2.421365277594976773e-01 4.660804688728631406e-01 -3.858419458134749735e-01 4.660804688728631406e-01 -3.858419458134749735e-01 5.990185224027748667e-01 -3.463808547809322791e-01
-1.200035116049654738e-01 -9.012846300634325125e-02 7.498768782116904674e-02 2.596799307455902595e-01 7.498768782116904674e-02 2.596799307455902595e-01 9.837204749232664192e-02 8.385076005270594712e-02
-3.573591195984826552e-02 -3.270465804650171115e-01 -6.200882982242583719e-02 -1.270589447455350296e-02 -6.200882982242583719e-02 -1.270589447455350296e-02 1.236129634731369942e-02 4.327289908552759967e-01
5.221690154378400006e-02 -1.600472545383384571e-01 3.836418704482191799e-02 3.089636164680088504e-01 3.836418704482191799e-02 3.089636164680088504e-01 -3.550255807862128660e-02 1.829357734167649241e-01
-1.844541583410607144e-01 -4.929622377526343691e-02 3.012463377624496896e-02 -1.455714112163122298e-01 3.012463377624496896e-02 -1.455714112163122298e-01 1.662683714093431131e-01 1.770300492445518736e-02
-1.764044432800284667e-01 -1.413333866358602586e-01 2.212346919238724618e-01 -3.823632075094217653e-01 2.212346919238724618e-01 -3.823632075094217653e-01 1.265407685072685862e-01 1.301899852048850337e-01
3.742484574273727826e-01 3.918309633626515520e-01 5.735864752372732411e-02 4.502433428647145686e-01 5.735864752372732411e-02 4.502433428647145686e-01 -6.675327246488802491e-01 -3.783613673997160420e-01
-2.663640300635796709e-01 2.915651958168297142e-02 -1.427925134392556972e-01 2.636609528321181006e-01 -1.427925134392556972e-01 2.636609528321181006e-01 2.818965261803891842e-01 -9.925621345927748695e-02
-1.362428614375346125e-01 -1.123616815239425470e-03 -4.335927835862911639e-01 3.517196582598131060e-01 -4.335927835862911639e-01 3.517196582598131060e-01 1.359366918973995142e-01 -1.743723796270034085e-02
1.701963631462054538e-01 -1.920770545639450821e-01 3.152155718983518096e-01 2.293554022882503540e-01 3.152155718983518096e-01 2.293554022882503540e-01 -1.048147308849680243e-01 2.000038474257107846e-01
4.611975481021515222e-01 -1.928151620225537766e-02 4.066194441130194237e-01 -2.645726799885756986e-01 4.066194441130194237e-01 -2.645726799885756986e-01 -4.434123721098073290e-01 -1.930498853061231590e-01
6.786495459499464200e-02 -3.979390897413530581e-01 9.017208216055982994e-02 4.980711184429482685e-01 9.017208216055982994e-02 4.980711184429482685e-01 -1.385271808125379533e-02 5.516889568233489527e-01
3.360653337460622891e-01 -1.518428928502357778e-01 2.681098329512688894e-01 8.249756171623268131e-04 2.681098329512688894e-01 8.249756171623268131e-04 -2.340070688206981608e-01 6.195924841351173329e-02
1.585747763718441394e-01 1.434448391968319303e-01 -1.933202191605664089e-01 2.873809911791811444e-01 -1.933202191605664089e-01 2.873809911791811444e-01 -2.040682429665096609e-01 -1.480143770060073360e-01
1.528537122935329506e-01 -2.299768263337689245e-01 2.568948624598010877e-01 2.299250653342321815e-02 2.568948624598010877e-01 2.299250653342321815e-02 -8.254808900032953312e-02 2.595019096224072674e-01
2.904487662157868577e-01 -2.863018566348581873e-01 1.134005354921653330e-01 4.490799267674578932e-01 1.134005354921653330e-01 4.490799267674578932e-01 -1.241367241660195631e-01 2.839101239511522823e-01
-4.465260995646636033e-01 2.742337879996253891e-01 -1.704745424967252232e-01 3.125543101052792316e-01 -1.704745424967252232e-01 3.125543101052792316e-01 6.914311870132947568e-01 -3.984151751114337614e-01
3.147208033904697055e-01 9.437651931520907311e-05 2.818792344512740522e-01 -2.842096451462559070e-01 2.818792344512740522e-01 -2.842096451462559070e-01 -3.147802078984298646e-01 -9.914355169913048604e-02
1.984641963412033805e-01 4.723310049609661387e-01 2.170858190004182342e-01 -5.213595987332764192e-02 2.170858190004182342e-01 -5.213595987332764192e-02 -3.859457829544255536e-01 -2.886224639428896510e-01
2.132450774411425165e-01 -3.000994187781325095e-01 1.744943322217999970e-01 -4.386418134156847559e-01 1.744943322217999970e-01 -4.386418134156847559e-01 -8.525562984637305441e-02 3.446856168762266193e-01
7.342576323867655574e-02 2.758804472514558848e-01 2.271633371478105623e-01 -1.391324662357743547e-01 2.271633371478105623e-01 -1.391324662357743547e-01 -1.139392280428077470e-01 -2.051617687829747350e-01
4.079088670856311216e-01 -1.493240912103211970e-01 -7.153884890476169822e-02 -2.760850637716198985e-01 -7.153884890476169822e-02 -2.760850637716198985e-01 -2.860876253372439670e-01 5.232131579026438883e-03
3.841918446136750598e-01 4.634056589727679754e-01 2.313256239988134011e-01 -1.869176926046826059e-01 2.313256239988134011e-01 -1.869176926046826059e-01 -7.402651944640017412e-01 -3.962642276724409052e-01
1.233867039137070964e-02 5.875751472299373113e-02 -1.925290096847472876e-01 3.153078037797253375e-01 -1.925290096847472876e-01 3.153078037797253375e-01 -1.378864960573697278e-02 -5.545731197359779485e-02
2.371688453522967643e-01 -2.467701440434983962e-01 1.231255159212585326e-01 4.780983358358373847e-01 1.231255159212585326e-01 4.780983358358373847e-01 -1.201164650918638277e-01 2.514165868290056949e-01
-1.311720911815759116e-01 -3.489325585418837639e-01 -9.272374899597157771e-02 1.516720654893268794e-01 -9.272374899597157771e-02 1.516720654893268794e-01 3.963166441102281001e-02 4.534803714475212355e-01
-1.849033488328659658e-01 4.542305470117904420e-01 -2.567976318000227964e-01 4.357699556646329464e-01 -2.567976318000227964e-01 4.357699556646329464e-01 3.528808474021951636e-01 -2.820944055827686037e-01
-1.888112715805890796e-01 6.333723213015474141e-02 -1.370972989595489189e-01 -6.976296873303045043e-02 -1.370972989595489189e-01 -6.976296873303045043e-02 2.127288382543680023e-01 -9.497532343212460038e-02
-1.454413432496181047e-01 1.606069962778613469e-01 3.591782669574326015e-01 2.814231973329816006e-01 3.591782669574326015e-01 2.814231973329816006e-01 1.921591377974952441e-01 -1.559655733507176179e-01
3.403580131688043187e-01 -4.095528585819334655e-01 -4.560660589802342235e-01 -3.217782988872204264e-01 -4.560660589802342235e-01 -3.217782988872204264e-01 -6.156881869970198817e-02 4.614428254263506779e-01
-2.993841914302018958e-01 3.341872197225380647e-01 -3.076400109316546061e-01 -1.466842896185553968e-01 -3.076400109316546061e-01 -1.466842896185553968e-01 4.994849325560804520e-01 -3.121370159749738971e-01
-4.287171954644543037e-01 4.477493602833599873e-01 -2.756603073901782164e-01 4.871284019579261715e-01 -2.756603073901782164e-01 4.871284019579261715e-01 8.126328954878254685e-01 -4.310683043361089872e-01
-4.581425780979569984e-01 3.781996519339534402e-01 -3.649008934036389595e-01 1.626654376416781789e-01 -3.649008934036389595e-01 1.626654376416781789e-01 8.046813052434997893e-01 -4.450592970772325740e-01
3.406308082454442276e-01 -1.963770360475178833e-01 1.694330084009808557e-01 -2.713848851751632374e-03 1.694330084009808557e-01 -2.713848851751632374e-03 -2.068466712260227103e-01 1.189116288083814227e-01
-4.402314738344226264e-01 7.050948406285928449e-02 3.191848568865490732e-01 1.938869507169529438e-01 3.191848568865490732e-01 1.938869507169529438e-01 5.023124620110172023e-01 -2.593416472744766166e-01
1.887261618213564862e-01 1.978270927774716803e-01 -3.867389489401984459e-02 -9.407165016937935054e-02 -3.867389489401984459e-02 -9.407165016937935054e-02 -2.633964576696957161e-01 -1.943090982965061109e-01
-5.012104539547168613e-02 4.346727712411951883e-01 3.589646341455668965e-01 2.177925534194801171e-01 3.589646341455668965e-01 2.177925534194801171e-01 9.369355279458252417e-02 -2.482444723742297243e-01
-4.220076606100129357e-01 4.012242152934898387e-01 -7.986515742254929329e-02 3.821622510843569742e-02 -7.986515742254929329e-02 3.821622510843569742e-02 7.606470455622005300e-01 -4.183338099691490397e-01
2.035461135923767317e-01 2.146330434067937887e-01 2.827575149451341252e-01 -4.740287655364909813e-01 2.827575149451341252e-01 -4.740287655364909813e-01 -2.909215572602902866e-01 -2.099967204432919010e-01
4.775395164399521830e-01 -9.579381359284100395e-02 2.785062037520442679e-01 -3.055477726613589073e-01 2.785062037520442679e-01 -3.055477726613589073e-01 -3.860488535978237601e-01 -1.230737214462024054e-01
-3.089740445349472564e-01 -3.615170555006355091e-01 4.548998094314834484e-01 -3.705431514495952650e-01 4.548998094314834484e-01 -3.705431514495952650e-01 8.557527092215455600e-02 3.967466767222014856e-01
-1.719157948243230649e-01 -4.740145496222579746e-01 3.957837994168015294e-01 -3.155970240539297533e-01 3.957837994168015294e-01 -3.155970240539297533e-01 8.934618711115061007e-03 6.691493023657713035e-01
3.365955506049752577e-01 -1.855853630302025659e-01 2.131599264164538710e-01 -2.643875505939263792e-01 2.131599264164538710e-01 -2.643875505939263792e-01 -2.116611356982247560e-01 1.067307253141881740e-01
3.394949978424275372e-01 4.311899254200270981e-01 2.097870132465060600e-01 1.831335802636512300e-01 2.097870132465060600e-01 1.831335802636512300e-01 -6.322686434427247093e-01 -3.605220271963284207e-01
