-3.660543324242070407e-01 3.459350253802692121e-01 -4.360430990750685520e-01 3.002337341843338558e-01 -4.360430990750685520e-01 3.002337341843338558e-01 6.193163619796582253e-01 -3.602597578819535795e-01
3.883164668571938982e-01 -4.676694058200012716e-01 -8.941436023810633849e-02 1.957414312983516425e-01 -8.941436023810633849e-02 1.957414312983516425e-01 -2.510900420674172517e-02 5.355944005275801167e-01
3.373142701482578776e-01 2.159303711937332615e-01 -2.914092539953117011e-01 4.458878262348651145e-01 -2.914092539953117011e-01 4.458878262348651145e-01 -4.829870612723709544e-01 -2.830853628355217144e-01
1.147630611906694797e-01 -2.741472791679038234e-01 -4.143633189509505765e-01 3.970735286825552990e-01 -4.143633189509505765e-01 3.970735286825552990e-01 -5.183909924186609619e-02 3.361334496292150975e-01
4.073449791708838585e-02 -2.690802181529483583e-02 -1.109071341991632043e-01 2.469641586215943763e-01 -1.109071341991632043e-01 2.469641586215943763e-01 -3.854232839991219434e-02 2.597276413274994186e-02
3.788945969180179674e-02 4.244426707062910475e-01 -3.436914113577941299e-01 -1.460003152492675982e-01 -3.436914113577941299e-01 -1.460003152492675982e-01 -7.005326661821523193e-02 -2.457267011457387185e-01
-4.662176938920095104e-01 -4.050195103218817705e-01 -2.612965697668508946e-01 4.876983176679656751e-01 -2.612965697668508946e-01 4.876983176679656751e-01 8.856316972493216699e-02 3.517013759652751759e-01
-3.101162621292784527e-01 1.257970842277678081e-01 2.386656926749405327e-01 8.622147471837049437e-02 2.386656926749405327e-01 8.622147471837049437e-02 3.881397052242331891e-01 -2.061442738645950512e-01
-4.186625220143236348e-03 -7.004369446811398170e-02 1.780089403685894967e-01 -4.568757198427159105e-01 1.780089403685894967e-01 -4.568757198427159105e-01 3.600131824598809711e-03 7.493228577212254771e-02
-3.288056527189089362e-01 1.399421941117375834e-01 4.660580457755978401e-01 3.816680142334364367e-01 4.660580457755978401e-01 3.816680142334364367e-01 4.208332216745611642e-01 -2.284715336788381013e-01
-3.362676915098322672e-01 2.923770821835265377e-01 1.818746083322245743e-01 2.111401577928493367e-01 1.818746083322245743e-01 2.111401577928493367e-01 5.329016244623021592e-01 -3.199686843507256184e-01
-1.397969232240682258e-01 1.931799625492608419e-01 2.190914894955167114e-01 1.870025408575204384e-01 2.190914894955167114e-01 1.870025408575204384e-01 1.938088520099230105e-01 -1.754046443616430473e-01
-6.897661413473366032e-03 1.383805601214482817e-02 -1.050395233715650800e-01 -4.092902715506024913e-01 -1.050395233715650800e-01 -4.092902715506024913e-01 7.088561863458274666e-03 -1.369414195092449014e-02
2.917093180964536181e-01 4.768254743105253546e-01 -2.787397877782784583e-01 -1.705127283795806470e-01 -2.787397877782784583e-01 -1.705127283795806470e-01 -5.698981860207363859e-01 -3.345572676233658505e-01
-3.759398742990948117e-01 2.880407532891519073e-01 2.109754479866620125e-01 4.026777462277622011e-01 2.109754479866620125e-01 4.026777462277622011e-01 5.925118834681755153e-01 -3.464040668217890362e-01
2.681904394283122217e-01 4.027634795060545114e-01 -2.843630211242632599e-01 -7.212099725091858371e-02 -2.843630211242632599e-01 -7.212099725091858371e-02 -4.842250685371217722e-01 -3.124711708829817081e-01
1.568058019753992838e-02 1.264219403260078423e-01 -9.712074704779061207e-02 2.674100123771216975e-01 -9.712074704779061207e-02 2.674100123771216975e-01 -1.964531894556107577e-02 -1.106853139255466328e-01
-2.244481319796979291e-01 -4.429803968831277361e-01 -3.756201194896738871e-01 2.300172901773219758e-01 -3.756201194896738871e-01 2.300172901773219758e-01 2.559588681161148460e-02 5.888350649566851391e-01
-2.896039258702656216e-01 3.322218330116355478e-01 4.927286816929407065e-01 -3.416045957314373105e-02 4.927286816929407065e-01 -3.416045957314373105e-02 4.820294200702365250e-01 -3.057209205614948022e-01
-1.982472281040229545e-01 1.632398816809991215e-01 4.470187250834078974e-02 4.512903124716227676e-02 4.470187250834078974e-02 4.512903124716227676e-02 2.629709362225964853e-01 -1.758945861607010275e-01
2.955946473535243646e-01 2.959891111682018128e-01 4.978893401547824782e-01 -1.873467783023108346e-01 4.978893401547824782e-01 -1.873467783023108346e-01 -4.705802412260198242e-01 -2.957557527821140786e-01
-1.030932283941617955e-01 -1.432963240767094470e-01 -4.882107934960949747e-01 -1.433329531801308399e-03 -4.882107934960949747e-01 -1.433329531801308399e-03 7.354746706199373485e-02 1.532019468298759790e-01
2.786572200824151135e-01 -5.999797969189402114e-02 2.580249583773869260e-01 -3.636387938913369089e-01 2.580249583773869260e-01 -3.636387938913369089e-01 -2.452194796194063497e-01 -1.405210904505659053e-02
-2.831523275525587025e-01 -1.586103097054447630e-01 -2.457845813283843217e-02 -1.978590654403145077e-02 -2.457845813283843217e-02 -1.978590654403145077e-02 1.933305708187009475e-01 1.035922994518703733e-01
2.945282929965258312e-01 -1.378133587266621163e-01 -2.873615418183883552e-01 -1.896167743055799937e-01 -2.873615418183883552e-01 -1.896167743055799937e-01 -2.133484264007625142e-01 7.005896519473842066e-02
1.018941719036245974e-01 -4.592578958612486550e-01 -1.902370692758381665e-02 2.861584651165353099e-01 -1.902370692758381665e-02 2.861584651165353099e-01 -8.302765925658608936e-03 6.597932885042248063e-01
1.470533387561590022e-02 -7.810795152026650534e-03 -1.604609919708224197e-01 6.533688384607660993e-03 -1.604609919708224197e-01 6.533688384607660993e-03 -1.447561317452671255e-02 7.655556828540237280e-03
5.306582896392730841e-02 -3.723103601943743568e-01 9.703646914616836927e-02 -4.940480149587311853e-01 9.703646914616836927e-02 -4.940480149587311853e-01 -1.355191317278162805e-02 5.081093822988103081e-01
-1.578515776362351408e-01 3.649330099646941328e-01 -4.946110878422608215e-01 -1.455750728040463571e-01 -4.946110878422608215e-01 -1.455750728040463571e-01 2.730620803451689338e-01 -2.566740287650509655e-01
2.015245041107150969e-01 -3.632897056716251072e-01 -1.073252117158620678e-01 3.163352110959658514e-01 -1.073252117158620678e-01 3.163352110959658514e-01 -5.510094854271130327e-02 4.546569901615314935e-01
3.313639223105210307e-01 -1.783046500064027207e-01 -3.057122032726674599e-01 -9.692400023434266654e-02 -3.057122032726674599e-01 -9.692400023434266654e-02 -2.131964659258684947e-01 1.002951492112954812e-01
-4.434483089856642302e-01 7.185064272038543809e-02 -2.407039746098388333e-01 2.389461517922946143e-01 -2.407039746098388333e-01 2.389461517922946143e-01 5.071724010134402993e-01 -2.633345306032980893e-01
4.499857393072037581e-02 2.485881662136779635e-02 -4.301087736297434239e-01 1.207635172807511870e-01 -4.301087736297434239e-01 1.207635172807511870e-01 -4.723579652585405131e-02 -2.626572751335151321e-02
3.141789859746344504e-01 -4.500489101377955770e-01 2.419687578297583519e-01 -7.802754930316124771e-02 2.419687578297583519e-01 -7.802754930316124771e-02 -3.138716552247045044e-02 5.538844964259636017e-01
-2.950913542061298633e-01 -1.384415958555947901e-01 -1.074360759634466200e-01 -4.647237276517297566e-01 -1.074360759634466200e-01 -4.647237276517297566e-01 2.133855182071594525e-01 7.052876399143104269e-02
3.180664434058865231e-01 -1.934534473827129730e-01 -1.278288738892939813e-01 2.582991521979864924e-01 -1.278288738892939813e-01 2.582991521979864924e-01 -1.950043434586318791e-01 1.297114212660990529e-01
-1.393915774957962261e-01 -7.707810133827319721e-02 -8.015997018584430922e-02 4.064567853065634839e-01 -8.015997018584430922e-02 4.064567853065634839e-01 1.179035012239507407e-01 6.358912316741974213e-02
4.533026918410357764e-01 2.328196283491662522e-01 -2.844615592031982665e-01 1.536010275750988585e-01 -2.844615592031982665e-01 1.536010275750988585e-01 -6.643782203292489807e-01 -3.840979794348514109e-01
-2.254223596779668659e-01 2.758379445370880978e-01 -3.403205228864486509e-01 -4.116402053718706266e-01 -3.403205228864486509e-01 -4.116402053718706266e-01 3.497824403705079854e-01 -2.505666131334250424e-01
2.869854599999133171e-01 2.575614603156000104e-01 1.452684341734723494e-01 2.831256272678847052e-01 1.452684341734723494e-01 2.831256272678847052e-01 -4.348182483337570958e-01 -2.735842087270574652e-01
-3.101835762633096127e-01 -4.466887328862580997e-01 2.018799279451061190e-01 2.283106904067759846e-01 2.018799279451061190e-01 2.283106904067759846e-01 3.307255897693806013e-02 5.500057059902925261e-01
-2.599652382436506981e-01 2.083953725612638364e-01 -2.899602591323491296e-02 -2.112994818201030522e-02 -2.899602591323491296e-02 -2.112994818201030522e-02 3.683163435971772981e-01 -2.325486663513939567e-01
2.098663774109555957e-01 2.815997984155578227e-01 3.545345961009661595e-01 -1.893404005706648130e-01 3.545345961009661595e-01 -1.893404005706648130e-01 -3.280630365572125284e-01 -2.463452483154726647e-01
-3.025562224863247440e-01 4.645324380183465385e-01 -3.618049624647857732e-01 6.859349631302924521e-02 -3.618049624647857732e-01 6.859349631302924521e-02 5.836505818247121891e-01 -3.402823198122720272e-01
1.126150992442608301e-01 -3.211625125047560259e-01 2.968304963236275684e-01 -3.795156946331720293e-01 2.968304963236275684e-01 -3.795156946331720293e-01 -4.027960280574230389e-02 4.116257113653288835e-01
-9.977598971070045231e-02 -1.597297671329838131e-01 3.918405415046197771e-01 -7.762830790707020423e-02 3.918405415046197771e-01 -7.762830790707020423e-02 6.790159850679411413e-02 1.752881175185912466e-01
-3.026498726338142653e-01 -4.612239893231211418e-01 4.832031244345935672e-01 3.564842640382337446e-02 4.832031244345935672e-01 3.564842640382337446e-02 2.347110938520963197e-02 5.823546122449917428e-01
-1.038921655866777982e-01 3.225240363733182791e-01 1.784017359428430316e-01 4.935872063171973245e-01 1.784017359428430316e-01 4.935872063171973245e-01 1.709076067718387493e-01 -2.292958644050704375e-01
-4.843038070490562896e-01 -2.671535707297493234e-01 3.088257978791245639e-01 -3.101171026751796678e-01 3.088257978791245639e-01 -3.101171026751796678e-01 2.255368243067224499e-01 1.039744235611949619e-01
3.311018280041693185e-01 4.878164497309608327e-01 -6.221292858335114584e-02 3.006029613886677110e-01 -6.221292858335114584e-02 3.006029613886677110e-01 -6.541356644770195405e-01 -3.594799816105442858e-01
-1.232267053145164049e-02 1.558302734766259245e-02 -2.443042088851800075e-01 -4.973502608452973206e-01 -2.443042088851800075e-01 -4.973502608452973206e-01 1.270671955522733459e-02 -1.549204481537129821e-02
4.036848115635170986e-01 -1.702438037291772455e-01 -2.059993710560537039e-03 -2.139230865560132200e-01 -2.059993710560537039e-03 -2.139230865560132200e-01 -2.662351359069784484e-01 3.626532935028356497e-02
-4.630694568715800763e-01 -4.790531693860964335e-01 1.355373595695708033e-02 4.293237340947698710e-01 1.355373595695708033e-02 4.293237340947698710e-01 1.939967495112260298e-02 4.941117865976202839e-01
1.439261219721383878e-01 -8.990581383922635617e-02 1.505704422073935733e-01 -8.649551045157455320e-02 1.505704422073935733e-01 -8.649551045157455320e-02 -1.180465317148806648e-01 7.727414061538112611e-02
1.563335217758554663e-01 -4.848103370657330657e-03 -3.014322683660042301e-02 1.405029568918187977e-01 -3.014322683660042301e-02 1.405029568918187977e-01 -1.548176796281189593e-01 -1.956856255389196469e-02
1.198924671818559773e-01 -2.541631669781170277e-01 -3.076348630411925855e-01 -2.917284978474391499e-01 -3.076348630411925855e-01 -2.917284978474391499e-01 -5.894796887033502270e-02 3.043878787395107866e-01
-1.666839888549448423e-01 4.838503723981686377e-01 2.728132861973923129e-01 -4.887192708508225625e-01 2.728132861973923129e-01 -4.887192708508225625e-01 3.279842090154993506e-01 -2.775227416689175497e-01
-2.091719723943852305e-02 6.235903237320339354e-02 2.028555396301844338e-01 1.492530996158751844e-01 2.028555396301844338e-01 1.492530996158751844e-01 2.352594959906017733e-02 -5.890791259503473654e-02
-4.625603848616819391e-01 4.972834332434890037e-01 1.631444519267554183e-01 3.823178234942390397e-01 1.631444519267554183e-01 3.823178234942390397e-01 9.226076173945755299e-01 -4.639547299084447740e-01
-1.410215843974561567e-01 -1.771960137284366299e-01 -4.186882889369339944e-01 -9.476669277119253998e-02 -4.186882889369339944e-01 -9.476669277119253998e-02 9.104465918766110888e-02 1.887073537437160831e-01
4.428522424740098939e-01 -4.617452606529584003e-01 -3.946426943949113975e-01 4.389531800711019560e-01 -3.946426943949113975e-01 4.389531800711019560e-01 -3.388239421019223485e-02 4.788358377241676567e-01
9.751325323905102316e-02 -2.766066055311154903e-01 -3.691366005055946031e-01 -4.284523075779345103e-01 -3.691366005055946031e-01 -4.284523075779345103e-01 -4.356763329355110848e-02 3.436089851972983222e-01
1.607324791665454278e-02 4.445094801811496632e-01 5.853835273285934448e-02 2.214734127993462920e-01 5.853835273285934448e-02 2.214734127993462920e-01 -3.036267006916425898e-02 -2.471791515088239966e-01
3.179250966229230091e-01 3.433907043352216748e-01 3.145808350990312308e-01 -2.473189558396886589e-01 3.145808350990312308e-01 -2.473189558396886589e-01 -5.362701423333009476e-01 -3.265498955740769871e-01
-6.804018312468718133e-02 -3.856196333513145502e-01 3.209096689690517090e-01 2.956871722107877742e-01 3.209096689690517090e-01 2.956871722107877742e-01 1.556492218529084010e-02 5.296926684576758193e-01
-1.837048750683815124e-01 2.288759489318236140e-01 1.619472344498900096e-01 -1.129307011865823274e-01 1.619472344498900096e-01 -1.129307011865823274e-01 2.677961302777373542e-01 -2.102392300562705429e-01
-3.992348275038736238e-01 4.570965387898786592e-01 -2.999958870642208675e-01 -4.760732866481048875e-01 -2.999958870642208675e-01 -4.760732866481048875e-01 7.642125431366633137e-01 -4.075477405082393312e-01
-1.020578370004172619e-01 -9.259632961916119953e-02 -4.691365334428576617e-01 -1.257931479913736439e-01 -4.691365334428576617e-01 -1.257931479913736439e-01 8.315747477019873324e-02 9.075460778489781444e-02
4.666301542725804774e-01 -1.640442533802554115e-01 3.571433443851651512e-01 3.722394380341627063e-01 3.571433443851651512e-01 3.722394380341627063e-01 -3.135341637478627486e-01 -2.678893042911140165e-02
4.003776665621042730e-01 1.374233081942832779e-02 2.733415593416533840e-01 2.311560365787541649e-01 2.733415593416533840e-01 2.311560365787541649e-01 -4.113819112553186996e-01 -1.738557550447932809e-01
4.561882720451140294e-01 -2.666756711147507675e-01 4.315469833301612823e-01 3.764698823475929323e-01 4.315469833301612823e-01 3.764698823475929323e-01 -2.128796448404954578e-01 1.296838451277464999e-01
8.466099376130764576e-02 2.294179475861979345e-01 -1.556712955261360110e-01 3.644361679908658669e-02 -1.556712955261360110e-01 3.644361679908658669e-02 -1.235064966199618530e-01 -1.839528367761866512e-01
-9.133709868427530854e-02 4.315811622145603321e-01 4.845372789797122159e-01 4.957313767500780566e-01 4.845372789797122159e-01 4.957313767500780566e-01 1.701758410912063701e-01 -2.536613282321507068e-01
4.509063075044134061e-01 -2.217365801340890341e-01 1.643722927758867192e-01 -4.598242106893657422e-01 1.643722927758867192e-01 -4.598242106893657422e-01 -2.509414623305762926e-01 6.758719295638568325e-02
-2.076826454958614621e-01 -4.270115149936400956e-01 2.156398171571191069e-01 1.006556295873817231e-02 2.156398171571191069e-01 1.006556295873817231e-02 3.031688331371168443e-02 5.662182676906442058e-01
-3.989906821794292346e-01 3.960505980660157244e-01 2.410546990705995096e-01 -4.492583325107443182e-01 2.410546990705995096e-01 -4.492583325107443182e-01 7.150316787792903028e-01 -3.983880863035732522e-01
-4.434858628948837866e-01 -3.691602713601269681e-01 -2.058588331639744640e-01 2.185632425279305791e-01 -2.058588331639744640e-01 2.185632425279305791e-01 1.160511399135730759e-01 3.087598667231898908e-01
4.580848088622251346e-01 4.612456604425443363e-01 -4.186495383902931744e-01 -3.512430557946539800e-01 -4.186495383902931744e-01 -3.512430557946539800e-01 -8.806640692669325254e-01 -4.583397932758067617e-01
-4.351865115153064067e-03 -2.342137208340244747e-01 6.905844909278391341e-02 1.887783198835697451e-01 6.905844909278391341e-02 1.887783198835697451e-01 2.313332072777484968e-03 2.890508491309623507e-01
4.464385541545519143e-01 1.832848503668211837e-01 6.509540270263092232e-02 -2.611020516568581806e-01 6.509540270263092232e-02 -2.611020516568581806e-01 -6.100894013469460031e-01 -3.489988966284399696e-01
2.095948133050073992e-02 2.986400795064015901e-01 1.380416884370065933e-01 -1.216213112712363209e-01 1.380416884370065933e-01 -1.216213112712363209e-01 -3.347816367240809970e-02 -2.098934822764553232e-01
-4.866078197797920613e-01 2.922045916593910553e-01 -9.011291344943461734e-02 2.738860325924299399e-01 -9.011291344943461734e-02 2.738860325924299399e-01 7.709858983338334637e-01 -4.436082385434021447e-01
-3.137735609640733836e-01 -2.050642165940010919e-01 1.530749790883123573e-02 -3.593388300186350914e-02 1.530749790883123573e-02 -3.593388300186350914e-02 1.850861020300578752e-01 1.486617019612374024e-01
1.553202310456194279e-01 -4.260459148169093435e-01 9.630734494471415719e-02 2.308730196037522830e-01 9.630734494471415719e-02 2.308730196037522830e-01 -2.297313119481012023e-02 5.834366621770219474e-01
2.954432990464872510e-01 -1.551312911213754697e-01 3.527023927271343284e-01 -4.921581714520172346e-01 3.527023927271343284e-01 -4.921581714520172346e-01 -2.037782981780068559e-01 9.191026565488832900e-02
9.969904564050158235e-02 3.420306594782305254e-01 -4.841695468752347242e-01 4.097488551874904905e-01 -4.841695468752347242e-01 4.097488551874904905e-01 -1.678993063000435160e-01 -2.349855871567440579e-01
-9.940196879671114871e-02 6.217193997804526528e-02 1.127970750492472973e-01 -4.926500807235445478e-02 1.127970750492472973e-01 -4.926500807235445478e-02 1.117619952721684573e-01 -6.818734125807393576e-02
-9.023269676450884624e-02 9.659038327799174262e-02 -3.711873054263984395e-01 1.824872152368653966e-01 -3.711873054263984395e-01 1.824872152368653966e-01 1.076639182938902706e-01 -9.540262070159820362e-02
1.630193925484045847e-01 -3.084809805546551154e-01 2.807140557597994635e-01 4.730156602144787170e-01 2.807140557597994635e-01 4.730156602144787170e-01 -6.244262842289241555e-02 3.770661735717658058e-01
3.705912992132012196e-01 1.512218020986813016e-01 6.137104189634146056e-02 -3.408756220630331235e-01 6.137104189634146056e-02 -3.408756220630331235e-01 -4.826742674314250525e-01 -2.656916797212369730e-01
-3.447118659390082662e-01 3.326520510869637182e-01 4.074828009470348178e-01 2.380188373764560161e-01 4.074828009470348178e-01 2.380188373764560161e-01 5.740500844162593763e-01 -3.408209345137526158e-01
-9.581776578685263779e-02 1.314118544150620904e-01 8.959857218325817385e-02 1.397430226130603748e-01 8.959857218325817385e-02 1.397430226130603748e-01 1.210009463627694237e-01 -1.233238231746407593e-01
4.770320661194685785e-01 -3.869975086319965563e-01 -9.421385656409630993e-02 4.685472619580122178e-01 -9.421385656409630993e-02 4.685472619580122178e-01 -1.078116238678522021e-01 3.092049882131597816e-01
-1.305221626402081059e-01 -2.950072710191876668e-01 -8.063406162342112715e-02 -8.413357696837264754e-02 -8.063406162342112715e-02 -8.413357696837264754e-02 5.351218862418738453e-02 3.650005260330991819e-01
1.375208960436358208e-01 3.303094844049070389e-02 -1.509002285868633608e-01 3.115782447767202479e-01 -1.509002285868633608e-01 3.115782447767202479e-01 -1.466057872970506493e-01 -5.085190173425684079e-02
2.797235362656130819e-01 9.929078872212127038e-02 2.963175107195836766e-01 -2.437944962092042367e-01 2.963175107195836766e-01 -2.437944962092042367e-01 -3.352714773455203190e-01 -1.676773847380000904e-01
-4.399553196846146541e-01 -2.391176354065499554e-01 4.585090636006887710e-01 -3.412409647667672408e-01 4.585090636006887710e-01 -3.412409647667672408e-01 2.295531682295790243e-01 1.027341956501782172e-01
-3.972314582083721346e-01 -3.340385218643138199e-02 1.128618815569448763e-02 -2.166888674306199913e-02 1.128618815569448763e-02 -2.166888674306199913e-02 3.706933363807859982e-01 -1.232731618630253656e-01
4.880066615714263589e-01 8.604033062637816975e-02 -3.127622418658226877e-02 -4.624101226597877590e-01 -3.127622418658226877e-02 -4.624101226597877590e-01 -5.719831705903875019e-01 -3.167878938701703673e-01
4.258170930262266118e-01 1.693704041424575202e-01 -4.247357454191398318e-01 4.959406496455421864e-01 -4.247357454191398318e-01 4.959406496455421864e-01 -5.700587192994635011e-01 -3.220042670563842413e-01
4.460382242876840264e-01 -5.110346932968123923e-02 -9.560007610990706173e-02 3.699792291600193517e-01 -9.560007610990706173e-02 3.699792291600193517e-01 -4.004500228581817645e-01 -1.452350636184994159e-01
2.874584000566249298e-01 2.945705480777651708e-01 1.157932774044221347e-01 -3.830258374968280588e-01 1.157932774044221347e-01 -3.830258374968280588e-01 -4.568119569650999079e-01 -2.904310720460448469e-01
-1.809925514230261712e-01 -4.471649466062205258e-01 -4.263368625082497587e-01 3.375340733973403173e-01 -4.263368625082497587e-01 3.375340733973403173e-01 1.912550223662393134e-02 6.143631324089477985e-01
