-4.692443664542148563e-01 -2.249864125259856129e-01 1.428528743614638774e-01 -3.029953280445796260e-02 1.428528743614638774e-01 -3.029953280445796260e-02 2.580971532410893943e-01 5.541502289828109662e-02
-1.822823386191206874e-01 1.326975047600752466e-01 -1.715885513251743655e-01 1.677992611939540524e-01 -1.715885513251743655e-01 1.677992611939540524e-01 2.306591616122975197e-01 -1.483157279629808423e-01
-1.679385335514428368e-01 3.848869551123312860e-01 4.542362784701258205e-01 5.491179785767053012e-02 4.542362784701258205e-01 5.491179785767053012e-02 2.972132352007326728e-01 -2.649523379480986929e-01
-8.302665935211406278e-02 -1.727676031510874122e-01 -4.440989359238821654e-01 2.768554453726893572e-01 -4.440989359238821654e-01 2.768554453726893572e-01 5.433802548430093776e-02 1.957228216864870529e-01
-9.385044829444233461e-02 3.118082457104649485e-01 -2.443603041451181124e-02 4.506689792195358590e-01 -2.443603041451181124e-02 4.506689792195358590e-01 1.523771355781038672e-01 -2.233917702624950707e-01
-6.149069070611123955e-02 -1.749664108563843135e-01 3.943932629706237147e-01 -1.388756032297312482e-01 3.943932629706237147e-01 -1.388756032297312482e-01 3.997307979825461682e-02 2.017985507408347479e-01
2.090279220637561997e-01 3.265084332476586582e-01 -1.167521617190730998e-01 -8.925883046571592150e-02 -1.167521617190730998e-01 -8.925883046571592150e-02 -3.455266807398577056e-01 -2.635933484681096117e-01
-3.667562502550014703e-01 -4.829619540363471186e-01 -2.877709713659786228e-01 -3.363709909684809984e-01 -2.877709713659786228e-01 -3.363709909684809984e-01 1.249761969860341271e-02 5.817040559818444923e-01
-1.363652935244087372e-01 -1.853476877409798718e-02 4.685419850547711818e-01 3.173552624666746702e-01 4.685419850547711818e-01 3.173552624666746702e-01 1.313102951558348941e-01 2.828131496091165764e-04
-1.578787663505876182e-02 2.562706040664312068e-01 3.495047730420353105e-01 -1.113202978052759695e-01 3.495047730420353105e-01 -1.113202978052759695e-01 2.387981399944437075e-02 -1.908452386065014883e-01
-3.760124355808884822e-01 -1.676598344410064056e-01 1.275684299641680619e-01 2.197972477573923999e-01 1.275684299641680619e-01 2.197972477573923999e-01 2.499280701863857701e-01 5.438430281432027336e-02
-4.840635663478536355e-01 -4.613273269658472175e-01 6.076588528089776897e-02 2.675423000546480745e-01 6.076588528089776897e-02 2.675423000546480745e-01 3.744006405823291361e-02 4.398326933058980259e-01
-4.909556164663374522e-01 5.949587074606421666e-02 4.695977907571616816e-01 -2.049879843593704898e-01 4.695977907571616816e-01 -2.049879843593704898e-01 5.493752802650084810e-01 -2.969935294500732903e-01
-2.000810803007676553e-01 3.807806714614138111e-01 -7.999613145367745481e-02 -3.946756827568280723e-01 -7.999613145367745481e-02 -3.946756827568280723e-01 3.524550965080703868e-01 -2.758191903971308756e-01
5.128970220670148183e-02 -3.666751359289253109e-01 2.090698999774585065e-01 -4.750581317741885412e-01 2.090698999774585065e-01 -4.750581317741885412e-01 -1.367638514990875132e-02 4.984951576849690480e-01
1.034730573112548901e-01 -4.150382632248517112e-02 -4.257321684698979203e-01 -2.381889104923913258e-01 -4.257321684698979203e-01 -2.381889104923913258e-01 -9.488400171184913079e-02 3.251972033255394467e-02
-4.983552422399295523e-01 2.286108597853029334e-01 -1.235084532295063209e-01 4.088606808301944451e-01 -1.235084532295063209e-01 4.088606808301944451e-01 7.262140830538960090e-01 -4.247058820415463565e-01
2.178100404080511865e-01 2.397166851528983456e-01 -5.025718197725947967e-02 -3.555990989843573757e-01 -5.025718197725947967e-02 -3.555990989843573757e-01 -3.222354421673249147e-01 -2.296938097147614433e-01
-2.803486977661047153e-01 1.465921040593796132e-01 7.179585171789470976e-02 2.674947327232769512e-01 7.179585171789470976e-02 2.674947327232769512e-01 3.625425087177854833e-01 -2.036982514259743637e-01
2.719700380241929505e-01 -1.715452411961297940e-01 -7.355250939214885708e-02 4.037459828571657861e-01 -7.355250939214885708e-02 4.037459828571657861e-01 -1.786597064822313952e-01 1.270053093902871744e-01
-7.470970470764914939e-02 2.742883578829460323e-01 3.229106307874117787e-01 -4.832213992836656979e-01 3.229106307874117787e-01 -4.832213992836656979e-01 1.156937091520109234e-01 -2.046357945903270747e-01
3.521794762396760481e-01 3.135188367775729734e-01 -2.623573112071286850e-02 2.987269871549024236e-01 -2.623573112071286850e-02 2.987269871549024236e-01 -5.730092756948723665e-01 -3.392551592476630851e-01
-4.395928318664400480e-01 7.459120900965265921e-02 -1.875063928952097614e-01 4.439710844645360366e-01 -1.875063928952097614e-01 4.439710844645360366e-01 5.051723534682295291e-01 -2.622692183764872009e-01
4.746847379175000992e-01 2.520339841129084490e-01 9.309516184036903397e-02 -5.119942005193567347e-02 9.309516184036903397e-02 -5.119942005193567347e-02 -7.139581093073787965e-01 -4.138384553768884033e-01
-4.339988774529387472e-01 -9.384788432413848636e-02 -1.284712771790073038e-01 3.983753626020825056e-02 -1.284712771790073038e-01 3.983753626020825056e-02 3.525391245569200471e-01 -8.569971591415559420e-02
1.793625964913760917e-01 3.696625577579778499e-01 -3.226337858168603079e-01 -3.066681416359353651e-01 -3.226337858168603079e-01 -3.066681416359353651e-01 -3.119698688616044935e-01 -2.651830921699357413e-01
1.154001669174503641e-01 -1.814694937478464887e-01 -2.830454083645157493e-01 2.385418684063326245e-01 -2.830454083645157493e-01 2.385418684063326245e-01 -7.351694717959696146e-02 2.010834723843707705e-01
-4.922835271792862510e-01 -2.298285108156823409e-01 -4.328519558761886321e-01 3.376202409444722941e-01 -4.328519558761886321e-01 3.376202409444722941e-01 2.660019472778725746e-01 4.030658406735748711e-02
-4.169955503826654475e-01 -4.781727319050467218e-01 -1.462675478353558933e-02 3.244027222349633588e-01 -1.462675478353558933e-02 3.244027222349633588e-01 1.820374734521007509e-02 5.329366044036403238e-01
-1.406910701646796324e-01 4.701211592614090717e-01 2.193519653244638823e-01 -3.778103659691077754e-01 2.193519653244638823e-01 -3.778103659691077754e-01 2.729747681717744623e-01 -2.689012321002007266e-01
3.774521941883601794e-02 3.756174915270663606e-01 -1.937379071900310334e-01 2.608785914729303546e-01 -1.937379071900310334e-01 2.608785914729303546e-01 -6.610074868931981040e-02 -2.359536931749566524e-01
-3.590861263696920602e-02 9.096970293545070252e-02 1.034963090824639886e-01 4.660196479317808560e-01 1.034963090824639886e-01 4.660196479317808560e-01 4.244180428578772646e-02 -8.398364454479845254e-02
1.230186193345603751e-01 1.084555750798762430e-01 -1.868082025210258124e-01 2.068903640642527630e-02 -1.868082025210258124e-01 2.068903640642527630e-02 -1.497027295454846363e-01 -1.118265440169510377e-01
3.599326513042674369e-01 1.816772153532776324e-01 1.329731291287228334e-01 -9.751374751017127807e-02 1.329731291287228334e-01 -9.751374751017127807e-02 -4.907157749116305978e-01 -2.782221182496757983e-01
-2.510350788649361453e-01 6.105447968241572987e-02 1.713028174135743376e-01 -2.016428803773664402e-01 1.713028174135743376e-01 -2.016428803773664402e-01 2.816887111092019058e-01 -1.203454410138499187e-01
2.462634777320461543e-01 2.987935435699622388e-01 -3.265686733210398929e-01 -6.560160363694078622e-02 -3.265686733210398929e-01 -6.560160363694078622e-02 -3.934273520588872364e-01 -2.701616623555492813e-01
2.454382276225132165e-01 -4.443736224608374474e-02 4.055533045590206109e-01 4.267836060858573033e-01 4.055533045590206109e-01 4.267836060858573033e-01 -2.236249727627164507e-01 -1.382788216900719680e-02
-1.221240229216439266e-01 -7.551139157041841798e-02 -1.952712916097470996e-01 4.592243317081990961e-01 -1.952712916097470996e-01 4.592243317081990961e-01 1.036805130916619022e-01 6.629908485275326502e-02
1.357293882924806017e-01 -1.974797809324523312e-01 -5.945016757208176905e-02 4.600311684766622555e-02 -5.945016757208176905e-02 4.600311684766622555e-02 -8.212176856029093641e-02 2.180555779633307212e-01
-2.245990713935880345e-01 3.808342197558789444e-01 6.219289516574100229e-02 -2.463738148461960265e-01 6.219289516574100229e-02 -2.463738148461960265e-01 3.956690956177321139e-01 -2.862442596896719316e-01
-2.252043091751003701e-01 1.974163239854369589e-01 -2.883693642281626168e-02 4.287117326588727462e-01 -2.883693642281626168e-02 4.287117326588727462e-01 3.141223229011566032e-01 -2.091600998805481504e-01
-4.276557459056550270e-01 -8.370907040146258193e-02 -4.847447999072374003e-01 -1.648733799101979036e-01 -4.847447999072374003e-01 -1.648733799101979036e-01 3.560584160224420924e-01 -9.217315813718257589e-02
-4.501207454837303779e-01 -4.934712443003049787e-01 -5.512971106175579283e-02 4.429384189575605868e-01 -5.512971106175579283e-02 4.429384189575605868e-01 5.877456765255750781e-03 5.343764277367670790e-01
2.275225485779123202e-01 7.409994025755006763e-02 3.521324057880941272e-01 1.880648800421235167e-01 3.521324057880941272e-01 1.880648800421235167e-01 -2.612413630916499696e-01 -1.203756492227660568e-01
-8.022173046108571626e-02 -5.585850039589201899e-02 -4.007727124025243226e-01 4.583137362664583270e-01 -4.007727124025243226e-01 4.583137362664583270e-01 7.125959933564632309e-02 5.254314642419879999e-02
-4.691268654037582531e-01 3.174355512907705013e-01 -3.815559976221941652e-01 -3.304223243327309989e-01 -3.815559976221941652e-01 -3.304223243327309989e-01 7.669619556932644189e-01 -4.367502379110510535e-01
4.541745778954485724e-01 -3.214887032120858912e-01 -2.687501572226990154e-01 -4.666336465412564971e-01 -2.687501572226990154e-01 -4.666336465412564971e-01 -1.621505857364400893e-01 2.185691422985656385e-01
4.324124648437370766e-01 -4.382281778574039777e-01 3.758339023716642524e-01 -2.968130477221339047e-01 3.758339023716642524e-01 -2.968130477221339047e-01 -5.342181174113774800e-02 4.432915739733883087e-01
1.845690429035141689e-01 -2.469161710856740966e-01 1.261621854159851175e-01 -1.554811881501774184e-01 1.261621854159851175e-01 -1.554811881501774184e-01 -9.342288015414770830e-02 2.738180350309646904e-01
-4.926684914513941305e-01 -3.542754179619793664e-01 2.199018618057535512e-01 -1.724177713319444694e-01 2.199018618057535512e-01 -1.724177713319444694e-01 1.435878200001131089e-01 2.370642472651221244e-01
-1.699848147296657563e-01 -3.565896269106876293e-01 1.580796165788821428e-01 -3.649539214718581226e-01 1.580796165788821428e-01 -3.649539214718581226e-01 4.875517139979801406e-02 4.548509516923122109e-01
-4.388243349203617694e-01 2.512041508580659110e-01 2.181725845873593306e-01 -5.208214181067627457e-02 2.181725845873593306e-01 -5.208214181067627457e-02 6.592933237794117440e-01 -3.806674223680417968e-01
-1.107453350420204430e-01 3.493960234958795041e-01 -2.513195948132809221e-01 -1.468795993181304382e-02 -2.513195948132809221e-01 -1.468795993181304382e-02 1.881332944108221050e-01 -2.395829714947156908e-01
-2.845966309036817021e-01 2.000090282490396554e-01 -2.375009875170537299e-01 4.494865486275796407e-01 -2.375009875170537299e-01 4.494865486275796407e-01 3.984404220836736954e-01 -2.410006591896409478e-01
3.000022489542530924e-02 -4.184797158905813053e-01 -4.421825757631168141e-01 -3.498687907911760542e-01 -4.421825757631168141e-01 -3.498687907911760542e-01 -4.891253713643052559e-03 5.927049750086668123e-01
1.489059942021947469e-01 4.466613494727761369e-01 2.397903482691000621e-01 -2.411744051962040336e-01 2.397903482691000621e-01 -2.411744051962040336e-01 -2.819270988320701221e-01 -2.693279834692787755e-01
-1.016542482787912149e-01 -2.693941599591276326e-01 4.076863633596302661e-01 3.968921212622775752e-01 4.076863633596302661e-01 3.968921212622775752e-01 4.688412663610810188e-02 3.316337871860855491e-01
4.330317754527828189e-01 -2.496719730099522527e-01 2.805011358677882427e-01 3.163794707275814355e-01 2.805011358677882427e-01 3.163794707275814355e-01 -2.167999799461850230e-01 1.244915485648452336e-01
-3.511388383354091536e-01 -4.744268230958279542e-01 4.546012131472413342e-01 -5.773558070394002595e-02 4.546012131472413342e-01 -5.773558070394002595e-02 1.795947126135377658e-02 5.762091497810873930e-01
3.596270273081487723e-01 2.320840516697060263e-01 -2.501601089362224251e-01 9.755528686310233066e-02 -2.501601089362224251e-01 9.755528686310233066e-02 -5.265544224833631493e-01 -3.075526434007752608e-01
1.024398154538735950e-01 1.503062406947307528e-01 2.108871430932370838e-01 -3.168728949844752396e-01 2.108871430932370838e-01 -3.168728949844752396e-01 -1.332345025705410357e-01 -1.382081904931720950e-01
-4.532936083179283093e-01 -3.264004661229076287e-01 -2.401550417761827427e-01 3.848389835230092704e-01 -2.401550417761827427e-01 3.848389835230092704e-01 1.573831182269152529e-01 2.274626350662715957e-01
-2.378118639186412864e-01 -4.740559838578257690e-01 6.521978259663607780e-02 -2.245148522415170156e-01 6.521978259663607780e-02 -2.245148522415170156e-01 1.233958967261153394e-02 6.422305770687786186e-01
-2.522372399255664588e-01 -2.634121927245212103e-01 1.869417225912610725e-01 1.859635670812338493e-01 1.869417225912610725e-01 1.859635670812338493e-01 1.193525110144172396e-01 2.691745507951937566e-01
3.268058780332100399e-01 3.629567820608180506e-01 2.069289381953454132e-02 6.920281558558094570e-02 2.069289381953454132e-02 6.920281558558094570e-02 -5.640386977321982798e-01 -3.380212383339312177e-01
-6.493766790420296697e-02 -8.726260984591382996e-02 -2.305011320859086110e-01 2.355037829381037007e-01 -2.305011320859086110e-01 2.355037829381037007e-01 5.360440714694699599e-02 9.066047221019746249e-02
3.080203215558905416e-01 -4.935678928638579377e-01 2.353850679282976088e-02 3.914601488883026059e-01 2.353850679282976088e-02 3.914601488883026059e-01 -3.962439416712815188e-03 6.423006392385324226e-01
2.278934984274034736e-01 -4.905857859025176682e-01 -1.513932620576146082e-01 -4.338703454137963211e-01 -1.513932620576146082e-01 -4.338703454137963211e-01 -4.290876371239649156e-03 6.793247526066276132e-01
-1.346322979283643972e-01 -3.973859125548268034e-01 -3.304696839287687427e-01 -1.428621555556003342e-01 -3.304696839287687427e-01 -1.428621555556003342e-01 2.763034078513158798e-02 5.371756204063873330e-01
4.619281521227319720e-01 -7.994749629669950508e-02 -4.819417235126421950e-02 -1.199663740121069688e-01 -4.819417235126421950e-02 -1.199663740121069688e-01 -3.880681536603852733e-01 -1.270385192627115356e-01
3.835357348871609728e-01 -3.158866758003265884e-01 -8.032850901730781423e-02 3.189030951112736822e-01 -8.032850901730781423e-02 3.189030951112736822e-01 -1.412280781988797251e-01 2.685714078130725935e-01
3.302552123193123190e-01 1.561416194029443538e-01 1.179425812022971698e-02 -1.620335014424890696e-01 1.179425812022971698e-02 -1.620335014424890696e-01 -4.333883796549136136e-01 -2.408299193572444874e-01
4.508608038638601823e-01 2.326367971554796910e-01 2.734097809392088685e-01 6.430147863547353015e-02 2.734097809392088685e-01 6.430147863547353015e-02 -6.606344306115268239e-01 -3.817923822254860600e-01
1.541817091089298097e-01 -1.277223576431240071e-01 -8.518608687450845984e-02 4.785396144066820234e-01 -8.518608687450845984e-02 4.785396144066820234e-01 -1.147968063232521208e-01 1.202633588612914417e-01
3.834876215692561985e-02 3.809406870394741462e-01 1.076808523218445446e-01 -4.491925506522724820e-01 1.076808523218445446e-01 -4.491925506522724820e-01 -6.756596976327088055e-02 -2.372955075563360217e-01
1.800725290316400606e-01 4.557972290313525576e-01 -4.565952403945601201e-01 -4.974061021395659310e-02 -4.565952403945601201e-01 -4.974061021395659310e-02 -3.442256485462187321e-01 -2.804722307505441714e-01
-3.319932247583169405e-01 3.842378204846296219e-01 -2.425645899734065747e-01 4.439006592421002040e-01 -2.425645899734065747e-01 4.439006592421002040e-01 5.871219309519158935e-01 -3.468186190792774681e-01
-1.211337587503780178e-02 3.955999190863447312e-01 -2.392121599189449555e-01 3.529100133501927861e-01 -2.392121599189449555e-01 3.529100133501927861e-01 2.169747690709267207e-02 -2.392473569803121869e-01
-1.934924888344375926e-01 4.609554552632346702e-01 -2.039637106045995019e-01 -3.837424931057898947e-01 -2.039637106045995019e-01 -3.837424931057898947e-01 3.718753253958266836e-01 -2.859148667616436823e-01
2.973854957853799830e-01 -3.757124562063500761e-01 2.065040875977151025e-01 1.883301181212589936e-01 2.065040875977151025e-01 1.883301181212589936e-01 -7.392262566204341190e-02 4.284341728514423631e-01
-3.607212846808446338e-01 -4.306471473367998737e-01 -1.850457816331763095e-01 4.945909495495977026e-01 -1.850457816331763095e-01 4.945909495495977026e-01 5.003410021790177797e-02 4.859842676243243398e-01
-2.801900261111156532e-01 2.035458504130363000e-01 -1.803288909047704447e-01 1.750208177541265897e-01 -1.803288909047704447e-01 1.750208177541265897e-01 3.942530603951914236e-01 -2.406213879248178256e-01
-2.275468337150512443e-01 -4.759983973342513108e-01 2.937260663700138608e-01 3.707220481039575910e-01 2.937260663700138608e-01 3.707220481039575910e-01 1.092297738135569740e-02 6.507953100652819067e-01
-3.157557157824480987e-01 -1.098910547701744678e-01 -2.502061817046630221e-01 -1.245617261993233749e-01 -2.502061817046630221e-01 -1.245617261993233749e-01 2.463582584683587928e-01 2.226542663938979594e-02
4.920331181331382142e-01 1.656155085568743468e-01 2.903606294937388643e-02 -7.025609750680461563e-02 2.903606294937388643e-02 -7.025609750680461563e-02 -6.550097483060268733e-01 -3.802836012221409989e-01
-3.416223504694596569e-01 -3.492484262500470393e-01 3.664783808124481013e-01 -2.707704441998559641e-02 3.664783808124481013e-01 -2.707704441998559641e-02 1.030002139228580471e-01 3.545170591479032685e-01
2.804967809466923923e-01 1.455411519214758753e-01 4.169015103644992948e-01 4.794102534975662744e-01 4.169015103644992948e-01 4.794102534975662744e-01 -3.621444301651873809e-01 -2.030373691403024872e-01
2.054193261138665960e-01 -1.638404984845396317e-01 4.021530576911647170e-02 -4.334312003511298084e-02 4.021530576911647170e-02 -4.334312003511298084e-02 -1.381073165361583754e-01 1.484871078871269900e-01
-2.493030421358486404e-01 -1.058371418187520341e-02 -4.688457017547620342e-01 -2.318539110651305357e-01 -4.688457017547620342e-01 -2.318539110651305357e-01 2.440259378505730270e-01 -5.145627763042989050e-02
2.030988760965960482e-01 -2.174794663507026993e-01 4.274742460407388034e-02 -3.524450668923430063e-01 4.274742460407388034e-02 -3.524450668923430063e-01 -1.147592057167656499e-01 2.235276311631886614e-01
1.823524940331292532e-01 -1.824605748271221906e-01 -4.496161466287061925e-01 -7.660604103727997050e-02 -4.496161466287061925e-01 -7.660604103727997050e-02 -1.158082122682409926e-01 1.825000041132636142e-01
3.842863758298173948e-01 1.824648106773629763e-03 8.262185424649071130e-02 2.969491805624127068e-01 8.262185424649071130e-02 2.969491805624127068e-01 -3.856887506460509596e-01 -1.494973374144757394e-01
3.001108798624737561e-01 -3.520001208614121913e-01 1.801590190655228962e-01 4.854616709252755902e-01 1.801590190655228962e-01 4.854616709252755902e-01 -8.883274789564271634e-02 3.858376657360328421e-01
-4.274390720692835544e-01 5.550476899345935244e-02 4.367691783098470726e-01 2.691275991577680715e-01 4.367691783098470726e-01 2.691275991577680715e-01 4.748888859772519844e-01 -2.351281499438922507e-01
-1.940810842640839917e-01 -4.267976147881669124e-01 1.256539804893042067e-01 4.673061454521933999e-01 1.256539804893042067e-01 4.673061454521933999e-01 2.841439658525943268e-02 5.712863515079129595e-01
-4.336214413771105614e-01 -2.297940382088154987e-01 2.596106122413833761e-01 -4.168811738747231210e-01 2.596106122413833761e-01 -4.168811738747231210e-01 2.343341972411637775e-01 9.457178378316713485e-02
-2.358531467466263853e-01 9.138191441228626921e-03 -1.464031483026715375e-01 -2.185720447259114074e-01 -1.464031483026715375e-01 -2.185720447259114074e-01 2.401636891606001023e-01 -6.468139172869775966e-02
4.367561454984497660e-01 1.567326794458142603e-01 -3.072464763630911033e-02 -1.338171604863245268e-01 -3.072464763630911033e-02 -1.338171604863245268e-01 -5.736640673952456693e-01 -3.229234772702128664e-01
-7.950550348407803281e-02 1.589761432746107372e-01 1.115077800686784526e-01 2.683063495914589369e-01 1.115077800686784526e-01 2.683063495914589369e-01 1.047844601100877404e-01 -1.400238542283979148e-01
-4.799573512355684857e-01 -2.589812457933626799e-01 3.110613049647773520e-01 2.554190228481004743e-01 3.110613049647773520e-01 2.554190228481004743e-01 2.313574457342283675e-01 9.569347246098197646e-02
3.235954764435502451e-01 2.669652497680489178e-01 4.117942172249815513e-01 -5.418847057516085197e-02 4.117942172249815513e-01 -5.418847057516085197e-02 -4.963729708286765963e-01 -3.004088375590604487e-01
-6.189508241316032944e-02 2.848781737147793036e-01 -1.708170274748970208e-01 4.998492154619245120e-01 -1.708170274748970208e-01 4.998492154619245120e-01 9.716019849273407893e-02 -2.075536010826432298e-01
4.243500526441200682e-01 3.041776428955856870e-01 3.374538089379153227e-02 -2.388131794309455991e-01 3.374538089379153227e-02 -2.388131794309455991e-01 -6.825056501959323452e-01 -3.917265716371387541e-01
