2.955745584289766192e-01 -3.049717601289940738e-01 -1.639194406880873922e-01 2.045377665746029860e-01 -1.639194406880873922e-01 2.045377665746029860e-01 -1.152907717621062256e-01 3.106152150146862523e-01
4.433181844632018143e-01 2.877146585509748888e-03 -3.265405076528991035e-01 2.749657412710646565e-01 -3.265405076528991035e-01 2.749657412710646565e-01 -4.458691672646472037e-01 -1.993998812887846639e-01
-3.244772032652577520e-01 3.277299547865258900e-01 -9.062862563679774386e-02 3.947533328363622696e-01 -9.062862563679774386e-02 3.947533328363622696e-01 5.371590015760203674e-01 -3.256084869609909838e-01
3.300616609931176226e-01 2.588095652645256983e-01 4.825830740363273863e-01 1.812296487133298051e-01 4.825830740363273863e-01 1.812296487133298051e-01 -5.009078909773496679e-01 -3.007678742496486257e-01
-4.066516191343561015e-02 8.210041519584998504e-02 -4.906955284596281608e-02 4.142492129406646351e-01 -4.906955284596281608e-02 4.142492129406646351e-01 4.734241526763467017e-02 -7.701359241396496524e-02
3.886288111154084790e-01 4.779329649378754041e-01 1.510367864861246190e-01 3.605806493093085541e-01 1.510367864861246190e-01 3.605806493093085541e-01 -7.601058510287459491e-01 -4.005453987925428061e-01
1.751635504229599460e-01 -3.088098529126414027e-01 -1.419333451735376173e-01 -3.161868786905494000e-01 -1.419333451735376173e-01 -3.161868786905494000e-01 -6.697908993941933953e-02 3.734911087717918132e-01
4.971186615365219552e-01 -3.399517457308731672e-02 9.944666612501407155e-02 -2.759517876380184198e-01 9.944666612501407155e-02 -2.759517876380184198e-01 -4.633193901715748075e-01 -2.119761171805210620e-01
-4.720046345104382812e-01 -1.481407386533035719e-01 1.915405214647398768e-01 7.554412532708221217e-02 1.915405214647398768e-01 7.554412532708221217e-02 3.321584041021204969e-01 -5.270195789728246427e-02
-4.468727091509258065e-01 -4.295281744264830559e-01 1.826429672858526088e-01 4.124622397289456899e-02 1.826429672858526088e-01 4.124622397289456899e-02 6.298387122569804042e-02 4.143274088687423640e-01
-1.255511836740126341e-01 8.243270070024633078e-02 5.085886373476911082e-02 3.177506442208590798e-01 5.085886373476911082e-02 3.177506442208590798e-01 1.462502299667357009e-01 -9.140065027745558623e-02
-1.740029475336274389e-01 1.056536469473645656e-02 -3.860740139015190753e-01 -2.640918037336519308e-01 -3.860740139015190753e-01 -2.640918037336519308e-01 1.776797567309311709e-01 -4.073076351399397554e-02
-4.425843517476292233e-01 4.454287754835786206e-01 -1.839735849899064579e-01 1.014795020746026566e-01 -1.839735849899064579e-01 1.014795020746026566e-01 8.368639634419090534e-01 -4.429028898666474978e-01
-3.988823987444671815e-01 4.345278457368491054e-01 2.044299042151446200e-01 -2.822380321236094280e-01 2.044299042151446200e-01 -2.822380321236094280e-01 7.455334176020275150e-01 -4.048205650442823211e-01
-3.613409035901546940e-01 2.881580723141193845e-01 -9.904007942251547014e-03 1.955736428073872046e-01 -9.904007942251547014e-03 1.955736428073872046e-01 5.695875000437167213e-01 -3.356902462816795940e-01
-1.662259544893296415e-01 3.344817242162120285e-01 1.761809342819948832e-01 2.952629361663061669e-02 1.761809342819948832e-01 2.952629361663061669e-02 2.774250422234827984e-01 -2.502347683274506185e-01
-4.313098665418427791e-01 1.839875211721264670e-02 -7.561638294145989203e-02 3.015497768087610497e-01 -7.561638294145989203e-02 3.015497768087610497e-01 4.471809931822656736e-01 -2.040884390140842441e-01
1.327525744809615604e-01 8.963419100487546309e-02 -6.963892866665455372e-02 -2.823094000930372882e-01 -6.963892866665455372e-02 -2.823094000930372882e-01 -1.565509137157924946e-01 -9.922314883910021699e-02
-2.393490326548198821e-01 -1.766516159378135331e-01 3.538546622463999425e-01 -4.316222658310652216e-01 3.538546622463999425e-01 -4.316222658310652216e-01 1.547862458715670297e-01 1.505694499184562773e-01
3.808277455550741486e-01 4.853116359034280736e-01 7.538665027225888160e-02 2.098480094884676017e-01 7.538665027225888160e-02 2.098480094884676017e-01 -7.504680179405691653e-01 -3.948140237447268497e-01
1.036444763691112270e-01 1.939224536081930461e-01 -2.165361906574027051e-01 2.058969313663642220e-01 -2.165361906574027051e-01 2.058969313663642220e-01 -1.438424586899800794e-01 -1.670587130765985306e-01
-2.831948448242305183e-03 -4.923097508312795911e-01 -2.662405700992878099e-01 -3.399022007981183924e-01 -2.662405700992878099e-01 -3.399022007981183924e-01 4.355677839990891587e-05 7.346706216628227093e-01
-3.894654867399319764e-01 -5.591742713367198192e-02 -1.022352824638244062e-01 1.645126679323072327e-02 -1.022352824638244062e-01 1.645126679323072327e-02 3.459096707882114985e-01 -9.263917957065062603e-02
-3.524842226772165743e-01 3.916415916863814628e-01 2.013091383425190672e-01 -2.182467105531137319e-01 2.013091383425190672e-01 -2.182467105531137319e-01 6.285791867045005255e-01 -3.625035825841007031e-01
-1.379984961516296238e-01 1.574062662120051526e-01 1.825340815400546823e-01 -1.064809567813341795e-01 1.825340815400546823e-01 -1.064809567813341795e-01 1.814421521958291816e-01 -1.516731185093118661e-01
-3.840802913775288596e-01 -4.476994373913936176e-01 -4.251679862700465939e-01 -3.812979604771797870e-01 -4.251679862700465939e-01 -3.812979604771797870e-01 4.017523065184447351e-02 5.006165534073165890e-01
-1.621129257539417612e-01 8.885548356097161538e-02 -4.231307269382433844e-01 3.823309946960533612e-01 -4.231307269382433844e-01 3.823309946960533612e-01 1.909221705726425189e-01 -1.072407872986205490e-01
3.662616828816473991e-01 4.064025053047276570e-01 -6.728653750648905252e-03 1.777048835095063062e-01 -6.728653750648905252e-03 1.777048835095063062e-01 -6.639610139221017171e-01 -3.753871293340649284e-01
4.885965181137292834e-01 4.808113191127257879e-01 -3.365140452219583800e-02 4.049503698760219539e-01 -3.365140452219583800e-02 4.049503698760219539e-01 -9.584419908900232432e-01 -4.883583520386661769e-01
2.505642601286744986e-01 -3.905966603444733787e-01 -3.984604849839199492e-01 -1.102238605195193788e-01 -3.984604849839199492e-01 -1.102238605195193788e-01 -5.482513371278621706e-02 4.803799629628991985e-01
2.634046146371463726e-01 2.248120051497937144e-02 2.579752162646121727e-01 6.551593213104989211e-02 2.579752162646121727e-01 6.551593213104989211e-02 -2.752479185536034767e-01 -9.135778715052823851e-02
-2.534616690330532274e-01 1.611121203903013166e-01 -1.415903192757212992e-01 2.130047117699310766e-01 -1.415903192757212992e-01 2.130047117699310766e-01 3.351331629042131888e-01 -1.993978227226633759e-01
-2.965902278480094800e-01 -6.387761934266755759e-02 -3.486785847022939588e-01 -1.149777360776933488e-01 -3.486785847022939588e-01 -1.149777360776933488e-01 2.586992724975490932e-01 -2.000779365937987997e-02
4.646225819339394603e-01 -4.174479664839443327e-01 1.570513830061162075e-01 2.204382178884166654e-01 1.570513830061162075e-01 2.204382178884166654e-01 -7.671107791225378891e-02 3.758366275625643627e-01
2.555678339174203284e-01 -1.755849981933138571e-01 2.032965445821260930e-01 -4.053415272337466124e-01 2.032965445821260930e-01 -4.053415272337466124e-01 -1.658200786041015562e-01 1.411001720506177559e-01
-1.223592172199895467e-01 -2.038042578465998345e-01 1.694158780373126172e-01 -2.894048605333888746e-01 1.694158780373126172e-01 -2.894048605333888746e-01 7.248455830756780904e-02 2.303686553243146085e-01
-1.313778874089567283e-01 -3.753725135175116634e-01 -4.941036907857687677e-01 3.774126230341853239e-01 -4.941036907857687677e-01 3.774126230341853239e-01 3.274659177431525625e-02 4.990168881219256281e-01
1.797129058624101772e-01 2.094632398136873075e-01 -4.172380173506582413e-01 4.599951252344132158e-01 -4.172380173506582413e-01 4.599951252344132158e-01 -2.549994008589554495e-01 -1.978851195139525454e-01
-7.187271135301642744e-02 3.199937038280423751e-01 -2.693047422076636499e-01 1.617087590154566712e-01 -2.693047422076636499e-01 1.617087590154566712e-01 1.178703415730474602e-01 -2.227634199756874933e-01
3.008548297290036810e-02 -4.831219803378469235e-01 4.065284628112703080e-01 -2.815388210792427737e-01 4.065284628112703080e-01 -2.815388210792427737e-01 -1.015566746323966901e-03 7.156236919376972594e-01
-2.638656297477504076e-01 7.681441569214297882e-02 1.003023980691044592e-01 1.308688387950959209e-01 1.003023980691044592e-01 1.308688387950959209e-01 3.044029980883760089e-01 -1.405390317961945357e-01
-4.455778320333265707e-01 2.450141940910531835e-01 2.419759847058345903e-01 7.015521283139358744e-02 2.419759847058345903e-01 7.015521283139358744e-02 6.639236188742949629e-01 -3.835218431844842901e-01
-1.572272481644174658e-01 2.920633094500831861e-01 -2.792023791190203497e-01 -2.252307374774238369e-01 -2.792023791190203497e-01 -2.252307374774238369e-01 2.490678690336760315e-01 -2.314827402885034635e-01
-4.958348012155484597e-01 3.033639506986807177e-01 1.653750432266609671e-01 -1.423040708587753889e-01 1.653750432266609671e-01 -1.423040708587753889e-01 7.966716095968360278e-01 -4.571864142116315866e-01
6.890044604033129794e-02 1.531070577270291500e-01 -3.287411415175112150e-01 -2.652934937157469530e-02 -3.287411415175112150e-01 -2.652934937157469530e-02 -8.999873517896142538e-02 -1.344125580657579144e-01
2.890382636706212427e-02 4.669339207784676260e-01 -6.394005105757594176e-02 4.194454051348778245e-01 -6.394005105757594176e-02 4.194454051348778245e-01 -5.589618030920686514e-02 -2.497420655835726200e-01
-2.013747974471999935e-01 4.519349724212069486e-01 -2.637290626700037333e-01 2.330177394098296162e-01 -2.637290626700037333e-01 2.330177394098296162e-01 3.833914245084529271e-01 -2.882415621707506981e-01
3.335490012491904022e-01 2.502335620644234870e-01 2.774440862365393778e-01 4.443478817409252102e-03 2.774440862365393778e-01 4.443478817409252102e-03 -5.004793106604219499e-01 -2.988716627153062411e-01
1.096162102304301111e-01 2.911839208433200099e-01 1.875615140978268425e-01 -3.320921962498675217e-01 1.875615140978268425e-01 -3.320921962498675217e-01 -1.734531659961947025e-01 -2.184115586309130219e-01
-1.778692067958206335e-01 2.706076375044782489e-01 -2.109863426952586218e-01 4.808090243143842146e-01 -2.109863426952586218e-01 4.808090243143842146e-01 2.741347384674456267e-01 -2.290165987548975490e-01
2.123745740820912609e-01 3.881442759959092825e-01 1.968101361165683905e-01 -5.677155788484244958e-02 1.968101361165683905e-01 -5.677155788484244958e-02 -3.772385246761570943e-01 -2.825912567240703721e-01
1.619827122744676995e-01 -1.815201840182575355e-01 -4.747700519783801809e-01 -2.331938537835146485e-01 -4.747700519783801809e-01 -2.331938537835146485e-01 -1.031764487947920139e-01 1.882313621484866251e-01
-1.537089654929921778e-01 -4.401786859777889749e-01 1.944250625117636133e-01 -3.230439091067845991e-01 1.944250625117636133e-01 -3.230439091067845991e-01 1.839014458557097775e-02 6.103095154939960354e-01
1.382388061231213383e-01 1.615402331247322021e-01 -4.639792082396024808e-01 3.504138153826232838e-01 -4.639792082396024808e-01 3.504138153826232838e-01 -1.829010640591486880e-01 -1.545549537250853200e-01
-2.291718335825059238e-01 3.336529383924770054e-01 2.707756554806789451e-01 -7.477666529005300156e-02 2.707756554806789451e-01 -7.477666529005300156e-02 3.820995449256956444e-01 -2.748483844021107347e-01
-4.528628523417655982e-01 3.773902193815847905e-02 2.428801766228588788e-01 -4.234667036840537024e-01 2.428801766228588788e-01 -4.234667036840537024e-01 4.870440545807714350e-01 -2.413995511924294790e-01
-3.573550508797478376e-01 4.757225185679195834e-01 -2.160382332418642193e-01 -4.236072087145629217e-01 -2.160382332418642193e-01 -4.236072087145629217e-01 6.973587405347092538e-01 -3.771132362845821540e-01
-4.071153776142651948e-01 -8.501780050756369000e-02 3.772269509295876899e-01 2.492170058573672797e-01 3.772269509295876899e-01 2.492170058573672797e-01 3.378912696991230868e-01 -7.349710377929813410e-02
-4.916916255674296243e-01 -6.565335039659492278e-02 3.012857729063072032e-01 -8.199884056260042797e-02 3.012857729063072032e-01 -8.199884056260042797e-02 4.271292204065300080e-01 -1.717969418382484237e-01
3.206262735630645011e-01 -4.647431885285036035e-01 3.781760065430516127e-01 3.953889774116170486e-01 3.781760065430516127e-01 3.953889774116170486e-01 -2.260852015964276429e-02 5.779282125132068071e-01
2.322808502625183236e-01 3.562096547342863406e-02 1.590537164039431683e-01 3.758981888342031175e-01 1.590537164039431683e-01 3.758981888342031175e-01 -2.488289865571979564e-01 -8.830650569084790014e-02
-4.160176303400262565e-01 4.122918810183651139e-01 1.470105224153904766e-01 3.779019411758388625e-01 1.470105224153904766e-01 3.779019411758388625e-01 7.590590130394108126e-01 -4.153779546184340754e-01
-3.767069860774763246e-02 4.972642842551273645e-01 -1.965852741500087042e-01 -4.002362073301487522e-01 -1.965852741500087042e-01 -4.002362073301487522e-01 7.513528456889212448e-02 -2.514115973929590409e-01
-1.634506606572346810e-01 4.965959367933084900e-01 1.781225171680610453e-01 9.937859145921834614e-02 1.781225171680610453e-01 9.937859145921834614e-02 3.257885285543639098e-01 -2.767045308229713063e-01
-1.461684555191693491e-01 3.541671328398928731e-01 1.850317907594686284e-01 2.833847683576178333e-01 1.850317907594686284e-01 2.833847683576178333e-01 2.497045811248885805e-01 -2.500979922447219561e-01
-3.254520385817996075e-01 1.567175551858068783e-01 1.281686890086765063e-01 4.015503866805130162e-01 1.281686890086765063e-01 4.015503866805130162e-01 4.274601342153526717e-01 -2.380761924994396206e-01
-3.545545214437272330e-01 -4.281529911780262987e-01 8.309866114237862700e-02 7.041466963897147213e-02 8.309866114237862700e-02 7.041466963897147213e-02 5.094736366007629469e-02 4.857590663565268807e-01
-2.014651487163747756e-01 -1.328380151966074285e-01 -2.787590509260864380e-01 1.735600493057465332e-01 -2.787590509260864380e-01 1.735600493057465332e-01 1.479406877428296463e-01 1.098957473306705346e-01
1.830842996342025852e-01 3.413064910800661655e-01 -7.238033726008319402e-02 -1.569032948613517942e-01 -7.238033726008319402e-02 -1.569032948613517942e-01 -3.080600193942048537e-01 -2.583362309992253691e-01
-4.407981951960353584e-01 -1.154283731911293076e-01 -4.723162679328591906e-01 -2.630696138570944864e-01 -4.723162679328591906e-01 -2.630696138570944864e-01 3.390369580419069218e-01 -6.555096635940216299e-02
3.961450048806351987e-01 2.503065235191072047e-01 -3.644234437909776858e-01 4.962669081596333687e-01 -3.644234437909776858e-01 4.962669081596333687e-01 -5.944603628428982711e-01 -3.445840326947643417e-01
2.233834149872737651e-01 -4.893413736228007238e-01 -1.296817682670733385e-01 2.130500434363480355e-02 -1.296817682670733385e-01 2.130500434363480355e-02 -4.761920718424406118e-03 6.788962034704736359e-01
-3.458106620055826363e-01 -1.890983393604408480e-01 9.298022036481201624e-02 2.368894169961132112e-01 9.298022036481201624e-02 2.368894169961132112e-01 2.150262181688018803e-01 1.052715073525779810e-01
-9.560453522523459924e-02 -2.718758868760406955e-02 -1.818448961804316477e-01 -1.904159136713861056e-01 -1.818448961804316477e-01 -1.904159136713861056e-01 9.040602166448813426e-02 1.878652651061728240e-02
1.090704093311399836e-01 -4.390862824528579678e-01 3.862887198440564385e-01 1.509955147413344356e-01 3.862887198440564385e-01 1.509955147413344356e-01 -1.328776821349644810e-02 6.199866916994665189e-01
3.711483413670982889e-01 4.014148887228689011e-01 3.345075381544457827e-01 -3.166641803579136605e-01 3.345075381544457827e-01 -3.166641803579136605e-01 -6.691172816662005474e-01 -3.780320671340238192e-01
-2.377608802866248983e-02 1.285485229809186780e-01 -2.744602810695256911e-01 -4.512271970929359055e-01 -2.744602810695256911e-01 -4.512271970929359055e-01 2.988885002536022240e-02 -1.125891025822896019e-01
2.970531670190457163e-02 6.043346056620391149e-02 -4.451310568799441425e-01 2.250921678864239439e-01 -4.451310568799441425e-01 2.250921678864239439e-01 -3.329570687292687098e-02 -5.766366325055743980e-02
4.945284275140779950e-01 2.015944449065825150e-01 3.068448911922879718e-01 -2.310195304576119213e-01 3.068448911922879718e-01 -2.310195304576119213e-01 -6.939167951845293114e-01 -4.055124903089361021e-01
1.197254165959089622e-01 2.848718324528587420e-01 -3.056508722887382179e-01 -4.844914383627074717e-02 -3.056508722887382179e-01 -4.844914383627074717e-02 -1.879382142296259495e-01 -2.180540469068730780e-01
-4.255233986702569027e-01 -2.896822169184464224e-01 -1.519505589770443477e-01 1.387775972568305871e-01 -1.519505589770443477e-01 1.387775972568305871e-01 1.789902757153130630e-01 1.925278409013458925e-01
4.667872192096744755e-02 3.955327362072089681e-01 1.849679720492424240e-01 2.025328444766555380e-01 1.849679720492424240e-01 2.025328444766555380e-01 -8.360464712907880735e-02 -2.412654938758224399e-01
-4.357283447663861109e-01 -4.579859601609570507e-02 -4.740564893039036498e-01 1.724199799289688473e-01 -4.740564893039036498e-01 1.724199799289688473e-01 3.958168518969505389e-01 -1.419630830197134153e-01
3.612744940688750184e-03 -1.292541841995324958e-01 4.631166822471027844e-01 4.991090330028251643e-01 4.631166822471027844e-01 4.991090330028251643e-01 -2.678820140629324317e-03 1.459477764066126892e-01
2.297223574673864510e-01 8.995247316169963092e-03 -9.529004282475905807e-02 -4.518479952438947400e-02 -9.529004282475905807e-02 -4.518479952438947400e-02 -2.338551763063319300e-01 -6.168669436226458663e-02
-2.133198498042948588e-01 8.360901238903006849e-02 -7.770011597803561099e-02 4.495133024681716716e-01 -7.770011597803561099e-02 4.495133024681716716e-01 2.489907737345214978e-01 -1.221239037568880026e-01
-1.252614949822238311e-01 2.517821831731855697e-01 -4.822997678815453826e-01 4.418424466292821817e-01 -4.822997678815453826e-01 4.418424466292821817e-01 1.883387203305465218e-01 -2.040783575349116863e-01
2.929245230833010805e-02 -7.790187466884779255e-02 -1.298048182909068426e-01 -2.151766183933792043e-01 -1.298048182909068426e-01 -2.151766183933792043e-01 -2.472857841139664004e-02 8.311252898353287122e-02
2.608955756029289752e-01 1.366396669992996360e-01 1.480454567275595323e-01 1.557841973007522141e-01 1.480454567275595323e-01 1.557841973007522141e-01 -3.321929447468786045e-01 -1.860357697708037716e-01
-4.681675149144266523e-01 -4.875432011019154022e-02 -1.335442329493521374e-01 2.884825809344341296e-01 -1.335442329493521374e-01 2.884825809344341296e-01 4.225171371397650200e-01 -1.680495181815513384e-01
4.826662117798257157e-01 4.884251926267997312e-01 3.619760436486323396e-01 4.224404438258280159e-01 3.619760436486323396e-01 4.224404438258280159e-01 -9.541588867058439227e-01 -4.828326958281609071e-01
1.181185152662049820e-01 1.852978139875869346e-01 -3.146726434574236286e-01 3.156510853864727961e-01 -3.146726434574236286e-01 3.156510853864727961e-01 -1.618927206067793945e-01 -1.649145177677012741e-01
4.002327964705634233e-01 3.006012642099347154e-01 -2.021048390803075190e-01 -1.233409547431519870e-01 -2.021048390803075190e-01 -1.233409547431519870e-01 -6.408537656652211201e-01 -3.704264355359712102e-01
-5.972067922444401766e-02 -1.502033544341785376e-01 -2.517645412255520299e-04 4.105564949880369241e-01 -2.517645412255520299e-04 4.105564949880369241e-01 4.178018652724592441e-02 1.691978425904290539e-01
2.400773597639123125e-01 -5.794266528140767925e-02 2.906832387558067055e-01 -4.000006047444105706e-01 2.906832387558067055e-01 -4.000006047444105706e-01 -2.122559155670233899e-01 3.662879070109946456e-03
2.565125667358608696e-01 -3.193748208340850825e-01 -7.612028519877744870e-02 -1.467485038545471854e-01 -7.612028519877744870e-02 -1.467485038545471854e-01 -9.266525664994715306e-02 3.555764001234695826e-01
-1.890449085729398737e-01 3.378901603774604467e-01 3.132383632477589996e-01 4.072177188291007388e-01 3.132383632477589996e-01 4.072177188291007388e-01 3.167977375254458772e-01 -2.594583773549057337e-01
1.397054890968409957e-01 -4.289560626290106482e-01 -4.832491014663359286e-01 3.097942501163389872e-01 -4.832491014663359286e-01 3.097942501163389872e-01 -1.985045603555880833e-02 5.934417426114068084e-01
-2.537842829264135291e-01 2.052209289029361949e-01 -1.285468907099502900e-01 -5.865613416962078830e-02 -1.285468907099502900e-01 -5.865613416962078830e-02 3.579479754926618296e-01 -2.275117615036261198e-01
4.901163042332115083e-01 5.864515825871052801e-02 2.322343540443975174e-01 6.805760419425821439e-02 2.322343540443975174e-01 6.805760419425821439e-02 -5.476022006870735481e-01 -2.954198953467432887e-01
4.300787354673394347e-01 1.074111878371042383e-02 -6.235114832096722015e-02 1.113435281032604252e-02 -6.235114832096722015e-02 1.113435281032604252e-02 -4.393177890353447412e-01 -1.955934658521703839e-01
-4.816732619777268631e-01 2.707393082278285457e-01 4.300707226138940076e-01 -4.358226413868051541e-01 4.300707226138940076e-01 -4.358226413868051541e-01 7.424890334571097039e-01 -4.294486665124093161e-01
-2.988485202610535740e-01 -2.567085399800834722e-01 -1.862228574900630651e-01 8.832407384054252741e-02 -1.862228574900630651e-01 8.832407384054252741e-02 1.454145856382066671e-01 2.332973764165682251e-01
1.497752943357762989e-01 -1.151564616490901027e-01 6.741068340327649455e-02 3.005181328438081279e-01 6.741068340327649455e-02 3.005181328438081279e-01 -1.152801084594582970e-01 1.059848335152600435e-01
4.392041360238716496e-01 2.345813722345231334e-01 4.900385636774342579e-01 2.311545794292736433e-01 4.900385636774342579e-01 2.311545794292736433e-01 -6.452623538629875810e-01 -3.724532251355667789e-01
-1.870964204671528019e-01 -5.718538997965105786e-02 3.271418498321112533e-01 1.855751730875473404e-01 3.271418498321112533e-01 1.855751730875473404e-01 1.656980569307310025e-01 2.545048825515419666e-02
-7.197809853187986384e-02 -2.389925436591913144e-01 -9.846486924379649341e-02 7.337708157355082861e-02 -9.846486924379649341e-02 7.337708157355082861e-02 3.757364082010811873e-02 2.909291329156167838e-01
1.063666231574216248e-01 -4.640161107512711380e-01 2.214245141905391012e-02 3.854189737105699898e-01 2.214245141905391012e-02 3.854189737105699898e-01 -7.654969574915876374e-03 6.680132032660941466e-01
-3.302683950366780419e-01 -2.201651827199410105e-01 -2.123902422815868718e-01 3.713522139098605068e-01 -2.123902422815868718e-01 3.713522139098605068e-01 1.848411919569342698e-01 1.595606776419428163e-01
-1.171874933230203641e-01 -4.825551454244680905e-01 1.658233973743996614e-01 -1.575081118067057639e-01 1.658233973743996614e-01 -1.575081118067057639e-01 4.088637558182409149e-03 7.016817052087647166e-01
4.524819001031180621e-01 3.408271792412789214e-01 -7.623840942601933790e-02 -4.964493406902203976e-02 -7.623840942601933790e-02 -4.964493406902203976e-02 -7.609181594428777728e-01 -4.294038830526401562e-01
1.196820961034396058e-01 3.875300285311304993e-01 -3.851547210050022541e-01 -3.510434095346481875e-02 -3.851547210050022541e-01 -3.510434095346481875e-02 -2.124429083387024964e-01 -2.516743096455046347e-01
-2.193395942888809458e-03 -4.830784773611185301e-01 8.965057192633529848e-02 -2.548880985626920115e-01 8.965057192633529848e-02 -2.548880985626920115e-01 7.423119820724761314e-05 7.164384816648929899e-01
3.053193111261530701e-01 7.621381500018231669e-02 2.086304344244740427e-01 -2.132195932235605440e-01 2.086304344244740427e-01 -2.132195932235605440e-01 -3.518584101144565657e-01 -1.636251511498489630e-01
-4.371866775150110573e-01 6.618902804921678040e-02 3.519826382505436557e-01 3.652601424904836636e-01 3.519826382505436557e-01 3.652601424904836636e-01 4.950606000365809778e-01 -2.529402316117310701e-01
5.677543266634943464e-02 -4.349244758843452408e-01 -4.126569799148431805e-01 -3.215453105912300380e-01 -4.126569799148431805e-01 -3.215453105912300380e-01 -7.389382075311513864e-03 6.208603258531664171e-01
6.061059443159821924e-04 3.782477084324141758e-01 3.713366306109292525e-01 -7.740876515159866855e-02 3.713366306109292525e-01 -7.740876515159866855e-02 -1.064622313325551579e-03 -2.351767468624573199e-01
1.270556468552483942e-01 1.074351067955642280e-01 1.454702902343553150e-01 4.949358877161978976e-01 1.454702902343553150e-01 4.949358877161978976e-01 -1.543561208329946033e-01 -1.120359420211955309e-01
4.413702605081030184e-01 -4.905230790325848522e-01 3.567047202089820290e-01 -6.654396924453931383e-02 3.567047202089820290e-01 -6.654396924453931383e-02 -8.365662152405473062e-03 5.363282632352015522e-01
-3.763992146197903121e-02 4.541936288477436134e-01 -3.375142995888440467e-01 -1.978880003203209448e-01 -3.375142995888440467e-01 -1.978880003203209448e-01 7.183154649869967490e-02 -2.493185400495256665e-01
-2.160820419759756916e-02 3.483456633792231250e-01 -2.807065142383602385e-03 -1.093579876510507587e-01 -2.807065142383602385e-03 -1.093579876510507587e-01 3.666245264888924604e-02 -2.274678766727571411e-01
-2.811989391801720251e-01 -6.214749075714731674e-04 -3.018370349444369216e-01 5.408680880104421718e-02 -3.018370349444369216e-01 5.408680880104421718e-02 2.808494230106996503e-01 -7.845098225742186404e-02
-2.109249719819122904e-01 -8.492769555001877801e-02 1.272542308107478259e-01 6.323862595884144344e-02 1.272542308107478259e-01 6.323862595884144344e-02 1.750982283731601086e-01 4.765106521588496902e-02
1.009990274558735246e-01 3.468339053587495835e-01 -1.559022519533526108e-01 -3.140521339488270280e-01 -1.559022519533526108e-01 -3.140521339488270280e-01 -1.710588017157859131e-01 -2.367409509993798067e-01
3.734294027918162451e-01 2.907223831719941698e-01 -1.167720680848856052e-01 3.984677607314606185e-01 -1.167720680848856052e-01 3.984677607314606185e-01 -5.905579746440789979e-01 -3.456523979642429079e-01
2.258990621128649234e-01 -3.291824908999548827e-01 1.471822873673392928e-01 1.126545253246754585e-01 1.471822873673392928e-01 1.126545253246754585e-01 -7.717503019631191674e-02 3.865132169515817506e-01
3.128175356381716066e-01 2.399684390920410193e-01 2.861803859059488531e-01 -4.919335212215172337e-01 2.861803859059488531e-01 -4.919335212215172337e-01 -4.629502071335935276e-01 -2.802383979345091647e-01
-4.954509156061088770e-01 3.493060656476448811e-01 7.201495953868319866e-03 -1.374469974953991258e-01 7.201495953868319866e-03 -1.374469974953991258e-01 8.415789357098952816e-01 -4.727629479243397048e-01
3.543702841378634227e-01 -6.967344165786681920e-02 -5.058837855979603226e-03 3.580747555171602814e-01 -5.058837855979603226e-03 3.580747555171602814e-01 -3.049898895035412227e-01 -5.105046814963107304e-02
2.606987554511044358e-01 2.288545241177595280e-01 -4.020623431762642142e-01 -3.344709650153453451e-01 -4.020623431762642142e-01 -3.344709650153453451e-01 -3.800229346848137957e-01 -2.444439720023481033e-01
1.059615489495797647e-01 -4.252992618696858074e-01 4.753512353730090512e-01 -2.190505083140429354e-01 4.753512353730090512e-01 -2.190505083140429354e-01 -1.583081183993005625e-02 5.949508741607911766e-01
1.719843840105503840e-01 -2.596613331471192554e-01 -8.056337305520067105e-02 4.883750642528623676e-01 -8.056337305520067105e-02 4.883750642528623676e-01 -8.266899514521915127e-02 2.975067127353700491e-01
1.154055228316492876e-01 -1.923222952620218251e-01 3.230979148946990787e-01 -3.511293793125607188e-01 3.230979148946990787e-01 -3.511293793125607188e-01 -7.101541275785637486e-02 2.159917258168277954e-01
9.908625294013939655e-02 2.772374332151319454e-01 1.508582372942102179e-02 -1.133930454786019615e-01 1.508582372942102179e-02 -1.133930454786019615e-01 -1.540270898041985470e-01 -2.101949243611344886e-01
2.030759037343901063e-01 2.656021867585076635e-01 1.108456130556074726e-01 3.791599775562415342e-02 1.108456130556074726e-01 3.791599775562415342e-02 -3.109507119540185216e-01 -2.362974878251457578e-01
-4.226341977080595447e-01 -3.444792117520482089e-01 -3.839914108710530405e-01 -4.896602474660300963e-01 -3.839914108710530405e-01 -4.896602474660300963e-01 1.314568071361962298e-01 2.845254740090255030e-01
-3.050905788972952948e-01 2.318904820371157083e-01 -1.221950992020208737e-01 -3.751801900625606478e-01 -1.221950992020208737e-01 -3.751801900625606478e-01 4.465857817082482528e-01 -2.711975477095965870e-01
3.010558863263944618e-01 -1.590075544515217043e-01 3.680366403744540493e-01 -4.488005000432682134e-02 3.680366403744540493e-01 -4.488005000432682134e-02 -2.053155658504038639e-01 9.365631013240439950e-02
-2.629089404539484143e-01 1.741984219488120766e-01 1.132730685208576116e-01 -3.657498296251534553e-01 1.132730685208576116e-01 -3.657498296251534553e-01 3.545055855405724321e-01 -2.129744427099735105e-01
-4.722239335139531979e-01 4.509871492726682529e-01 -8.330317586300062249e-02 3.934589269577026815e-01 -8.330317586300062249e-02 3.934589269577026815e-01 8.981577847015207450e-01 -4.705931838469707973e-01
-6.435601938505075559e-02 3.159452424457576125e-02 -9.936520200075227294e-02 1.092794764794824403e-02 -9.936520200075227294e-02 1.092794764794824403e-02 6.842261501454149908e-02 -3.473800751342370763e-02
-3.127495657827503717e-01 3.109068697996496544e-01 -1.342342787594552611e-02 1.167466630935435346e-01 -1.342342787594552611e-02 1.167466630935435346e-01 5.072215428401793957e-01 -3.120560790083322655e-01
-6.366943762027077458e-02 1.096612309114631811e-01 3.043721619649042420e-01 -4.113514553360698711e-01 3.043721619649042420e-01 -4.113514553360698711e-01 7.763357542202981021e-02 -1.016894426333274787e-01
-1.282200072315032857e-01 -4.387738015637246969e-01 3.604931762269747431e-01 -1.259243460948226145e-01 3.604931762269747431e-01 -1.259243460948226145e-01 1.570084721251334414e-02 6.148558802479607843e-01
-2.810985244384792692e-01 2.085354222835626992e-01 -1.888041956709108904e-01 2.133447480698408283e-01 -1.888041956709108904e-01 2.133447480698408283e-01 3.983365234326085580e-01 -2.440647803780692238e-01
-1.427883540097412141e-01 -2.609819177521216504e-01 -5.716134238801262590e-02 -2.237837172737512370e-01 -5.716134238801262590e-02 -2.237837172737512370e-01 6.825799708547898581e-02 3.087049651048856536e-01
-1.259512600185511699e-01 -1.834574421934680455e-01 2.562814313085499673e-01 -3.883647440852040500e-01 2.562814313085499673e-01 -3.883647440852040500e-01 7.973786801045554262e-02 2.012503553893770225e-01
-1.521349217331624537e-01 3.995989524412155713e-01 -2.323364686526014911e-01 -1.514786555322237271e-01 -2.323364686526014911e-01 -1.514786555322237271e-01 2.737208324417585437e-01 -2.630646640598541808e-01
7.783855046193144389e-02 4.353285650570329901e-01 4.110502547252334882e-01 -5.025200057712819746e-02 4.110502547252334882e-01 -5.025200057712819746e-02 -1.456092394193555795e-01 -2.518764454404321951e-01
2.513581967858020683e-01 3.233350903557357103e-01 -2.855230478153476525e-01 1.648310080439240322e-01 -2.855230478153476525e-01 1.648310080439240322e-01 -4.139040473245862994e-01 -2.819704527917939463e-01
3.561382180742670434e-01 1.534552732977452205e-01 -1.243018503073786141e-01 1.470591270589538535e-01 -1.243018503073786141e-01 1.470591270589538535e-01 -4.654407932469842857e-01 -2.567411827679737524e-01
-1.903286955927876445e-01 4.036422580961036566e-01 1.267585535723891876e-01 8.397932773113936378e-02 1.267585535723891876e-01 8.397932773113936378e-02 3.439781045319051378e-01 -2.769401979412341452e-01
4.440218766383199345e-01 -4.262079369881427438e-01 2.282124993852829853e-01 2.394181057187761974e-01 2.282124993852829853e-01 2.394181057187761974e-01 -6.553058059907601596e-02 4.107057156064159997e-01
3.326274534651367798e-01 -1.366240449916455990e-01 -4.983297973678646464e-01 -1.423148511154930240e-01 -4.983297973678646464e-01 -1.423148511154930240e-01 -2.417376371297820792e-01 4.464915186282306103e-02
-8.232427947461051776e-02 -1.237146130431732161e-01 -2.478923179608997218e-01 -5.634960267787547661e-02 -2.478923179608997218e-01 -5.634960267787547661e-02 6.195484671609154115e-02 1.322426315325815338e-01
3.670740847766859050e-01 3.230463404991257281e-01 2.536775707844749483e-01 4.714851058411320128e-01 2.536775707844749483e-01 4.714851058411320128e-01 -6.042379643350344054e-01 -3.534307861038902265e-01
-1.736027819085066426e-01 2.803025522725551832e-01 -3.360155456070150759e-01 3.481253560929429280e-01 -3.360155456070150759e-01 3.481253560929429280e-01 2.709253876096470171e-01 -2.318709573484191711e-01
-1.512594939271643124e-01 2.617851065713640013e-01 -4.664810264965745246e-01 4.117883454058762771e-01 -4.664810264965745246e-01 4.117883454058762771e-01 2.304544594024708903e-01 -2.161330990518854356e-01
-6.203360241819888543e-04 -3.459547881183959728e-01 3.876921478703071466e-01 -1.630977006081913983e-01 3.876921478703071466e-01 -1.630977006081913983e-01 1.911195885658126346e-04 4.656391187236573193e-01
1.597301512508898513e-01 -1.420941728963814876e-01 -2.251174983602504120e-01 -3.150230774747785345e-01 -2.251174983602504120e-01 -3.150230774747785345e-01 -1.143367037936716402e-01 1.367712056488560868e-01
-2.671727644832012638e-01 -3.397968351725793035e-01 -3.786742386103563174e-01 1.892810218727857263e-01 -3.786742386103563174e-01 1.892810218727857263e-01 8.560384485179989289e-02 3.838774382842842225e-01
4.798938563528936108e-01 -8.254413258207649040e-02 -2.320101404443378756e-01 1.484882622591032764e-01 -2.320101404443378756e-01 1.484882622591032764e-01 -4.006690121446591646e-01 -1.409404469594477682e-01
2.096408212689622186e-01 3.082952032510806184e-01 -4.791584802201354076e-01 -4.330358949203335639e-01 -4.791584802201354076e-01 -4.330358949203335639e-01 -3.389033404746385481e-01 -2.571985448457804746e-01
5.547391412672575406e-02 3.462606756066954894e-02 3.924236809068274434e-01 2.442560689508455063e-01 3.924236809068274434e-01 2.442560689508455063e-01 -5.931560112353932712e-02 -3.650445815449283871e-02
1.627675171355850159e-01 -2.461470704035304546e-01 4.737597314276205118e-01 4.845398063472369232e-01 4.737597314276205118e-01 4.845398063472369232e-01 -8.263802213602362834e-02 2.802421860372880658e-01
2.077392635488450878e-03 1.976703308360393541e-01 -1.267740098559845263e-01 3.669219878789444778e-01 -1.267740098559845263e-01 3.669219878789444778e-01 -2.898670414555158323e-03 -1.586010867033720850e-01
8.537814435545554304e-02 4.647827902007297673e-01 -3.304805989968102597e-01 -2.356768735044495466e-01 -3.304805989968102597e-01 -2.356768735044495466e-01 -1.647427286668341762e-01 -2.560491756675351560e-01
-3.490298923425035893e-01 -4.912637589797581583e-01 -3.168426359843410367e-01 -5.114356178946510845e-02 -3.168426359843410367e-01 -5.114356178946510845e-02 6.098418525546323021e-03 6.107819741180604556e-01
-3.763681968204629635e-01 -2.178196538063873477e-01 -4.729006742489336723e-01 3.886218472682098080e-01 -4.729006742489336723e-01 3.886218472682098080e-01 2.124074161501279812e-01 1.236120358128350305e-01
-4.734299653452942458e-01 -3.176825742328137636e-01 2.542386283958881776e-01 -9.297834084923350950e-03 2.542386283958881776e-01 -9.297834084923350950e-03 1.726290651256044972e-01 1.944688601171544740e-01
4.966503656148806289e-01 3.853973980163978297e-01 -4.113926038264547058e-01 1.264759310108276580e-02 -4.113926038264547058e-01 1.264759310108276580e-02 -8.794658828786159344e-01 -4.835278292839826353e-01
3.707011694594075646e-02 6.494078172945172422e-02 1.801741946140313910e-01 1.196548300521595998e-01 1.801741946140313910e-01 1.196548300521595998e-01 -4.188484169248393035e-02 -6.209767016820515878e-02
-1.008323902784052928e-01 -3.433559278978923768e-01 -1.644706512801106246e-01 4.817414981084402470e-01 -1.644706512801106246e-01 4.817414981084402470e-01 3.158959242599675143e-02 4.510820501912584102e-01
-3.331672512076271353e-01 -4.766522841144381628e-01 -2.589540246839689974e-01 2.630508592873208595e-01 -2.589540246839689974e-01 2.630508592873208595e-01 1.555738864713857028e-02 5.928492667887030887e-01
4.312154394249545497e-01 -3.388752296576462708e-01 -2.326862237183854321e-01 8.260784614394922620e-02 -2.326862237183854321e-01 8.260784614394922620e-02 -1.389589772908458865e-01 2.677648957347121272e-01
1.358981304875596097e-01 2.435566720078016223e-01 -2.287722882761126231e-01 -1.934930379659736133e-01 -2.287722882761126231e-01 -1.934930379659736133e-01 -2.020959232748235634e-01 -2.027051213982995481e-01
-4.455217789406695772e-02 2.817000870628452169e-01 1.956433059131476027e-01 -3.976548822366371416e-01 1.956433059131476027e-01 -3.976548822366371416e-01 6.965288267726302274e-02 -2.043300445667352305e-01
-2.976575190483889966e-01 4.105602696545113117e-01 3.741508182773835012e-01 1.358358086716719981e-01 3.741508182773835012e-01 1.358358086716719981e-01 5.420702216187878175e-01 -3.306005332817683051e-01
-4.992561105565938018e-01 2.808900159408757036e-01 -2.225919502660022031e-01 -3.628562013006265685e-01 -2.225919502660022031e-01 -3.628562013006265685e-01 7.797282242622363135e-01 -4.512474788137080806e-01
-1.367743020374381224e-01 2.725308223950502207e-01 -4.987576195127287892e-01 -2.356207873839777367e-01 -4.987576195127287892e-01 -2.356207873839777367e-01 2.113247280709821263e-01 -2.169649829375561723e-01
2.040659298423608270e-02 2.760559080206104188e-02 1.997923065067155335e-01 3.070755972707756021e-01 1.997923065067155335e-01 3.070755972707756021e-01 -2.153326509541014441e-02 -2.725995119575447961e-02
4.771710015482591993e-01 -4.188383306609491097e-01 -2.169589073783326771e-01 1.554927908151548799e-02 -2.169589073783326771e-01 1.554927908151548799e-02 -7.745599009168713245e-02 3.665717131732308953e-01
-1.985763835136881150e-01 4.089544992475542262e-01 -1.555218676143205192e-01 -2.715059494140965590e-01 -1.555218676143205192e-01 -2.715059494140965590e-01 3.609937944781493324e-01 -2.811432968821117040e-01
2.206780114798219117e-01 -1.764174578984524233e-01 4.018059711179038374e-01 6.270163280801976935e-02 4.018059711179038374e-01 6.270163280801976935e-02 -1.428151038811105444e-01 1.588417925991162383e-01
-2.345935468536664015e-02 -3.943357482116385260e-01 -4.323217753660920648e-01 -2.331239437261668490e-01 -4.323217753660920648e-01 -2.331239437261668490e-01 4.957630320534117674e-03 5.492860892070174916e-01
-6.395502078532011581e-03 4.097872903273613865e-01 -2.724482949717799141e-01 -1.853702942269789267e-01 -2.724482949717799141e-01 -1.853702942269789267e-01 1.163709301262129403e-02 -2.419025694603567089e-01
2.267467135256961974e-02 -1.487418016203478910e-01 1.799380811761196464e-01 -4.171445242204057102e-01 1.799380811761196464e-01 -4.171445242204057102e-01 -1.592932841630862947e-02 1.703517844486677757e-01
-1.190411107961469872e-01 -2.391963991288516000e-01 -4.562218624648136656e-01 8.554725878178626175e-02 -4.562218624648136656e-01 8.554725878178626175e-02 6.209270069467294484e-02 2.822405304254799185e-01
2.885832644978894024e-01 -2.042193836237176097e-01 -4.114340868160404341e-02 3.031866670273574149e-01 -4.114340868160404341e-02 3.031866670273574149e-01 -1.707146716981309265e-01 1.626446397231099683e-01
-4.685043427683944772e-01 3.254422699273483710e-01 -4.252578211018567256e-01 -3.109503933065359549e-01 -4.252578211018567256e-01 -3.109503933065359549e-01 7.734465763311280107e-01 -4.390259180647285708e-01
-1.306443878222232069e-01 9.951793414476473032e-02 3.161525233719419958e-02 1.316664105949862940e-01 3.161525233719419958e-02 1.316664105949862940e-01 1.566473069895734371e-01 -1.066820709977664705e-01
3.617010353460368144e-01 -3.521904379099990434e-01 -1.345788725510517203e-01 -4.869434341176139824e-01 -1.345788725510517203e-01 -4.869434341176139824e-01 -1.069257432839953448e-01 3.454009034948409829e-01
-1.545383880021329315e-01 -4.409768116433843144e-01 2.597770783025977748e-01 3.307230351597324480e-01 2.597770783025977748e-01 3.307230351597324480e-01 1.824269676675530083e-02 6.115552466842513191e-01
-2.773265644391660345e-01 4.385951713096294391e-01 -4.061426299639431248e-01 2.823493187985670616e-02 -4.061426299639431248e-01 2.823493187985670616e-02 5.205947485169800659e-01 -3.231394703571371374e-01
4.393056844731841881e-01 -2.133430223180475815e-01 -2.561094533091227143e-01 -4.208572488043542670e-01 -2.561094533091227143e-01 -4.208572488043542670e-01 -2.518600795791687830e-01 6.586878307939367239e-02
-3.996132057754506750e-01 1.006931318028436717e-01 6.407844275619856145e-02 -1.289182435221836176e-02 6.407844275619856145e-02 -1.289182435221836176e-02 4.800898161740593806e-01 -2.502447392407115001e-01
3.217970470158943996e-01 -4.308754260087808152e-01 -3.233557712097850922e-01 -1.231479906538197611e-01 -3.233557712097850922e-01 -1.231479906538197611e-01 -4.448816757321205628e-02 5.129757192788794162e-01
-2.175832029568877113e-01 1.832364224185643042e-01 3.119990244079914321e-01 -1.884232477941746309e-01 3.119990244079914321e-01 -1.884232477941746309e-01 2.973215383332726836e-01 -1.970032861267879687e-01
-4.990722053265904679e-01 3.405284807835700089e-01 -4.757125870918285093e-01 -3.063128919717194032e-01 -4.757125870918285093e-01 -3.063128919717194032e-01 8.389688050889300142e-01 -4.736419006883502703e-01
-4.610877023576781530e-01 -3.683892570225155705e-02 2.021808441290755542e-01 2.982082666110513758e-01 2.021808441290755542e-01 2.982082666110513758e-01 4.271157511389253592e-01 -1.744058371163352272e-01
-2.401793854912868120e-01 2.288298886600591553e-01 -4.169680539454555523e-01 4.620192862540691836e-01 -4.169680539454555523e-01 4.620192862540691836e-01 3.500998295721119979e-01 -2.341529079308562467e-01
3.507787896164794583e-01 3.903562436910924527e-01 -1.925878127453775068e-01 4.265081711004896636e-01 -1.925878127453775068e-01 4.265081711004896636e-01 -6.246361709788732508e-01 -3.610240059472752394e-01
2.641601313659600603e-01 2.894244173505923223e-01 4.460318276837315077e-01 -4.624337209747475530e-02 4.460318276837315077e-01 -4.624337209747475530e-02 -4.170689155816579285e-01 -2.754384989951437213e-01
-1.803102035329723352e-01 2.974621017873474438e-01 -3.055081418936310689e-01 -2.338387036818730946e-01 -3.055081418936310689e-01 -2.338387036818730946e-01 2.875811077662170367e-01 -2.414901692857031046e-01
-2.910741835615049400e-02 -7.009525034623265149e-02 2.998933661872733580e-01 1.062755054570143631e-01 2.998933661872733580e-01 1.062755054570143631e-01 2.502683480293670104e-02 7.416135266397370918e-02
1.331127126692641660e-01 4.853266779482853233e-01 2.610692127141954755e-01 4.404827413785256107e-01 2.610692127141954755e-01 4.404827413785256107e-01 -2.623190139341813887e-01 -2.675036878941367546e-01
2.934672642988924718e-01 4.734632793281823293e-02 2.027213009801023258e-01 -3.957248397014857533e-01 2.027213009801023258e-01 -3.957248397014857533e-01 -3.212564589649772873e-01 -1.312276883791722859e-01
-3.025130482906501772e-02 4.998634725089780018e-01 -4.472417431806697818e-01 4.397297960392931859e-02 -4.472417431806697818e-01 4.397297960392931859e-02 6.049434938863312849e-02 -2.509151228041052173e-01
-6.178534448447414729e-02 -4.038823798891411077e-02 1.320404285085707841e-02 -1.945177386830676536e-01 1.320404285085707841e-02 -1.945177386830676536e-01 5.679454208994218212e-02 3.820201896369813943e-02
2.901725413382856278e-01 3.966512669581853112e-01 -4.918179197046785855e-01 -1.689880731945705428e-01 -4.918179197046785855e-01 -1.689880731945705428e-01 -5.203671536549003829e-01 -3.235191431253708338e-01
-2.222012094842965579e-01 1.307385091471333638e-01 2.776953056173019352e-01 7.238879575783618847e-03 2.776953056173019352e-01 7.238879575783618847e-03 2.803017192016301617e-01 -1.630193288694025411e-01
-4.338992832077275263e-01 6.092153822305745869e-02 3.203974743556368132e-01 -3.542848962987688033e-02 3.203974743556368132e-01 -3.542848962987688033e-02 4.867669067415211215e-01 -2.454786923717737490e-01
1.974951360085157592e-01 4.895941853561521784e-01 -3.191260869669064748e-01 4.534739067234998533e-01 -3.191260869669064748e-01 4.534739067234998533e-01 -3.908800764602992639e-01 -2.888960477686199901e-01
-9.854380028169507089e-02 -1.781153402502868577e-01 -8.939257737667627435e-02 -2.177557723147502955e-01 -8.939257737667627435e-02 -2.177557723147502955e-01 6.343947524823420614e-02 2.001295341088037139e-01
1.895522954268991089e-02 -4.173643670828146579e-01 1.195526172121741393e-01 -1.081799658354264393e-01 1.195526172121741393e-01 -1.081799658354264393e-01 -3.132754780701421660e-03 5.911980812662370743e-01
4.828705465534337549e-01 -3.906742117145314275e-01 4.281458676762908144e-01 -4.084871839127898197e-01 4.281458676762908144e-01 -4.084871839127898197e-01 -1.055804062835783985e-01 3.101365866844900676e-01
-7.186415298620596470e-02 2.615283515293720384e-01 -2.599856255868743249e-01 -2.900458459432823100e-01 -2.599856255868743249e-01 -2.900458459432823100e-01 1.094531799152800577e-01 -1.982957293601260718e-01
-2.202846383406975583e-01 1.604275272870574476e-01 5.073973502906325983e-02 1.466033518297715776e-02 5.073973502906325983e-02 1.466033518297715776e-02 2.909640779973412528e-01 -1.832158576645098180e-01
-2.537203835117790574e-01 3.830227586499902470e-01 -1.287700321171747486e-02 3.228891386548085052e-01 -1.287700321171747486e-02 3.228891386548085052e-01 4.480817459486092780e-01 -3.006903580155058098e-01
-3.248332207908500857e-01 6.940430070533454288e-02 2.127336674310651432e-01 -2.541850540265174763e-01 2.127336674310651432e-01 -2.541850540265174763e-01 3.699228658605510645e-01 -1.701039650782951995e-01
-4.290571552498012586e-01 -4.955893788674186062e-01 -1.950706428012471960e-02 -4.291014380771633885e-01 -1.950706428012471960e-02 -4.291014380771633885e-01 3.784817112060079314e-03 5.571081688425603140e-01
-1.481235780971007499e-01 4.575122404774191187e-01 -3.624596527529261314e-01 1.010466467858399664e-01 -3.624596527529261314e-01 1.010466467858399664e-01 2.836602782625737840e-01 -2.701353846790392477e-01
-2.639049333855879587e-01 9.712957036608294015e-02 -4.533388599918760642e-01 -2.174223838540898512e-01 -4.533388599918760642e-01 -2.174223838540898512e-01 3.151708789800517496e-01 -1.573412307918347075e-01
-1.324294624509072538e-01 4.343285099276353867e-01 -4.041036677974868541e-01 -4.602734820956393413e-01 -4.041036677974868541e-01 -4.602734820956393413e-01 2.474652446445478327e-01 -2.632248179167115953e-01
-3.670809257919486202e-01 -2.366796456349653521e-01 4.816327636553981995e-01 6.692298977503818858e-02 4.816327636553981995e-01 6.692298977503818858e-02 1.933197589203617950e-01 1.579484942125840563e-01
-2.827888470837857104e-01 -1.177631862708913291e-01 -2.639580622299941837e-02 2.163613725002673238e-01 -2.639580622299941837e-02 2.163613725002673238e-01 2.161846157348688013e-01 5.166182227658723536e-02
2.992297558169912941e-01 2.429065553487380624e-01 -9.820606595182790333e-02 -8.561017492328193423e-02 -9.820606595182790333e-02 -8.561017492328193423e-02 -4.445994943036900571e-01 -2.734414074836447606e-01
1.443983443223674223e-01 6.686085709257627574e-02 5.656699338922199782e-02 2.315924679091254657e-01 5.656699338922199782e-02 2.315924679091254657e-01 -1.637075384506522790e-01 -8.324136472446334867e-02
-1.369578011077292601e-01 -2.901541941003018543e-01 3.342429730737257465e-01 2.660296684438450132e-01 3.342429730737257465e-01 2.660296684438450132e-01 5.748004029540403070e-02 3.555862111700331951e-01
4.892020956668419185e-01 -5.820952474729246262e-02 2.034658666814187500e-01 4.345184619713292618e-01 2.034658666814187500e-01 4.345184619713292618e-01 -4.322496526785492010e-01 -1.777208168862318416e-01
-1.849614048572423286e-03 1.861284037738930586e-01 -3.497526235559346164e-01 1.409782469143451289e-01 -3.497526235559346164e-01 1.409782469143451289e-01 2.538145469489529182e-03 -1.514880421546043743e-01
3.163649611827524799e-01 -3.217738569996753117e-01 4.334785968191323668e-01 2.296620689019511774e-01 4.334785968191323668e-01 2.296620689019511774e-01 -1.127690136240988295e-01 3.252254833839582915e-01
2.311584319806627708e-01 1.200502252761519451e-01 5.323536965501673990e-02 9.783644677840630521e-02 5.323536965501673990e-02 9.783644677840630521e-02 -2.866596756481840091e-01 -1.590723893630558161e-01
-4.772234634045721124e-01 -2.378522461773487917e-01 4.519421464262575183e-01 -2.493133264716945741e-01 4.519421464262575183e-01 -2.493133264716945741e-01 2.502061180059494960e-01 6.668370316510394136e-02
-3.069010874716413539e-01 1.466521279796578758e-01 -2.032895380859315315e-01 -2.452388638090552408e-01 -2.032895380859315315e-01 -2.452388638090552408e-01 3.969164825856160150e-01 -2.193335588299719918e-01
-3.804363124398217888e-01 4.450697463319506220e-01 4.306766896647139520e-01 -7.405236838831841251e-02 4.306766896647139520e-01 -7.405236838831841251e-02 7.190776985859301806e-01 -3.917144550547734250e-01
-1.758998180831002900e-01 -8.633231778863625916e-02 -3.974086726414504112e-01 4.603341723664153839e-01 -3.974086726414504112e-01 4.603341723664153839e-01 1.455281400956732474e-01 6.284484088172656580e-02
2.033525199361094771e-01 3.750850440158048915e-01 7.626341271777969943e-03 3.846034750943477798e-01 7.626341271777969943e-03 3.846034750943477798e-01 -3.559014977180303685e-01 -2.757485011358323801e-01
1.353979141788637097e-01 9.380006208102709131e-02 -1.525697158886902827e-01 -4.029892258246131620e-01 -1.525697158886902827e-01 -4.029892258246131620e-01 -1.607985796901016950e-01 -1.033342055986094937e-01
4.889389404604221889e-01 -1.102631396750416437e-01 -2.091206149946400750e-02 -4.807985230069504734e-01 -2.091206149946400750e-02 -4.807985230069504734e-01 -3.811150550913133817e-01 -1.166401878525208935e-01
-2.805540587330513924e-01 8.268128530832896672e-02 4.931937289944627878e-01 2.356422883575061133e-01 4.931937289944627878e-01 2.356422883575061133e-01 3.269471990820855822e-01 -1.545556702396801430e-01
-2.804687946407091736e-02 3.230292622130392921e-02 -2.013591055806496222e-01 -1.410767915957755747e-02 -2.013591055806496222e-01 -1.410767915957755747e-02 2.985887202020229281e-02 -3.204607462651704736e-02
-2.039020347958413470e-01 -4.476096060205119187e-01 -4.800776942524047630e-01 1.756788236838225936e-01 -4.800776942524047630e-01 1.756788236838225936e-01 2.136501587234682087e-02 6.063879256284653296e-01
4.755067132457359014e-01 -1.120011867441927933e-02 1.504584493335531237e-01 -3.576084189747535946e-01 1.504584493335531237e-01 -3.576084189747535946e-01 -4.648552500080653238e-01 -2.147810730090221609e-01
-2.995325623004984061e-01 -3.186827749825739131e-01 3.149182372854997247e-02 -8.747698342450593856e-03 3.149182372854997247e-02 -8.747698342450593856e-03 1.086208259973713286e-01 3.305217301748658021e-01
3.614430667957446719e-02 -2.546175390275383643e-01 -4.499216261597385191e-01 1.403334351584364370e-01 -4.499216261597385191e-01 1.403334351584364370e-01 -1.773835784635473256e-02 3.181412193026312840e-01
2.154490697792483811e-01 5.842291676154987012e-02 3.031449349820243278e-01 4.208852517659835701e-01 3.031449349820243278e-01 4.208852517659835701e-01 -2.406233959193811445e-01 -1.014279812273663206e-01
2.211029254628900098e-01 -3.626979864990669267e-01 4.471740765584899524e-01 -1.617589116788771264e-01 4.471740765584899524e-01 -1.617589116788771264e-01 -6.071575371400303456e-02 4.453613122612959385e-01
-3.159557349710502283e-01 -4.427300493434218609e-01 -1.046532706895351161e-01 -3.534508703267029706e-01 -1.046532706895351161e-01 -3.534508703267029706e-01 3.618953870290986252e-02 5.389119194739541152e-01
-4.827931022103950642e-01 -1.205876708210631421e-01 4.935135184267863684e-01 -4.128208065869037879e-01 4.935135184267863684e-01 -4.128208065869037879e-01 3.663553108423410198e-01 -9.796012236682474783e-02
2.236339098384945157e-01 1.291511076114059131e-01 -1.833266753857820675e-01 -4.234699574710852898e-01 -1.833266753857820675e-01 -4.234699574710852898e-01 -2.813990441487161931e-01 -1.624832246438048522e-01
9.207390418144556499e-02 -1.223653492142753318e-01 2.652586451276655044e-01 4.520515351961995609e-02 2.652586451276655044e-01 4.520515351961995609e-02 -6.954059330407694195e-02 1.288610240713928545e-01
3.634442230594299161e-01 -4.727914592150384010e-03 1.956999904549439062e-01 1.918914931126802781e-01 1.956999904549439062e-01 1.918914931126802781e-01 -3.600075565681590262e-01 -1.273414355067316039e-01
-1.870945308556639652e-01 6.813702900067797330e-02 6.424817228896839705e-02 2.190538812309699157e-01 6.424817228896839705e-02 2.190538812309699157e-01 2.125906618052252062e-01 -9.849873775573973755e-02
-1.695778438147302891e-01 -1.245696086645062817e-01 -4.903043739492968234e-01 -3.870494992873304563e-01 -4.903043739492968234e-01 -3.870494992873304563e-01 1.273293525303868523e-01 1.113305509544814664e-01
-2.729213734167246219e-01 -2.655960753524349016e-01 -3.912236080529661875e-01 3.379667705691226098e-01 -3.912236080529661875e-01 3.379667705691226098e-01 1.279476820981677865e-01 2.616512745273799068e-01
4.149716019232043696e-01 1.590299536430936911e-01 4.182515280400239677e-01 8.424998430626051693e-03 4.182515280400239677e-01 8.424998430626051693e-03 -5.469574311572994452e-01 -3.059408578900795206e-01
-4.671341891494286136e-01 -3.612283497152238843e-01 4.466808017229735306e-01 2.228422037062446348e-01 4.466808017229735306e-01 2.228422037062446348e-01 1.296499646654139526e-01 2.734999196809138056e-01
-2.226890446484117714e-01 1.193667340207189564e-01 -5.956537417102447662e-02 -2.710124239233264731e-01 -5.956537417102447662e-02 -2.710124239233264731e-01 2.758523725721617192e-01 -1.547087274363682097e-01
4.504921797941406902e-01 -1.051416401868995321e-01 7.600562160845814041e-02 -4.224722057899891192e-01 7.600562160845814041e-02 -4.224722057899891192e-01 -3.557612064442854938e-01 -8.674679936758539212e-02
-7.822280477533560816e-02 9.245574821030289048e-02 -2.762994108161209716e-02 1.557562555918695635e-01 -2.762994108161209716e-02 1.557562555918695635e-01 9.268710066055982355e-02 -9.002649002009623092e-02
9.575024587402580778e-02 3.241993550664047374e-01 -4.534700867629839482e-01 1.148301195039548306e-01 -4.534700867629839482e-01 1.148301195039548306e-01 -1.578345817936435136e-01 -2.282622428258683778e-01
3.066463352132258180e-01 1.885667973719703516e-01 1.374110647490828230e-01 -1.797251945332731804e-01 1.374110647490828230e-01 -1.797251945332731804e-01 -4.222929699272451320e-01 -2.470413352005506880e-01
4.520140944076384004e-01 -1.799484892438745209e-01 -9.731821326457923416e-02 -4.396078636131717232e-01 -9.731821326457923416e-02 -4.396078636131717232e-01 -2.893355875964531698e-01 8.013206481869927789e-03
4.422155061699950540e-02 1.610112089110681266e-01 2.839336644748776672e-01 8.372471352273958001e-02 2.839336644748776672e-01 8.372471352273958001e-02 -5.846188126652966666e-02 -1.370421450550363407e-01
-3.226868993659881557e-01 1.737552889072293549e-01 5.669549782502714130e-02 -2.888613860154580770e-01 5.669549782502714130e-02 -2.888613860154580770e-01 4.348240102178188016e-01 -2.476912235064299694e-01
-1.964585179742895926e-01 -2.486208146326366331e-01 1.483833866503683208e-01 3.311152991544674684e-02 1.483833866503683208e-01 3.311152991544674684e-02 9.877116441371286415e-02 2.718371748165782087e-01
-4.927935904878598672e-01 3.533039727007309949e-01 -1.663013549363016041e-01 4.471424817060716261e-01 -1.663013549363016041e-01 4.471424817060716261e-01 8.410054569694960236e-01 -4.713257984005286838e-01
1.927054608338647501e-01 1.002698152207721627e-01 3.280775044886424796e-01 2.983392437862786295e-01 3.280775044886424796e-01 2.983392437862786295e-01 -2.313505427335554865e-01 -1.273511740115565449e-01
-3.571086867076196381e-01 -2.500104615014485665e-01 -1.972776050745994603e-01 3.874377033802663961e-01 -1.972776050745994603e-01 3.874377033802663961e-01 1.785468715677232532e-01 1.849890782395750277e-01
5.535647382233044311e-02 -3.967530950021904701e-01 -2.627563744589086481e-01 -3.735086380783344540e-01 -2.627563744589086481e-01 -3.735086380783344540e-01 -1.143076918749576232e-02 5.511017742019652665e-01
4.296688614113542970e-01 1.723815410010967053e-01 1.813408853700724244e-01 -1.035949379537722814e-01 1.813408853700724244e-01 -1.035949379537722814e-01 -5.778028223119060502e-01 -3.272814757897135052e-01
-3.616152932839097334e-01 5.792299723037264148e-02 4.395458709037932676e-01 1.681454785606429914e-01 4.395458709037932676e-01 1.681454785606429914e-01 4.035069765465983394e-01 -1.853335439590309275e-01
7.342145840203473384e-02 1.077946295983468472e-01 -9.810290415786948603e-02 -2.168605487841352986e-01 -9.810290415786948603e-02 -2.168605487841352986e-01 -8.925033622807027056e-02 -1.015656579819837757e-01
2.294669256169606930e-01 -1.511110858763095033e-01 5.770739517939138530e-02 1.369556487489342889e-01 5.770739517939138530e-02 1.369556487489342889e-01 -1.601169330116061496e-01 1.212905761989271081e-01
4.396510394411747846e-01 -2.770702332082275454e-02 -1.848232347618108395e-01 9.927531521663690572e-02 -1.848232347618108395e-01 9.927531521663690572e-02 -4.152881962355335910e-01 -1.648183340195820690e-01
-2.010886862082377213e-01 8.583949553677372446e-02 4.372382766077559380e-01 4.929388123795924725e-01 4.372382766077559380e-01 4.929388123795924725e-01 2.356113889727731447e-01 -1.189077362637210311e-01
3.725891098016700376e-01 2.180586118943554919e-01 6.601943904373186456e-02 -4.442856047960325183e-01 6.601943904373186456e-02 -4.442856047960325183e-01 -5.350816379822815883e-01 -3.093316984158632765e-01
-4.378270110170923157e-02 -5.823456163386586670e-02 1.378985758070437884e-01 3.472407102320301808e-01 1.378985758070437884e-01 3.472407102320301808e-01 3.868336829010000227e-02 5.970890088679278035e-02
-6.752406720958414876e-02 -4.087248685642471679e-01 -1.185234661967017322e-01 2.814379675789493440e-01 -1.185234661967017322e-01 2.814379675789493440e-01 1.232653621926280141e-02 5.712213870945838101e-01
1.150335417852003106e-01 3.989108541377035522e-01 6.187547597067588612e-02 1.770501814852573075e-01 6.187547597067588612e-02 1.770501814852573075e-01 -2.068097986012392420e-01 -2.530137003244787852e-01
-4.341916122127885691e-01 2.150151600266767549e-01 -3.222783440690073498e-01 -2.690587529844356007e-01 -3.222783440690073498e-01 -2.690587529844356007e-01 6.209071701771355922e-01 -3.573059971013199387e-01
3.412022160161398698e-02 4.286911738283712969e-01 2.528871470398474930e-01 -4.474295165115398376e-01 2.528871470398474930e-01 -4.474295165115398376e-01 -6.337429730097408898e-02 -2.460792408321677005e-01
4.611346914294049970e-01 4.684257872260408906e-01 1.906950529579087839e-02 -4.194103570907818934e-01 1.906950529579087839e-02 -4.194103570907818934e-01 -8.931494531295179895e-01 -4.616482727273972797e-01
8.713035123529722092e-02 2.399901701651688812e-01 9.282245303174230244e-02 -4.976989236567729291e-01 9.282245303174230244e-02 -4.976989236567729291e-01 -1.289512068743170481e-01 -1.899865864956484240e-01
-1.134881083836051241e-01 -1.615253260821080117e-01 2.725057771140940721e-01 3.521530641879289103e-02 2.725057771140940721e-01 3.521530641879289103e-02 7.682570095739825466e-02 1.747362063035504398e-01
1.058224668218243902e-02 3.926889606537067312e-01 -3.711645809840852239e-01 3.441865728418369574e-02 -3.711645809840852239e-01 3.441865728418369574e-02 -1.889330958419715642e-02 -2.385963247792608488e-01
-8.833396745360688751e-02 2.384599375412380651e-01 -2.323991358272067265e-01 -2.680365954176459065e-01 -2.323991358272067265e-01 -2.680365954176459065e-01 1.304621921771206006e-01 -1.893996855351617881e-01
-3.196143344550581578e-01 -3.245698911590352287e-01 -3.099300162008300497e-01 -3.896850165063689975e-01 -3.099300162008300497e-01 -3.896850165063689975e-01 1.121399549611667434e-01 3.277621826168733987e-01
-2.471294963489680807e-01 2.001429714196364396e-01 -1.870769493361527092e-01 -1.464893077090747564e-01 -1.870769493361527092e-01 -1.464893077090747564e-01 3.460519597984094142e-01 -2.211587503766496710e-01
-3.597319239443703687e-01 1.136233165321716143e-01 -8.019512781158866233e-04 -1.733704100397660541e-01 -8.019512781158866233e-04 -1.733704100397660541e-01 4.414797924664869422e-01 -2.301201155771198104e-01
3.691945402139199528e-01 -3.140730856567389706e-01 1.237092144261285886e-01 -2.053197438387077689e-02 1.237092144261285886e-01 -2.053197438387077689e-02 -1.372864033087062563e-01 2.764103802669165000e-01
-2.846822005272537925e-01 3.217632224056624635e-01 3.097236228236710520e-02 -4.093617633921781129e-01 3.097236228236710520e-02 -4.093617633921781129e-01 4.678827249336221517e-01 -2.992756064098262003e-01
-3.294820106132960724e-01 8.121050120041084508e-02 -2.209013697942062704e-01 3.957927499335825994e-01 -2.209013697942062704e-01 3.957927499335825994e-01 3.829968090501457700e-01 -1.831737510129690660e-01
-1.214555460132438203e-01 2.132602412996442709e-01 -4.001662431253096841e-01 2.191832368336688042e-02 -4.001662431253096841e-01 2.191832368336688042e-02 1.732588241131726714e-01 -1.825317604378369762e-01
-4.818032713825471935e-01 -3.372139934631622760e-01 -4.796115406065287745e-01 -2.911264147754561993e-01 -4.796115406065287745e-01 -2.911264147754561993e-01 1.568616609694982733e-01 2.187928785356115235e-01
1.850682276564035167e-01 6.863692752096850480e-02 1.420808722434523386e-01 2.610195814894566979e-02 1.420808722434523386e-01 2.610195814894566979e-02 -2.104732567125768561e-01 -9.817614858933221278e-02
3.992025876091144232e-01 1.116144412780745165e-01 1.383831039747156488e-01 -3.603411188440833746e-01 1.383831039747156488e-01 -3.603411188440833746e-01 -4.883161351546202456e-01 -2.585193637300704506e-01
-4.934047567861752359e-01 3.199387394305608368e-02 -3.117922039565255155e-01 4.760519112415866338e-01 -3.117922039565255155e-01 4.760519112415866338e-01 5.249766159692175194e-01 -2.744185199923966367e-01
4.421806142185457089e-01 -7.337215932892715564e-02 -1.013236988619539147e-01 -3.984566687603630086e-01 -1.013236988619539147e-01 -3.984566687603630086e-01 -3.772931212613336860e-01 -1.167680624971737247e-01
4.487239098864617137e-01 -1.324353971779401729e-02 2.891619595743596394e-01 6.485543219764944300e-02 2.891619595743596394e-01 6.485543219764944300e-02 -4.368385240406513770e-01 -1.879342162417426132e-01
-1.081044381504456808e-01 1.730480809096939243e-01 2.293188603146242288e-01 4.892203101057475134e-01 2.293188603146242288e-01 4.892203101057475134e-01 1.455189692699563331e-01 -1.547890121509895023e-01
-5.339049064966239211e-02 4.371801371443773121e-01 1.294125996010511148e-01 -1.625931465339418569e-01 1.294125996010511148e-01 -1.625931465339418569e-01 1.000730146985123886e-01 -2.489042093226124519e-01
-4.514184458719725512e-01 1.910525804128457850e-01 -9.506218599820392967e-02 9.042472280005742213e-02 -9.506218599820392967e-02 9.042472280005742213e-02 6.239077637315664226e-01 -3.583301052039059020e-01
2.904919029929327046e-01 4.490612661965994734e-01 3.993682949417981520e-01 2.711594189707798863e-01 3.993682949417981520e-01 2.711594189707798863e-01 -5.513892265486648459e-01 -3.317907911029617241e-01
3.227824204975264788e-01 3.711840589458068607e-01 3.234618544822477348e-01 1.099305821158671481e-01 3.234618544822477348e-01 1.099305821158671481e-01 -5.624057984907746555e-01 -3.375949443125646487e-01
-1.697740961061844356e-02 5.838897974064738428e-02 -2.785795288007386628e-01 -4.727033456905045394e-01 -2.785795288007386628e-01 -4.727033456905045394e-01 1.895999686222459013e-02 -5.526793922258037284e-02
-3.117075794746094752e-01 4.639729452863766701e-01 -1.124098451510324725e-02 -2.107929469881458795e-01 -1.124098451510324725e-02 -2.107929469881458795e-01 6.009553469084532029e-01 -3.458636664305815289e-01
1.540188267432540670e-01 -3.728149990047768814e-01 2.567756097164235474e-01 -8.992974877872650374e-02 2.567756097164235474e-01 -8.992974877872650374e-02 -3.917776926524772774e-02 4.880842234963401749e-01
2.772383841991210573e-02 1.409968207893500525e-01 2.943572718515933273e-01 -9.934874661703729792e-02 2.943572718515933273e-01 -9.934874661703729792e-02 -3.554178457448259332e-02 -1.218853285333793557e-01
3.873049636101910664e-03 -9.846397650013949399e-02 1.199241464494205101e-01 -2.841869306870324907e-01 1.199241464494205101e-01 -2.841869306870324907e-01 -3.110337899395885803e-03 1.081441306548758113e-01
3.469465435466029257e-01 -1.410269257401282061e-01 3.449444163022491461e-01 3.971618982734009817e-01 3.449444163022491461e-01 3.971618982734009817e-01 -2.490889346815210736e-01 4.054361544490499292e-02
6.004304574884766765e-03 -4.719386387159799634e-01 3.016085697846160318e-01 2.185859443347115683e-02 3.016085697846160318e-01 2.185859443347115683e-02 -3.369779198702715570e-04 6.946286657556441924e-01
-3.430907197401182884e-01 -4.322936977154624438e-01 1.820466056213694284e-01 -2.560310956508942137e-01 1.820466056213694284e-01 -2.560310956508942137e-01 4.645880796348800246e-02 5.014602968281776096e-01
-3.307158352667982637e-02 -3.469384873372294287e-01 -2.256569140371511573e-01 -3.325682288225962902e-01 -2.256569140371511573e-01 -3.325682288225962902e-01 1.012397320149355934e-02 4.662110716961122003e-01
-4.517682228363701924e-01 -3.550887953931249896e-01 4.295238415117780262e-01 -1.565922231408495291e-01 4.295238415117780262e-01 -1.565922231408495291e-01 1.309325547486510644e-01 2.770823208421333561e-01
-2.548954389556407074e-01 -4.431881887233293238e-01 5.075490806686677736e-02 3.849881799751113665e-01 5.075490806686677736e-02 3.849881799751113665e-01 2.896214314646397558e-02 5.746322745468059878e-01
-2.419597793622607629e-02 -1.800751111174517805e-01 -3.996475209998310296e-01 4.838380328800484520e-02 -3.996475209998310296e-01 4.838380328800484520e-02 1.548179110530343086e-02 2.119167114131240426e-01
3.906171516271783606e-01 -1.737497911468383061e-01 5.271660024529334354e-02 4.622485042124997445e-01 5.271660024529334354e-02 4.622485042124997445e-01 -2.548778545999881295e-01 5.135702192507819730e-02
4.639732585017262156e-01 -3.307461824959031516e-01 -5.189878209649445573e-03 -3.048775209123963936e-01 -5.189878209649445573e-03 -3.048775209123963936e-01 -1.570584904424646155e-01 2.248680351268067812e-01
-7.694069632202082953e-02 2.874203870988168985e-01 -2.035899645386431978e-01 -3.803936351713518293e-01 -2.035899645386431978e-01 -3.803936351713518293e-01 1.211693457630763082e-01 -2.107297789293005874e-01
2.381177729496243289e-01 1.696551971322268759e-02 -3.308644354101060170e-01 -2.890201983180507028e-01 -3.308644354101060170e-01 -2.890201983180507028e-01 -2.461973564917153967e-01 -7.337776464857179159e-02
8.263772240474487329e-02 4.125721709899937695e-01 -3.838006861974041506e-01 -3.845488799967212712e-01 -3.838006861974041506e-01 -3.845488799967212712e-01 -1.508257714811329642e-01 -2.491853678788407966e-01
-4.379167029801794842e-01 1.257317615798254629e-01 -4.518094963999856883e-01 3.094321865406920447e-01 -4.518094963999856883e-01 3.094321865406920447e-01 5.480367799620338154e-01 -3.016943244588901063e-01
-3.397013071744452439e-01 -2.349827862727643657e-01 -3.692155631229582236e-01 1.576782649844413742e-01 -3.692155631229582236e-01 1.576782649844413742e-01 1.800533878537425581e-01 1.748027180212492204e-01
-5.993864659991021693e-02 -3.015742950795970989e-01 4.227036492031295278e-01 9.299231184671197248e-02 4.227036492031295278e-01 9.299231184671197248e-02 2.378673640712419129e-02 3.889287091761240989e-01
1.057345670911025159e-02 6.501646414960560172e-02 4.978636987315154805e-03 2.285682613019199838e-01 4.978636987315154805e-03 2.285682613019199838e-01 -1.194835424724079859e-02 -6.090112152586808075e-02
2.700055021111110731e-01 -3.254550603159004352e-01 2.166457487103174984e-01 4.731143682588895283e-01 2.166457487103174984e-01 4.731143682588895283e-01 -9.425618816071779094e-02 3.584730854308535997e-01
3.499572901897207711e-01 4.731354448504984100e-01 2.278227967177626212e-02 2.989511877612271995e-01 2.278227967177626212e-02 2.989511877612271995e-01 -6.811116865348978422e-01 -3.717484006335518010e-01
-2.191091499633905926e-01 2.730388234060898700e-02 -2.282047956377470932e-01 1.335464855109610438e-01 -2.282047956377470932e-01 1.335464855109610438e-01 2.310742108640931325e-01 -7.456719994741875523e-02
-3.553722453907380840e-01 3.678168423612316884e-01 3.250911189691956249e-01 3.479867132790400719e-01 3.250911189691956249e-01 3.479867132790400719e-01 6.167960397156222463e-01 -3.588170456306994938e-01
1.527764971838334596e-01 1.699763749481463249e-01 4.295435744323327087e-01 -3.623944371678542442e-01 4.295435744323327087e-01 -3.623944371678542442e-01 -2.047132875210008474e-01 -1.644250649993953817e-01
1.973739968258193533e-01 4.376656505924948481e-01 1.604221916439737550e-01 1.279915425945229446e-01 1.604221916439737550e-01 1.279915425945229446e-01 -3.701416342874458421e-01 -2.850709235069416314e-01
-3.218851775229637502e-01 -3.626395872288658007e-01 -2.078453523829963956e-01 -3.517401073351822394e-01 -2.078453523829963956e-01 -3.517401073351822394e-01 8.842856169892820972e-02 3.905369899453980942e-01
-2.752300610319545759e-01 -1.905185365193188263e-01 1.899101444208562972e-01 -3.919142287640812183e-01 1.899101444208562972e-01 -3.919142287640812183e-01 1.703572041640930013e-01 1.510642627811283889e-01
-3.175005205767126304e-01 -1.047100539973128130e-01 8.907892760214120020e-02 4.125746517495708643e-01 8.907892760214120020e-02 4.125746517495708643e-01 2.510095272691876267e-01 1.486766883894946600e-02
-4.911277144148491480e-01 -3.133661872309253527e-01 -1.215628623857678559e-02 7.587821477254841351e-02 -1.215628623857678559e-02 7.587821477254841351e-02 1.833220757956090519e-01 1.703581226642190694e-01
-7.390822952380782240e-02 -2.708844056290029556e-01 1.473258968076975872e-01 -2.681282989185750365e-01 1.473258968076975872e-01 -2.681282989185750365e-01 3.386705587251060551e-02 3.388003404506373384e-01
-2.761697399289850807e-01 -1.120369290088160108e-01 -1.841175192598997201e-01 4.662635079252624992e-01 -1.841175192598997201e-01 4.662635079252624992e-01 2.142873208353713310e-01 4.831947721809923268e-02
1.964262529551480396e-01 3.336176055887345449e-01 4.628525056126399084e-01 -1.471902825597739550e-01 4.628525056126399084e-01 -1.471902825597739550e-01 -3.274887653264751952e-01 -2.609001716799739246e-01
2.315685148024093643e-01 1.612731421741177007e-01 5.573638178894635420e-02 -2.957573438742753247e-01 5.573638178894635420e-02 -2.957573438742753247e-01 -3.062600788239658867e-01 -1.888880928351981958e-01
-1.259398642040009397e-01 -2.827871551999001642e-01 -1.024203729044844691e-01 -1.922455003216185787e-01 -1.024203729044844691e-01 -1.922455003216185787e-01 5.471151235497860588e-02 3.468948809502303554e-01
1.885057592199704812e-01 -2.344219398997442472e-01 -4.302790621621970235e-01 -3.314093056346162358e-01 -4.302790621621970235e-01 -3.314093056346162358e-01 -1.001259877027313172e-01 2.538411645470060596e-01
-1.063650850563950812e-01 -3.654538466338119740e-01 -5.878776632805748914e-02 4.663587564198320434e-01 -5.878776632805748914e-02 4.663587564198320434e-01 2.862202609361073902e-02 4.876968293342075489e-01
2.065155434054563033e-01 -1.449767794272099897e-01 2.791748192928925620e-01 -2.110172395385494504e-01 2.791748192928925620e-01 -2.110172395385494504e-01 -1.466356266362898175e-01 1.233463763322449891e-01
-4.679918435742032035e-01 2.755422747020750407e-01 -3.310807883650705996e-01 -6.484206777678447331e-02 -3.310807883650705996e-01 -6.484206777678447331e-02 7.258949178151103965e-01 -4.186350952060627351e-01
-9.654154868262754263e-02 8.050847237487757102e-02 2.511678674185261473e-01 1.880418437879104454e-01 2.511678674185261473e-01 1.880418437879104454e-01 1.120863738929139819e-01 -8.334712887278128424e-02
3.085569155559897414e-02 1.779100092547517553e-01 1.008093503714480033e-01 7.155252722538052446e-02 1.008093503714480033e-01 7.155252722538052446e-02 -4.183476429603573410e-02 -1.472101115631001544e-01
2.511073389695159808e-01 -1.310881611248269074e-01 2.500697591958956911e-01 -2.808620184271204412e-01 2.500697591958956911e-01 -2.808620184271204412e-01 -1.852729403485910975e-01 8.521737142756409533e-02
-5.357709248209741038e-02 -1.773342316243542438e-02 6.240500946066684929e-02 4.888967448404568650e-01 6.240500946066684929e-02 4.888967448404568650e-01 5.167688197650147086e-02 1.517739262065820674e-02
1.480150269918294459e-01 3.372833733488914687e-01 2.120484500667496608e-01 -1.546913909203162518e-01 2.120484500667496608e-01 -1.546913909203162518e-01 -2.478610422120923751e-01 -2.454317476266757447e-01
-1.739336284647264863e-01 4.111925156645739321e-01 -3.255120254196050000e-01 1.656697216276740159e-01 -3.255120254196050000e-01 1.656697216276740159e-01 3.169740409588829300e-01 -2.723661378369185426e-01
3.689006371460263889e-01 -3.745562007458518305e-01 1.928957751828815903e-01 -2.488619900237651894e-01 1.928957751828815903e-01 -2.488619900237651894e-01 -9.255259494174700174e-02 3.787608681762744678e-01
1.682724861901607749e-01 3.494636479804555940e-01 2.137845441082156794e-01 -3.725757709338870516e-01 2.137845441082156794e-01 -3.725757709338870516e-01 -2.858827199476696168e-01 -2.556544363292656552e-01
-4.712679510367046021e-01 1.147601508804363402e-02 -3.194635419394584730e-01 -3.876632591629853852e-01 -3.194635419394584730e-01 -3.876632591629853852e-01 4.820845072699218581e-01 -2.334377978400764275e-01
2.225857986261094990e-01 -4.590946098015269428e-01 8.238209781744942894e-03 7.004363991868700623e-02 8.238209781744942894e-03 7.004363991868700623e-02 -1.820991789087950119e-02 6.203180328003202737e-01
6.482311068373813878e-02 -8.375286671671255956e-02 -3.485726561790256639e-01 9.654304515130429643e-02 -3.485726561790256639e-01 9.654304515130429643e-02 -5.396486798522248662e-02 8.656537372126381358e-02
-4.295745253322144075e-01 8.767438658436987886e-02 -2.479853701414126421e-01 -2.848720178352437404e-01 -2.479853701414126421e-01 -2.848720178352437404e-01 5.048998913337618966e-01 -2.645218613358216730e-01
3.776199411750950086e-01 -1.478989037649256488e-01 -3.296854180565249592e-01 2.881515520508082240e-02 -3.296854180565249592e-01 2.881515520508082240e-02 -2.659207904959504654e-01 2.717616952671017549e-02
3.818738293516721338e-01 3.982780900771069055e-01 3.567264818420801120e-02 7.869227577986870337e-02 3.567264818420801120e-02 7.869227577986870337e-02 -6.860577881609022377e-01 -3.854802745853488366e-01
4.349572594485204835e-01 -3.896752869158121024e-01 3.416443461724892883e-01 -2.798966842867877114e-01 3.416443461724892883e-01 -2.798966842867877114e-01 -9.597306970508540092e-02 3.523342986017650169e-01
-1.014314378337439759e-01 1.051688614766654872e-02 4.972880579184933980e-01 -1.359924977465500895e-01 4.972880579184933980e-01 -1.359924977465500895e-01 1.035649236007271795e-01 -2.069461783444423789e-02
-2.250075010068111059e-01 2.665856243280130267e-01 4.016749389216969224e-01 -1.087925938978765439e-01 4.016749389216969224e-01 -1.087925938978765439e-01 3.449750312755845982e-01 -2.461461047389866263e-01
3.830734174197188979e-01 -1.054459335478133974e-01 -3.759584349565022743e-01 -3.741123988727980132e-01 -3.759584349565022743e-01 -3.741123988727980132e-01 -3.022863491853720053e-01 -3.018046468403892679e-02
1.658395748502679012e-01 3.381523508854987758e-01 3.946903155985446165e-01 -3.066334072620646722e-01 3.946903155985446165e-01 -3.066334072620646722e-01 -2.779976590612073806e-01 -2.513081030626269086e-01
4.685406628209319857e-01 -2.528671041303491851e-01 -1.611493503751720846e-01 -3.727996994377491546e-02 -1.611493503751720846e-01 -3.727996994377491546e-02 -2.315836216712451046e-01 9.727852376493975606e-02
2.602772519467588808e-02 -2.186338407265864259e-01 -3.398829243528902477e-01 3.724670398236215041e-01 -3.398829243528902477e-01 3.724670398236215041e-01 -1.464664214529963135e-02 2.657571545586352446e-01
-3.721442870749681608e-01 -1.614425146383033915e-01 -1.553687602135281898e-01 4.872883730079696774e-01 -1.553687602135281898e-01 4.872883730079696774e-01 2.519844680476451271e-01 4.901482976850587980e-02
-3.880449339238546402e-01 -4.713303886222587336e-01 3.277701522114927490e-01 -1.436666207157634156e-01 3.277701522114927490e-01 -1.436666207157634156e-01 2.225019490539642542e-02 5.429038531170994331e-01
-4.592402330930298593e-01 -3.306463131462306082e-01 4.580636315538244574e-02 -3.088441149798665242e-01 4.580636315538244574e-02 -3.088441149798665242e-01 1.555480532517780623e-01 2.290717058520854166e-01
-9.764863996263517532e-02 1.243245466156901458e-01 -1.245386185657465505e-01 4.161107684974553189e-01 -1.245386185657465505e-01 4.161107684974553189e-01 1.219288857446219343e-01 -1.184032106110455840e-01
-3.638034505733495072e-01 -2.189115399312481225e-01 -2.046425412357208984e-01 -2.098132809549223543e-01 -2.046425412357208984e-01 -2.098132809549223543e-01 2.045219033787221974e-01 1.344808515972429896e-01
-2.009472513832835094e-01 1.037830610887638949e-01 5.222989478685780007e-02 4.897997951848976905e-01 5.222989478685780007e-02 4.897997951848976905e-01 2.426570931151445232e-01 -1.333919351583063295e-01
3.189355770325862371e-01 2.810835790446324367e-01 -3.770677698422769675e-01 4.888265119781123325e-01 -3.770677698422769675e-01 4.888265119781123325e-01 -4.982306839865550674e-01 -3.037955029332010670e-01
3.394188282438490578e-01 4.345129748855559582e-01 -2.808098900460916925e-01 1.842736873160772948e-01 -2.808098900460916925e-01 1.842736873160772948e-01 -6.343825978286579126e-01 -3.609165905080876646e-01
-4.639767975095830943e-01 -4.042031159870855817e-01 -2.708346635326219776e-01 8.459131178616741131e-02 -2.708346635326219776e-01 8.459131178616741131e-02 8.889506291141802130e-02 3.523088063335062525e-01
1.396887065346470447e-01 -1.857049283307643517e-01 7.070465736190967299e-03 -9.833853667411240895e-02 7.070465736190967299e-03 -9.833853667411240895e-02 -8.780694406337943847e-02 2.006783140037759205e-01
1.898149021728211538e-01 3.941429634783154556e-01 3.374432505613804700e-01 -3.649673917222914232e-01 3.374432505613804700e-01 -3.649673917222914232e-01 -3.394433182823056727e-01 -2.748239849057244055e-01
2.570992856450060593e-02 2.455852108706719772e-01 4.644871133240753291e-01 -1.706717248266141906e-01 4.644871133240753291e-01 -1.706717248266141906e-01 -3.833788502046619334e-02 -1.859341154990712675e-01
-3.141163144802290308e-01 -4.475161803962882656e-01 1.730289577948842528e-01 3.432872235323153332e-01 1.730289577948842528e-01 3.432872235323153332e-01 3.297204796752623013e-02 5.491178530901292820e-01
-3.118274847066857536e-01 -2.199490815434576030e-01 6.005031976122621185e-02 4.521585609788761895e-01 6.005031976122621185e-02 4.521585609788761895e-01 1.746551469842015369e-01 1.710902997967698180e-01
-1.081972421519206140e-01 -1.744494388764639137e-01 1.603880268937896147e-01 1.156068180400871004e-02 1.603880268937896147e-01 1.156068180400871004e-02 7.044734578915373691e-02 1.931754023914956930e-01
-4.938026777583748306e-02 -7.274281643185642743e-02 -3.178869011401104228e-01 -9.075833981957215357e-02 -3.178869011401104228e-01 -9.075833981957215357e-02 4.219614826749015779e-02 7.559592292868178021e-02
3.182632454737466254e-02 1.148518582352867634e-01 -4.758766647580792153e-02 -1.561663760252267608e-01 -4.758766647580792153e-02 -1.561663760252267608e-01 -3.913694957750527004e-02 -1.026738238293831706e-01
4.442394280777883786e-02 -1.441871375583853032e-01 2.964293810440850052e-01 -5.429948377512106017e-02 2.964293810440850052e-01 -5.429948377512106017e-02 -3.161322050275673645e-02 1.630035815010772160e-01
-9.222589615362342119e-02 8.201548913502354488e-02 3.933709403728167242e-01 2.492647589641052708e-01 3.933709403728167242e-01 2.492647589641052708e-01 1.073538001215340459e-01 -8.379456459830531001e-02
-4.988215353825201648e-01 -4.223458103573385358e-02 -4.087278409007029101e-01 4.710573004326901181e-02 -4.087278409007029101e-01 4.710573004326901181e-02 4.566864982655556848e-01 -2.048045832903769847e-01
-9.754544186419478180e-02 -3.924084264039451320e-03 -1.175582521569283889e-01 3.948507836408660099e-01 -1.175582521569283889e-01 3.948507836408660099e-01 9.677988879729865213e-02 -5.575630527130269812e-03
2.946592336980246030e-01 -3.330286285310025685e-01 -2.291155194846429266e-01 -2.458368535149427769e-01 -2.291155194846429266e-01 -2.458368535149427769e-01 -9.839931273312599314e-02 3.571126319487359924e-01
-1.599183365986768246e-01 3.468414971390263446e-01 1.493415694934419058e-01 5.195389398685856808e-02 1.493415694934419058e-01 5.195389398685856808e-02 2.708509671704124600e-01 -2.521163473818728296e-01
2.075198086039494738e-01 -4.685794114525769771e-01 -2.427472135565112987e-01 1.508113047859006572e-01 -2.427472135565112987e-01 1.508113047859006572e-01 -1.304078904316935406e-02 6.450816053268005890e-01
2.751162103601025866e-01 -1.275076002329045277e-02 1.608417631522375268e-01 4.490257347109740671e-01 1.608417631522375268e-01 4.490257347109740671e-01 -2.681003288064650603e-01 -6.277558729844222307e-02
4.657104351778820206e-01 -1.865720521061584591e-01 3.478459581158633851e-01 1.197417937818014977e-01 3.478459581158633851e-01 1.197417937818014977e-01 -2.919333320211029426e-01 4.494973299689314361e-03
-4.100339607626791727e-01 -1.904818422809660960e-01 -3.285299699220445291e-02 -1.443567048908213080e-01 -3.285299699220445291e-02 -1.443567048908213080e-01 2.538259122750061714e-01 5.863732554098660676e-02
1.591231683508258499e-01 -3.229082664323151830e-01 4.183673489285484326e-01 3.329816879432262455e-01 4.183673489285484326e-01 3.329816879432262455e-01 -5.635879546806062124e-02 4.018578322566329630e-01
2.209244666875834762e-01 -2.283409095288863044e-01 -2.268938474358763724e-01 1.076419374679051799e-01 -2.268938474358763724e-01 1.076419374679051799e-01 -1.200322793663295695e-01 2.316728605121721740e-01
2.293673237443448754e-01 2.937632180111738878e-01 -3.730505423852836788e-02 3.737802864041306350e-02 -3.730505423852836788e-02 3.737802864041306350e-02 -3.641266900038438448e-01 -2.600757589565365069e-01
3.829061403612986636e-01 -2.562732142021950654e-02 1.832755582243620340e-01 2.324510605721508139e-01 1.832755582243620340e-01 2.324510605721508139e-01 -3.632804228956693082e-01 -1.203330313029918053e-01
-3.429963336948960162e-02 -1.919766638409258208e-01 -3.684421055135647105e-01 -4.590901509407452341e-01 -3.684421055135647105e-01 -4.590901509407452341e-01 2.113017499900658736e-02 2.276552384511362492e-01
3.326568209653746333e-02 1.243435378927624235e-01 3.368186543592012194e-01 2.737614202337556035e-01 3.368186543592012194e-01 2.737614202337556035e-01 -4.153842730113625065e-02 -1.099888280824214692e-01
-4.648420156980401785e-01 4.938844933417501082e-01 3.921498173211468430e-01 7.366447111148965998e-02 3.921498173211468430e-01 7.366447111148965998e-02 9.239985425120089690e-01 -4.660407001365299284e-01
-2.349292051466711495e-02 -5.009694414225307479e-02 -7.968119591116096245e-02 -4.074900298615458105e-03 -7.968119591116096245e-02 -4.074900298615458105e-03 2.113907346114377722e-02 5.205473064033663139e-02
-4.869589423989215682e-01 5.582396825993374279e-02 2.572053903991887713e-01 2.634688741446815641e-01 2.572053903991887713e-01 2.634688741446815641e-01 5.413269034876582175e-01 -2.898366644099238387e-01
1.983891972397804349e-01 -2.643286393720499783e-01 -1.645064703957898056e-01 -3.785136320636994789e-01 -1.645064703957898056e-01 -3.785136320636994789e-01 -9.350930409477160865e-02 2.948399953828847453e-01
-1.737765061171895331e-01 5.585660802368574984e-02 -4.008864275235464181e-01 4.248122125790857462e-01 -4.008864275235464181e-01 4.248122125790857462e-01 1.931896384890164908e-01 -8.293492144207167960e-02
-1.936041433607664786e-01 -4.281233847933739733e-01 4.751039111054478070e-02 -7.975213340368514370e-02 4.751039111054478070e-02 -7.975213340368514370e-02 2.783122102950055798e-02 5.739304530738531529e-01
-2.282004481815769203e-02 4.016959934901588314e-01 1.008993845735175476e-01 -4.967697405084041673e-01 1.008993845735175476e-01 -4.967697405084041673e-01 4.115348596759729749e-02 -2.408570767496158449e-01
-1.821782344176668955e-01 2.217947090235393715e-01 4.794573702222970635e-01 4.756963413026220611e-01 4.794573702222970635e-01 4.756963413026220611e-01 2.629905714038440756e-01 -2.057907251682412619e-01
-2.298542584085346840e-01 2.128512129970275835e-01 2.818718265787293342e-01 -2.635708227441562190e-01 2.818718265787293342e-01 -2.635708227441562190e-01 3.277037738381123333e-01 -2.203785542312590162e-01
