-3.010524603211877093e-01 4.333483160830191583e-01 4.925319133165988461e-01 -3.260417928223211526e-01 4.925319133165988461e-01 -3.260417928223211526e-01 5.619736137868609482e-01 -3.361901368964712034e-01
3.261228438427398180e-01 -9.820211700090331064e-02 4.362618569590350770e-01 2.032109849320618000e-01 4.362618569590350770e-01 2.032109849320618000e-01 -2.620709365073157215e-01 1.489663508286359628e-03
-3.469331857473408887e-01 -4.095533815887946183e-01 1.664775490939761626e-01 -1.945820900659291919e-01 1.664775490939761626e-01 -1.945820900659291919e-01 6.275786693094714819e-02 4.569247185868124950e-01
3.780966427248583228e-01 -2.736398619811599708e-01 -1.506270935791609311e-02 4.383426142167220485e-01 -1.506270935791609311e-02 4.383426142167220485e-01 -1.711720164633179497e-01 2.055615648064190726e-01
1.910839497831097189e-01 -3.348874219913475780e-01 -2.625929188789107860e-01 2.006624453094808525e-01 -2.625929188789107860e-01 2.006624453094808525e-01 -6.310072712953024299e-02 4.105239315346445039e-01
1.312270773224510911e-02 3.135826471117176828e-01 -4.153785454314347092e-01 4.689881107806261884e-01 -4.153785454314347092e-01 4.689881107806261884e-01 -2.135281458814676514e-02 -2.154207760003515326e-01
-2.088455702196507779e-01 2.897852253505495135e-02 -6.194868740071091118e-02 3.305064675822285691e-01 -6.194868740071091118e-02 3.305064675822285691e-01 2.209496423455638847e-01 -7.175523996711134778e-02
3.539337505004863660e-01 1.332761291499520162e-01 2.360477761463672941e-01 -4.054057598419998909e-01 2.360477761463672941e-01 -4.054057598419998909e-01 -4.482755909849457931e-01 -2.407827022920978610e-01
2.448640769500677328e-01 3.850801550976390430e-01 3.661323378550537244e-01 -3.037297639035329011e-01 3.661323378550537244e-01 -3.037297639035329011e-01 -4.334486704096123244e-01 -2.967518454282260243e-01
-4.399497944491803647e-01 2.703179123849690502e-01 2.794033125540970053e-01 3.314398086169092483e-01 2.794033125540970053e-01 3.314398086169092483e-01 6.778024144285776931e-01 -3.908019602646772839e-01
-2.045129985874716283e-02 6.627112827727454913e-02 -4.312203235495899456e-01 4.649642352641744081e-01 -4.312203235495899456e-01 4.649642352641744081e-01 2.316196129149924315e-02 -6.229752150004395916e-02
-6.388174466116569583e-02 3.047728967088161323e-01 3.852568677946026643e-01 2.316101282371348935e-01 3.852568677946026643e-01 2.316101282371348935e-01 1.028205933955585322e-01 -2.159672554414877876e-01
-2.468208536900601269e-01 3.964175130705005490e-01 2.081303386638380104e-01 3.242536596595305687e-01 2.081303386638380104e-01 3.242536596595305687e-01 4.425090716775631483e-01 -3.001912022177901651e-01
-3.854728877737364501e-01 -3.880166345047090237e-01 -1.419821116060564492e-01 -1.646287399918635597e-01 -1.419821116060564492e-01 -1.646287399918635597e-01 8.633310256018322804e-02 3.899841959484463549e-01
1.261436691264233856e-01 -5.122638488640796073e-02 3.482045983316658377e-01 2.146019424816038024e-01 3.482045983316658377e-01 2.146019424816038024e-01 -1.132199008351156555e-01 3.793830213426178932e-02
4.177741225129434355e-01 -4.752612165843804748e-01 -3.695954391637114034e-01 -1.957325741264879237e-01 -3.695954391637114034e-01 -1.957325741264879237e-01 -2.067044706699638912e-02 5.265992231321859895e-01
4.758615591924353350e-02 2.017468562749868966e-02 -2.803859814683350438e-01 1.841041985442427587e-01 -2.803859814683350438e-01 1.841041985442427587e-01 -4.950622739102727987e-02 -2.203210992250084418e-02
3.586490154684265352e-01 1.570410383868319215e-01 3.711031906585174900e-01 -4.937233373094372935e-01 3.711031906585174900e-01 -4.937233373094372935e-01 -4.712942430795798443e-01 -2.610082669456891824e-01
3.035683477432196131e-01 2.041864241408337666e-01 -2.083371095817888596e-01 2.516318919626816530e-01 -2.083371095817888596e-01 2.516318919626816530e-01 -4.275374185592779597e-01 -2.546480700889616200e-01
-2.259324106365284690e-01 -2.513257067926821797e-02 -3.166065373586204323e-01 4.161501925121091627e-01 -3.166065373586204323e-01 4.161501925121091627e-01 2.145758860784084676e-01 -2.528123738781629104e-02
3.192869956700686851e-01 -3.015825704672042695e-01 3.731108344033445823e-01 1.901459700511332063e-02 3.731108344033445823e-01 1.901459700511332063e-02 -1.267042099282078282e-01 2.905904316727920267e-01
2.848667182769468731e-01 -2.469472652045751060e-01 -4.555057055255372633e-01 -3.815694635333490847e-01 -4.555057055255372633e-01 -3.815694635333490847e-01 -1.441726042243585137e-01 2.267811698147164379e-01
2.839642869589877883e-01 3.250611243975731757e-02 3.206113642862754576e-01 -3.188939497352860641e-02 3.206113642862754576e-01 -3.188939497352860641e-02 -3.024254370405164982e-01 -1.120851813619375414e-01
1.033178454884497999e-02 -1.569446642835319317e-01 9.964485475803697145e-02 4.889070378343886025e-01 9.964485475803697145e-02 4.889070378343886025e-01 -7.088747633908464192e-03 1.814695461586387226e-01
3.807920606135405395e-01 8.926528947792677915e-02 4.140353443052483540e-01 7.701066055163563462e-02 4.140353443052483540e-01 7.701066055163563462e-02 -4.487750876566684033e-01 -2.262995909986550425e-01
-4.191575962091943497e-01 -3.431613110896247765e-01 1.140546880271846586e-01 -1.115655672147566335e-01 1.140546880271846586e-01 -1.115655672147566335e-01 1.314802556725490068e-01 2.852279060585050097e-01
2.810606172902820887e-01 4.846218462188032206e-01 4.623748927675584985e-01 -4.444301866833110237e-01 4.623748927675584985e-01 -4.444301866833110237e-01 -5.534768477915080753e-01 -3.287585829778763014e-01
1.055775643937567621e-01 -3.602197190128041404e-01 3.575420733763672310e-01 6.983765159285026947e-02 3.575420733763672310e-01 6.983765159285026947e-02 -2.951532323380616496e-02 4.788313428751498346e-01
-2.040382931203212902e-01 2.882118923792202914e-01 2.947122116581751827e-01 -3.128763617990216739e-01 2.947122116581751827e-01 -3.128763617990216739e-01 3.216508182763889723e-01 -2.467774225298631774e-01
6.927139970128848301e-02 -3.629045917596055437e-01 -2.628013714833488113e-02 1.235327728636528288e-01 -2.628013714833488113e-02 1.235327728636528288e-01 -1.899358164286336914e-02 4.898058076632358371e-01
4.788191457576426169e-01 -3.135900741748756104e-01 -4.815743030284698190e-01 -3.012229652931225354e-01 -4.815743030284698190e-01 -3.012229652931225354e-01 -1.785132828886631939e-01 1.826610344518009854e-01
-4.660974868674382376e-01 4.509566175992185677e-03 3.169347786156945235e-01 -2.372263195001508285e-01 3.169347786156945235e-01 -2.372263195001508285e-01 4.703012817904229648e-01 -2.217360972530383056e-01
1.346662740828841187e-02 -2.042362977598407570e-01 -4.420590328206365216e-01 4.317185760349203649e-01 -4.420590328206365216e-01 4.317185760349203649e-01 -7.965879157928363458e-03 2.457674130287334224e-01
-4.173797087045072463e-01 4.875759548452343051e-01 -1.464692685060509092e-02 7.021061492873426069e-02 -1.464692685060509092e-02 7.021061492873426069e-02 8.243883287137589999e-01 -4.240514643402516493e-01
1.120864628546536235e-02 -1.693948194172290034e-02 4.776511316187905809e-01 4.233657341556503750e-01 4.776511316187905809e-01 4.233657341556503750e-01 -1.082890896277776197e-02 1.710079423862417847e-02
-3.793203585780218212e-01 -3.420309810782011795e-01 4.730523995670246062e-01 -4.374031886001006342e-02 4.730523995670246062e-01 -4.374031886001006342e-02 1.198417298032700695e-01 3.151322386637589457e-01
1.678927782044192796e-02 -4.441808504633836252e-01 -9.886715588805317090e-02 -7.465197665590994625e-02 -9.886715588805317090e-02 -7.465197665590994625e-02 -1.874326418542088951e-03 6.411955985320263451e-01
1.141962337146903428e-01 2.379784022664586107e-01 -4.627260752939523769e-01 1.539807660395074995e-01 -4.627260752939523769e-01 1.539807660395074995e-01 -1.685487082032285366e-01 -1.943854621157823925e-01
1.379207007555680597e-01 -1.421736406446365564e-01 1.487929773201981387e-01 6.217567123140121943e-02 1.487929773201981387e-01 6.217567123140121943e-02 -9.870332446221088962e-02 1.433648650418798409e-01
4.778992634020049479e-01 3.143535288722657528e-01 -2.848669388831371885e-01 4.093077469603992879e-01 -2.848669388831371885e-01 4.093077469603992879e-01 -7.783579031937584158e-01 -4.439230937179982073e-01
8.602198005317585050e-02 -2.347848294389689450e-01 8.102706762131339779e-02 3.942042659080269296e-02 8.102706762131339779e-02 3.942042659080269296e-02 -4.562866822360128749e-02 2.825089645213856859e-01
-1.573568744354734150e-01 1.678914318545452478e-01 6.088587770711750835e-02 3.374754053226769468e-01 6.088587770711750835e-02 3.374754053226769468e-01 2.101946163577284588e-01 -1.644650848964771817e-01
-1.954266446533798884e-01 7.463291169247898704e-02 -1.913125794978883798e-01 3.696358174378071570e-01 -1.913125794978883798e-01 3.696358174378071570e-01 2.245971636789262371e-01 -1.072544136252600311e-01
2.363827038385634127e-01 -2.607250797670918052e-01 -3.048536927804286201e-01 -2.432422049678401033e-01 -3.048536927804286201e-01 -2.432422049678401033e-01 -1.131209052108228391e-01 2.728258643126182381e-01
-3.567474890948180155e-01 2.499944596234430216e-01 3.606865145791533500e-01 -2.260278636895757254e-01 3.606865145791533500e-01 -2.260278636895757254e-01 5.351172806113763114e-01 -3.147660007564830331e-01
5.912530396048210068e-02 -2.024601751954068218e-01 3.097751876145690142e-01 -2.376341065817381137e-01 3.097751876145690142e-01 -2.376341065817381137e-01 -3.518426516384032254e-02 2.399544961671422338e-01
-4.951369117545678655e-03 -3.033582366602456393e-01 -1.373281041042480055e-01 1.710861414183164619e-01 -1.373281041042480055e-01 1.710861414183164619e-01 1.947291908440371404e-03 3.953599403537210732e-01
-3.931204156064308508e-01 4.469314207950003670e-01 -4.877893173337508603e-01 4.490436766686265457e-01 -4.877893173337508603e-01 4.490436766686265457e-01 7.445161473874372104e-01 -4.017273870677355863e-01
-4.693151596270537240e-01 3.115981436332995180e-01 2.052836806351199250e-02 2.466899673534306281e-02 2.052836806351199250e-02 2.466899673534306281e-02 7.617906246645649304e-01 -4.347614595733480525e-01
1.741336150663452820e-01 -4.448940792183115889e-01 -2.420308919465871123e-01 -5.146293884553532205e-02 -2.420308919465871123e-01 -5.146293884553532205e-02 -1.919158639455009752e-02 6.125023050457467644e-01
1.219226338577661384e-02 3.595353388911559644e-02 4.436051798229766474e-01 4.061928319377683394e-04 4.436051798229766474e-01 4.061928319377683394e-04 -1.306897329542769902e-02 -3.480952857646796295e-02
4.028317603316273754e-01 -2.491544191654809781e-01 4.362711901808135062e-01 2.496364378389963612e-01 4.362711901808135062e-01 2.496364378389963612e-01 -2.020971337979576565e-01 1.489589166232914985e-01
-3.258000568585536216e-01 2.154183825624772508e-01 -1.601959418814939973e-01 4.483645453381828183e-01 -1.601959418814939973e-01 4.483645453381828183e-01 4.661666994330191383e-01 -2.751589800656802365e-01
1.262871483113925386e-01 4.855858566528505893e-01 -2.086460646563905730e-01 -6.176498499462479419e-02 -2.086460646563905730e-01 -6.176498499462479419e-02 -2.489336545054588179e-01 -2.657406763001914918e-01
2.149879558453261508e-01 -3.881558673642371282e-03 -9.557894334455474539e-02 3.270241860847955540e-02 -9.557894334455474539e-02 3.270241860847955540e-02 -2.133189791158460191e-01 -4.232319598717260850e-02
-1.223580814259197513e-01 -3.854255619143915901e-01 4.324047109272348699e-01 -2.824428674216793445e-01 4.324047109272348699e-01 -2.824428674216793445e-01 2.803821684921574409e-02 5.190069256011841103e-01
-5.926294258619890787e-02 1.819923645474909035e-01 -1.491203195996090303e-01 4.234219334387135936e-01 -1.491203195996090303e-01 4.234219334387135936e-01 8.083374868880797981e-02 -1.523832401578791851e-01
-4.180854576981514192e-01 -2.264009570064917654e-02 1.049292778513715163e-01 -3.295508439976850834e-01 1.049292778513715163e-01 -3.295508439976850834e-01 3.991544681514797022e-01 -1.516427803046890288e-01
-1.817271945210487960e-01 -2.771364002639398194e-01 3.482812387532350229e-01 -1.532871458321728442e-01 3.482812387532350229e-01 -1.532871458321728442e-01 8.100075348179233692e-02 3.209162113867033428e-01
-2.252048684072313067e-01 -4.750605545596490176e-01 -8.941339929546676668e-02 -3.087318669419856221e-01 -8.941339929546676668e-02 -3.087318669419856221e-01 1.123296905708712212e-02 6.500258523038519032e-01
1.147017129801696234e-01 7.555620442719390706e-02 1.566950512254239314e-01 -1.973155026662392064e-01 1.566950512254239314e-01 -1.973155026662392064e-01 -1.320345651283276467e-01 -8.300394736033520071e-02
4.102306366597630038e-01 -9.057537888151112604e-03 3.849029635338051536e-01 1.366624500674967768e-01 3.849029635338051536e-01 1.366624500674967768e-01 -4.027992775909106649e-01 -1.591495983735281006e-01
3.379145089661961254e-01 4.901201285264502605e-01 4.739454122993147500e-02 5.517329672989790268e-02 4.739454122993147500e-02 5.517329672989790268e-02 -6.691519140971249335e-01 -3.640886035095315942e-01
1.788353968929813353e-01 -1.128577221360957950e-01 -9.377939631997711523e-02 -3.176139691718685709e-01 -9.377939631997711523e-02 -3.176139691718685709e-01 -1.384694858316883326e-01 9.361248839997385329e-02
4.633575057214909254e-01 -1.495051385217704976e-01 -3.005965850410685647e-01 4.999898060044072334e-01 -3.005965850410685647e-01 4.999898060044072334e-01 -3.248088495655038210e-01 -4.284325314225720382e-02
4.149274257682685763e-01 -3.235423125251882803e-01 -5.202445071480377159e-02 8.977756523559388135e-02 -5.202445071480377159e-02 8.977756523559388135e-02 -1.464342680418905251e-01 2.560571718646528772e-01
-3.159651779068487487e-01 2.170386259969243614e-01 -1.671449519990089172e-01 -3.998088146345177840e-01 -1.671449519990089172e-01 -3.998088146345177840e-01 4.531184740584011661e-01 -2.697668544719981076e-01
9.783664796297364408e-02 -3.044061837492433309e-01 1.963834542660223281e-01 -1.899196241239921035e-01 1.963834542660223281e-01 -1.899196241239921035e-01 -3.827248668851966629e-02 3.874972987693905968e-01
3.043829147090844067e-01 3.089628600489586763e-01 -2.650388219529166145e-01 -2.189410209369047067e-01 -2.650388219529166145e-01 -2.189410209369047067e-01 -4.924689464661983207e-01 -3.061537699261239753e-01
2.426745772994340911e-01 4.413954336215508700e-02 1.519967456236424042e-01 -4.682997935474847440e-01 1.519967456236424042e-01 -4.682997935474847440e-01 -2.640976673546361342e-01 -1.010821945413945266e-01
1.313824255439088873e-02 4.669893878549964406e-01 2.959634630696436064e-01 -4.627185792813043319e-01 2.959634630696436064e-01 -4.627185792813043319e-01 -2.540908225032181833e-02 -2.490829129032301470e-01
6.550701988816753918e-02 4.246826037822881705e-01 2.435382696674791569e-01 4.216207547768913155e-01 2.435382696674791569e-01 4.216207547768913155e-01 -1.211464034324177819e-01 -2.486184594816129856e-01
2.714688088496652885e-02 -1.516700801481740690e-01 2.587734480095167378e-01 -2.431733859749047877e-01 2.587734480095167378e-01 -2.431733859749047877e-01 -1.891214168577491292e-02 1.739369402185450553e-01
1.364911430675446180e-01 9.427556710353401925e-02 -8.525864444828690214e-02 2.714293498978753716e-01 -8.525864444828690214e-02 2.714293498978753716e-01 -1.622267029021493556e-01 -1.040175166867260137e-01
-2.712176667980347178e-01 1.646796550735620812e-01 -4.148554565557871499e-02 3.060396190739497202e-01 -4.148554565557871499e-02 3.060396190739497202e-01 3.605457304343480107e-01 -2.111192890617844820e-01
3.485091818947145814e-01 3.057173684799351365e-01 -2.321483054472402996e-01 -3.071008036511176931e-01 -2.321483054472402996e-01 -3.071008036511176931e-01 -5.615998018546090043e-01 -3.337129089545619598e-01
-4.624423240583223071e-01 -3.885648271686397148e-01 2.232943243389231558e-01 -4.560618686496175078e-01 2.232943243389231558e-01 -4.560618686496175078e-01 1.030646806119501213e-01 3.256945490007722155e-01
2.738302962105958471e-01 2.229163139452543518e-01 1.658256977533068000e-02 1.934043722425823342e-01 1.658256977533068000e-02 1.934043722425823342e-01 -3.959127767662021791e-01 -2.482076620450978099e-01
3.784661784266630802e-01 4.426874804292174614e-01 -3.334269849650760564e-01 2.491782709821654951e-01 -3.334269849650760564e-01 2.491782709821654951e-01 -7.135506563374113265e-01 -3.899519233133313945e-01
-2.072020237104909013e-01 -3.451863885018331413e-01 -2.541360624816578762e-01 -3.763706619362092720e-01 -2.541360624816578762e-01 -3.763706619362092720e-01 6.415538720069979828e-02 4.214073526790487745e-01
2.563823578955984894e-01 -1.181107735496346178e-01 -2.123141348423245311e-01 -2.150472161595112786e-01 -2.123141348423245311e-01 -2.150472161595112786e-01 -1.958193206645416629e-01 6.632901493802093040e-02
-3.166614494404991209e-01 1.261243048191758032e-01 2.706168427008872612e-01 -3.948515520643737231e-01 2.706168427008872612e-01 -3.948515520643737231e-01 3.965388597879301869e-01 -2.104914381148132174e-01
-1.784344172880927282e-01 3.524458513130412918e-01 1.874838609580887772e-01 3.896433808483840133e-01 1.874838609580887772e-01 3.896433808483840133e-01 3.042113574973893120e-01 -2.600666144782081135e-01
9.825567127910916909e-02 2.961801494650353472e-01 -1.137210892119177030e-01 2.220265418019423675e-01 -1.137210892119177030e-01 2.220265418019423675e-01 -1.564584300895770497e-01 -2.181116454664130400e-01
3.402473160883905390e-01 -4.895506802709123084e-01 -2.253733342239906401e-01 2.272380511145402071e-01 -2.253733342239906401e-01 2.272380511145402071e-01 -7.110705985543086527e-03 6.134423127192721870e-01
-3.860396912453077922e-01 4.334737092152958216e-01 3.287057473069219249e-01 1.790951821322874782e-01 3.287057473069219249e-01 1.790951821322874782e-01 7.207158049821700274e-01 -3.946008958512015052e-01
-2.486258657929406590e-01 2.310276403556994484e-01 4.461730649557765771e-01 2.276087652040740261e-01 4.461730649557765771e-01 2.276087652040740261e-01 3.635047600040124394e-01 -2.394686908886663745e-01
-2.812306508204632793e-01 -1.920525517061899556e-01 3.930998681720213606e-01 -3.330754189310591862e-01 3.930998681720213606e-01 -3.330754189310591862e-01 1.732085226043383330e-01 1.498460553621473734e-01
-4.960517336720855486e-01 3.111376397521620207e-01 2.053682579186311141e-01 1.896760468575566794e-01 2.053682579186311141e-01 1.896760468575566794e-01 8.047324648914870870e-01 -4.603983313606975769e-01
2.891887879251763271e-01 4.700751226923759463e-01 -6.962482280717385841e-03 1.640951053597340392e-01 -6.962482280717385841e-03 1.640951053597340392e-01 -5.610696978555498315e-01 -3.327346567797562771e-01
4.526439367706238670e-01 -1.558789662696968836e-01 1.908727281613395999e-01 2.872864315329789475e-01 1.908727281613395999e-01 2.872864315329789475e-01 -3.115285988665220662e-01 -2.470931510020235589e-02
-1.462154452290106432e-01 -3.271562116135023901e-01 8.136221744261540323e-03 -4.827325395227264337e-01 8.136221744261540323e-03 -4.827325395227264337e-01 5.054486294800129842e-02 4.128084419872833366e-01
3.006940028849979241e-01 -2.594585924263402843e-01 1.875651199107386535e-02 3.531893781708075331e-01 1.875651199107386535e-02 3.531893781708075331e-01 -1.446587174058309999e-01 2.363604702391949308e-01
-2.952383859698037849e-01 3.426055292261412921e-01 1.132598583687154381e-01 -1.886068063601845646e-01 1.132598583687154381e-01 -1.886068063601845646e-01 4.975389929159165781e-01 -3.123926851198717825e-01
8.934771168060740010e-02 -1.885581845387444000e-01 -1.375093164024361325e-01 4.199661944212296216e-01 -1.375093164024361325e-01 4.199661944212296216e-01 -5.565322706623439947e-02 2.161293599127306342e-01
5.059117556461156795e-03 4.008256383327531980e-01 2.943761574061882769e-01 2.604593963908357068e-01 2.943761574061882769e-01 2.604593963908357068e-01 -9.114765604399121396e-03 -2.401900406583442338e-01
-4.330246467982779013e-02 -5.685368276672486676e-02 -2.331042561345172404e-01 -1.444758116771669432e-01 -2.331042561345172404e-01 -1.444758116771669432e-01 3.837865549997931253e-02 5.821092056351652444e-02
4.639005228382828694e-01 5.907635036228220393e-02 -4.882784202890466663e-02 -3.489953645057320974e-01 -4.882784202890466663e-02 -3.489953645057320974e-01 -5.187116224791634700e-01 -2.707900302797873193e-01
-3.532311857212732109e-01 4.948297662211690318e-01 -1.036302376374353962e-02 -3.757536308566158390e-01 -1.036302376374353962e-02 -3.757536308566158390e-01 7.028097958262411460e-01 -3.747455392487288317e-01
2.683322153707579094e-02 -6.911889861420128511e-02 -1.597467241491441481e-01 -3.159786070160951477e-01 -1.597467241491441481e-01 -3.159786070160951477e-01 -2.312385609924870467e-02 7.317629898178373837e-02
3.655526182272831326e-01 2.022145104886963196e-03 4.967793452074263927e-01 2.635586190387574357e-01 4.967793452074263927e-01 2.635586190387574357e-01 -3.670310191023369861e-01 -1.356467727268835521e-01
3.078665332650922792e-01 1.805099195535820877e-01 -2.180870459939262540e-01 2.989143764425261640e-02 -2.180870459939262540e-01 2.989143764425261640e-02 -4.190124595709363020e-01 -2.427078908010075753e-01
2.885538744752402796e-01 -4.305663502798782183e-01 -4.614474771940865194e-01 -2.995135170217173570e-01 -4.614474771940865194e-01 -2.995135170217173570e-01 -4.007069729139564607e-02 5.326903937985403292e-01
3.109342250751058190e-01 3.160447201070553103e-01 1.611417510563221134e-01 4.242272640150531737e-01 1.611417510563221134e-01 4.242272640150531737e-01 -5.074724653462376889e-01 -3.128405473225649436e-01
5.757818866264419189e-02 -3.323036925652772533e-01 4.819522897797295924e-01 3.613834050276759635e-01 4.819522897797295924e-01 3.613834050276759635e-01 -1.931129925501049588e-02 4.394141888481244984e-01
-4.420501939899452726e-01 -2.492229844343432088e-01 1.079466245269822267e-01 -3.158605885405885161e-01 1.079466245269822267e-01 -3.158605885405885161e-01 2.217120567580362078e-01 1.159267063981558321e-01
4.240851622800423382e-02 -4.707654281204024516e-01 3.119001836741319700e-01 4.505754201392806468e-01 3.119001836741319700e-01 4.505754201392806468e-01 -2.479589631949337403e-03 6.905870341851273464e-01
-3.021470655950553308e-02 4.044792542687088988e-01 -4.576235252927137731e-01 -2.674130590031138510e-01 -4.576235252927137731e-01 -2.674130590031138510e-01 5.465715051377886824e-02 -2.417887156274150795e-01
1.157368760335693025e-01 4.970471450204329011e-01 2.310437961893504477e-01 -8.060434434626950750e-02 2.310437961893504477e-01 -8.060434434626950750e-02 -2.307902436457080764e-01 -2.633863051214794249e-01
-1.547632101381425374e-01 -4.966677227080908974e-01 3.491681513249605961e-01 5.905297606228054885e-02 3.491681513249605961e-01 5.905297606228054885e-02 1.031427861532568935e-03 7.193948982758691102e-01
2.158308727513141845e-01 4.980776646486922976e-01 5.504922069758388936e-02 -4.427009679873942227e-01 5.504922069758388936e-02 -4.427009679873942227e-01 -4.308319468694414844e-01 -2.965792702593911256e-01
3.126209616521135048e-01 1.104284489824332027e-01 -3.643591934916772246e-01 6.550609813070173981e-02 -3.643591934916772246e-01 6.550609813070173981e-02 -3.816654574813927447e-01 -1.959658723020595850e-01
3.531554131904021121e-01 1.208359585628048238e-01 1.823571469673899159e-01 -4.505768273206562924e-01 1.823571469673899159e-01 -4.505768273206562924e-01 -4.385031589394133844e-01 -2.309533755466965932e-01
3.953854335225193140e-02 -2.507843911546632221e-01 -2.143621406798731366e-01 3.123342963358758384e-01 -2.143621406798731366e-01 3.123342963358758384e-01 -1.970724430877841479e-02 3.121139055910604476e-01
2.446032407755606153e-01 4.773905492356049773e-01 -4.958715432023406144e-01 -5.095699004427833856e-02 -4.958715432023406144e-01 -5.095699004427833856e-02 -4.781457916928681939e-01 -3.093195581340392741e-01
-4.851399753667718917e-01 -4.753042620862883982e-01 1.873893700525356421e-01 7.225121481130480916e-02 1.873893700525356421e-01 7.225121481130480916e-02 2.396177936624460658e-02 4.658576079448074614e-01
1.233415327354925317e-02 -4.702939460166016827e-01 -2.455506970702281411e-02 -3.753429996882086117e-01 -2.455506970702281411e-02 -3.753429996882086117e-01 -7.327980459671257218e-04 6.913182103394925893e-01
-4.065396254413496946e-01 -4.264961193932396144e-01 2.598078427099402843e-01 2.523803709821046404e-01 2.598078427099402843e-01 2.523803709821046404e-01 5.976448018071611745e-02 4.431205921967392158e-01
4.104021236063346567e-01 4.470303629320977468e-01 4.690195488861419459e-01 2.846288955696303358e-01 4.690195488861419459e-01 2.846288955696303358e-01 -7.773265441340215798e-01 -4.156241206094839491e-01
1.734669252847205190e-01 4.909367486495765931e-01 -3.609944670065619032e-01 -6.462127513297999393e-03 -3.609944670065619032e-01 -6.462127513297999393e-03 -3.437895018797599844e-01 -2.800086316426938504e-01
-4.116601858259897329e-01 3.414979711751959801e-01 2.091867671879616974e-01 1.954596350300890073e-01 2.091867671879616974e-01 1.954596350300890073e-01 6.928224223723490338e-01 -3.943412154527093927e-01
2.145757833976905671e-01 1.900263853157123650e-01 -9.686291885277586999e-02 4.202396671021099150e-01 -9.686291885277586999e-02 4.202396671021099150e-01 -2.961259043883913145e-01 -1.999591250202893966e-01
2.217553174317995479e-01 1.396291484955626272e-01 1.575486409921483810e-01 -2.129188648394458871e-01 1.575486409921483810e-01 -2.129188648394458871e-01 -2.836823297265302912e-01 -1.693082701952449420e-01
4.309158358477515050e-01 -3.101079525224392786e-02 4.834791816066387193e-01 4.807243048269062013e-01 4.834791816066387193e-01 4.807243048269062013e-01 -4.041897503349031751e-01 -1.537159929099458089e-01
2.713206432667459866e-01 -4.830901886452922955e-01 1.079573100952709863e-01 -4.041308786886255167e-02 1.079573100952709863e-01 -4.041308786886255167e-02 -9.175961788557229770e-03 6.428514275479555451e-01
-2.741872733365652293e-01 -2.203204538185632444e-02 4.712860082615137891e-01 -9.754465621123364905e-03 4.712860082615137891e-01 -9.754465621123364905e-03 2.621054604380079200e-01 -5.266120445417582507e-02
2.186028103822502677e-01 3.138582852339900642e-01 4.334488090248161951e-01 -4.801763286128267749e-01 4.334488090248161951e-01 -4.801763286128267749e-01 -3.558234168100585793e-01 -2.631384507309874610e-01
-2.331502928333806235e-02 3.400464200610346932e-01 -2.257915751282860706e-01 1.956566648364119754e-01 -2.257915751282860706e-01 1.956566648364119754e-01 3.917141376617266219e-02 -2.249584428551919535e-01
5.374844125550370944e-02 4.578372219957906886e-01 3.706117127113122134e-01 -3.514529951359089965e-01 3.706117127113122134e-01 -3.514529951359089965e-01 -1.029645153175512418e-01 -2.511111950883641031e-01
-4.617065958141634008e-01 4.755259672661387160e-01 4.577244694951817516e-01 4.946992841538493391e-01 4.577244694951817516e-01 4.946992841538493391e-01 9.008135469495357484e-01 -4.625740023400451428e-01
1.745998146996052824e-03 4.454265373802790418e-01 1.724333762033611883e-01 3.622107475596431092e-01 1.724333762033611883e-01 3.622107475596431092e-01 -3.301425964773723343e-03 -2.470247856872232195e-01
-1.442276571763366766e-01 4.195410426141130689e-01 -1.920625521705453531e-01 4.327517933727981214e-01 -1.920625521705453531e-01 4.327517933727981214e-01 2.652465005074389759e-01 -2.643279732709509222e-01
3.066911496104902657e-01 5.308641716702056090e-02 -2.565974002181076186e-01 2.799360113989156629e-01 -2.565974002181076186e-01 2.799360113989156629e-01 -3.392534182298014844e-01 -1.443277107287937455e-01
-4.600407913100227342e-01 -1.276314205876853958e-01 4.870237591362021057e-01 8.785964668226364793e-02 4.870237591362021057e-01 8.785964668226364793e-02 3.426094718636605307e-01 -6.771632956023584948e-02
-2.433924331510034511e-01 -3.425607405203991984e-01 -4.996995177669134591e-01 -1.698519208305675487e-01 -4.996995177669134591e-01 -1.698519208305675487e-01 7.663904887646444397e-02 4.006687249511177717e-01
1.010518911325100078e-01 3.030740722448461710e-01 1.627993636988255277e-01 -3.665797178484667684e-01 1.627993636988255277e-01 -3.665797178484667684e-01 -1.623043074396553487e-01 -2.214316636792285908e-01
-1.038822076594030364e-01 -2.232805495244738481e-01 -1.053786671080210180e-01 2.243812368164710414e-02 -1.053786671080210180e-01 2.243812368164710414e-02 5.749245483538900636e-02 2.623432402522335449e-01
-4.531036806107502368e-01 3.843256633664334787e-01 -2.012708186089634532e-01 4.674106150793918557e-01 -2.012708186089634532e-01 4.674106150793918557e-01 8.013824258597486150e-01 -4.419223932273930733e-01
-6.039476222540951511e-02 -1.848727138460898312e-01 3.133094795587648695e-01 -3.718002960101907117e-01 3.133094795587648695e-01 -3.718002960101907117e-01 3.806407503600797715e-02 2.154031068666442950e-01
1.127291819290540120e-01 3.821012380772482731e-01 -2.856737277984382484e-01 4.304551079388524437e-01 -2.856737277984382484e-01 4.304551079388524437e-01 -1.988771018941078161e-01 -2.488077503954760628e-01
-2.561249040241889707e-01 -4.263720330381283175e-01 1.002271015901960993e-01 2.734569322728236385e-01 1.002271015901960993e-01 2.734569322728236385e-01 3.771591194321108342e-02 5.425651771337951512e-01
-4.689499979876654567e-02 2.795523385965584806e-01 2.363552471090443197e-01 -2.091184750405655768e-01 2.363552471090443197e-01 -2.091184750405655768e-01 7.311421352322719502e-02 -2.036019695878799052e-01
-3.319272024673813881e-01 -3.387502427319201148e-01 -3.899692849097076142e-01 -2.062297852171578461e-01 -3.899692849097076142e-01 -2.062297852171578461e-01 1.070463616570761223e-01 3.433263019450328857e-01
-2.362442045874577623e-01 -4.048107217916012690e-01 1.535974448440635687e-02 -4.327573027643816239e-01 1.535974448440635687e-02 -4.327573027643816239e-01 4.497583063119475755e-02 5.128711180678778847e-01
3.294019198272358784e-01 1.639989175927695220e-01 -2.301098794294975658e-01 -1.840805134620078221e-01 -2.301098794294975658e-01 -1.840805134620078221e-01 -4.374450364365297661e-01 -2.456088974070382569e-01
-3.151324500090876279e-01 -1.707692302817237495e-01 3.710523086890985534e-01 3.788995504900707356e-01 3.710523086890985534e-01 3.788995504900707356e-01 2.075025981593962565e-01 1.006228992440060255e-01
-3.832704890530367337e-01 -1.316954854412619724e-01 1.749486461965255035e-02 4.213173807005414773e-01 1.749486461965255035e-02 4.213173807005414773e-01 2.823205028307376185e-01 2.142918547917649352e-03
3.413986575018211900e-01 -3.587366692431873672e-01 -3.343693301683032804e-01 3.534213204353883198e-01 -3.343693301683032804e-01 3.534213204353883198e-01 -9.645422294922312290e-02 3.708756237588375360e-01
-3.055218256779618224e-01 -9.804138223031488852e-02 4.541227305606254649e-01 -4.592332338624502963e-01 4.541227305606254649e-01 -4.592332338624502963e-01 2.456142614959684334e-01 1.430990889435070079e-02
2.088498263689552159e-01 -2.415781945955290944e-01 3.766072913120419585e-01 -4.516977183187870226e-01 3.766072913120419585e-01 -4.516977183187870226e-01 -1.079426983773513621e-01 2.563199687252216696e-01
-1.788579685350405457e-01 -1.600240881740609966e-01 -2.088362632278920605e-01 -4.891090904774760828e-01 -2.088362632278920605e-01 -4.891090904774760828e-01 1.216148018800710384e-01 1.536416240615190998e-01
4.820039163431012463e-01 1.431865588124749955e-01 1.660887992362555243e-01 -4.905931873745504879e-01 1.660887992362555243e-01 -4.905931873745504879e-01 -6.200368805737107580e-01 -3.550119435580039728e-01
1.063130834591574647e-02 -4.349707963857780690e-01 -2.142843149320533547e-01 2.647035504718040499e-01 -2.142843149320533547e-01 2.647035504718040499e-01 -1.382691030224264192e-03 6.240573653771100959e-01
3.427384994497643111e-01 4.576279927537043601e-01 -4.223117634729350867e-01 2.423349333615792967e-01 -4.223117634729350867e-01 2.423349333615792967e-01 -6.564319625349888110e-01 -3.656742920069959712e-01
2.731155992767138052e-01 2.870374263456895170e-01 4.371679662979220948e-01 -3.409732737160376947e-01 4.371679662979220948e-01 -3.409732737160376947e-01 -4.299043966992109889e-01 -2.792390727908108938e-01
-3.643902277329307271e-01 3.434582647629155217e-01 1.412087161983914818e-01 -1.224776987341740231e-01 1.412087161983914818e-01 -1.224776987341740231e-01 6.146958983603627580e-01 -3.582749231962196745e-01
-1.792803027714151565e-02 2.182306450921884799e-01 8.006367985011653143e-02 -2.108102689802343610e-01 8.006367985011653143e-02 -2.108102689802343610e-01 2.575292150236727431e-02 -1.709274449044538569e-01
3.972799448193480298e-01 2.931538941794459285e-01 -3.436548139666667501e-01 -4.326417244323106370e-01 -3.436548139666667501e-01 -4.326417244323106370e-01 -6.302082706257225997e-01 -3.650460430625363517e-01
-2.632891235198395741e-01 3.068185578640386657e-01 -4.472224528183632586e-02 4.554458372087255569e-01 -4.472224528183632586e-02 4.554458372087255569e-01 4.248531018791273928e-01 -2.820020929781155705e-01
-4.788348088278450154e-01 1.592396066294410328e-02 8.621557258412393399e-02 2.559108857573679785e-01 8.621557258412393399e-02 2.559108857573679785e-01 4.940847021474909506e-01 -2.449531622849479839e-01
-2.495760668498256951e-01 1.924582984485032622e-01 -3.099355381971516943e-01 4.405157919495809038e-01 -3.099355381971516943e-01 4.405157919495809038e-01 3.456420371686004245e-01 -2.177063149510387596e-01
-1.425368018801153047e-01 1.380396395660041797e-01 2.006204805735523067e-01 -4.312206533127440622e-01 2.006204805735523067e-01 -4.312206533127440622e-01 1.818882593929594393e-01 -1.393014373647030735e-01
2.091059640719905577e-01 -2.794191747835879092e-01 3.393810109729418212e-01 3.798167624771162654e-01 3.393810109729418212e-01 3.798167624771162654e-01 -9.224953222534619524e-02 3.137689458098525397e-01
4.407070384832232346e-01 4.199486982636281285e-01 -1.859808878556559186e-01 4.670145392209580359e-01 -1.859808878556559186e-01 4.670145392209580359e-01 -8.108557327365197853e-01 -4.378144828589655146e-01
-2.257051809846037926e-01 1.035916961612696197e-01 9.214387844793980875e-02 3.666450539922595508e-01 9.214387844793980875e-02 3.666450539922595508e-01 2.724675460457666731e-01 -1.438032853709935721e-01
7.813642988246749521e-02 1.279879624064400589e-01 -4.961467206854253131e-02 3.416486993528340399e-01 -4.961467206854253131e-02 3.416486993528340399e-01 -9.813747478320887507e-02 -1.177123455602654967e-01
3.922694516926878983e-01 2.294520559851257469e-01 -2.492291029964733839e-01 1.489544762617869278e-01 -2.492291029964733839e-01 1.489544762617869278e-01 -5.722835160747783423e-01 -3.306791327206064501e-01
-3.488479803574361382e-01 4.421499192747000428e-01 -2.529381961088156272e-01 2.670830564602917345e-01 -2.529381961088156272e-01 2.670830564602917345e-01 6.573341930658012089e-01 -3.683482815595384152e-01
3.568310426277525593e-01 6.153623364838511911e-02 4.311792239875369415e-01 3.304520863186884982e-01 4.311792239875369415e-01 3.304520863186884982e-01 -4.007471194520290658e-01 -1.850779185795654314e-01
3.381705485307050507e-01 -3.673022930878386827e-01 1.346817838623959318e-02 4.962079319111660780e-01 1.346817838623959318e-02 4.962079319111660780e-01 -8.974891267050463806e-02 3.878539477018653203e-01
3.093673338215349178e-01 -1.699921252851953613e-01 3.845983157047473400e-01 1.217123066813364796e-01 3.845983157047473400e-01 1.217123066813364796e-01 -2.041873126812604744e-01 1.031813007083278999e-01
-4.098932652755614692e-01 3.966985473416657637e-01 1.369940029688142547e-01 3.367752180014640384e-01 1.369940029688142547e-01 3.367752180014640384e-01 7.351013910754560232e-01 -4.073412987969397547e-01
-1.319733191645405812e-01 4.084481053516957338e-01 2.714250944269657184e-01 3.583123142333690669e-01 2.714250944269657184e-01 3.583123142333690669e-01 2.397818235040030665e-01 -2.590352075576114466e-01
-1.279710978261655585e-01 -4.717445876117896120e-01 -1.161046692072335018e-01 3.923964585077467371e-01 -1.161046692072335018e-01 3.923964585077467371e-01 7.231752285700637772e-03 6.779109416739730332e-01
-3.018993427837310950e-01 3.099721019217031026e-01 -2.157248172074542891e-01 -3.132232743336860192e-02 -2.157248172074542891e-01 -3.132232743336860192e-02 4.890600904866388432e-01 -3.050326111251931982e-01
9.893644907267484800e-02 1.171050774113157056e-01 -3.135044654603696967e-01 -3.530480012477703600e-01 -3.135044654603696967e-01 -3.530480012477703600e-01 -1.221083701275874067e-01 -1.131798992109154522e-01
-1.483473605679120899e-01 2.917917471600870449e-01 1.672211498656417383e-02 -3.700171551741354703e-01 1.672211498656417383e-02 -3.700171551741354703e-01 2.349204316213090449e-01 -2.286562628368170036e-01
2.433212319725496231e-01 -4.063245952246269388e-01 2.039547231012760475e-01 4.721372233844499666e-01 2.039547231012760475e-01 4.721372233844499666e-01 -4.558642979094207348e-02 5.122190499804445407e-01
-3.408062666219064951e-01 1.809495248305892368e-01 3.420404605008783294e-01 -2.281614147132606796e-01 3.420404605008783294e-01 -2.281614147132606796e-01 4.641437306309486588e-01 -2.643557056629352031e-01
1.998939845292527773e-01 4.474836190516685575e-01 -3.082479789942295101e-01 -4.796972269745541917e-01 -3.082479789942295101e-01 -4.796972269745541917e-01 -3.787925517768693240e-01 -2.871996347830708673e-01
3.957089487035581055e-01 8.990679021223524359e-02 -2.944831541283865484e-01 -1.449880680631954188e-01 -2.944831541283865484e-01 -1.449880680631954188e-01 -4.668627915759480107e-01 -2.384091313700435477e-01
-1.493436087168670268e-01 3.723053226599074561e-01 1.843516467349062271e-01 4.776516922316897951e-02 1.843516467349062271e-01 4.776516922316897951e-02 2.605464495779233336e-01 -2.559975828435863132e-01
9.905179746149261888e-02 2.141498933545606942e-01 3.726674863907509794e-01 -3.701912886152092241e-01 3.726674863907509794e-01 -3.701912886152092241e-01 -1.414756611874050107e-01 -1.781009751111435335e-01
-8.249085616073303928e-02 -4.955923550769306685e-01 -2.449392645935106749e-01 4.893371207718898441e-01 -2.449392645935106749e-01 4.893371207718898441e-01 7.271808067129958975e-04 7.343993961374983837e-01
1.158078753671167860e-01 1.558872760436635918e-02 1.436514862833917494e-01 -1.994724520557635827e-01 1.436514862833917494e-01 -1.994724520557635827e-01 -1.194184702141935644e-01 -2.875718317308888217e-02
-1.991286910592927617e-01 -2.900078299099541068e-01 -3.682243395144497722e-01 -1.371746470641080906e-01 -3.682243395144497722e-01 -1.371746470641080906e-01 8.363093192546240673e-02 3.344601357160477129e-01
-3.308891634374645507e-01 -2.712443862840840936e-01 -3.457902042831915157e-01 -4.716425075889418839e-01 -3.457902042831915157e-01 -4.716425075889418839e-01 1.513855073081664115e-01 2.353302648943683961e-01
4.086488808086682356e-01 -4.071523549127088470e-01 -3.842611232564682178e-01 3.287902922231566993e-02 -3.842611232564682178e-01 3.287902922231566993e-02 -7.588417250128393077e-02 4.059314872374961136e-01
1.979698587538014642e-02 -2.872733094858558323e-01 2.108113585559412417e-01 3.249131922342991530e-01 2.108113585559412417e-01 3.249131922342991530e-01 -8.422694574849752536e-03 3.694073431790620976e-01
2.978805960212307369e-01 -4.108739419845863772e-02 -3.872194695905215589e-01 -3.731006074342491097e-01 -3.872194695905215589e-01 -3.731006074342491097e-01 -2.734023210756384992e-01 -4.595728132548548839e-02
3.735402542362953326e-02 2.612384930199894706e-01 4.747165612855708261e-01 2.009324913798166135e-01 4.747165612855708261e-01 2.009324913798166135e-01 -5.687064404342823815e-02 -1.943882659999835449e-01
-4.215048802558951646e-02 2.177664610879490592e-01 1.406046059299274065e-01 2.176001614655811434e-01 1.406046059299274065e-01 2.176001614655811434e-01 6.050841324651472231e-02 -1.721208931539751907e-01
1.503971819314672276e-01 -3.050653352169132582e-01 -4.955819112658578218e-01 3.579371529476289560e-01 -4.955819112658578218e-01 3.579371529476289560e-01 -5.863524848826294489e-02 3.755108816349940759e-01
-4.411776318981529554e-01 4.986391120657998055e-01 -1.794704451836254266e-01 4.123264304961389293e-01 -1.794704451836254266e-01 4.123264304961389293e-01 8.811544771641275364e-01 -4.446358508712927038e-01
2.182371803196472282e-01 -3.243913174707518943e-01 4.315266199049020424e-01 -3.977546760178912733e-01 4.315266199049020424e-01 -3.977546760178912733e-01 -7.664868742966240989e-02 3.819935774472917878e-01
4.442607122388011476e-01 -2.866869488196968074e-01 -2.316637675046706590e-01 3.003182560374514365e-01 -2.316637675046706590e-01 3.003182560374514365e-01 -1.895332160943866695e-01 1.715087750043173820e-01
6.284704670425633743e-02 1.899479852479291075e-01 1.072948457117147703e-01 -4.973124742322513336e-01 1.072948457117147703e-01 -4.973124742322513336e-01 -8.672238650476832289e-02 -1.578174994276285714e-01
3.254645285620169082e-01 1.977504707515315152e-01 3.362206409319478118e-01 2.848521360624478582e-02 3.362206409319478118e-01 2.848521360624478582e-02 -4.541860560341451358e-01 -2.645723814211751179e-01
3.388465876135260402e-01 -3.597645038102394999e-01 -4.540755824281843545e-01 1.912288925968697040e-01 -4.540755824281843545e-01 1.912288925968697040e-01 -9.503663869237996553e-02 3.743779920747363765e-01
-1.744883621677512098e-01 -3.867468655826102886e-01 3.629141040544315855e-01 -1.818605006915207101e-01 3.629141040544315855e-01 -1.818605006915207101e-01 3.952270786970901728e-02 5.058738150885996321e-01
-4.411059885592262253e-01 1.118274905625101789e-01 -2.913144912827582145e-01 -3.352248867975388125e-01 -2.913144912827582145e-01 -3.352248867975388125e-01 5.397615401045734451e-01 -2.938965960598141081e-01
-4.125069474760946209e-01 4.962322660739506563e-01 3.673645037531280133e-01 1.229188777968118762e-01 3.673645037531280133e-01 1.229188777968118762e-01 8.219054621107158010e-01 -4.201477858971079948e-01
-1.807639110114547254e-01 4.843806461699240451e-03 -4.001527499124439835e-01 -1.644869472035217495e-01 -4.001527499124439835e-01 -1.644869472035217495e-01 1.825150818118533580e-01 -3.749593552481796793e-02
-1.992999433637966389e-01 -4.947094908306171046e-01 3.301283257987035480e-01 -4.014098474167497876e-01 3.301283257987035480e-01 -4.014098474167497876e-01 2.108796355647313270e-03 6.997265037236929386e-01
9.020136298542291708e-02 -4.183841659531339907e-03 -4.596810108853710553e-01 -2.648706135948712959e-01 -4.596810108853710553e-01 -2.648706135948712959e-01 -8.944658654501307093e-02 -3.934939693864653379e-03
-5.723034667854876023e-02 3.526460585286664839e-01 1.362682433519531999e-01 -3.996066440258861929e-01 1.362682433519531999e-01 -3.996066440258861929e-01 9.759445904738751898e-02 -2.315621285138096952e-01
2.932693253264205824e-01 3.418139823787437193e-01 8.150117510529331089e-02 -4.134816598566130041e-01 8.150117510529331089e-02 -4.134816598566130041e-01 -4.937564373251229766e-01 -3.109840810065415129e-01
5.908651640325834897e-02 -2.884709732217695111e-01 -3.168359722418835345e-01 1.439902035247436762e-01 -3.168359722418835345e-01 1.439902035247436762e-01 -2.499702662099437950e-02 3.681952591926118679e-01
-4.885714731759337459e-01 3.814339679725216037e-01 4.921908931812915000e-01 -1.559744219470188265e-01 4.921908931812915000e-01 -1.559744219470188265e-01 8.612869844792874208e-01 -4.746441804505611151e-01
2.546476915298572230e-01 1.121567861137895417e-02 -1.439639909306240639e-01 -4.181689187168778910e-01 -1.439639909306240639e-01 -4.181689187168778910e-01 -2.603597848645141100e-01 -7.593533396615052833e-02
1.476374985671280449e-02 4.696883321348268581e-01 -2.420423798978544871e-01 -4.075445608423523547e-01 -2.420423798978544871e-01 -4.075445608423523547e-01 -2.863247194922325517e-02 -2.492991711010630329e-01
-3.239578667163061088e-01 -4.234412247808045926e-01 -3.751303486568960954e-01 4.134030871532262674e-01 -3.751303486568960954e-01 4.134030871532262674e-01 4.960363499684750099e-02 4.977949962172925069e-01
-4.309666583827459485e-01 1.502313723923658362e-01 2.568353115420497490e-01 4.202742441929943062e-01 2.568353115420497490e-01 4.202742441929943062e-01 5.604560834711296291e-01 -3.133941677790625935e-01
-3.391473007314521615e-01 -1.670647897351651423e-02 -4.943749962878006832e-01 -2.603754816198975419e-01 -4.943749962878006832e-01 -2.603754816198975419e-01 3.278153862342623737e-01 -9.803530618022099352e-02
1.009542072456763862e-01 -2.704415762958936043e-01 -3.673356226625346110e-03 -4.742693027735250810e-01 -3.673356226625346110e-03 -4.742693027735250810e-01 -4.634977736323029479e-02 3.333884705246982771e-01
-3.578299523984730390e-01 1.939306736886564630e-01 -6.918134410545617730e-02 -2.106531378843059521e-01 -6.918134410545617730e-02 -2.106531378843059521e-01 4.966183598677045286e-01 -2.843638423248138203e-01
4.889169741962011706e-01 3.330666167054225912e-01 3.497818487077968275e-01 1.221289566879434352e-01 3.497818487077968275e-01 1.221289566879434352e-01 -8.146008190869633570e-01 -4.611730531989945425e-01
1.963082718089970147e-01 -1.681955187290588016e-01 2.818523710669957882e-01 -3.577176266579029651e-01 2.818523710669957882e-01 -3.577176266579029651e-01 -1.302719285935583504e-01 1.579483136689609213e-01
-4.065596230562329438e-01 2.554070833545397656e-01 -4.947466765423103041e-01 7.721937729441852305e-02 -4.947466765423103041e-01 7.721937729441852305e-02 6.142360381252600643e-01 -3.554650322264931717e-01
3.347088498900263609e-02 -3.874024060395808711e-01 -3.705901107867286548e-01 -3.727792279461638048e-01 -3.705901107867286548e-01 -3.727792279461638048e-01 -7.537482234975214496e-03 5.363627301028901506e-01
-5.816682557700392220e-02 8.222290258600939428e-02 -2.897061829422475920e-02 8.272648120499848101e-02 -2.897061829422475920e-02 8.272648120499848101e-02 6.773211604331470792e-02 -7.884567647404659707e-02
3.487640718112321458e-01 -4.813255446366947465e-01 -4.187656105681877294e-01 -3.237353469604887790e-01 -4.187656105681877294e-01 -3.237353469604887790e-01 -1.302595818272689332e-02 5.913634467701552877e-01
-2.426971127949961726e-01 2.309863003941184934e-01 4.567430081451863133e-01 -2.745993674505325943e-01 4.567430081451863133e-01 -2.745993674505325943e-01 3.548165291966966506e-01 -2.365335179833836510e-01
4.222327869035462644e-01 -4.896199607228444162e-01 6.262926988808648066e-02 2.780565108493451287e-01 6.262926988808648066e-02 2.780565108493451287e-01 -8.765585824323351982e-03 5.510671403247486833e-01
-2.025159030240781810e-01 -1.690294798238183294e-01 -1.936496591122806032e-01 3.358333441720263712e-01 -1.936496591122806032e-01 3.358333441720263712e-01 1.340535875356566320e-01 1.565877538956710890e-01
-3.919362272205474396e-01 -4.868604546375009390e-01 -3.075352670361318763e-01 2.919986749289544825e-01 -3.075352670361318763e-01 2.919986749289544825e-01 1.029972767354225827e-02 5.702795507194584612e-01
4.659462515078151013e-01 2.592389399123936622e-01 -2.626315633073795786e-01 -2.089843719699091551e-02 -2.626315633073795786e-01 -2.089843719699091551e-02 -7.075290761018941943e-01 -4.091400212396760772e-01
-1.931173500914296071e-02 -1.876627828070664972e-02 -2.890781756467855068e-01 4.469568118488475017e-01 -2.890781756467855068e-01 4.469568118488475017e-01 1.858691622261327697e-02 1.874550837215221283e-02
-4.913407285827089410e-01 1.569378460971377898e-01 -3.747674802231335534e-01 1.398490954260115382e-01 -3.747674802231335534e-01 1.398490954260115382e-01 6.455606398698463533e-01 -3.737240701237161122e-01
-3.831205604256018304e-01 -6.466223676116145125e-02 -2.077413199223321350e-01 -3.891058328482694950e-01 -2.077413199223321350e-01 -3.891058328482694950e-01 3.335736956529835595e-01 -7.793792219670925281e-02
2.943090618265341574e-01 -2.944992995906511313e-01 3.975217020000976209e-02 4.160945158511284436e-01 3.975217020000976209e-02 4.160945158511284436e-01 -1.209614366843422550e-01 2.946113131768205440e-01
-4.508048422262713739e-01 2.138466445456660425e-01 -1.136198600074284082e-01 -4.412019012556082087e-01 -1.136198600074284082e-01 -4.412019012556082087e-01 6.436110479363243986e-01 -3.713412629368790241e-01
4.876254749018722467e-01 -2.443374474844742794e-01 4.397533525682799649e-01 1.830231941647867400e-01 4.397533525682799649e-01 1.830231941647867400e-01 -2.493351471700161748e-01 6.625963195442605147e-02
-2.636466047762217046e-01 -4.729969196679524313e-01 3.825001639840587275e-01 -7.424933058140514852e-03 3.825001639840587275e-01 -7.424933058140514852e-03 1.423854089608780904e-02 6.272134734732945915e-01
2.063308852006670024e-01 -1.754379528031295710e-01 -1.834292601022124991e-02 -7.539690243665264635e-02 -1.834292601022124991e-02 -7.539690243665264635e-02 -1.339343490013418791e-01 1.636439938991918752e-01
1.937373642619116820e-01 2.108151819484294087e-01 4.058443310889323641e-01 -3.723024730753710099e-02 4.058443310889323641e-01 -3.723024730753710099e-02 -2.754229196560797899e-01 -2.039063073196326625e-01
5.662069254183943467e-02 9.425677189189429761e-02 1.102106252903733985e-02 -1.330597915967544065e-01 1.102106252903733985e-02 -1.330597915967544065e-01 -6.729445994439391121e-02 -8.857833566833121786e-02
3.443857945393475894e-01 4.757037370929743103e-01 9.014425115292945545e-02 1.219721878367600043e-01 9.014425115292945545e-02 1.219721878367600043e-01 -6.720370134675492935e-01 -3.680112670892504156e-01
-5.922617509933347790e-02 4.759758481645792738e-02 -6.531291393591287520e-02 -1.300016273430192326e-01 -6.531291393591287520e-02 -1.300016273430192326e-01 6.486422088462330537e-02 -4.883979455299493344e-02
-4.495223298460023775e-01 -3.108418135984065689e-01 6.807693724578123273e-02 -4.865393572862801719e-01 6.807693724578123273e-02 -4.865393572862801719e-01 1.700616573213773464e-01 2.053941216493749278e-01
1.380350813446267200e-01 -3.442376547694085964e-01 4.417797536287310090e-01 1.574676777099638381e-01 4.417797536287310090e-01 1.574676777099638381e-01 -4.300133598866902329e-02 4.436835340487333967e-01
3.858270961677057187e-01 -3.924876553034721827e-01 1.501140340562004960e-01 4.806978175296652278e-01 1.501140340562004960e-01 4.806978175296652278e-01 -8.296235151288550158e-02 3.976716667318853649e-01
4.320836755651092931e-01 -2.898467476918917818e-01 -4.414011998219443678e-01 -8.467156745270987273e-03 -4.414011998219443678e-01 -8.467156745270987273e-03 -1.816075793784983627e-01 1.871615821496043219e-01
2.827148182449711333e-01 -2.627657970194505754e-01 2.838909740292421269e-01 1.287927742441822287e-01 2.838909740292421269e-01 1.287927742441822287e-01 -1.341392491542732490e-01 2.518839926474306101e-01
-5.682291297265262831e-02 3.367461790502267460e-01 1.202657886890242667e-01 1.788630404199507140e-01 1.202657886890242667e-01 1.788630404199507140e-01 9.509271062474129732e-02 -2.265770333839970396e-01
-1.158855513078004273e-01 -1.970703137573776020e-01 9.561951291420500709e-02 3.555866480681653119e-01 9.561951291420500709e-02 3.555866480681653119e-01 7.021034739545060910e-02 2.224775613198960167e-01
2.504646104874910240e-01 2.000843086171844032e-01 1.806733084434803960e-01 -2.672724129597626730e-01 1.806733084434803960e-01 -2.672724129597626730e-01 -3.506926873324150984e-01 -2.227830991690183116e-01
4.952587848202559817e-01 -2.076794581644065829e-01 4.066722654745322796e-01 3.997836817605520121e-01 4.066722654745322796e-01 3.997836817605520121e-01 -2.895486326549895906e-01 5.528951566231454784e-03
7.377623145120215664e-02 -2.297673456901755396e-01 2.183481082263836193e-01 -3.723151496781884617e-02 2.183481082263836193e-01 -3.723151496781884617e-02 -3.987349370006862403e-02 2.771174465085428085e-01
-1.487864970035912560e-01 1.499366722126735940e-01 -2.053057298118010632e-02 4.263977611806433199e-01 -2.053057298118010632e-02 4.263977611806433199e-01 1.934036014653900681e-01 -1.495930882290625319e-01
2.710712553078544751e-01 -4.785356717190873965e-01 3.942658646465623251e-01 4.981887673808208516e-01 3.942658646465623251e-01 4.981887673808208516e-01 -1.163672482289374033e-02 6.340524353725495166e-01
2.120311863871623403e-01 -3.396327814138884182e-01 2.692522950992428665e-01 2.229867591675644967e-01 2.692522950992428665e-01 2.229867591675644967e-01 -6.800570322884524899e-02 4.100259836240749411e-01
-3.251861051778806022e-01 -1.140139030038044288e-01 1.130026811490878469e-01 -3.532545691122498388e-01 1.130026811490878469e-01 -3.532545691122498388e-01 2.510346310700089512e-01 2.126707008120573561e-02
-7.007389714342771025e-02 -7.858757518919978757e-02 -2.028431339651347587e-01 -2.725973300779428454e-01 -2.028431339651347587e-01 -2.725973300779428454e-01 5.906002182230895431e-02 7.985323110245022560e-02
-4.902300228803142534e-01 -3.767768181928881077e-01 3.804620017635493845e-01 -2.494115800399058225e-01 3.804620017635493845e-01 -2.494115800399058225e-01 1.208154064733711897e-01 2.784121135872113517e-01
-3.546919222066746702e-02 3.163677514534665169e-01 -2.277118542298838255e-01 3.873481733982608866e-03 -2.277118542298838255e-01 3.873481733982608866e-03 5.791180939811417516e-02 -2.175372608905307981e-01
-2.425245765954568977e-01 2.668838519088612138e-03 -2.659144528072627800e-01 -4.867425525237849548e-01 -2.659144528072627800e-01 -4.867425525237849548e-01 2.438190944591441256e-01 -6.147988607285328339e-02
-2.513874921972305554e-01 1.467201951223600087e-01 3.345671224507501540e-01 -3.628404463137848701e-01 3.345671224507501540e-01 -3.628404463137848701e-01 3.251547360102273743e-01 -1.883890506988292746e-01
4.031717397299214856e-01 -3.491428625851342726e-01 6.834757079333786400e-03 -2.963984273928216284e-01 6.834757079333786400e-03 -2.963984273928216284e-01 -1.216426690844544800e-01 3.084961493624246431e-01
1.155021170585407431e-01 -2.582541378895130135e-01 -1.424480738935296475e-02 -7.480244850864115058e-02 -1.424480738935296475e-02 -7.480244850864115058e-02 -5.584431772780663189e-02 3.116085985815637560e-01
-2.274738240088648444e-01 4.603874411608421813e-01 -4.692999354162463721e-01 -4.344923582381273741e-01 -4.692999354162463721e-01 -4.344923582381273741e-01 4.369260075418909262e-01 -3.001751857914302657e-01
9.737164823088428900e-02 1.482099352415908733e-01 1.008065876257190352e-01 2.826238588369321958e-01 1.008065876257190352e-01 2.826238588369321958e-01 -1.262345395882169541e-01 -1.357249882164733856e-01
-1.602921563621363399e-01 3.296645652434765372e-01 -3.567009704815039539e-01 -3.589243735153304637e-01 -3.567009704815039539e-01 -3.589243735153304637e-01 2.659774444402623894e-01 -2.466794150575297162e-01
-2.940497416310274836e-01 -6.304109320618056511e-02 1.078160471751425931e-01 1.337288687754037975e-01 1.078160471751425931e-01 1.337288687754037975e-01 2.569753072921976411e-01 -1.944997791446310964e-02
7.302890403318584855e-02 -2.510947280248349012e-01 3.255339815952614790e-01 3.031151814245742759e-01 3.255339815952614790e-01 3.031151814245742759e-01 -3.635455844085670740e-02 3.088100696424124214e-01
1.938900663424116821e-01 -1.669642195626740433e-01 2.290688662070788917e-01 3.433460131727743558e-01 2.290688662070788917e-01 3.433460131727743558e-01 -1.291446591267799704e-01 1.572479123505820531e-01
-1.065808875634846054e-01 -2.720061934839109741e-01 -2.792026874938339231e-01 -4.966078802467893683e-01 -2.792026874938339231e-01 -4.966078802467893683e-01 4.859956451492429552e-02 3.346340771836976424e-01
6.978629264047353509e-03 4.002946187524032418e-01 -4.419338594185471258e-01 -2.091156797975841641e-01 -4.419338594185471258e-01 -2.091156797975841641e-01 -1.256564474537975179e-02 -2.401075382166764083e-01
-3.154282633903738864e-01 -1.366068063226865137e-01 3.383480152551276987e-01 2.916851207377161304e-01 3.383480152551276987e-01 2.916851207377161304e-01 2.292489680190335777e-01 5.577323651090342060e-02
2.847385807604740915e-01 -1.045964067698887945e-01 2.977161831745701592e-01 -1.272578059245244031e-02 2.977161831745701592e-01 -1.272578059245244031e-02 -2.251733159278673235e-01 3.446075570557180501e-02
1.853598183677972466e-01 3.443584735081981485e-01 3.245692241181684645e-01 4.297292850189344815e-01 3.245692241181684645e-01 4.297292850189344815e-01 -3.130202665735802858e-01 -2.601339774966445195e-01
3.279031757485711962e-01 4.330603851526194648e-01 -3.204892204092930630e-01 -4.889640740336158586e-01 -3.204892204092930630e-01 -4.889640740336158586e-01 -6.119069269134578271e-01 -3.530395806300827277e-01
4.770807259226818031e-01 4.613006691117158553e-01 -1.085948921672710288e-01 -2.511207558157558806e-01 -1.085948921672710288e-01 -2.511207558157558806e-01 -9.172360420995542274e-01 -4.761083808357121083e-01
-2.868134346213518926e-01 -1.336710336327341375e-01 3.670738434351173973e-01 2.536616467376828776e-01 3.670738434351173973e-01 2.536616467376828776e-01 2.101361380901704545e-01 6.927703258588119306e-02
-1.997893884059869229e-01 4.970371629824810178e-02 -3.794094098380821345e-01 -4.865763522175289291e-01 -3.794094098380821345e-01 -4.865763522175289291e-01 2.196499385674502702e-01 -8.714905660402966214e-02
-4.369545290521592573e-02 -4.040799332056200788e-01 1.134037984800384535e-01 3.187622709543125321e-02 1.134037984800384535e-01 3.187622709543125321e-02 8.382541522557990232e-03 5.654512330204864989e-01
-3.109705471443646729e-01 -4.053136185369302646e-01 -4.971402771829479539e-01 2.930204735387772486e-01 -4.971402771829479539e-01 2.930204735387772486e-01 5.888935170138165365e-02 4.728900667171649363e-01
3.320847613127486664e-01 7.628396794315972507e-02 -3.907795819133934589e-01 4.443973780862965350e-01 -3.907795819133934589e-01 4.443973780862965350e-01 -3.827502478855357992e-01 -1.807450128741519557e-01
8.105790713490490518e-02 2.208912195238541543e-01 4.698629174778052864e-01 2.598202006874672509e-02 4.698629174778052864e-01 2.598202006874672509e-02 -1.168678670530658298e-01 -1.786686729702094967e-01
-3.860156381364502343e-01 -4.098388311549792107e-01 1.583325997105612393e-01 -1.226834403115744099e-01 1.583325997105612393e-01 -1.226834403115744099e-01 6.960724225367787010e-02 4.287986257915679111e-01
4.670457532300502645e-01 -2.846730250864130118e-01 -1.870304332136811798e-01 1.259357119474571185e-01 -1.870304332136811798e-01 1.259357119474571185e-01 -2.011350983785287205e-01 1.475800206880375498e-01
4.254436801126126877e-02 -3.284069804377865998e-01 -8.760477104251451763e-02 -1.298867465206315908e-01 -8.760477104251451763e-02 -1.298867465206315908e-01 -1.460063314483672076e-02 4.344481019885737538e-01
-1.681559997655056593e-01 -4.880866043700550216e-01 3.527221762738942390e-01 -4.860630819045758111e-01 3.527221762738942390e-01 -4.860630819045758111e-01 4.006617905510795330e-03 6.980386974784088538e-01
-2.112651194580247305e-01 3.434576971052345495e-01 2.320736399666426530e-01 2.496183566095993012e-01 2.320736399666426530e-01 2.496183566095993012e-01 3.563863822734556486e-01 -2.701274581040169487e-01
-4.569026437950055586e-01 2.424475863144007759e-01 -1.433797610682904233e-01 -3.039563740875861342e-01 -1.433797610682904233e-01 -3.039563740875861342e-01 6.784525301325405877e-01 -3.924267801115877141e-01
3.133160836708041019e-01 3.853142710276724614e-01 -1.416871092733331672e-01 -5.543779301132023551e-02 -1.416871092733331672e-01 -5.543779301132023551e-02 -5.547664004325263409e-01 -3.350141518568961474e-01
2.632405871436810374e-01 2.575366841711616006e-01 -3.284695058073396901e-01 -1.013171528498324481e-01 -3.284695058073396901e-01 -1.013171528498324481e-01 -3.988288030481876856e-01 -2.605071471970348829e-01
4.748124993966691409e-01 8.878233046561145869e-02 -2.745219363271821367e-01 -1.307327940887476059e-01 -2.745219363271821367e-01 -1.307327940887476059e-01 -5.591224198579451965e-01 -3.063469378460183523e-01
3.859202535226232689e-01 1.500025791733544667e-01 1.380091288901745816e-01 -2.742258114862177187e-01 1.380091288901745816e-01 -2.742258114862177187e-01 -5.016983202898799288e-01 -2.764362474936618019e-01
-3.953802554771468358e-01 -1.966328022248201579e-01 -3.929845469985364659e-01 3.442192494803355540e-01 -3.929845469985364659e-01 3.442192494803355540e-01 2.398908003194734628e-01 7.897171471443148461e-02
1.366958284853916350e-01 -1.741906861960521580e-01 -2.490856150473459429e-01 5.277027465507255766e-02 -2.490856150473459429e-01 5.277027465507255766e-02 -8.907354815737519860e-02 1.858473318281960718e-01
1.336482349262754221e-01 4.113002243524483958e-01 -1.631674707162489302e-02 -4.632688274535379236e-02 -1.631674707162489302e-02 -4.632688274535379236e-02 -2.435873329452470371e-01 -2.599942004989829192e-01
3.211056578369284598e-01 -3.677086360446376601e-01 -4.397928281924341487e-01 3.754167764950163688e-01 -4.397928281924341487e-01 3.754167764950163688e-01 -8.495901089806229267e-02 3.998094335715588477e-01
-4.127577081013633631e-02 4.886302119030286883e-01 4.410554241236380735e-01 8.989865403550989509e-02 4.410554241236380735e-01 8.989865403550989509e-02 8.161294808497186748e-02 -2.515744171746008284e-01
1.275618527056289198e-01 -1.809998112270128079e-02 -2.950933448576059659e-01 -1.636441154893626404e-01 -2.950933448576059659e-01 -1.636441154893626404e-01 -1.229441184537315435e-01 2.155564173650856286e-03
4.702395302265890420e-01 1.769927850435898398e-01 -1.929771500663796102e-01 -3.147769940857229054e-01 -1.929771500663796102e-01 -3.147769940857229054e-01 -6.366975384113757741e-01 -3.667915548738265863e-01
2.072963093414372793e-01 -1.129306471312625515e-01 7.902304686886552076e-02 -9.987623419791313850e-03 7.902304686886552076e-02 -9.987623419791313850e-03 -1.604760966177354864e-01 8.271221832616743042e-02
2.207999019074070590e-01 -3.639660720766225710e-01 6.839450139778135984e-02 -2.355589529908750368e-01 6.839450139778135984e-02 -2.355589529908750368e-01 -6.007255588312204742e-02 4.476847770171872298e-01
2.547235662269491385e-01 2.131278653062647077e-01 -3.015831089547541533e-01 2.337671453471606986e-01 -3.015831089547541533e-01 2.337671453471606986e-01 -3.633009460532463653e-01 -2.325884735276343429e-01
-2.920729018678486222e-01 -3.473761241922586063e-01 6.659580184712954321e-02 2.920689333117021391e-02 6.659580184712954321e-02 2.920689333117021391e-02 8.915459660297034294e-02 3.827397158455881354e-01
-4.853651248967500997e-01 -4.837906080089556804e-01 -2.925515670036363813e-01 2.825943647079507404e-01 -2.925515670036363813e-01 2.825943647079507404e-01 1.573494713646722554e-02 4.822646559405928679e-01
-3.337978522954663241e-01 -2.297748226080735812e-01 2.727568754312601484e-01 2.585933989589557225e-01 2.727568754312601484e-01 2.585933989589557225e-01 1.804011676991728874e-01 1.711502855155793146e-01
4.323019787625624888e-01 -4.089068949197474101e-01 -7.756318650513627233e-04 -4.620379211868809177e-01 -7.756318650513627233e-04 -4.620379211868809177e-01 -7.875945915563847821e-02 3.892267427906297428e-01
3.030075367168978406e-01 -3.842424228110168372e-01 -4.842615737034090539e-01 1.955254885973183310e-01 -4.842615737034090539e-01 1.955254885973183310e-01 -7.015083664069990399e-02 4.400710949914549142e-01
-4.053409592563469444e-01 -9.459603874782407384e-02 3.941418883866624201e-01 1.330528087199452925e-01 3.941418883866624201e-01 1.330528087199452925e-01 3.286536610805598224e-01 -6.075684395625161049e-02
-1.536528499199669717e-01 -2.190785330667928132e-01 1.864953229410869495e-01 3.671475385987615914e-01 1.864953229410869495e-01 3.671475385987615914e-01 8.632876799597009876e-02 2.434647384289627681e-01
1.628217513999887789e-01 -1.424415943029140319e-01 2.044040681265694159e-01 3.833878684628766464e-02 2.044040681265694159e-01 3.833878684628766464e-02 -1.164365716867745287e-01 1.362202793615102381e-01
-8.772392264659933936e-02 1.467258201580720067e-01 -6.497917406328335144e-02 2.436556633719495490e-01 -6.497917406328335144e-02 2.436556633719495490e-01 1.134666516422104532e-01 -1.328928404615196679e-01
-6.632033102615142450e-02 -1.326561716647303157e-01 2.946375870867020685e-01 1.426478563161104329e-01 2.946375870867020685e-01 1.426478563161104329e-01 4.872472859121765310e-02 1.458554452380544098e-01
-2.579241245964726259e-01 1.393403927232834683e-01 3.957449001494220964e-01 -3.323321590850087937e-01 3.957449001494220964e-01 -3.323321590850087937e-01 3.298026222246357997e-01 -1.864495017278613442e-01
3.917625699356942492e-01 4.497097563140352028e-01 -2.602953317871317118e-01 -3.137885076797040096e-01 -2.602953317871317118e-01 -3.137885076797040096e-01 -7.441214696531767148e-01 -4.009488025926259969e-01
3.773352415649346980e-01 -2.239440514427772921e-01 4.837021425298527744e-01 -2.695896221011085947e-01 4.837021425298527744e-01 -2.695896221011085947e-01 -2.083312760685536447e-01 1.317131050925149649e-01
7.609071201198769341e-02 -3.386553421035228828e-01 3.471190899730157708e-01 -3.144070592692140842e-01 3.471190899730157708e-01 -3.144070592692140842e-01 -2.455365979734703413e-02 4.475529863842857559e-01
-4.532607728386049972e-01 3.531013937258001834e-01 -2.617331269083197354e-01 -3.360759896388260115e-01 -2.617331269083197354e-01 -3.360759896388260115e-01 7.733547940596945391e-01 -4.338661276689471102e-01
-9.462071157043094871e-02 2.043004302256007376e-01 6.803707396184299760e-03 4.182013378973745699e-01 6.803707396184299760e-03 4.182013378973745699e-01 1.332828157346139797e-01 -1.715148434933298494e-01
6.674992457499995258e-02 3.284910914724890052e-01 -2.621679348350990368e-01 -2.920218683807865867e-01 -2.621679348350990368e-01 -2.920218683807865867e-01 -1.106034357336960483e-01 -2.250402467264700501e-01
-1.148864004345134804e-01 -3.928345682600157263e-01 -3.759518653040323510e-01 -2.359571612692571430e-01 -3.759518653040323510e-01 -2.359571612692571430e-01 2.462370140723470213e-02 5.339546812752493654e-01
-2.377843388680497272e-01 4.888203784289157916e-02 2.609481818724295188e-01 4.769138810755751967e-01 2.609481818724295188e-01 4.769138810755751967e-01 2.610311049700396735e-01 -1.030339760301332008e-01
3.398874811543804997e-01 -4.709549304319503582e-01 7.450646056301490905e-02 -3.463805081759666615e-01 7.450646056301490905e-02 -3.463805081759666615e-01 -1.974411107087631345e-02 5.772299770846441858e-01
-4.080507150923523563e-01 4.289101150237433213e-01 6.051276952034689849e-02 -3.806452503190553838e-01 6.051276952034689849e-02 -3.806452503190553838e-01 7.580848733839155029e-01 -4.114516143414427285e-01
3.000687506941451810e-01 -1.267246202033373015e-01 -1.208434187539172422e-01 -1.230851523414772108e-01 -1.208434187539172422e-01 -1.230851523414772108e-01 -2.240165537609342672e-01 5.274249442587233827e-02
-3.679448727280131282e-01 -2.425777974800761294e-01 -3.221658074618772849e-01 -3.552710334162459960e-01 -3.221658074618772849e-01 -3.552710334162459960e-01 1.894343590871164218e-01 1.660383559435271716e-01
-3.998286123290678562e-01 -7.661533610913806580e-02 1.404601813355759177e-01 3.567333814274740167e-01 1.404601813355759177e-01 3.567333814274740167e-01 3.385626052897842686e-01 -7.737767340073375966e-02
-4.907788983301211161e-01 -2.043553063351923882e-01 -4.861144413917986018e-01 1.136875926278141380e-01 -4.861144413917986018e-01 1.136875926278141380e-01 2.901923541079208246e-01 5.252470516415363999e-03
-3.523798077147023422e-01 -4.345705771321719535e-01 -1.866215744289797529e-01 -3.579916431207722516e-01 -1.866215744289797529e-01 -3.579916431207722516e-01 4.611201489809840792e-02 4.992506347561103675e-01
-2.061684447962319755e-01 4.689634365996631082e-01 -2.448324236593047987e-01 -4.092118954657968377e-01 -2.448324236593047987e-01 -4.092118954657968377e-01 3.995393695763297393e-01 -2.915421593619937912e-01
-3.067462677135389670e-01 4.901677425951612710e-01 -2.571356872491757928e-01 4.633087827572146544e-01 -2.571356872491757928e-01 4.633087827572146544e-01 6.074605189028117191e-01 -3.439965994705110885e-01
2.690121570235064485e-01 -4.455389994839972223e-01 -1.773604729756634857e-01 2.731518741359212354e-01 -1.773604729756634857e-01 2.731518741359212354e-01 -2.930134244493640128e-02 5.716764589187588452e-01
2.819491186191483978e-01 -8.094328299110564728e-02 2.175303100603431794e-01 2.948174603758975110e-01 2.175303100603431794e-01 2.948174603758975110e-01 -2.363053440241832948e-01 7.999792562369240079e-03
3.190358641362125436e-01 4.669742032937830301e-01 -3.593611359314407006e-01 2.643341872939214410e-01 -3.593611359314407006e-01 2.643341872939214410e-01 -6.169989010905154725e-01 -3.506931793570595146e-01
3.980243088495153403e-01 -1.917021138125809543e-01 -1.094137768210901029e-01 3.336393163380035887e-02 -1.094137768210901029e-01 3.336393163380035887e-02 -2.454201061390280103e-01 7.002846381765832906e-02
-2.642880435640030390e-01 3.996944797582808739e-01 2.704877295307783758e-01 4.057841488055146106e-01 2.704877295307783758e-01 4.057841488055146106e-01 4.755569877212991736e-01 -3.097869725799264340e-01
-4.755673550168358910e-01 3.136217164732040263e-01 4.319261918698378278e-01 9.244650316661606748e-02 4.319261918698378278e-01 9.244650316661606748e-02 7.738638553748391491e-01 -4.414274445873144770e-01
-3.685283983882439163e-01 -2.803424301663064444e-01 -3.619644084702706710e-01 3.343273044806619465e-01 -3.619644084702706710e-01 3.343273044806619465e-01 1.619001048093298423e-01 2.231211278992526470e-01
-6.598600666670628723e-02 -2.041812734344045088e-01 3.787967343228979544e-01 -6.825450028192769913e-02 3.787967343228979544e-01 -6.825450028192769913e-02 3.903979292658789346e-02 2.415171127798809714e-01
1.557267427145981875e-01 8.980904151582547179e-02 2.050368126301127525e-01 4.821533348159725563e-01 2.050368126301127525e-01 4.821533348159725563e-01 -1.836980817177574221e-01 -1.059941959743328777e-01
-4.607182327746126571e-01 3.647649667829786502e-01 -4.456827915184434774e-01 1.651829955933394878e-01 -4.456827915184434774e-01 1.651829955933394878e-01 7.968259745233010616e-01 -4.439727758017533166e-01
1.125260668293881494e-01 2.386988312628168796e-02 -8.379791761225163782e-03 1.200469688595529050e-02 -8.379791761225163782e-03 1.200469688595529050e-02 -1.178980349571434605e-01 -3.596222752191127053e-02
1.452277456840331826e-01 -4.645130807657271710e-03 -1.280154232325501074e-01 4.966122044990000095e-01 -1.280154232325501074e-01 4.966122044990000095e-01 -1.438785419328261483e-01 -1.642439006858869774e-02
6.651699590732829126e-02 2.313319921709864335e-01 4.033796569089795891e-01 -1.878769018746005992e-01 4.033796569089795891e-01 -1.878769018746005992e-01 -9.729201426027150879e-02 -1.822420123137246384e-01
6.319068449274500843e-02 -5.147541063505445269e-02 4.143203585585494286e-01 4.380833397931268580e-01 4.143203585585494286e-01 4.380833397931268580e-01 -5.668515162759657500e-02 5.013206592844028642e-02
8.033135146797654169e-02 2.637611533649839579e-01 -2.655650203306902934e-02 1.227927778095614375e-01 -2.655650203306902934e-02 1.227927778095614375e-01 -1.227079312970993236e-01 -2.006443333692289333e-01
2.885387936212613358e-02 4.242317085892221007e-01 9.353964956684479581e-02 4.568459913362190594e-01 9.353964956684479581e-02 4.568459913362190594e-01 -5.333534044457026446e-02 -2.450917123709355772e-01
1.177669784693171628e-01 -1.771838644246953587e-01 2.789561501543261768e-01 1.406673646590400617e-01 2.789561501543261768e-01 1.406673646590400617e-01 -7.603416177569014001e-02 1.947089250193715648e-01
3.799151745179160100e-01 -2.011728033473169086e-01 1.568617129363271134e-01 -2.663719987569319603e-01 1.568617129363271134e-01 -2.663719987569319603e-01 -2.270579731340074126e-01 9.730776032495658256e-02
3.568503024577331928e-01 1.545982033421369195e-01 -3.750689173930227271e-01 -3.823060307680512526e-01 -3.750689173930227271e-01 -3.823060307680512526e-01 -4.671871337018606019e-01 -2.580397372296958647e-01
4.346503847491600681e-02 2.172501940645406027e-01 1.695737944604466252e-01 -6.525608640449132025e-02 1.695737944604466252e-01 -6.525608640449132025e-02 -6.235061456231245913e-02 -1.719417568130859886e-01
2.488038825386118535e-01 -9.912331536483787175e-02 -5.592142283744261366e-02 -3.057204150818612076e-01 -5.592142283744261366e-02 -3.057204150818612076e-01 -1.994793511128700458e-01 4.704537504746761356e-02
4.378494408664137527e-01 -1.895328309762889241e-01 -2.079092341110403419e-01 1.900150631232678800e-01 -2.079092341110403419e-01 1.900150631232678800e-01 -2.718757527288205300e-01 3.374339212714427827e-02
-3.349841022808515145e-01 4.048139767028247071e-01 3.503688793748200858e-01 -4.379701437814020881e-01 3.503688793748200858e-01 -4.379701437814020881e-01 6.061965954339261220e-01 -3.531539697497775854e-01
2.204956683600789447e-02 -3.184088138404691515e-01 -1.188685218090735907e-01 -4.526359222419469308e-01 -1.188685218090735907e-01 -4.526359222419469308e-01 -8.008013992109054222e-03 4.193068031741081225e-01
1.454886627441757119e-01 -2.598070750204504176e-01 -3.045410507086795393e-01 -4.542004598886029143e-01 -3.045410507086795393e-01 -4.542004598886029143e-01 -6.989069491177357651e-02 3.061398402640438388e-01
-4.626697629357274799e-01 -2.066352095748491546e-02 4.906692306763057454e-01 9.830946526323069978e-02 4.906692306763057454e-01 9.830946526323069978e-02 4.435489902500935333e-01 -1.929728074791569326e-01
9.335391514138646762e-03 4.924586947447050500e-01 1.355308938638994931e-01 3.744662062692684090e-01 1.355308938638994931e-01 3.744662062692684090e-01 -1.852998095410567439e-02 -2.500302782497687004e-01
3.052231968327464573e-01 -3.959859348892909026e-01 -3.032607333289537577e-01 2.320036027240224286e-02 -3.032607333289537577e-01 2.320036027240224286e-02 -6.349501093732012880e-02 4.596295956346351241e-01
-4.982403508956402272e-01 2.609648782115683296e-01 3.209682309863416405e-01 3.427434543162400926e-01 3.209682309863416405e-01 3.427434543162400926e-01 7.582868158787798851e-01 -4.411056578122003469e-01
2.524961702186028223e-01 -3.825277738351615664e-01 -4.864107049424456486e-01 1.801699678508741354e-01 -4.864107049424456486e-01 1.801699678508741354e-01 -5.932257442735050512e-02 4.651009556153844482e-01
4.655527156217962315e-01 2.011729025692875483e-01 4.679474559715064430e-01 -1.480113587547705611e-01 4.679474559715064430e-01 -1.480113587547705611e-01 -6.528658978230978960e-01 -3.774416968639645598e-01
-1.621841129353205346e-01 -4.549544505028269015e-01 -4.681132823209657179e-01 -3.720124936419474393e-01 -4.681132823209657179e-01 -3.720124936419474393e-01 1.461134497376617714e-02 6.356343160465393050e-01
4.092222456715097767e-01 1.919304613653527447e-01 1.455425315756676552e-01 2.710649587420478346e-01 1.455425315756676552e-01 2.710649587420478346e-01 -5.663066744969069699e-01 -3.225560057178690765e-01
-4.747360545681829080e-01 -2.333991174268080782e-01 1.628090792433423140e-03 -1.625419277135571328e-01 1.628090792433423140e-03 -1.625419277135571328e-01 2.531301022743851492e-01 6.249994393545629801e-02
1.805743744444446852e-01 -3.009221154853656266e-01 3.831624935411331867e-01 1.908363003317865569e-01 3.831624935411331867e-01 1.908363003317865569e-01 -7.189672892390701342e-02 3.588691303675508593e-01
1.443266150414169724e-01 -1.872242839564439709e-01 2.073279384566467654e-01 4.217263391735155409e-01 2.073279384566467654e-01 4.217263391735155409e-01 -9.028372072744371424e-02 2.014470446501337719e-01
5.066078422181508056e-02 3.026482835613490963e-01 -2.768013184706284990e-01 1.479874905562365006e-01 -2.768013184706284990e-01 1.479874905562365006e-01 -8.132558299902351018e-02 -2.136188150766876181e-01
2.338940376588334313e-01 -4.311636895764806576e-01 4.650248941651993206e-01 -6.195090568349592708e-02 4.650248941651993206e-01 -6.195090568349592708e-02 -3.220080516498755041e-02 5.623593959333326175e-01
-4.792480506405984997e-01 3.612943252306177744e-01 -2.860253819917496498e-01 -1.826575200818519873e-01 -2.860253819917496498e-01 -1.826575200818519873e-01 8.255472527891665191e-01 -4.604394298295840238e-01
-4.582621874830389297e-01 -4.121630709402585024e-01 -1.351157506638629435e-01 -4.805166495485561073e-01 -1.351157506638629435e-01 -4.805166495485561073e-01 8.050468650541930948e-02 3.720372355104231143e-01
-1.266592399485307885e-01 -2.147343768781871942e-01 -3.809135600863334803e-01 5.964955199045263168e-02 -3.809135600863334803e-01 5.964955199045263168e-02 7.226305401610567947e-02 2.448026664271110431e-01
-4.350930175933903632e-01 -2.579302451388318929e-01 7.941929538065217731e-02 -1.791076720588535842e-03 7.941929538065217731e-02 -1.791076720588535842e-03 2.106457202212758117e-01 1.351523225376874970e-01
-4.795700311885047196e-01 -1.113436548926147740e-01 5.905677780624951634e-02 -4.465311533183197179e-01 5.905677780624951634e-02 -4.465311533183197179e-01 3.727758710895179850e-01 -1.062463504366829292e-01
2.605307121989587360e-01 -3.594012732146057987e-01 -1.318804642645552416e-01 3.171792662661755413e-01 -1.318804642645552416e-01 3.171792662661755413e-01 -7.326057284733114572e-02 4.206942964039888655e-01
-8.786622463605930911e-02 3.253221089727125204e-01 -4.667085910822766914e-01 1.588296208826609490e-01 -4.667085910822766914e-01 1.588296208826609490e-01 1.450358756482051648e-01 -2.272081078180535063e-01
2.917569962766239922e-01 -2.508034043708675664e-01 -2.631705870817951931e-01 2.878095174291017688e-01 -2.631705870817951931e-01 2.878095174291017688e-01 -1.454097004462323317e-01 2.285836071385264900e-01
-1.969374393489652375e-01 -1.532009695772418301e-02 3.176159229732351541e-01 1.077757626294386650e-01 3.176159229732351541e-01 1.077757626294386650e-01 1.909032380181010791e-01 -2.322955268880910751e-02
-2.820915637971572743e-01 -2.788047135064448678e-01 1.298968348041116272e-01 2.437351466248613985e-01 1.298968348041116272e-01 2.437351466248613985e-01 1.247946485430543873e-01 2.769611314143299863e-01
-1.926205814625355783e-01 -1.090444373981275250e-01 -2.993058868768718739e-01 2.590563174316188322e-01 -2.993058868768718739e-01 2.590563174316188322e-01 1.506121755887708247e-01 8.383243832263637119e-02
-1.035581211215494957e-01 2.442620917032978234e-02 -5.998090379019860308e-02 -2.184530792731051996e-01 -5.998090379019860308e-02 -2.184530792731051996e-01 1.086171857771521254e-01 -3.455385392612259077e-02
3.847186881060605801e-01 -1.974173904513358835e-01 1.241306412669799242e-01 -1.508746254105195472e-01 1.241306412669799242e-01 -1.508746254105195472e-01 -2.328183691785408460e-01 8.838254752590277152e-02
-1.897162930598810249e-01 8.383106529762029968e-02 4.607407952348514524e-01 -3.124117442469588335e-01 4.607407952348514524e-01 -3.124117442469588335e-01 2.215245309629317316e-01 -1.127956896410690912e-01
-1.692806880178679974e-01 -9.978790975721818501e-02 -3.708854561634628011e-01 -9.977452719194923603e-02 -3.708854561634628011e-01 -9.977452719194923603e-02 1.354963559787343563e-01 8.108958535513015320e-02
-1.074707560534127193e-01 -4.957760864915929933e-01 -6.781408176794856413e-02 2.077172152607645872e-01 -6.781408176794856413e-02 2.077172152607645872e-01 9.078943565054425902e-04 7.300200510218203265e-01
-8.776259148254472731e-02 3.851907855493335031e-01 -3.839637928991690430e-01 -3.141851459777047495e-01 -3.839637928991690430e-01 -3.141851459777047495e-01 1.553732745925580083e-01 -2.445211167409528930e-01
2.509266518441872762e-01 -4.869313866268508706e-01 1.211277966332597877e-01 2.781909237873594343e-01 1.211277966332597877e-01 2.781909237873594343e-01 -6.558526795940960996e-03 6.610693773034646004e-01
6.512635395780452807e-02 1.482792162720237839e-01 -2.159649843888687970e-01 1.977319782273233573e-01 -2.159649843888687970e-01 1.977319782273233573e-01 -8.444012340483986190e-02 -1.305339322736154273e-01
3.027759363482463995e-01 2.143751515210080560e-01 1.290909626495879703e-01 -3.326884803309916316e-01 1.290909626495879703e-01 -3.326884803309916316e-01 -4.325912108113871835e-01 -2.600917135629102206e-01
4.818348580878781817e-01 -3.222331977242763879e-01 -3.653604196004305305e-01 2.770402747102845842e-01 -3.653604196004305305e-01 2.770402747102845842e-01 -1.713084838945183597e-01 1.939026009713232801e-01
-2.243803663962385953e-01 -2.223610730964945548e-01 3.462740453125295881e-01 -1.325532102382205313e-01 3.462740453125295881e-01 -1.325532102382205313e-01 1.245934482889341083e-01 2.214589711010088724e-01
1.712569051256316310e-01 3.115371477991413229e-01 -1.796305609929671476e-02 -3.088662788073123222e-01 -1.796305609929671476e-02 -3.088662788073123222e-01 -2.779626806531264593e-01 -2.438106808935268932e-01
4.075429465160510523e-01 4.464418322439492881e-01 9.364422862367094424e-02 1.285692473489817855e-01 9.364422862367094424e-02 1.285692473489817855e-01 -7.714313860374983900e-01 -4.132227759215996166e-01
3.212164761982603256e-01 2.073898899099136939e-01 3.472739199350465267e-01 -2.484683817926357507e-01 3.472739199350465267e-01 -2.484683817926357507e-01 -4.544505754702755640e-01 -2.675593480542950986e-01
2.665601265709067746e-01 -5.160706011046067854e-02 -4.468742955604627642e-01 2.397672749159409644e-01 -4.468742955604627642e-01 2.397672749159409644e-01 -2.390473576209131978e-01 -1.678395231379245511e-02
-4.148579376272698571e-02 4.011414967516501173e-01 4.678727674569982398e-01 -2.721293332955521116e-01 4.678727674569982398e-01 -2.721293332955521116e-01 7.476914057054813434e-02 -2.419480674196194947e-01
-1.622453531148164707e-01 -1.299047131019670509e-02 4.767080260738778552e-01 3.487007059005109433e-01 4.767080260738778552e-01 3.487007059005109433e-01 1.580300659051149526e-01 -1.316433095229373879e-02
-2.321118142979081700e-01 -1.071089446787902855e-01 2.514209327286175411e-01 -4.911501010637391307e-01 2.514209327286175411e-01 -4.911501010637391307e-01 1.823893113440515912e-01 6.470537637232784411e-02
-7.125267087095732421e-02 2.730506942808770265e-01 -4.612198039351138590e-01 -8.196763576156551601e-02 -4.612198039351138590e-01 -8.196763576156551601e-02 1.101638533723207636e-01 -2.035709557398530101e-01
-7.050782156836166159e-02 5.259803039930044388e-02 4.916129363227399462e-01 -2.848919132607981020e-01 4.916129363227399462e-01 -2.848919132607981020e-01 7.792496665284394386e-02 -5.480283049973063564e-02
-2.209103929278740663e-01 4.308159224933445497e-01 3.465732304205961789e-01 -3.049562094319613337e-03 3.465732304205961789e-01 -3.049562094319613337e-03 4.112538223630526346e-01 -2.940149651231007688e-01
-4.513719937365944235e-01 -3.485162870494985521e-01 4.826545769798094021e-01 -4.058262880593143107e-01 4.826545769798094021e-01 -4.058262880593143107e-01 1.367510110661795952e-01 2.662432126585188019e-01
8.419582853067553163e-02 -7.128965442633206084e-02 -7.525897799484426720e-03 4.477147799579431764e-01 -7.525897799484426720e-03 4.477147799579431764e-01 -7.219124549049439621e-02 6.928293171259099215e-02
-1.316580946697765153e-01 -1.785348944793426762e-01 3.799693575880420671e-01 -4.567972638164787824e-01 3.799693575880420671e-01 -4.567972638164787824e-01 8.464696659133680301e-02 1.930757491340168719e-01
3.385770150538872647e-01 -4.175630952959004105e-01 2.938839212240893506e-01 -2.220933278280203815e-01 2.938839212240893506e-01 -2.220933278280203815e-01 -5.582248224999158959e-02 4.772876387261933973e-01
-1.185884650953679120e-01 3.897329460901544085e-01 -1.335673143134741281e-02 4.996498787040118961e-01 -1.335673143134741281e-02 4.996498787040118961e-01 2.110241288432222750e-01 -2.519044008757185260e-01
3.644791938019532607e-01 1.026417082776404088e-01 -6.096008776164962839e-02 -7.010272931470395985e-02 -6.096008776164962839e-02 -7.010272931470395985e-02 -4.393007279689325473e-01 -2.249514707140099767e-01
-3.483135756050208531e-01 -4.053835612781927500e-01 2.781298308142053921e-01 4.715877319119964328e-01 2.781298308142053921e-01 4.715877319119964328e-01 6.591238016441208769e-02 4.483970460820284609e-01
-2.117468612077836321e-01 1.393729219984777279e-01 3.382349609471311247e-01 3.198965297579482447e-01 3.382349609471311247e-01 3.198965297579482447e-01 2.707704187488534364e-01 -1.647848438434323382e-01
-1.850731281573116949e-01 -4.195363826428085696e-01 -3.422253300266632214e-01 3.303267871607025175e-01 -3.422253300266632214e-01 3.303267871607025175e-01 2.978330673429677167e-02 5.612950962378888686e-01
-1.395146898459412865e-01 -2.685758309003605238e-01 -4.360460750625226867e-01 1.565242488306048951e-01 -4.360460750625226867e-01 1.565242488306048951e-01 6.457414234958173960e-02 3.212444591613703992e-01
-3.774900185625801319e-01 3.209913422120398430e-01 -3.927465886768857217e-01 -1.152092135081925761e-01 -3.927465886768857217e-01 -1.152092135081925761e-01 6.198320740226810344e-01 -3.604546145513300437e-01
3.286813263076766578e-01 -4.438160190880596767e-01 3.405620427928017779e-01 8.367287565518999326e-02 3.405620427928017779e-01 8.367287565518999326e-02 -3.693325072676345577e-02 5.327572636238592230e-01
