1.045388286317110449e-01 3.241501738055362347e-01 -1.307305866103302128e-01 8.536158333648502516e-02 -1.307305866103302128e-01 8.536158333648502516e-02 -1.723113875725036381e-01 -2.300052053190671242e-01
2.913426756488137759e-01 -1.131197357927070657e-01 -4.461473767697305970e-01 -3.670351702752527867e-02 -4.461473767697305970e-01 -3.670351702752527867e-02 -2.254294626597454498e-01 4.103525576430901156e-02
-2.870980295277915095e-01 4.296476447885176908e-01 -4.852618096075128618e-01 -2.911948601744792642e-01 -4.852618096075128618e-01 -2.911948601744792642e-01 5.338000139478713546e-01 -3.274758246749380763e-01
4.587006814026300949e-01 1.809679020715648790e-02 2.154613111763625799e-01 -4.084683307763714577e-02 2.154613111763625799e-01 -4.084683307763714577e-02 -4.753027014010763329e-01 -2.281756115105918192e-01
2.026618234804864471e-01 -1.472225838046636870e-01 2.873707760144172951e-01 2.033327742463038046e-01 2.873707760144172951e-01 2.033327742463038046e-01 -1.429890288977626878e-01 1.278252582903490753e-01
4.133012440268775123e-01 2.367238044020447685e-01 1.903501188598211158e-02 -2.372325516233719789e-02 1.903501188598211158e-02 -2.372325516233719789e-02 -6.089777297271581347e-01 -3.515035631456317478e-01
2.373998988360687123e-01 -2.506444340699974793e-01 -2.660652431242485072e-01 -3.567356790387248289e-01 -2.660652431242485072e-01 -3.567356790387248289e-01 -1.183939722519865151e-01 2.571083544328911508e-01
-4.128669427405540215e-02 -1.494693296248886805e-01 2.173554306827294447e-01 -1.613816169388803123e-01 2.173554306827294447e-01 -1.613816169388803123e-01 2.894450524291381985e-02 1.701058189993229774e-01
4.891802777531344404e-01 2.423335870866194508e-02 -3.815846345320158539e-01 5.938254556334210399e-02 -3.815846345320158539e-01 5.938254556334210399e-02 -5.128892400411235730e-01 -2.629434471769930282e-01
-1.916639699994679980e-01 2.622246836774553280e-01 4.617001960528150928e-01 2.802309754154712618e-01 4.617001960528150928e-01 2.802309754154712618e-01 2.921820178104195809e-01 -2.301979763436707849e-01
1.688547064212764237e-01 4.088152539422492682e-01 8.043527346977108472e-02 3.117735474229278436e-01 8.043527346977108472e-02 3.117735474229278436e-01 -3.069154657911925543e-01 -2.701972539669989515e-01
-3.970836338280800959e-01 -3.448467559385067771e-01 2.635797516334329460e-01 1.350168724642306639e-01 2.635797516334329460e-01 1.350168724642306639e-01 1.232176279043054601e-01 3.060906287657060298e-01
2.494856954349746747e-01 4.798242248598794113e-02 1.050341740485561948e-01 3.683330957527614080e-01 1.050341740485561948e-01 3.683330957527614080e-01 -2.734275515201176066e-01 -1.079232218450370401e-01
-2.734966766868554000e-01 -3.787128738498330982e-01 -4.677451607748051021e-02 -1.945924049887249874e-01 -4.677451607748051021e-02 -1.945924049887249874e-01 6.634325185394007729e-02 4.473358825106783510e-01
-2.892996741310950304e-01 -9.516421035760391778e-02 -7.315503519459665149e-02 3.259191768630768093e-01 -7.315503519459665149e-02 3.259191768630768093e-01 2.342377240402994387e-01 2.052613583823242882e-02
2.120243742497532891e-01 3.948655555762267122e-01 3.857320068725723639e-01 3.546899876203336577e-01 3.857320068725723639e-01 3.546899876203336577e-01 -3.794666189174146220e-01 -2.839010838717039853e-01
3.445585328061180341e-01 -3.643164747615139643e-01 -2.082940090436018465e-01 2.650396785255009213e-01 -2.082940090436018465e-01 2.650396785255009213e-01 -9.350183276426926593e-02 3.783223860146660567e-01
4.847168031598662052e-01 4.879351995970453437e-01 1.735161650983056969e-01 -1.349737415940353014e-01 1.735161650983056969e-01 -1.349737415940353014e-01 -9.577375833555683560e-01 -4.848048198567573852e-01
-2.758369743185401513e-01 3.884176962928098664e-02 -3.784808356042116406e-01 -2.497376874100737387e-01 -3.784808356042116406e-01 -2.497376874100737387e-01 2.972649667419774433e-01 -1.134191229625538255e-01
2.967787559433180400e-01 -9.122866876453061824e-02 -4.336727151942189051e-01 -1.487100487841701568e-01 -4.336727151942189051e-01 -1.487100487841701568e-01 -2.426292942987131607e-01 1.147370878981553155e-02
-9.359862934839147108e-03 2.550654114298184227e-01 -4.933809095683127088e-01 2.823937890008870744e-01 -4.933809095683127088e-01 2.823937890008870744e-01 1.413461751564205546e-02 -1.900946543561148339e-01
2.990792682807419389e-01 -5.677620211176237497e-02 -1.558097883675478856e-01 -2.219198108154974980e-01 -1.558097883675478856e-01 -2.219198108154974980e-01 -2.651180983140511427e-01 -2.944866947734595120e-02
-7.104922028429250247e-02 3.500714273442252500e-01 2.863766762658370713e-02 2.249439032215030387e-01 2.863766762658370713e-02 2.249439032215030387e-01 1.207938241975256149e-01 -2.325694148044079868e-01
1.298397030328184432e-01 -2.979736241296933041e-01 1.412376526322721704e-01 -4.873145277290538147e-01 1.412376526322721704e-01 -4.873145277290538147e-01 -5.246208929559435796e-02 3.699035563230265722e-01
-2.239169150223414562e-01 4.281877693571258803e-01 1.408422676587468558e-01 -4.114531124981949395e-01 1.408422676587468558e-01 -4.114531124981949395e-01 4.156738837518324514e-01 -2.949817883632170901e-01
-1.993510927919261988e-01 -5.566576184919302950e-02 1.548835275831856872e-01 2.032942563254203083e-01 1.548835275831856872e-01 2.032942563254203083e-01 1.771570318804627231e-01 1.902358069410892832e-02
-2.222784702685793867e-01 -3.242309752946881396e-02 -1.663897830197628158e-01 4.058730810121589094e-01 -1.663897830197628158e-01 4.058730810121589094e-01 2.078645572281408171e-01 -1.593336356206546955e-02
2.582172334756304144e-01 -3.520649715308815653e-01 -1.491868942719296598e-01 -1.255266413233178113e-01 -1.491868942719296598e-01 -1.255266413233178113e-01 -7.639874757086878576e-02 4.093385760461137890e-01
-3.547052236238094070e-01 -2.211542535928149311e-01 1.640850357804277682e-01 -4.818934622290826919e-02 1.640850357804277682e-01 -4.818934622290826919e-02 1.978160856718172433e-01 1.442476618089933993e-01
4.257839646040150194e-01 3.245535551065343860e-01 4.941712537094130608e-01 3.231270496066118714e-02 4.941712537094130608e-01 3.231270496066118714e-02 -7.021633634431907467e-01 -4.005105294881572409e-01
-4.242825538277332775e-01 -1.720677085845736531e-01 5.406457325468450037e-02 1.212234108635463770e-01 5.406457325468450037e-02 1.212234108635463770e-01 2.782719001686351223e-01 2.165931943953602890e-02
-3.679656295425164370e-01 -4.974082321308602728e-01 4.453659840726624797e-01 -2.890250719368587795e-01 4.453659840726624797e-01 -2.890250719368587795e-01 1.907362991192151913e-03 6.094244769977876786e-01
-2.011660850361685071e-02 3.126661586821748440e-01 -8.059456002714571188e-02 2.180815924842541831e-01 -8.059456002714571188e-02 2.180815924842541831e-01 3.269617391669495804e-02 -2.153107098347956938e-01
-3.549970371445332340e-01 -2.234592685418076430e-01 -2.096088601191548051e-01 -3.518545884484660657e-01 -2.096088601191548051e-01 -3.518545884484660657e-01 1.963422806348806005e-01 1.473704168576502327e-01
-4.901545592003114793e-01 -4.391463246936899711e-01 -3.898767228156292397e-01 -5.665696809495324171e-02 -3.898767228156292397e-01 -5.665696809495324171e-02 5.965541279096653327e-02 3.917443272808140975e-01
-4.860677320657518230e-01 -2.802733078945831569e-01 2.076712230464456965e-01 -1.343955023738750976e-01 2.076712230464456965e-01 -1.343955023738750976e-01 2.136041098119794146e-01 1.225645948572114674e-01
2.207140306231447635e-01 -2.872374858595139191e-02 -3.167944407446023902e-01 -4.728266436766970227e-02 -3.167944407446023902e-01 -4.728266436766970227e-02 -2.080345619731223950e-01 -1.916588099513415189e-02
2.100658900630637538e-01 1.780710785110295458e-01 1.251930268329348728e-01 -3.842500588558755981e-01 1.251930268329348728e-01 -3.842500588558755981e-01 -2.848792092668820386e-01 -1.904894476769354861e-01
1.190649512332331295e-01 -3.114472706795512469e-01 -4.444916335864957935e-01 1.826604441900938625e-01 -4.444916335864957935e-01 1.826604441900938625e-01 -4.490004304286447645e-02 3.942702104811207087e-01
4.726011139048933440e-01 5.284801052957588396e-03 -4.733542769242287118e-01 -4.453309547879020780e-01 -4.733542769242287118e-01 -4.453309547879020780e-01 -4.775963196336803773e-01 -2.286086847949342082e-01
-3.524559907804385439e-01 -1.221104112178726941e-01 4.622835988281289721e-01 1.031326608527453059e-01 4.622835988281289721e-01 1.031326608527453059e-01 2.663788988396343371e-01 1.279613830865009017e-02
-1.852338638486832334e-01 4.155936365522566733e-01 -6.359848880681862049e-03 1.937057408186114715e-01 -6.359848880681862049e-03 1.937057408186114715e-01 3.391978940276829668e-01 -2.771871501258399428e-01
-3.165757579004176980e-01 -3.810333512827858149e-01 -7.458659799885836161e-02 4.306147579900487798e-01 -7.458659799885836161e-02 4.306147579900487798e-01 7.532391396504967140e-02 4.259995555823528068e-01
3.397085104160708635e-01 -4.943959101008013057e-01 1.189780544469472012e-01 -4.924813084574336530e-01 1.189780544469472012e-01 -4.924813084574336530e-01 -3.807514063789096959e-03 6.234213539760952161e-01
-2.663181401786767211e-01 -2.457481702072228380e-02 9.622989633574052792e-02 4.566765500242793152e-01 9.622989633574052792e-02 4.566765500242793152e-01 2.532287010502966007e-01 -4.574661313590502876e-02
-1.961457271689619475e-01 2.353849778369909718e-02 -1.154693848274170875e-01 -4.584864550191523058e-01 -1.154693848274170875e-01 -4.584864550191523058e-01 2.053796786974592670e-01 -6.145758319242674433e-02
-1.952579232147788613e-02 -9.266248208998895119e-02 -4.841409152041369346e-01 4.579487688130794432e-01 -4.841409152041369346e-01 4.579487688130794432e-01 1.590717555891430976e-02 1.008675611112849896e-01
-2.083953427073703679e-02 2.222995061422634588e-01 1.765494282198708520e-01 1.373232240028122719e-01 1.765494282198708520e-01 1.373232240028122719e-01 3.010477062397627288e-02 -1.733167218997904435e-01
-3.090799413334063273e-01 1.025018362665696126e-01 2.032630463479654370e-01 -3.567090027612919156e-01 2.032630463479654370e-01 -3.567090027612919156e-01 3.724424644130818196e-01 -1.875256199632128751e-01
-3.402689174942237216e-01 -1.617108604853833009e-01 -4.140183552278446921e-01 2.137957380688534359e-01 -4.140183552278446921e-01 2.137957380688534359e-01 2.302185586053820954e-01 7.207832667161558071e-02
-3.242701367868183748e-01 4.413775238322021899e-01 6.241910153000862493e-02 -1.391524713297016547e-01 6.241910153000862493e-02 -1.391524713297016547e-01 6.105212368422091584e-01 -3.517145268996978436e-01
-8.406753944397171718e-02 -3.189722023019022634e-01 1.621354847096090346e-02 -1.923212368820994556e-01 1.621354847096090346e-02 -1.923212368820994556e-01 3.043712304688032944e-02 4.136481169550642045e-01
4.133302078407228297e-01 4.748719943295544033e-01 2.003949143906647024e-02 3.994568237801093824e-01 2.003949143906647024e-02 3.994568237801093824e-01 -8.058880880686694059e-01 -4.202104440446811640e-01
-3.283247023228351713e-01 1.790600463725244840e-01 -4.980096760335006589e-02 1.630649372785487605e-01 -4.980096760335006589e-02 1.630649372785487605e-01 4.459043751691794677e-01 -2.547946563209722015e-01
-4.655075258268781546e-02 -3.551212283160731786e-02 2.441060223707304244e-01 -2.219732613732575688e-01 2.441060223707304244e-01 -2.219732613732575688e-01 4.324452049544746934e-02 3.460626113359986655e-02
-3.810015087887963503e-01 -3.821478441086541000e-01 -3.587967358484366320e-01 -8.126658327486901978e-02 -3.587967358484366320e-01 -8.126658327486901978e-02 8.980369841723045976e-02 3.830226691662070304e-01
-3.710448124887248955e-01 -4.663951156961220201e-01 3.992540627139221643e-01 4.843021268455887096e-01 3.992540627139221643e-01 4.843021268455887096e-01 2.493783599047538768e-02 5.462452667665280703e-01
-2.569202319372652088e-01 3.896943709637243902e-01 -2.607037613649543228e-01 3.938696462267559095e-01 -2.607037613649543228e-01 3.938696462267559095e-01 4.571609682825586995e-01 -3.038406737816097269e-01
-1.192467520797153568e-01 4.203924096472426708e-01 1.166514448576362328e-01 3.804022399708363311e-01 1.166514448576362328e-01 3.804022399708363311e-01 2.195076109785131235e-01 -2.578824194397886793e-01
-2.233154727074342372e-01 2.832485179204603520e-01 -4.171643631603914049e-01 -2.210710532851591914e-01 -4.171643631603914049e-01 -2.210710532851591914e-01 3.498230260536097647e-01 -2.528885953668678077e-01
4.665594515992091962e-01 -1.410289203755618059e-01 -3.858690056314187933e-01 1.096809311091729855e-01 -3.858690056314187933e-01 1.096809311091729855e-01 -3.349627000991078907e-01 -5.675964511869646678e-02
-1.524187848475080376e-01 -3.016540094506239278e-01 -5.096291513904671611e-03 -2.138860403011881850e-01 -5.096291513904671611e-03 -2.138860403011881850e-01 6.046330971782243324e-02 3.694176648938700680e-01
4.559500306879225029e-01 1.571595535584476844e-01 -1.273489278673097802e-01 3.046403556625404407e-01 -1.273489278673097802e-01 3.046403556625404407e-01 -5.992638372236713806e-01 -3.403508587680745823e-01
3.281605969166585535e-01 -1.584203250015303599e-01 -4.026321740701683805e-01 -3.667641388862260543e-01 -4.026321740701683805e-01 -3.667641388862260543e-01 -2.241859800841920491e-01 7.582794700642321584e-02
-5.940392768444990867e-02 4.544203487034548239e-02 7.519695796353864647e-02 4.428376579465428398e-01 7.519695796353864647e-02 4.428376579465428398e-01 6.480279839099441219e-02 -4.690588296152713860e-02
4.954259870583566094e-02 3.081373489964045476e-01 -3.960070394507460012e-01 2.998012285033290203e-01 -3.960070394507460012e-01 2.998012285033290203e-01 -8.007444876105346276e-02 -2.156431922363999942e-01
4.186916511095970517e-01 -1.167387415774248094e-01 1.501577792943158407e-01 6.996299130518779386e-02 1.501577792943158407e-01 6.996299130518779386e-02 -3.209365781905799131e-01 -4.493602334637497586e-02
-1.061843938296480605e-02 3.946122235831154290e-01 -2.620883786485217470e-01 -4.920249723863401314e-03 -2.620883786485217470e-01 -4.920249723863401314e-03 1.899877133475334073e-02 -2.390061678368344544e-01
-2.739855857333831635e-01 2.743068332414703159e-01 8.073533520425946186e-03 -2.712262772719220560e-01 8.073533520425946186e-03 -2.712262772719220560e-01 4.242978224860505798e-01 -2.741306956681715534e-01
-3.008570807314374651e-01 2.951565509935791809e-01 -2.714800114033094625e-01 2.519924915355225004e-01 -2.714800114033094625e-01 2.519924915355225004e-01 4.784569573128132358e-01 -2.985541444253965726e-01
3.295774770865355086e-01 -2.938623012828656123e-03 2.410307833711357040e-01 4.423010699620617547e-01 2.410307833711357040e-01 4.423010699620617547e-01 -3.276404691691824911e-01 -1.056740548846856476e-01
-4.390518576392602457e-01 1.249183517697680657e-01 -2.759829070789246996e-01 4.969961617890303884e-01 -2.759829070789246996e-01 4.969961617890303884e-01 5.487431264347627513e-01 -3.020802908573778089e-01
4.449670331340194185e-01 -2.965824601867659283e-01 -3.540365015595833276e-01 1.187114620116925812e-01 -3.540365015595833276e-01 1.187114620116925812e-01 -1.810281983562320729e-01 1.865479553011090141e-01
4.941317250227038604e-01 -3.910850472232366704e-01 -8.113640918389930512e-02 3.862535481368466472e-01 -8.113640918389930512e-02 3.862535481368466472e-01 -1.076366669926968056e-01 2.998663997109248802e-01
2.465772369939375208e-01 1.471614622041748088e-01 3.939740569094636324e-01 -2.840516143418680972e-02 3.939740569094636324e-01 -2.840516143418680972e-02 -3.191505704785239095e-01 -1.863053000496684708e-01
-3.996030503389327304e-01 -8.245968454664753811e-02 2.531660375830983023e-01 1.779531101559905792e-02 2.531660375830983023e-01 1.779531101559905792e-02 3.337007673892797288e-01 -7.042331371799945283e-02
4.797054384180903241e-01 -3.076364398200395200e-01 3.070974623251824243e-01 3.100579200115263223e-01 3.070974623251824243e-01 3.100579200115263223e-01 -1.845556919435852872e-01 1.721593112772960565e-01
3.790754936966431732e-01 1.280914971659115054e-01 6.727477999370856665e-02 -3.965290281968593122e-01 6.727477999370856665e-02 -3.965290281968593122e-01 -4.761881887496632881e-01 -2.553822954410605583e-01
8.485539946468756423e-02 4.223859832244358792e-02 -3.015258409270485940e-01 -2.240909322344684096e-01 -3.015258409270485940e-01 -2.240909322344684096e-01 -9.202374573164642801e-02 -4.765493795251055098e-02
3.444142564877196167e-01 4.144151137496887571e-02 6.502187282844174021e-02 1.091130875011373513e-01 6.502187282844174021e-02 1.091130875011373513e-01 -3.729603511435941599e-01 -1.583452925819159307e-01
-3.465053630216272662e-01 -1.273114600225815352e-01 -3.578482036154437829e-01 -2.189779135267430066e-01 -3.578482036154437829e-01 -2.189779135267430066e-01 2.582771556777512800e-01 2.345370127291321327e-02
4.092915357900761553e-02 2.029418706201848721e-01 3.433121258779646690e-01 7.587522755550557552e-02 3.433121258779646690e-01 7.587522755550557552e-02 -5.754163155945689334e-02 -1.634316633820590003e-01
-4.067313268346584021e-01 -3.094369495206659160e-01 -2.908237905186482619e-01 -1.710557034889853556e-01 -2.908237905186482619e-01 -1.710557034889853556e-01 1.550159247342390856e-01 2.397578030206393707e-01
-1.544005512623387588e-01 1.309669182005747112e-01 -4.006962768915198758e-01 -3.303431925991346940e-01 -4.006962768915198758e-01 -3.303431925991346940e-01 1.948432799969354867e-01 -1.376541147677327881e-01
3.659777198314928537e-01 4.209517457842940624e-01 -3.976911150414905727e-01 1.506655129767677792e-01 -3.976911150414905727e-01 1.506655129767677792e-01 -6.740956399939371790e-01 -3.776910649185077906e-01
1.575396497051276823e-01 -3.450736655817283616e-01 1.919781498708071910e-01 -1.808248861304220245e-01 1.919781498708071910e-01 -1.808248861304220245e-01 -4.881408090870796579e-02 4.393307590305245425e-01
2.021693819198128184e-01 1.012417294305694160e-01 -2.777125036112850776e-01 -3.388586062668569321e-01 -2.777125036112850776e-01 -3.388586062668569321e-01 -2.431053376467550986e-01 -1.318643006383159455e-01
-3.114222534029323919e-01 3.699700540182780939e-01 -2.417301894708782095e-01 -8.156078843005865053e-02 -2.417301894708782095e-01 -8.156078843005865053e-02 5.418560692308860283e-01 -3.300760330625507333e-01
-2.562974720070199108e-01 1.600276742336608216e-01 3.459413821942647349e-01 4.984767861493832886e-02 3.459413821942647349e-01 4.984767861493832886e-02 3.383268487215203013e-01 -2.001072118702152958e-01
-3.348069033502264480e-01 -2.683492428292033605e-02 -1.759348837179129932e-01 4.272758871695554461e-01 -1.759348837179129932e-01 4.272758871695554461e-01 3.168378675486217544e-01 -8.454062508677748222e-02
-2.918016194616724901e-01 -2.514557357872350130e-01 -4.666261778479630085e-02 3.913396775472647304e-01 -4.666261778479630085e-02 3.913396775472647304e-01 1.450512376103892664e-01 2.295375377270800210e-01
2.487217639408884073e-01 4.195401264406627417e-01 -5.415524998900511644e-02 -2.637480898532573725e-01 -5.415524998900511644e-02 -2.637480898532573725e-01 -4.574192845254984041e-01 -3.053887246046824711e-01
-4.431471444013530547e-01 9.294046547052414731e-02 -3.471155602442020927e-01 -4.807210556348289199e-01 -3.471155602442020927e-01 -4.807210556348289199e-01 5.255197481465436748e-01 -2.806819269397201055e-01
4.941264815471441141e-01 1.120123587787984487e-01 1.078637342700446977e-01 -4.905749404469090802e-01 1.078637342700446977e-01 -4.905749404469090802e-01 -6.048230270134722364e-01 -3.436265700257683520e-01
1.090424627612779362e-01 -1.944570260358576830e-01 3.908269611917544184e-01 -2.991390564584938128e-01 3.908269611917544184e-01 -2.991390564584938128e-01 -6.663431672091020552e-02 2.203803023255232196e-01
9.125654030574459341e-02 2.147066912898085711e-01 -2.377621950484104518e-01 -8.144536425456183615e-02 -2.377621950484104518e-01 -8.144536425456183615e-02 -1.304433199609475458e-01 -1.769354841537653933e-01
-2.015505291108206087e-01 -1.425401153927305931e-01 -4.636319184729897902e-01 2.553660892374390867e-01 -4.636319184729897902e-01 2.553660892374390867e-01 1.440924577569760445e-01 1.222351841040517917e-01
6.968388641337341927e-02 -4.123738774319010147e-01 2.081111445466827803e-01 4.499133067460292512e-02 2.081111445466827803e-01 4.499133067460292512e-02 -1.221225754375949296e-02 5.775702481944495759e-01
-3.906950919204543737e-01 1.341071275571921184e-01 -2.064469461629135916e-01 -1.711782873965308482e-01 -2.064469461629135916e-01 -1.711782873965308482e-01 4.954850849767449272e-01 -2.687650607462833685e-01
2.645027771966663721e-01 3.075824662986498259e-01 1.208041041166674212e-03 -2.985462877047861951e-01 1.208041041166674212e-03 -2.985462877047861951e-01 -4.272156103026522045e-01 -2.829372118690390847e-01
-2.450980244537608321e-01 2.489759982104228220e-01 4.287728437182543040e-01 3.778406063289818650e-01 4.287728437182543040e-01 3.778406063289818650e-01 3.671450750493162607e-01 -2.470599921166826973e-01
-3.228923693798058103e-02 1.417459659677577921e-02 1.342099281595090510e-01 -4.340469807582063577e-01 1.342099281595090510e-01 -4.340469807582063577e-01 3.320461075400775453e-02 -1.501627223013150131e-02
1.473568514731891099e-01 3.350458408904217755e-01 3.001093079695165144e-01 1.066362648991858730e-01 3.001093079695165144e-01 1.066362648991858730e-01 -2.460994518987883739e-01 -2.445041670685434709e-01
