-2.165121375677901971e-01 1.630267489986300111e-01 -5.902442542590791152e-02 -1.830009312493481310e-01 -5.902442542590791152e-02 -1.830009312493481310e-01 2.871066773806321692e-01 -1.833265338237413944e-01
5.343283415435684525e-02 -3.662959157708709501e-01 3.094698280443157756e-01 4.114931909727104209e-02 3.094698280443157756e-01 4.114931909727104209e-02 -1.428837631675042297e-02 4.976135459155249796e-01
3.957395310931173249e-01 -2.020568762593929479e-01 4.060644258822015962e-01 3.043170297646002886e-01 4.060644258822015962e-01 3.043170297646002886e-01 -2.358157441630529261e-01 8.627408103329620159e-02
-3.374793151334807284e-01 1.208021958319266398e-01 3.466380663105522730e-01 -5.415298493040066052e-02 3.466380663105522730e-01 -5.415298493040066052e-02 4.190157997654391786e-01 -2.201013134570746765e-01
4.870681297267698273e-02 -4.175394002321576314e-01 -2.917453898190460748e-01 -3.636740820003655505e-01 -2.917453898190460748e-01 -3.636740820003655505e-01 -8.032786021014141908e-03 5.895061973484322371e-01
-2.840505289802233158e-01 -5.629193544369670565e-02 4.927944775870328753e-01 1.543011150834918688e-01 4.927944775870328753e-01 1.543011150834918688e-01 2.520710209000180391e-01 -2.122398557425066168e-02
2.952045871766384444e-01 8.607154318571996754e-02 -3.695512693046645314e-01 8.145862418197824528e-02 -3.695512693046645314e-01 8.145862418197824528e-02 -3.460220159242317628e-01 -1.658089809294782391e-01
-1.953135670516079614e-01 -4.506352665813426750e-01 -1.051561585284382927e-01 -4.388923964417643653e-01 -1.051561585284382927e-01 -4.388923964417643653e-01 1.928320434109936921e-02 6.155600205937574732e-01
2.555294769028361168e-01 3.839354641184828942e-01 -2.516013388853205468e-01 2.372962459158926007e-01 -2.516013388853205468e-01 2.372962459158926007e-01 -4.517431335241232082e-01 -3.018243370768450839e-01
4.779524096569847114e-01 4.323904036222125935e-01 -3.502454238455208202e-01 -4.600256416647845459e-01 -3.502454238455208202e-01 -4.600256416647845459e-01 -8.912764803045700734e-01 -4.738674483745508037e-01
-3.566676825286786423e-01 1.807863684161898910e-01 -3.218745082061417184e-01 3.549463148471531104e-01 -3.218745082061417184e-01 3.549463148471531104e-01 4.856289926402353463e-01 -2.753144931714538446e-01
-2.722871032781640777e-01 4.119236770924034063e-01 2.402960625569504627e-01 -4.280738336335625505e-01 2.402960625569504627e-01 -4.280738336335625505e-01 4.966101128925247687e-01 -3.163828279546903599e-01
-1.490577394591185989e-02 -1.756070021915885349e-01 1.148018467681024557e-01 -3.995118197853969599e-01 1.148018467681024557e-01 -3.995118197853969599e-01 9.670657389937725376e-03 2.062226393133785030e-01
-1.408924751365085992e-01 -3.158342618317602213e-01 -4.247409948367560917e-01 1.616479314563720182e-01 -4.247409948367560917e-01 1.616479314563720182e-01 5.189513337173094765e-02 3.957348532284813980e-01
3.239611805032471814e-01 4.604254082569397832e-01 -4.264542386369962745e-02 -9.868903893582192666e-02 -4.264542386369962745e-02 -9.868903893582192666e-02 -6.222810980884626586e-01 -3.533846981614275906e-01
-2.573245778156618702e-01 -9.802924867929463382e-02 1.177535273781936676e-01 3.782652867653868434e-02 1.177535273781936676e-01 3.782652867653868434e-02 2.068739077556898120e-01 4.142304392791299611e-02
2.263194984280372246e-01 -2.322328174899096487e-01 -3.757698043881673167e-01 -4.548984752844464907e-01 -3.757698043881673167e-01 -4.548984752844464907e-01 -1.212018688823447016e-01 2.349443836404929986e-01
-1.084982414102894088e-01 -1.221592961115974818e-01 1.705662711597015768e-01 4.908857866718063789e-02 1.705662711597015768e-01 4.908857866718063789e-02 8.199010381023513760e-02 1.253103213489530077e-01
4.375950079397890047e-01 3.566285196172566119e-01 -1.608620238601231600e-01 4.511110024910935934e-02 -1.608620238601231600e-01 4.511110024910935934e-02 -7.497127276867261436e-01 -4.209340095866846432e-01
1.748099347392726433e-01 -4.329039486530651404e-01 2.705606819483360459e-01 4.256054814078457094e-01 2.705606819483360459e-01 4.256054814078457094e-01 -2.345811271444114832e-02 5.897512641289320845e-01
-4.384710691700607343e-01 3.032045170685091495e-01 -3.999106057281203164e-01 -2.860386475157727926e-02 -3.999106057281203164e-01 -2.860386475157727926e-02 7.043638867225030520e-01 -4.035284163968975157e-01
1.162353660118573551e-01 -3.106086192985294536e-01 3.799462852613879615e-01 3.753692769007358487e-01 3.799462852613879615e-01 3.753692769007358487e-01 -4.402795291065289551e-02 3.935756733691577747e-01
1.759965874682477560e-01 2.326242136762003421e-01 -3.479811107872887721e-01 4.815807858492934246e-01 -3.479811107872887721e-01 4.815807858492934246e-01 -2.578787230072392411e-01 -2.094849876881983985e-01
-4.105050086048911417e-01 1.192721197973979352e-01 -1.494503676416903959e-01 -2.911362110399136061e-01 -1.494503676416903959e-01 -2.911362110399136061e-01 5.084286137324000032e-01 -2.735606433261348336e-01
2.271520787467092850e-01 4.274398118743478747e-01 5.556505878974637991e-02 -2.978887407941291920e-01 5.556505878974637991e-02 -2.978887407941291920e-01 -4.213397623594302144e-01 -2.963330859781211912e-01
-6.461342202431386017e-02 -2.186969133043129565e-01 -4.092637700920570554e-01 1.328473378888825884e-01 -4.092637700920570554e-01 1.328473378888825884e-01 3.635191011482115375e-02 2.623503588874550596e-01
2.849367034311310887e-01 3.227854123431951328e-01 9.569577351910318885e-02 5.351024087086175829e-02 9.569577351910318885e-02 5.351024087086175829e-02 -4.688835260485877954e-01 -2.997839148838289947e-01
-3.427653169343864992e-01 -2.845924673535095151e-01 4.723155606875518719e-01 -2.266085083293678526e-01 4.723155606875518719e-01 -2.266085083293678526e-01 1.476684623952570219e-01 2.480972773347374649e-01
4.831617877902014691e-01 4.594136529634330612e-01 -4.051573348278693087e-01 3.697705954873171663e-01 -4.051573348278693087e-01 3.697705954873171663e-01 -9.271040315922804975e-01 -4.817980616148510586e-01
2.380328309576353885e-01 3.450888640749999459e-01 -2.014742620732534739e-01 1.149993166675622458e-01 -2.014742620732534739e-01 1.149993166675622458e-01 -4.023177894530891585e-01 -2.826621685801323780e-01
1.723836759128136720e-01 2.231491600710839851e-01 -1.968044926600276412e-01 9.348835266860833215e-02 -1.968044926600276412e-01 9.348835266860833215e-02 -2.493182208926343346e-01 -2.030697441518677093e-01
-1.263433810462455398e-02 1.554340203490020000e-01 4.335008799703194970e-01 -2.266039065353513404e-01 4.335008799703194970e-01 -2.266039065353513404e-01 1.656195003672532307e-02 -1.314339121664900023e-01
-1.220059586711108590e-01 -1.211189714313631871e-02 -3.759443383020143470e-01 2.519082762246278584e-01 -3.759443383020143470e-01 2.519082762246278584e-01 1.190505114265623943e-01 -2.626858755714578733e-03
4.076083618649384288e-02 -3.744582159285055889e-01 -4.211013534136479608e-01 -8.971174413066607123e-03 -4.211013534136479608e-01 -8.971174413066607123e-03 -1.023437619019672978e-02 5.130157256382427144e-01
-2.207054031531436866e-01 -2.206559404040061567e-01 -1.718074833405913715e-02 -1.165255361718872118e-01 -1.718074833405913715e-02 -1.165255361718872118e-01 1.233054865831392372e-01 2.206341094585907991e-01
-7.104687270829057599e-02 1.482104017582851485e-01 -1.070749655176457260e-01 2.084625329901858004e-01 -1.070749655176457260e-01 2.084625329901858004e-01 9.210664380382155292e-02 -1.312917366905609062e-01
2.410824063995625766e-01 1.638526307645071789e-02 -4.340996228379052635e-01 -1.370677563001487798e-01 -4.340996228379052635e-01 -1.370677563001487798e-01 -2.489828037034838570e-01 -7.423751290577007556e-02
-2.396549272710848388e-01 -2.189029298195197537e-01 -2.110447930996299792e-01 1.667524451973090294e-01 -2.110447930996299792e-01 1.667524451973090294e-01 1.347325958204360630e-01 2.093869383377803817e-01
4.629232135382689295e-01 -2.128830834068605737e-01 3.432659389221968116e-01 2.952611186628928408e-03 3.432659389221968116e-01 2.952611186628928408e-03 -2.658261713809904614e-01 4.390438897507520366e-02
3.929469543476546978e-01 -3.244883702527929792e-01 3.462098191060600794e-01 2.159767228110975879e-02 3.462098191060600794e-01 2.159767228110975879e-02 -1.379335207235164451e-01 2.753737637510088043e-01
-2.968923432588247424e-01 -3.145146373337052159e-01 -2.560731168309648975e-02 -1.352268504747244915e-02 -2.560731168309648975e-02 -1.352268504747244915e-02 1.101383679244183622e-01 3.252890309451414996e-01
-3.581145725073389130e-01 -2.648884601858331189e-01 2.059283750418825498e-01 1.055740065962038621e-01 2.059283750418825498e-01 1.055740065962038621e-01 1.683937371441851238e-01 2.068083094833407243e-01
3.743436994457349787e-02 2.982361632911878502e-03 -1.115518690381207545e-01 3.263332752017975569e-01 -1.115518690381207545e-01 3.263332752017975569e-01 -3.765765560192334965e-02 -4.374799205149600828e-03
-1.601513360431821020e-01 -4.218176989034636559e-01 3.933647713701632354e-01 -2.540442089276442328e-01 3.933647713701632354e-01 -2.540442089276442328e-01 2.504199995108127852e-02 5.740994195752605611e-01
7.816335873771018683e-02 -2.048328448996482587e-01 -6.264591124825169555e-02 1.635628694587023535e-01 -6.264591124825169555e-02 1.635628694587023535e-01 -4.614251246339626938e-02 2.406798286001716469e-01
4.652933511063657157e-01 -2.082762056384825922e-01 -1.387729271523405750e-01 -1.976769263788301645e-01 -1.387729271523405750e-01 -1.976769263788301645e-01 -2.714742837518694940e-01 3.515728088985434208e-02
-7.585275259553658778e-02 2.405931442945633547e-01 -7.531021768211465517e-02 1.379869200333162516e-01 -7.531021768211465517e-02 1.379869200333162516e-01 1.123520570962520948e-01 -1.884617232893384675e-01
-1.550465370654042774e-01 4.890484311774413451e-01 -2.752173706929280650e-01 1.206496711428692858e-01 -2.752173706929280650e-01 1.206496711428692858e-01 3.066970684880662157e-01 -2.739194917962985421e-01
-5.485495073646795561e-02 3.766595010502234997e-01 -2.622354054513774679e-01 -1.430736410352891896e-01 -2.622354054513774679e-01 -1.430736410352891896e-01 9.617822748553317425e-02 -2.377961869391204963e-01
-3.162276819875572409e-01 3.889595914459145209e-01 4.840466966640692981e-01 3.000777731254702374e-01 4.840466966640692981e-01 3.000777731254702374e-01 5.622272619670949378e-01 -3.376699745233653904e-01
4.101967335977119156e-02 1.978869256696411671e-01 -1.070734782715598854e-02 -4.934106396341931822e-01 -1.070734782715598854e-02 -4.934106396341931822e-01 -5.725418746604719888e-02 -1.604103039212013970e-01
-4.978744415340909946e-01 -2.334688992430744570e-01 -1.679205166372544911e-01 3.367468593393065923e-01 -1.679205166372544911e-01 3.367468593393065923e-01 2.653980458816416754e-01 4.009766662396430092e-02
1.493119180601508722e-01 -7.665474441846154008e-02 -1.561537063773420497e-01 6.554939603812437454e-02 -1.561537063773420497e-01 6.554939603812437454e-02 -1.264209842250886007e-01 6.023664538551999625e-02
-4.298674949123297839e-01 2.496090292309123271e-01 -2.950472128280590134e-03 -3.565233942248013932e-01 -2.950472128280590134e-03 -3.565233942248013932e-01 6.444651111183112846e-01 -3.720904249395157182e-01
3.962930889334380646e-01 -2.548024154484750392e-01 -1.243500936856567485e-01 2.994714625555968679e-01 -1.243500936856567485e-01 2.994714625555968679e-01 -1.943402163618833667e-01 1.626784740304464683e-01
-3.617205851418996421e-01 -4.454331926130679076e-01 -1.565338257529179655e-01 3.704160434740405572e-01 -1.565338257529179655e-01 3.704160434740405572e-01 3.947587499465282646e-02 5.130021399791401260e-01
-1.971801620823865342e-01 -4.061531183536518652e-01 -1.055041425166408642e-01 -1.583481243379136760e-02 -1.055041425166408642e-01 -1.583481243379136760e-02 3.700948666790693231e-02 5.322334575832111669e-01
1.506421767917029975e-01 -2.105189065648509494e-01 4.621201529014035136e-01 3.675382336831972685e-01 4.621201529014035136e-01 3.675382336831972685e-01 -8.721612411022643119e-02 2.321440511575686982e-01
2.317056755620665598e-01 -6.707830498817768383e-02 6.895053923320604294e-02 3.871572872263181475e-01 6.895053923320604294e-02 3.871572872263181475e-01 -2.006208276163784499e-01 1.789028390059101831e-02
4.317945481437968080e-02 1.002520561830417822e-01 -2.047928337881402827e-01 4.401091589194575660e-01 -2.047928337881402827e-01 4.401091589194575660e-01 -5.183711307438829130e-02 -9.206604673218107826e-02
-5.408589008913144980e-02 1.596926132875758908e-01 -3.060392735361525673e-01 -8.776061230643450450e-03 -3.060392735361525673e-01 -8.776061230643450450e-03 7.136012434976746199e-02 -1.371161660556942385e-01
5.885408799088198695e-02 -4.785402470734047009e-01 -1.456774096592836631e-01 -2.690553284861588734e-01 -1.456774096592836631e-01 -2.690553284861588734e-01 -2.525988374008851511e-03 7.040772114692414041e-01
2.987182705963105089e-01 2.710019471158831017e-01 -6.206047115651103230e-02 2.640114416526636587e-01 -6.206047115651103230e-02 2.640114416526636587e-01 -4.606247365376893166e-01 -2.867924969633337540e-01
-4.579691490064263792e-01 3.772351301518250821e-02 1.163042355107868353e-02 7.938255584189590763e-03 1.163042355107868353e-02 7.938255584189590763e-03 4.925215593126183178e-01 -2.460361910226462334e-01
-2.864797350115562136e-01 1.933427525386705037e-01 1.758649011983892674e-02 4.231157066312163373e-02 1.758649011983892674e-02 4.231157066312163373e-02 3.972572960389226249e-01 -2.380319711517323855e-01
4.204694245093538729e-01 -2.752459164297756944e-01 -2.255737750819970522e-01 3.650381877293709110e-01 -2.255737750819970522e-01 3.650381877293709110e-01 -1.890044403497988801e-01 1.742116939938155307e-01
-3.475367390419246139e-01 -3.311884528775812520e-01 2.669838660977841283e-02 1.963100514997135893e-01 2.669838660977841283e-02 1.963100514997135893e-01 1.173364291990952046e-01 3.200924592131323410e-01
3.147824165272797847e-01 2.108686857260232417e-01 -4.261647257006527800e-01 4.066627940459907053e-01 -4.261647257006527800e-01 4.066627940459907053e-01 -4.475379254528180084e-01 -2.654910528609567555e-01
-4.508910756021263788e-01 6.496480570660700948e-02 5.946013024153307125e-02 3.636818871639341255e-01 5.946013024153307125e-02 3.636818871639341255e-01 5.094751778447967894e-01 -2.640471417837522150e-01
6.790217414403065810e-02 -3.059754976140738325e-01 -2.243427731422099614e-01 1.726508941451386780e-01 -2.243427731422099614e-01 1.726508941451386780e-01 -2.634937109843610292e-02 3.949857975007676769e-01
3.336878843431596575e-01 6.359438253848803679e-02 -1.270247479713140226e-01 -2.193579578145798958e-02 -1.270247479713140226e-01 -2.193579578145798958e-02 -3.761292342739149808e-01 -1.708977412054503708e-01
-1.577921563649303804e-01 -2.461962258391469094e-01 -2.182495538229749510e-01 -2.304490480826058008e-01 -2.182495538229749510e-01 -2.304490480826058008e-01 8.009648963679762146e-02 2.819104428462925194e-01
-4.443584589483118297e-01 -1.077147971137152327e-01 -7.424863545600024484e-02 5.076034043638599780e-02 -7.424863545600024484e-02 5.076034043638599780e-02 3.486304964455506639e-01 -7.813716540795445642e-02
4.784051523960557439e-01 4.237163858069408207e-01 2.426266174406777054e-04 4.616320061409716624e-01 2.426266174406777054e-04 4.616320061409716624e-01 -8.838213566454067305e-01 -4.730523000447378612e-01
4.363836498604304337e-01 -2.157598185928593093e-01 -6.607015572287855409e-02 4.926688244473834688e-01 -6.607015572287855409e-02 4.926688244473834688e-01 -2.480755355988778221e-01 7.188142804657213225e-02
3.439474921066008051e-01 -1.824456776962348759e-01 7.929194605049927347e-02 1.257043051909316755e-01 7.929194605049927347e-02 1.257043051909316755e-01 -2.184440255279824494e-01 9.743222567985307392e-02
3.422563841138713814e-01 -3.837635227823597006e-01 4.941066806774883080e-01 -1.169081296571228279e-02 4.941066806774883080e-01 -1.169081296571228279e-02 -7.956535278928789090e-02 4.138985317339845538e-01
1.205126814049073403e-01 -1.345017979964326926e-01 3.626644823119836714e-01 1.754846797867918307e-01 3.626644823119836714e-01 1.754846797867918307e-01 -8.809433674424474447e-02 1.380692252813051912e-01
3.948493866530267127e-01 3.335499370802996744e-02 -2.840412805956300524e-01 4.868221436603754615e-01 -2.840412805956300524e-01 4.868221436603754615e-01 -4.211897842678891113e-01 -1.881484762430386537e-01
3.278628014214208797e-01 -1.540927021045426226e-01 -1.019826748314638376e-01 4.280764738944663472e-01 -1.019826748314638376e-01 4.280764738944663472e-01 -2.268202714402372533e-01 7.034324639051987849e-02
-1.112675538388718799e-02 1.680154645137592606e-01 -2.272239776072626505e-02 -2.824028300446126405e-01 -2.272239776072626505e-02 -2.824028300446126405e-01 1.486568933259674319e-02 -1.399100728833578278e-01
-3.942569580895555204e-01 2.377909133784038564e-01 2.019490387384491603e-01 -2.885156818619480923e-01 2.019490387384491603e-01 -2.885156818619480923e-01 5.817584024293684930e-01 -3.366849438950978435e-01
-4.492200209977237346e-01 -5.929009065441248616e-02 2.689111201458070921e-01 -1.205779990591034911e-01 2.689111201458070921e-01 -1.205779990591034911e-01 3.959514294602595186e-01 -1.389932217609744225e-01
-2.045737290208675674e-01 -2.619309887460430364e-01 2.763920084242379449e-01 -2.471969621471772349e-01 2.763920084242379449e-01 -2.471969621471772349e-01 9.740533079306572251e-02 2.886884210060193801e-01
4.826874926455662074e-01 2.923425313581251572e-03 4.595140329203817320e-01 1.312422828872095160e-01 4.595140329203817320e-01 1.312422828872095160e-01 -4.855096943146644528e-01 -2.359020944544807097e-01
-1.930821156461215438e-02 4.934016157544084402e-01 -1.251291256542547137e-01 -1.260635167562478287e-01 -1.251291256542547137e-01 -1.260635167562478287e-01 3.836161713122733519e-02 -2.503292683591713530e-01
7.446945993622799964e-02 -3.580632236085778963e-02 -3.090479008054930476e-01 -4.473303619966523259e-01 -3.090479008054930476e-01 -4.473303619966523259e-01 -6.913650495919687611e-02 3.154271461867398652e-02
2.446047636550477966e-01 2.322266047372283371e-01 -2.799037734467102467e-02 1.542319420903477400e-01 -2.799037734467102467e-02 1.542319420903477400e-01 -3.582122311873756626e-01 -2.381288991921892417e-01
-3.850677619632214554e-01 4.683566278604507360e-01 1.568200182826432476e-01 -5.051865447797654340e-02 1.568200182826432476e-01 -5.051865447797654340e-02 7.457658389449517422e-01 -3.972758783030021501e-01
-4.992544779581020720e-01 7.694096929535010343e-02 -4.565590025864385559e-02 2.367163729345660439e-01 -4.565590025864385559e-02 2.367163729345660439e-01 5.760807248763828436e-01 -3.202760903004591153e-01
3.383604100590953401e-02 4.472829243018832113e-01 -3.936690195528558256e-02 3.684440933405888075e-01 -3.936690195528558256e-02 3.684440933405888075e-01 -6.410460774175283372e-02 -2.483657876007926146e-01
-3.544049709300933770e-01 1.336442048543495797e-02 1.415042787945288705e-01 1.766508272755595854e-03 1.415042787945288705e-01 1.766508272755595854e-03 3.638778050373696060e-01 -1.387886961704837829e-01
-4.579304765416819523e-01 -4.618121173477982566e-01 3.713343117669590798e-01 -2.677882068028182294e-01 3.713343117669590798e-01 -2.677882068028182294e-01 3.497479060208114054e-02 4.653822277313629519e-01
-1.403849008947605226e-01 3.378155785725417415e-01 2.641758348693502567e-01 3.555398692039045683e-01 2.641758348693502567e-01 3.555398692039045683e-01 2.352333139319854327e-01 -2.434041338454723535e-01
-3.744146895361637473e-01 -4.334300110487466773e-01 8.783500496561047477e-02 -8.953559565658975039e-02 8.783500496561047477e-02 -8.953559565658975039e-02 4.984956349121871799e-02 4.811052257860014558e-01
1.955062919408151467e-01 2.476465566487642267e-01 -4.323785092821850196e-01 -3.970811370670964680e-01 -4.323785092821850196e-01 -3.970811370670964680e-01 -2.923392119454369942e-01 -2.245404498172218766e-01
-4.316677560528892066e-02 1.936844710980024642e-01 1.180136150854979027e-01 -4.326357274978187561e-01 1.180136150854979027e-01 -4.326357274978187561e-01 5.988824380952199877e-02 -1.580341672696468913e-01
-4.389519248214586167e-01 1.569418833565223714e-01 -5.675800818133169834e-02 -4.937339255789005010e-01 -5.675800818133169834e-02 -4.937339255789005010e-01 5.767318083903593129e-01 -3.249899209094935792e-01
3.421031858766467870e-01 4.727154866535538957e-01 4.874224383018805895e-01 1.139015936993871270e-01 4.874224383018805895e-01 1.139015936993871270e-01 -6.655381338714674300e-01 -3.662901451183991353e-01
1.947649771732057333e-01 2.161028575543061381e-01 -4.590692048554899651e-01 -2.831287721325844720e-01 -4.590692048554899651e-01 -2.831287721325844720e-01 -2.789435134104636393e-01 -2.073358088444487435e-01
4.923686779242797407e-02 -8.498347637675385258e-02 -2.434424586468864060e-02 -3.045743940837138952e-01 -2.434424586468864060e-02 -3.045743940837138952e-01 -4.086822741062166170e-02 8.978139848382310495e-02
2.696547153578978673e-01 2.622821674545412485e-01 -9.095024517777527961e-02 -9.350784341300888425e-02 -9.095024517777527961e-02 -9.350784341300888425e-02 -4.111059617747114814e-01 -2.662038976046381400e-01
-4.852852162513991985e-01 -2.374746357762493876e-01 -1.498964573085524998e-01 -3.704196787559120851e-01 -1.498964573085524998e-01 -3.704196787559120851e-01 2.547993562976003101e-01 5.836709730114439387e-02
