-1.262768511760846701e-01 3.351526861723297390e-01 -3.529771013217548603e-01 -2.929281562063291711e-01 -3.529771013217548603e-01 -2.929281562063291711e-01 2.109209029221812415e-01 -2.387712062667486368e-01
-4.951373122253793779e-01 -1.804032588953323746e-01 4.114828995132029377e-01 -3.037239068888043514e-01 4.114828995132029377e-01 -3.037239068888043514e-01 3.164885427731111145e-01 -3.221236324238413440e-02
-4.786844982658144954e-02 3.410695153430464144e-01 -1.170506979111161083e-01 -3.065268770872903170e-01 -1.170506979111161083e-01 -3.065268770872903170e-01 8.052138779173159677e-02 -2.270324895355058104e-01
4.560232699800581546e-02 2.367040145509781146e-01 -1.940244051918594836e-01 -3.172001390499566975e-01 -1.940244051918594836e-01 -3.172001390499566975e-01 -6.719083474459466854e-02 -1.827547962740614929e-01
1.793215258910708654e-01 3.186539004177294521e-01 -4.031357191166476950e-01 4.075876848049961865e-01 -4.031357191166476950e-01 4.075876848049961865e-01 -2.936045331991680163e-01 -2.492698018141992211e-01
-2.533985218769090331e-01 3.259941993699876361e-01 2.883147521161721905e-02 3.983110020126314765e-01 2.883147521161721905e-02 3.983110020126314765e-01 4.186114183985115700e-01 -2.839327922365107448e-01
-2.003071050065869940e-01 2.036422853240552611e-01 -1.003577659621091023e-02 -4.206734761857957583e-01 -1.003577659621091023e-02 -4.206734761857957583e-01 2.818890982669607359e-01 -2.022950412681712162e-01
1.298499789511403657e-01 -3.057937509178043634e-03 -2.911441426402504584e-01 -4.868719734496634866e-01 -2.911441426402504584e-01 -4.868719734496634866e-01 -1.290558327087390211e-01 -1.379372854262351372e-02
1.147961666526937652e-01 3.820345285062105578e-01 4.462640876849263138e-01 -4.882885423982255002e-01 4.462640876849263138e-01 -4.882885423982255002e-01 -2.025083654556582291e-01 -2.492623074134009964e-01
1.389130692621574070e-01 4.238445035268106897e-01 3.983728854204938719e-01 -3.196947167415815638e-01 3.983728854204938719e-01 -3.196947167415815638e-01 -2.566681510117665432e-01 -2.634971811687549792e-01
-1.661675144853969055e-01 -1.810192858419656936e-03 2.390275450381807998e-01 4.743846796801151067e-01 2.390275450381807998e-01 4.743846796801151067e-01 1.655659239893512713e-01 -2.579817321365025784e-02
3.258451161973028309e-01 -2.177674802634130824e-01 2.352621192902989433e-01 -2.140483944963259555e-01 2.352621192902989433e-01 -2.140483944963259555e-01 -1.839281763764514521e-01 1.590151159740553211e-01
-1.225592176393552890e-01 4.890300165308736347e-01 2.821042351483645794e-01 1.115424461918687049e-01 2.821042351483645794e-01 1.115424461918687049e-01 2.424294900957250087e-01 -2.649004212910579525e-01
4.394340956851361391e-02 5.605894506455999515e-02 -3.498001705963154073e-01 -2.827110001184798271e-01 -3.498001705963154073e-01 -2.827110001184798271e-01 -4.887025193441514592e-02 -5.484736298731477527e-02
-3.485742207707923646e-01 -4.665684063778704482e-01 -3.998163824498941477e-01 1.671425834028099633e-01 -3.998163824498941477e-01 1.671425834028099633e-01 2.330678339191921689e-02 5.627504968218910442e-01
-3.855973993404482325e-02 3.842466276939614511e-01 -2.390427513536197424e-01 2.007490866511796312e-01 -2.390427513536197424e-01 2.007490866511796312e-01 6.819264000287061922e-02 -2.380880103435608075e-01
4.574174237390571385e-01 -4.678804744534637017e-01 2.241432698719643124e-01 2.432287099525839436e-01 2.241432698719643124e-01 2.432287099525839436e-01 -2.938406125443493444e-02 4.775619132881858686e-01
-3.414497645409532156e-01 1.753188075667690971e-01 -2.918202496168322835e-01 -4.108867019531514675e-01 -2.918202496168322835e-01 -4.108867019531514675e-01 4.611748956675011946e-01 -2.611700649852076728e-01
-3.357015200975932423e-01 3.146593942805803179e-01 9.745545340424099923e-02 -1.736446233359743019e-01 9.745545340424099923e-02 -1.736446233359743019e-01 5.469647940435506950e-01 -3.283443704673933983e-01
-2.308750920467248502e-01 3.275565062190012311e-01 1.335561014773644084e-01 1.119584263414363789e-02 1.335561014773644084e-01 1.119584263414363789e-02 3.821243690943558757e-01 -2.735665495801863356e-01
6.556075668094796249e-03 2.877370055878952781e-01 3.526415418621072773e-01 -4.240345265047820167e-01 3.526415418621072773e-01 -4.240345265047820167e-01 -1.032892683038530955e-02 -2.049874033313725807e-01
2.455737671760410690e-01 -2.997816827439063747e-01 -4.719086813489373755e-01 2.874520295409024317e-01 -4.719086813489373755e-01 2.874520295409024317e-01 -9.833673285245331241e-02 3.293442649276420719e-01
2.294251211685133240e-01 2.838145680029013906e-01 -1.410012075919508945e-01 -2.730854511217748470e-01 -1.410012075919508945e-01 -2.730854511217748470e-01 -3.596535044754231580e-01 -2.558997452154148644e-01
1.720973260820745088e-01 -4.153631648348948824e-01 -1.893443944593456996e-01 -4.205216713040538234e-02 -1.893443944593456996e-01 -4.205216713040538234e-02 -2.913154603992776370e-02 5.582722338919550165e-01
-9.045030175017121365e-03 4.099108902038618440e-01 -2.222131869910941582e-01 4.057488802667374994e-02 -2.222131869910941582e-01 4.057488802667374994e-02 1.646034291694124102e-02 -2.419657648670063554e-01
1.041091948473404916e-01 3.740019435576945606e-01 -3.039635774780371502e-01 2.526371472606658841e-01 -3.039635774780371502e-01 2.526371472606658841e-01 -1.819832772776046048e-01 -2.449632142245231348e-01
1.108070555044092798e-01 1.445177100064582998e-01 4.439817003485769797e-01 4.028488448128814126e-01 4.439817003485769797e-01 4.028488448128814126e-01 -1.428342193325207732e-01 -1.359105450505047608e-01
3.973316030283084999e-01 -2.933463340333983815e-01 -3.257890843918491708e-01 -2.814721228067651460e-01 -3.257890843918491708e-01 -2.814721228067651460e-01 -1.642200647403728453e-01 2.215260029591872015e-01
3.299071951997286645e-01 4.427218601483344784e-01 -1.909826918970434217e-01 4.961285947945059949e-01 -1.909826918970434217e-01 4.961285947945059949e-01 -6.220214494700158081e-01 -3.555579721396849302e-01
3.158715426220654043e-01 4.836101055176510455e-01 5.018031061884054012e-02 -2.621693752460113602e-01 5.018031061884054012e-02 -2.621693752460113602e-01 -6.213888827370259715e-01 -3.495062027973007690e-01
-1.724305237365769683e-01 4.987123114553901893e-01 -1.415011595319062288e-01 1.759452331706339301e-01 -1.415011595319062288e-01 1.759452331706339301e-01 3.444169738528406466e-01 -2.797306273742823368e-01
-3.008425247667855240e-01 1.587392249709461689e-01 2.118317480833339372e-01 7.304541827278732136e-02 2.118317480833339372e-01 7.304541827278732136e-02 3.963535432063499675e-01 -2.240473081346234796e-01
1.245821117353523855e-01 1.884467174338394502e-01 -2.183144114166152283e-01 -2.000322656722371972e-01 -2.183144114166152283e-01 -2.000322656722371972e-01 -1.715362917503583107e-01 -1.684552546866899536e-01
-1.445570751989773139e-01 3.674362892237332812e-01 4.921596125052959403e-01 -5.633866852487734445e-02 4.921596125052959403e-01 -5.633866852487734445e-02 2.507881057832740956e-01 -2.533236105753090550e-01
-1.096907905768679248e-01 -4.957235564724181698e-01 -3.639663144154628993e-01 7.890981406654984376e-02 -3.639663144154628993e-01 7.890981406654984376e-02 9.381729427955648459e-04 7.294333313767026317e-01
4.055898273960102385e-01 -1.829940753298697764e-01 -2.523451689789975028e-01 3.815138940673684642e-01 -2.523451689789975028e-01 3.815138940673684642e-01 -2.571487565409414922e-01 5.197779884857844923e-02
4.127839941708243421e-01 -1.427595660238248909e-01 2.541676259047820352e-02 -4.651651853095450928e-02 2.541676259047820352e-02 -4.651651853095450928e-02 -2.949262664320084770e-01 -7.250766128483437933e-03
-4.919966602177188175e-01 1.363704559058007693e-01 -1.700849226774144851e-01 -2.740350831456975778e-01 -1.700849226774144851e-01 -2.740350831456975778e-01 6.261842779337621900e-01 -3.598342683272342524e-01
4.253010930817673341e-01 -2.408383025838520819e-01 -3.174958351681225199e-01 -1.094133613657367610e-01 -3.174958351681225199e-01 -1.094133613657367610e-01 -2.204435063920278937e-01 1.179603707987770672e-01
-4.854250375145803265e-01 -4.732047109092023529e-01 2.390739745866808930e-01 2.186281532304720221e-01 2.390739745866808930e-01 2.186281532304720221e-01 2.601420842422896840e-02 4.614899422898324222e-01
-1.065995684021698864e-01 1.199660193324404434e-01 9.777717625637372123e-02 1.525701781013633074e-01 9.777717625637372123e-02 1.525701781013633074e-01 1.321762201696989325e-01 -1.169376415214978676e-01
4.358335243236881595e-01 -2.918363003983790449e-01 -2.365701345090243102e-01 4.409444455261209983e-01 -2.365701345090243102e-01 4.409444455261209983e-01 -1.814494376672639575e-01 1.870538657041850850e-01
3.182809341277971216e-01 -2.951767149322465089e-01 -3.186629707669322853e-01 -3.748752360533763595e-01 -3.186629707669322853e-01 -3.748752360533763595e-01 -1.303826930049773181e-01 2.810032549411761171e-01
-3.863982804601829857e-01 -4.432496091365074609e-01 6.789233683048989665e-02 -3.914886116913460778e-01 6.789233683048989665e-02 -3.914886116913460778e-01 4.385650689019360282e-02 4.904161939935878234e-01
-2.846421765352930011e-01 4.642220235065392941e-01 -4.083411825185569999e-01 3.175472434921267073e-02 -4.083411825185569999e-01 3.175472434921267073e-02 5.489165108683315975e-01 -3.297411050607823024e-01
4.218259546838843965e-01 -4.733849329882378054e-01 -4.427963610373331083e-01 2.128133267973220111e-02 -4.427963610373331083e-01 2.128133267973220111e-02 -2.245385210242428764e-02 5.195410917235456782e-01
4.785298456822152380e-01 7.182742165448641192e-02 -3.103487498442514259e-01 -4.894055996098661820e-01 -3.103487498442514259e-01 -4.894055996098661820e-01 -5.472729756823607739e-01 -2.956590563615997258e-01
2.318207463001705770e-01 -2.493349461427374347e-02 4.116355811996805780e-01 8.811482544704818398e-02 4.116355811996805780e-01 8.811482544704818398e-02 -2.202605436414661333e-01 -2.818568464721428468e-02
-7.262694563492155808e-03 4.716774705910458110e-01 -3.086307537362409370e-01 -7.355134238088745224e-02 -3.086307537362409370e-01 -7.355134238088745224e-02 1.411399336625879589e-02 -2.492505810602015093e-01
2.464427612241473220e-01 2.173687253620038007e-01 2.962178280904730343e-01 -2.434318191679805121e-01 2.962178280904730343e-01 -2.434318191679805121e-01 -3.535806589881184125e-01 -2.308535971562836464e-01
4.243306996319916591e-01 2.344082130560180000e-01 -2.554403871985498897e-01 -4.757792391713671076e-01 -2.554403871985498897e-01 -4.757792391713671076e-01 -6.232639017230818812e-01 -3.595175453580780056e-01
6.670159730435021306e-02 2.150101571661654498e-01 3.083650571528715467e-01 4.185107490650697981e-01 3.083650571528715467e-01 4.185107490650697981e-01 -9.538463914363544405e-02 -1.732298925644979726e-01
-4.079502090280208160e-01 1.463037649904097570e-02 -2.368522785730597935e-02 -3.186605395847088573e-01 -2.368522785730597935e-02 -3.186605395847088573e-01 4.198871393299056232e-01 -1.808397016285431536e-01
-2.098780634121728550e-01 7.662298038529258282e-02 1.436788285913692675e-01 -3.645848604639256862e-02 1.436788285913692675e-01 -3.645848604639256862e-02 2.420410288844410673e-01 -1.148007007638117000e-01
4.187470080998849653e-01 3.941195259921250749e-01 1.899687602586983548e-01 4.255942797354130835e-01 1.899687602586983548e-01 4.255942797354130835e-01 -7.488197527857793911e-01 -4.141383820164728502e-01
-4.100854160154437933e-01 3.963735239187083925e-01 6.592957604180216258e-02 4.731428466940804656e-01 6.592957604180216258e-02 4.731428466940804656e-01 7.351794189228657572e-01 -4.074316018835331121e-01
4.924360529903925032e-01 1.222703953488106787e-01 2.880562623943063727e-01 -3.629553527975003524e-01 2.880562623943063727e-01 -3.629553527975003524e-01 -6.128567547566788898e-01 -3.498136120548128725e-01
9.980662806885021165e-02 4.728529176144518065e-01 -1.847963387680293668e-01 -4.232718043304959377e-01 -1.847963387680293668e-01 -4.232718043304959377e-01 -1.941943386280827188e-01 -2.592243989244260582e-01
-2.293971191785466601e-01 8.505708913958309747e-02 -1.995434684843137019e-01 -3.428419731180480934e-01 -1.995434684843137019e-01 -3.428419731180480934e-01 2.684208216072130893e-01 -1.304454190141004499e-01
3.366348926718696344e-01 3.457025218448182002e-01 -4.493241020324383328e-01 -1.848417384732176094e-01 -4.493241020324383328e-01 -1.848417384732176094e-01 -5.693859553471196655e-01 -3.395153391991523883e-01
-3.769883905900240917e-01 -2.940971145200510506e-02 -4.929132490811912737e-01 -4.584388268662125121e-01 -4.929132490811912737e-01 -4.584388268662125121e-01 3.548141510140072619e-01 -1.118456040599612455e-01
-1.462258633729029977e-02 1.018736416102922204e-01 3.942219032178192473e-01 2.340273692677150574e-01 3.942219032178192473e-01 2.340273692677150574e-01 1.760189857717163464e-02 -9.170922278654146387e-02
-3.460813926490350356e-01 -2.267453523385714043e-01 3.082665290171990868e-01 -3.149192898849789701e-01 3.082665290171990868e-01 -3.149192898849789701e-01 1.891366980209771842e-01 1.583864768078187546e-01
-3.935753364536473953e-01 -1.662895046624205397e-01 6.533526896504593395e-02 -2.195425098609766756e-01 6.533526896504593395e-02 -2.195425098609766756e-01 2.626804409612023550e-01 3.904015855869197305e-02
-3.784610180657727030e-01 -3.755722005767917482e-01 -2.288281931659416069e-01 4.451454382240493945e-01 -2.288281931659416069e-01 4.451454382240493945e-01 9.418214329078233860e-02 3.733939362275044971e-01
1.421631853185381100e-01 -9.459935069007707753e-02 -3.907504792678432315e-01 -6.797659405373124297e-02 -3.907504792678432315e-01 -6.797659405373124297e-02 -1.152660952722045079e-01 8.333801658114825539e-02
-2.916181494059930657e-01 -3.262791786602358135e-01 2.939616658507796521e-01 4.348721833348355714e-01 2.939616658507796521e-01 4.348721833348355714e-01 1.013202888647823652e-01 3.476961360244578136e-01
-4.026476280554146525e-01 2.198777821352646544e-01 -3.453505213757207537e-01 -1.148276715513834034e-01 -3.453505213757207537e-01 -1.148276715513834034e-01 5.797141629331137302e-01 -3.336566554371933058e-01
-3.645648654323891957e-01 1.820975603877187377e-01 -1.472967867336690828e-01 1.821377458006890881e-01 -1.472967867336690828e-01 1.821377458006890881e-01 4.973376106290192666e-01 -2.818455799962958919e-01
-4.861374185519647950e-01 3.428469047877141795e-01 -4.394871826638522272e-01 2.608792260280651254e-01 -4.394871826638522272e-01 2.608792260280651254e-01 8.194788370560259771e-01 -4.616324943815663939e-01
4.498820771377501915e-01 3.028235655058684195e-01 3.756996019758069849e-01 8.141116245105572968e-02 3.756996019758069849e-01 8.141116245105572968e-02 -7.223518664498294051e-01 -4.135153370099580727e-01
3.799469374533006594e-01 4.770660305209766250e-01 3.388468784999696393e-01 3.424393106471061987e-01 3.388468784999696393e-01 3.424393106471061987e-01 -7.424664919721964962e-01 -3.938337083240776026e-01
4.880897576949188021e-01 -1.590482257462484394e-01 4.378717597497567837e-01 3.835863709706466285e-01 4.378717597497567837e-01 3.835863709706466285e-01 -3.328301377623325008e-01 -5.388704770740648797e-02
-1.396493458627756645e-02 3.625914701052246336e-01 1.414786733029934629e-01 3.660719645456937954e-01 1.414786733029934629e-01 3.660719645456937954e-01 2.409206690940092488e-02 -2.313139153101556322e-01
2.331259776126706207e-01 3.592871445561695021e-01 -2.369751506922567197e-01 3.682621530287616407e-01 -2.369751506922567197e-01 3.682621530287616407e-01 -4.006443112493144332e-01 -2.845476137507070291e-01
1.690173448279741475e-02 8.106496709126098654e-02 -5.943619363333174643e-02 -2.332456050027214012e-01 -5.943619363333174643e-02 -2.332456050027214012e-01 -1.964201158206382164e-02 -7.477910683028074490e-02
-6.230138326602452370e-02 3.585798008049596586e-01 3.094375994775220295e-01 -4.015858658505961909e-01 3.094375994775220295e-01 -4.015858658505961909e-01 1.069814184688335640e-01 -2.338817896164951948e-01
7.431981478662197382e-03 -4.245203011828034834e-01 -3.739421690264312925e-01 -4.974878139960379198e-01 -3.739421690264312925e-01 -4.974878139960379198e-01 -1.121927447248810897e-03 6.046825529504424868e-01
1.933951381912135670e-01 -3.440855883301622287e-01 -2.036902725065087294e-01 1.844249140721105906e-01 -2.036902725065087294e-01 1.844249140721105906e-01 -6.030617838178006784e-02 4.250788009506775156e-01
1.136534543751032134e-01 8.200497036587428568e-03 -6.048583920099015465e-02 -1.779582953687095515e-01 -6.048583920099015465e-02 -1.779582953687095515e-01 -1.155174840067051262e-01 -2.105035657633401794e-02
4.114340501333191291e-01 7.288206103065908437e-03 -4.269734442665995555e-01 -4.876665408130774759e-01 -4.269734442665995555e-01 -4.876665408130774759e-01 -4.174312824437007019e-01 -1.765130657639717160e-01
-1.903578812553773369e-01 1.612044059783045435e-01 -1.826893439064545266e-01 -4.893120509621173841e-02 -1.826893439064545266e-01 -4.893120509621173841e-02 2.517309395975008135e-01 -1.714536684275228540e-01
-1.395621098471484522e-01 4.036432231820007432e-01 1.079684234452359393e-01 3.478319744466786823e-01 1.079684234452359393e-01 3.478319744466786823e-01 2.522287095527153689e-01 -2.601929540662338280e-01
3.016881172414234147e-01 1.004565370514620692e-02 -8.331034948185012112e-02 3.037019240119366303e-01 -8.331034948185012112e-02 3.037019240119366303e-01 -3.077494259469532034e-01 -1.009604586314573338e-01
2.643276441744635274e-02 -1.266736901716469799e-01 1.847810232396448482e-01 3.795343349084667750e-02 1.847810232396448482e-01 3.795343349084667750e-02 -1.973609279705488412e-02 1.420212229186011699e-01
3.963368630171968388e-01 -1.023454058570653080e-01 -2.714503510188496227e-01 -3.458101968289561956e-01 -2.714503510188496227e-01 -3.458101968289561956e-01 -3.152103488139746390e-01 -4.426292102919951454e-02
1.338517157236563948e-01 -3.070251683964988487e-01 -1.547872457370522703e-01 -3.113985408645327801e-01 -1.547872457370522703e-01 -3.113985408645327801e-01 -5.166002460322459411e-02 3.833733406232308072e-01
1.419970204997964558e-01 -2.135728916277719325e-01 -3.395875929208822530e-01 -2.842705769902518220e-01 -3.395875929208822530e-01 -2.842705769902518220e-01 -8.134359195845738966e-02 2.390231178352003327e-01
-4.259067905669877696e-01 -3.605567079115816753e-01 -3.930016114007317540e-01 -4.222064480238041373e-01 -3.930016114007317540e-01 -4.222064480238041373e-01 1.187796899989465582e-01 3.091612532805473323e-01
-1.029672931326479635e-01 3.059571063393412560e-01 -2.390125569576762032e-01 -1.738372199369677684e-01 -2.390125569576762032e-01 -1.738372199369677684e-01 1.659744432415673487e-01 -2.229496188748629204e-01
1.262334488007410549e-02 6.217298008408900234e-02 2.980540515617355890e-01 2.712220966939982159e-01 2.980540515617355890e-01 2.712220966939982159e-01 -1.419300681972097446e-02 -5.846684946751376510e-02
-1.226988405385873726e-01 2.547242729554851648e-01 3.513476929437567842e-01 -2.399909695531370346e-01 3.513476929437567842e-01 -2.399909695531370346e-01 1.852075864359327140e-01 -2.048948231922983476e-01
-2.731197104805201947e-01 2.377610243113348343e-02 1.665245032133136904e-01 -4.939251112629506890e-01 1.665245032133136904e-01 -4.939251112629506890e-01 2.861071549052129348e-01 -9.780517563728090280e-02
4.330412413240283254e-01 -3.409338933287059392e-01 -4.095548806330550073e-01 1.367884917898758435e-01 -4.095548806330550073e-01 1.367884917898758435e-01 -1.377643685710349675e-01 2.696450962615200009e-01
4.007148541170122424e-01 -3.314411817191129650e-01 -4.422686714907307914e-01 3.986934877555551315e-01 -4.422686714907307914e-01 3.986934877555551315e-01 -1.350880445551232434e-01 2.807220443484566008e-01
-4.627560358385428563e-01 -4.610214932012000055e-01 -1.294064233325243896e-01 2.702509232918234305e-01 -1.294064233325243896e-01 2.702509232918234305e-01 3.607507857823677444e-02 4.594191616896613484e-01
1.060831843588289081e-01 1.326534186157397599e-01 1.364144201516724886e-01 -1.587131447712464283e-02 1.364144201516724886e-01 -1.587131447712464283e-02 -1.342277784845137545e-01 -1.263101311490063550e-01
7.867726024589849487e-03 1.258502032502325507e-01 4.962762979132928631e-02 -2.185773147708756081e-01 4.962762979132928631e-02 -2.185773147708756081e-01 -9.848035863213403310e-03 -1.100738307049057146e-01
4.465558223628031120e-01 1.869991113507256664e-01 -8.141303700768576235e-02 4.824805818798798551e-01 -8.141303700768576235e-02 4.824805818798798551e-01 -6.135669062634765414e-01 -3.514425461908839421e-01
2.883087899319128899e-01 2.593413010875437186e-01 2.318900704632390619e-01 2.153421660181054076e-01 2.318900704632390619e-01 2.153421660181054076e-01 -4.378495433237481471e-01 -2.752053489897675620e-01
-3.747777319077445490e-01 -4.707402732978993587e-02 -1.453582805043863724e-01 1.194773496889645070e-01 -1.453582805043863724e-01 1.194773496889645070e-01 3.394931375189008671e-01 -9.116835695507749526e-02
-1.660277253944417719e-01 3.475301467542916134e-01 -3.952914253867090277e-02 3.749472099987183338e-02 -3.952914253867090277e-02 3.749472099987183338e-02 2.814270049376649263e-01 -2.543181494508843232e-01
-3.543060831749111905e-02 -7.273033890465097073e-02 -3.630339664967017210e-01 3.270345090091223428e-01 -3.630339664967017210e-01 3.270345090091223428e-01 3.027684801643296814e-02 7.676471309608888516e-02
