4.607877564667781645e-01 2.422781486103959825e-01 3.020321718115722698e-01 -6.911806371137863003e-03 3.020321718115722698e-01 -6.911806371137863003e-03 -6.840653655449961956e-01 -3.959048038260017388e-01
-4.342976780819146621e-01 2.327127817729197634e-01 1.405298459955309776e-01 -8.378359896206277746e-03 1.405298459955309776e-01 -8.378359896206277746e-03 6.364309196498394439e-01 -3.671720161597715748e-01
4.310239524949125434e-01 -2.030552324745598103e-01 -2.154047332711324092e-01 4.263839305054062390e-01 -2.154047332711324092e-01 4.263839305054062390e-01 -2.559806147429963818e-01 5.850501228552071331e-02
2.850836912639295173e-01 -4.612818671194023334e-01 -4.509271750885068819e-01 2.676905878155335650e-01 -4.509271750885068819e-01 2.676905878155335650e-01 -2.207581648089618209e-02 5.927901170278968568e-01
2.709420449855093338e-02 -3.207776628262222207e-01 3.008791916982975767e-01 2.147442129299156344e-01 3.008791916982975767e-01 2.147442129299156344e-01 -9.711773308189165094e-03 4.229418758770664422e-01
-3.634355135953833971e-01 -1.486746244318701837e-01 -6.895624179159554057e-02 1.454226781684528902e-01 -6.895624179159554057e-02 1.454226781684528902e-01 2.553682366173884444e-01 3.869339583948770700e-02
-4.490425326748596069e-01 -8.595566123770093103e-02 1.523466320898968496e-01 -2.169528355666635600e-01 1.523466320898968496e-01 -2.169528355666635600e-01 3.718470370350206444e-01 -1.082951592145410258e-01
-8.693737190414230209e-02 4.230754003276847586e-01 -1.207275837958913245e-01 1.179234198011422929e-01 -1.207275837958913245e-01 1.179234198011422929e-01 1.604994987477059432e-01 -2.516407125988532334e-01
-2.928298998598184433e-01 3.172043351689457502e-01 -3.629071667119052602e-01 -1.599013349583157106e-01 -3.629071667119052602e-01 -1.599013349583157106e-01 4.786037272650637830e-01 -3.023350951708841938e-01
2.515606054244411416e-01 2.541025295016738905e-01 2.153608013400643006e-01 9.547249449045558389e-02 2.153608013400643006e-01 9.547249449045558389e-02 -3.794049777470871465e-01 -2.528171722040362113e-01
-4.784099335071615444e-01 -9.154166896113147267e-02 -2.926621854474711348e-01 -7.851141071282041750e-02 -2.926621854474711348e-01 -7.851141071282041750e-02 3.908210459855025465e-01 -1.289545183610058821e-01
3.746900143158227170e-01 -2.481963532356864510e-01 4.237201300966493278e-01 -3.030963231300412009e-01 4.237201300966493278e-01 -3.030963231300412009e-01 -1.886966240217940183e-01 1.694051761671886702e-01
-3.539531029262156236e-01 3.598078210851118897e-03 6.529615030536617404e-03 3.653008110990502155e-01 6.529615030536617404e-03 3.653008110990502155e-01 3.565002048208195662e-01 -1.288679311151358919e-01
4.498842766933190962e-01 1.054949689503414945e-01 4.963031907727855074e-01 1.760957714778994543e-01 4.963031907727855074e-01 1.760957714778994543e-01 -5.448053322953361199e-01 -2.967616428923788852e-01
-2.102399126265777074e-01 -2.796441661702997461e-01 -4.518119825502153741e-01 1.626115758584627535e-01 -4.518119825502153741e-01 1.626115758584627535e-01 9.265518250222572194e-02 3.136442049821509537e-01
-1.647137568999790247e-02 1.650324868849502025e-01 -2.491011429587708381e-01 1.396588768752478060e-01 -2.491011429587708381e-01 1.396588768752478060e-01 2.190799987507123514e-02 -1.380680713746400001e-01
2.972677299953101482e-01 -2.715627016065227384e-01 -5.900758086073731867e-02 1.560757629834416127e-01 -5.900758086073731867e-02 1.560757629834416127e-01 -1.358140742793805811e-01 2.569408992137914294e-01
1.498599258311160698e-01 1.127390788017227363e-01 -1.534883217608747907e-01 -3.367131970469674496e-01 -1.534883217608747907e-01 -3.367131970469674496e-01 -1.836500658061051006e-01 -1.224869762827692915e-01
1.769229790876688524e-01 -2.557671293576132543e-01 1.629021023313060867e-01 -1.515503070118001672e-01 1.629021023313060867e-01 -1.515503070118001672e-01 -8.642081413036864501e-02 2.898822132881916369e-01
7.812885555396276160e-03 -5.384666185353403911e-02 4.090961741573073684e-02 -7.356946385645990460e-02 4.090961741573073684e-02 -7.356946385645990460e-02 -6.971489942192708386e-03 5.668508366560115475e-02
-4.320212717363736132e-01 -3.666261949618092597e-01 -4.799466303212087670e-01 -1.972202887708108809e-01 -4.799466303212087670e-01 -1.972202887708108809e-01 1.152406417378366577e-01 3.143985825612702900e-01
3.981273780051229894e-01 1.004472214769114302e-02 9.324472304048148086e-02 -7.028782910450936949e-02 9.324472304048148086e-02 -7.028782910450936949e-02 -4.061255357880235173e-01 -1.684492348219009117e-01
-2.842640322498771743e-01 -1.915068342743729835e-01 2.173645439409602753e-01 5.156483863239680332e-02 2.173645439409602753e-01 5.156483863239680332e-02 1.753870224213927020e-01 1.473756618172059329e-01
-1.947488134680552818e-01 -4.858958854182857667e-01 -2.059537502050622360e-01 4.460957202478091910e-01 -2.059537502050622360e-01 4.460957202478091910e-01 5.493519159612686442e-03 6.840635965374902705e-01
2.093508880590162491e-01 -2.431681337987878777e-03 -2.685070442944286206e-01 1.620480139867008784e-01 -2.685070442944286206e-01 1.620480139867008784e-01 -2.083327387638476413e-01 -4.139019991898135187e-02
-2.559269865101664321e-01 -3.538202609529143006e-01 2.419720879913755951e-02 -2.582606119426259506e-01 2.419720879913755951e-02 -2.582606119426259506e-01 7.482268020632629191e-02 4.135104155895277800e-01
-1.744816036877199217e-01 3.071930522950419018e-01 1.877232429868725960e-01 -4.154765702108396130e-01 1.877232429868725960e-01 -4.154765702108396130e-01 2.816806765000489654e-01 -2.432693109421361077e-01
-2.798079309562625516e-01 -1.547444778973828816e-01 -7.059363525922368598e-02 1.959652980297595937e-01 -7.059363525922368598e-02 1.959652980297595937e-01 1.932104665815149447e-01 1.003978531110919226e-01
3.877363518856369318e-01 2.460421645970359839e-01 -3.515464134657153572e-02 -2.466705315888412242e-01 -3.515464134657153572e-02 -2.466705315888412242e-01 -5.785353345074372156e-01 -3.358448964110234969e-01
3.794629784389712546e-01 -1.077241459942338553e-01 1.337120915447778113e-01 1.666575088187383091e-02 1.337120915447778113e-01 1.666575088187383091e-02 -2.977083278614381379e-01 -2.466351438135430674e-02
3.328709350690627344e-01 2.815533790096553801e-01 -3.399336736952720539e-01 6.200238798034518606e-02 -3.399336736952720539e-01 6.200238798034518606e-02 -5.203128081546590789e-01 -3.130841331916529025e-01
-1.644907514270010918e-02 8.521831251035061339e-02 -4.953517873408830319e-01 -3.487721506121016501e-01 -4.953517873408830319e-01 -3.487721506121016501e-01 1.925259999473382527e-02 -7.822672379628903272e-02
-2.546276095402499884e-01 4.239139201771675580e-01 3.975328607467154551e-01 4.091143250032147627e-02 3.975328607467154551e-01 4.091143250032147627e-02 4.705079858313470087e-01 -3.090461279973755748e-01
4.543676418541678919e-01 -2.575094611581032478e-01 -3.790472603853919376e-01 -1.694991381563226707e-01 -3.790472603853919376e-01 -1.694991381563226707e-01 -2.203597086110782588e-01 1.173706297799225473e-01
-5.452954277722887877e-02 -2.037641268808911832e-01 -1.609586853456742572e-01 -7.463183191098987646e-02 -1.609586853456742572e-01 -7.463183191098987646e-02 3.230721343079638597e-02 2.423104752489294578e-01
7.906113127686464903e-02 -4.986017576171186683e-02 1.515745248848976434e-02 1.961432749047016255e-01 1.515745248848976434e-02 1.961432749047016255e-01 -7.117712747409615792e-02 4.609555040992303898e-02
-5.772537089659368625e-02 6.334873915014271883e-02 2.764750681956982259e-01 2.183852431744170985e-01 2.764750681956982259e-01 2.183852431744170985e-01 6.503902982314078984e-02 -6.266789484337920157e-02
-4.708676179190529609e-02 -2.275276899673424058e-01 1.185527130395422901e-01 3.955872214388291841e-01 1.185527130395422901e-01 3.955872214388291841e-01 2.565967751479582976e-02 2.770793765331698300e-01
3.351063436264984929e-01 -8.640996764806196939e-02 4.383688104389515949e-02 3.689858725199862688e-01 4.383688104389515949e-02 3.689858725199862688e-01 -2.771932870036463714e-01 -1.841961138171979706e-02
-7.475953591341399918e-02 -9.299513162834271984e-02 -4.807386799550069645e-01 -4.427050756230118678e-01 -4.807386799550069645e-01 -4.427050756230118678e-01 6.085499014793049888e-02 9.605423792492646939e-02
-3.806136060214466710e-01 2.964861702261811782e-01 2.116078540114456619e-01 -3.728344503570469870e-01 2.116078540114456619e-01 -3.728344503570469870e-01 6.063069467919972588e-01 -3.534488381794421152e-01
3.093405017771319043e-01 -4.158995521518571437e-02 3.101680919186103891e-01 -3.908779505474112570e-01 3.101680919186103891e-01 -3.908779505474112570e-01 -2.836095865468239441e-01 -5.237186644974088645e-02
-2.327541004992559337e-01 6.129686739265249873e-02 -2.657273640707409346e-01 -6.579110221276984749e-02 -2.657273640707409346e-01 -6.579110221276984749e-02 2.612882949660539356e-01 -1.117140327397178057e-01
2.184412414969504335e-01 4.516713233860967236e-01 -2.889206142060064542e-01 2.268106537123627531e-01 -2.889206142060064542e-01 2.268106537123627531e-01 -4.157685307550095244e-01 -2.953809150034777398e-01
-6.060411021797107445e-02 3.510414395210716965e-01 -1.865668068635186749e-01 -2.622178922155373737e-01 -1.865668068635186749e-01 -2.622178922155373737e-01 1.031532184015915843e-01 -2.314842054353574430e-01
-9.725779367698761391e-02 -2.428663194420739302e-01 1.657181026943690405e-01 -1.619677914614179315e-01 1.657181026943690405e-01 -1.619677914614179315e-01 5.001650890221442936e-02 2.923912901304979162e-01
-4.198486621359700521e-01 -4.693257660279701593e-01 -6.242916791586616831e-03 -3.142504223964468490e-01 -6.242916791586616831e-03 -3.142504223964468490e-01 2.575707219040490603e-02 5.133195415883472501e-01
2.111731350688188513e-01 -2.046089321734131383e-01 2.688704763286516863e-01 4.394408141011646451e-01 2.688704763286516863e-01 4.394408141011646451e-01 -1.247573157285329221e-01 2.018796543237639241e-01
-6.962068062897008858e-03 4.606445493063154872e-01 -2.920325285964787687e-01 -3.740829781504981799e-01 -2.920325285964787687e-01 -3.740829781504981799e-01 1.337614547304318002e-02 -2.484996188924093741e-01
2.887007096788996030e-01 3.438829123970968960e-01 1.001928341903196573e-01 -4.754619990272460628e-01 1.001928341903196573e-01 -4.754619990272460628e-01 -4.872591913898770555e-01 -3.089755547274877223e-01
3.772905261480302697e-01 3.229287239730220804e-01 3.174544244835276752e-01 1.338356514419637433e-01 3.174544244835276752e-01 1.338356514419637433e-01 -6.209664225002173854e-01 -3.609939043272353265e-01
4.543378655569242364e-01 6.730335388216157622e-02 8.810899297306218347e-02 -2.373639172690449328e-01 8.810899297306218347e-02 -2.373639172690449328e-01 -5.154947898522115324e-01 -2.691965085171958427e-01
-8.119620599096410984e-02 -4.510879302898757048e-01 1.990606480692651559e-01 4.370071648760084360e-01 1.990606480692651559e-01 4.370071648760084360e-01 7.942948975255298416e-03 6.479754272757524136e-01
3.879824341571990187e-01 1.185976012519405209e-01 -2.873162570775317226e-01 1.888674348387052726e-01 -2.873162570775317226e-01 1.888674348387052726e-01 -4.800100061950645092e-01 -2.550625794437715310e-01
-4.912793266228735467e-01 -4.457323810557045629e-01 3.659222281205397609e-01 4.396365139884567119e-01 3.659222281205397609e-01 4.396365139884567119e-01 5.332111858476029642e-02 4.030543598102683256e-01
-1.307466898294861180e-01 4.800314577697052387e-01 -4.345169872223642038e-02 4.481881752760374926e-02 -4.345169872223642038e-02 4.481881752760374926e-02 2.562717380643095844e-01 -2.666959542225647573e-01
3.132100987079257104e-01 4.128481045405427707e-01 1.177123971793050394e-01 4.930708277878598222e-01 1.177123971793050394e-01 4.930708277878598222e-01 -5.718264898569725974e-01 -3.405051130504523904e-01
2.791699143813212158e-01 -1.794335041295265221e-01 -4.267553504483592164e-01 3.965961082923926684e-01 -4.267553504483592164e-01 3.965961082923926684e-01 -1.789850424113604843e-01 1.336940454380531051e-01
2.321120435346339939e-01 3.439229920815334296e-01 -3.200660418206325852e-01 1.904552848926710507e-01 -3.200660418206325852e-01 1.904552848926710507e-01 -3.917693805558148945e-01 -2.795159683530427097e-01
1.096971800763077987e-01 -6.175663045400625606e-02 -1.786307324360223436e-01 3.274079456186246295e-01 -1.786307324360223436e-01 3.274079456186246295e-01 -9.614812365266955929e-02 5.353704054234505183e-02
1.730674227044753932e-01 4.086421856624634641e-01 7.345871908775614134e-02 -1.052497891230185223e-01 7.345871908775614134e-02 -1.052497891230185223e-01 -3.145127224663279430e-01 -2.716060825610377982e-01
-4.019654655831251810e-01 2.779706664595272825e-01 3.827568898984101686e-01 -3.683576852954147940e-01 3.827568898984101686e-01 -3.683576852954147940e-01 6.254346823068361871e-01 -3.622792105690321174e-01
4.147802149668704530e-01 6.094250009570600923e-02 1.898349329455657486e-01 -4.765168793839394956e-01 1.898349329455657486e-01 -4.765168793839394956e-01 -4.653357015475013680e-01 -2.292711385057541462e-01
-7.396762687822200366e-02 -4.980193749689074689e-01 2.083839659826735025e-01 4.780971453697936413e-01 2.083839659826735025e-01 4.780971453697936413e-01 2.930042665710425043e-04 7.405714629873328958e-01
-3.846177251017852683e-01 1.049965039211075979e-02 9.733540531174489363e-02 -2.437981444788261953e-01 9.733540531174489363e-02 -2.437981444788261953e-01 3.926944283981406714e-01 -1.583202021962266670e-01
1.343590962007682466e-01 -5.132820142483562886e-02 -2.459418127317776204e-01 3.556258562527436773e-01 -2.459418127317776204e-01 3.556258562527436773e-01 -1.205662746946644520e-01 3.591041895445683252e-02
2.820277580280446950e-01 2.728627697056622559e-01 -4.824043445145758113e-01 8.201972499731946531e-02 -4.824043445145758113e-01 8.201972499731946531e-02 -4.359375084068659034e-01 -2.779483349125422831e-01
2.274125155742309223e-01 1.734281048286152593e-01 -3.528712647711809147e-01 -2.749460761823663280e-02 -3.528712647711809147e-01 -2.749460761823663280e-02 -3.062919587549245426e-01 -1.950672495239699211e-01
2.590490461966841185e-01 -1.734393091829399269e-01 1.759885568584252935e-01 -3.660311602114373342e-01 1.759885568584252935e-01 -3.660311602114373342e-01 -1.691904709629793446e-01 1.364140948173835632e-01
-4.842847679101847103e-01 -1.126113472861016707e-01 -1.886741999477580256e-01 -4.310299762398300816e-01 -1.886741999477580256e-01 -4.310299762398300816e-01 3.752128475411787845e-01 -1.092390736061288059e-01
-4.447586497841762299e-01 4.976746424467652918e-01 -1.849294958964243785e-01 -2.514993282773135830e-01 -1.849294958964243785e-01 -2.514993282773135830e-01 8.874488537970681712e-01 -4.478048492700931194e-01
4.603457940240444080e-01 -4.506119642508393808e-01 -8.015563072676712419e-02 -4.391374499849036717e-01 -8.015563072676712419e-02 -4.391374499849036717e-01 -4.547114906447047300e-02 4.417448565012112027e-01
1.371704252058887352e-01 3.259211820542268212e-01 1.863562819232500445e-02 -1.732377910722333603e-01 1.863562819232500445e-02 -1.732377910722333603e-01 -2.265839194578570526e-01 -2.385122906937666709e-01
2.156432589184740234e-01 -2.245825142802154728e-01 -2.386153014535090655e-01 3.658719671025896236e-01 -2.386153014535090655e-01 3.658719671025896236e-01 -1.187838483674932277e-01 2.285178048836586373e-01
2.624463163276702371e-02 4.857074848899010089e-01 2.530094529920203783e-01 3.858071109458067749e-01 2.530094529920203783e-01 3.858071109458067749e-01 -5.173905967719343718e-02 -2.504845047013672388e-01
-3.938865507704194524e-01 1.281726382222818650e-01 -1.874411008391578815e-01 -4.857967368274984654e-01 -1.874411008391578815e-01 -4.857967368274984654e-01 4.948575075154583169e-01 -2.668910279112401418e-01
4.357337114048233095e-01 2.154936048182558572e-01 -2.297557969829412405e-01 -2.997741013666549437e-01 -2.297557969829412405e-01 -2.997741013666549437e-01 -6.235293678277491480e-01 -3.589199783553110867e-01
4.161100863895552671e-01 3.225257001276635727e-01 4.953601500928234147e-01 3.590491102765679399e-01 4.953601500928234147e-01 3.590491102765679399e-01 -6.845224802755029980e-01 -3.916504768799471403e-01
1.530874066052259064e-01 4.981612621532948149e-01 3.027654323774907619e-01 -5.551845823013734638e-02 3.027654323774907619e-01 -5.551845823013734638e-02 -3.056118379936938467e-01 -2.734323731042448413e-01
6.982504589484683777e-02 3.953421767920207719e-01 4.680868403657560961e-01 2.798561354363015008e-01 4.680868403657560961e-01 2.798561354363015008e-01 -1.250346171721898325e-01 -2.439222770755848368e-01
-6.438052755975531838e-02 -1.821372256253779298e-01 -2.703768851129723094e-01 2.096939660728736055e-01 -2.703768851129723094e-01 2.096939660728736055e-01 4.092834621169128689e-02 2.111663422550153490e-01
4.863266870997340341e-01 -9.112666920514955748e-02 -4.586088025884242914e-01 4.166554546231286960e-01 -4.586088025884242914e-01 4.166554546231286960e-01 -3.976920248177865380e-01 -1.370829075398282970e-01
-8.207196207549816158e-02 -2.151537507702682150e-01 -3.377881432170548592e-03 3.468757172574754577e-01 -3.377881432170548592e-03 3.468757172574754577e-01 4.675578112826089122e-02 2.547090802818609001e-01
3.881705659558570831e-01 2.474501458665344655e-01 3.867184520813748971e-01 -4.175321311264449387e-01 3.867184520813748971e-01 -4.175321311264449387e-01 -5.802762922896012032e-01 -3.368949594516557067e-01
-1.639883128444998839e-01 5.718067350112931990e-02 2.018723230288673731e-01 -2.729422872395304012e-03 2.018723230288673731e-01 -2.729422872395304012e-03 1.827422371940246870e-01 -8.080321082867213123e-02
-3.352482592467672662e-01 3.976482232568201436e-02 -1.320951471424753887e-01 4.987037428550902263e-01 -1.320951471424753887e-01 4.987037428550902263e-01 3.619104341746510189e-01 -1.505749765590766454e-01
7.928407774406998065e-02 -3.428789680927309957e-01 3.197928740260880254e-02 3.739720842638322162e-01 3.197928740260880254e-02 3.739720842638322162e-01 -2.491439221792882824e-02 4.541589898693393357e-01
-1.714532533455370711e-02 -4.599595997803490599e-01 4.811033601766527834e-01 1.201394585833883699e-01 4.811033601766527834e-01 1.201394585833883699e-01 1.373011376583303106e-03 6.712284710296202439e-01
3.640421035462110266e-01 5.005339188089641400e-02 4.590941578296192649e-02 -2.317984547218364666e-01 4.590941578296192649e-02 -2.317984547218364666e-01 -4.004851876860997528e-01 -1.800747029964640533e-01
-4.830389584046603790e-01 2.770566250878679915e-01 2.408448020450459914e-01 3.740978613593840540e-01 2.408448020450459914e-01 3.740978613593840540e-01 7.506972456077689593e-01 -4.336228869194477809e-01
-2.773007684051853605e-01 5.958740784964244863e-02 -8.175726179722697662e-02 2.866870145154448712e-01 -8.175726179722697662e-02 2.866870145154448712e-01 3.103480363731433989e-01 -1.329324648335090675e-01
3.543073703968070420e-01 2.545044164202935333e-01 4.384405868809754248e-01 -1.788249791883503859e-01 4.384405868809754248e-01 -1.788249791883503859e-01 -5.346529514693033613e-01 -3.152656311603595496e-01
-3.786598047421912971e-01 -3.236981647000946039e-01 3.500332309257714325e-02 -3.756328709608167671e-01 3.500332309257714325e-02 -3.756328709608167671e-01 1.335168370607043020e-01 2.850954188029097280e-01
-3.207942291181443695e-01 2.489425363474995212e-02 4.060644067141291336e-01 3.006744994779505520e-01 4.060644067141291336e-01 3.006744994779505520e-01 3.367660949266066961e-01 -1.271834672062231997e-01
3.587971938450034148e-01 2.842177628053591532e-01 2.909407063306076457e-01 -4.295294518963890251e-01 2.909407063306076457e-01 -4.295294518963890251e-01 -5.627502653159387469e-01 -3.321734524223247109e-01
2.718713438712774266e-01 -8.774862120629445261e-02 -1.393807965292135354e-01 2.615142663849800986e-01 -1.393807965292135354e-01 2.615142663849800986e-01 -2.241586727308635396e-01 2.153441411152583196e-02
8.599372357212153872e-02 3.548602598149706022e-01 9.464304851644955718e-02 -4.027509179947054152e-01 9.464304851644955718e-02 -4.027509179947054152e-01 -1.470252337506411655e-01 -2.363293763128206104e-01
-1.136520760872880009e-01 -3.967415364865112259e-03 -3.648385379455357791e-01 1.146152552251221701e-01 -3.648385379455357791e-01 1.146152552251221701e-01 1.127502661014529450e-01 -8.933638649408220597e-03
-2.355842966541302763e-01 5.044874926909292956e-02 -1.219264082907878244e-02 4.596538369271975233e-01 -1.219264082907878244e-02 4.596538369271975233e-01 2.593541628814099442e-01 -1.034036337962983831e-01
-2.786124567498076132e-01 -4.103777954076091028e-01 2.557143630037252979e-01 2.390474687350808702e-01 2.557143630037252979e-01 2.390474687350808702e-01 4.993972520163983408e-02 5.011628293150551805e-01
3.494364888772069078e-01 3.366149969439482526e-01 2.924967438955802246e-01 1.391982935174406188e-01 2.924967438955802246e-01 1.391982935174406188e-01 -5.846876141482169054e-01 -3.454112005352042991e-01
-1.155553386628437318e-01 -2.819100647740035992e-01 -4.355866591513802843e-01 -2.913029393774879683e-02 -4.355866591513802843e-01 -2.913029393774879683e-02 5.040291264799533211e-02 3.480303131014019780e-01
2.027634764595102057e-01 -2.639796161730287860e-01 -1.286995774269409365e-01 -1.028098418062284303e-01 -1.286995774269409365e-01 -1.028098418062284303e-01 -9.571262708012928666e-02 2.925518265419420616e-01
-5.142993610163471008e-02 -2.983354993105050701e-01 2.698998339908078581e-01 -3.209411835045383743e-02 2.698998339908078581e-01 -3.209411835045383743e-02 2.074318476885758655e-02 3.846945311319351912e-01
7.360993780103752826e-02 1.975025727168111533e-02 -2.325613237674756251e-01 3.618902704140652959e-01 -2.325613237674756251e-01 3.618902704140652959e-01 -7.651756821968340450e-02 -2.477860755245613750e-02
2.969503778553548301e-01 4.723875569848512423e-01 2.735125061786303213e-03 2.936122899882072090e-01 2.735125061786303213e-03 2.936122899882072090e-01 -5.775017049369939315e-01 -3.374170798991731890e-01
-2.301185873048372521e-01 4.270066820476197123e-01 2.103684796829448089e-01 -2.027435982741249143e-01 2.103684796829448089e-01 -2.027435982741249143e-01 4.266429361898853578e-01 -2.976265397574767158e-01
-4.630308524349618926e-01 -4.061948330615494651e-02 2.369559276576295170e-01 2.375352660058362986e-01 2.369559276576295170e-01 2.375352660058362986e-01 4.254147044735286376e-01 -1.721281445764335227e-01
1.608987255118710102e-03 7.087905743906208755e-02 4.608580218726288091e-01 3.689546528833145267e-01 4.608580218726288091e-01 3.689546528833145267e-01 -1.837074255267265831e-03 -6.585780549559935859e-02
-5.357146102709897661e-02 3.770564927513559983e-01 -4.635505596980965537e-01 7.744558606803553236e-02 -4.635505596980965537e-01 7.744558606803553236e-02 9.397039543998676747e-02 -2.377547954619805837e-01
9.022037188526776941e-02 3.081806418508299394e-01 -2.596897784854673707e-01 -4.487779040224021410e-01 -2.596897784854673707e-01 -4.487779040224021410e-01 -1.458287161165125467e-01 -2.213450493423564369e-01
-4.488063343795463123e-01 -3.126778279755089152e-01 -1.272333171869854951e-01 3.306537327467562459e-02 -1.272333171869854951e-01 3.306537327467562459e-02 1.681427547486532559e-01 2.090181263037857451e-01
-6.135584747814182283e-02 1.298134197174750648e-01 1.532211332685744498e-01 -2.677685756353862523e-01 1.532211332685744498e-01 -2.677685756353862523e-01 7.728547223974463476e-02 -1.167264357984907214e-01
-1.872858801434356124e-01 4.968004162136568924e-01 2.723244504680087941e-01 -6.045355881687997091e-02 2.723244504680087941e-01 -6.045355881687997091e-02 3.733732865558353486e-01 -2.850657635646954846e-01
1.874317440662987000e-01 -4.839245784500678660e-02 -2.203268155963628017e-01 -2.231410315401013422e-01 -2.203268155963628017e-01 -2.231410315401013422e-01 -1.692911785192097729e-01 1.560362913755305309e-02
-3.427904575660554176e-01 -4.227548588821893327e-01 4.624840246344112948e-01 -4.925076932155924014e-01 4.624840246344112948e-01 -4.925076932155924014e-01 5.295779453705767859e-02 4.839712317923435259e-01
4.477517991591128954e-03 -1.122389046384355549e-01 2.861765757792082976e-01 4.027915059941665765e-01 2.861765757792082976e-01 4.027915059941665765e-01 -3.472414561840976577e-03 1.248164281855063673e-01
-4.708430034801911468e-01 1.317844051476011469e-01 1.283217507524170298e-01 -3.938118754852800718e-01 1.283217507524170298e-01 -3.938118754852800718e-01 5.949425337432848737e-01 -3.361104096337413361e-01
-4.608388260272267001e-01 3.180372770131867366e-02 -4.541983360354370225e-01 2.612636811119469771e-01 -4.541983360354370225e-01 2.612636811119469771e-01 4.901516111015572497e-01 -2.431646741797715561e-01
-1.348763506095939091e-01 7.082653450931308825e-02 2.191633552218361647e-01 2.581610447078115378e-01 2.191633552218361647e-01 2.581610447078115378e-01 1.539819996114751288e-01 -8.400176647247627193e-02
-1.421863955164510696e-01 -2.903079426077608272e-01 -3.303612572134747571e-01 1.271237563387095371e-03 -3.303612572134747571e-01 1.271237563387095371e-03 5.963071561806254639e-02 3.543696730789511196e-01
-2.170118391430088112e-01 -3.436007755274150810e-01 -3.863128394454473646e-01 8.929472553073536378e-02 -3.863128394454473646e-01 8.929472553073536378e-02 6.788096668667184530e-02 4.145681301422250442e-01
5.175136863487528327e-02 -3.646199069832279926e-01 -2.803164874715381449e-01 3.434420270675260234e-01 -2.803164874715381449e-01 3.434420270675260234e-01 -1.401221019906934845e-02 4.948893793961030574e-01
4.987614502902174562e-01 -3.876126123443612848e-01 2.718965439463109091e-01 -4.379877229386752724e-02 2.718965439463109091e-01 -4.379877229386752724e-02 -1.121089929229104887e-01 2.890931652971803212e-01
-2.053349973128902883e-01 1.808288062792993145e-01 8.573183808093787217e-02 2.097626538346759606e-01 8.573183808093787217e-02 2.097626538346759606e-01 2.795959622157964675e-01 -1.902922102203876142e-01
1.043977329026999357e-01 -4.430209838580179138e-02 -2.365906829188750837e-01 2.808393918287419577e-01 -2.365906829188750837e-01 2.808393918287419577e-01 -9.514765563407980020e-02 3.536588767196358063e-02
-1.894963860568085190e-01 1.804495159265783188e-01 -4.447403065457191662e-01 -3.269672383730789500e-01 -4.447403065457191662e-01 -3.269672383730789500e-01 2.578854483243827045e-01 -1.837963684570328993e-01
1.490723499363085791e-01 -1.648878517115071052e-01 -5.141900726762860252e-02 2.982838302965113986e-01 -5.141900726762860252e-02 2.982838302965113986e-01 -9.991191087514068869e-02 1.698532898380098188e-01
-4.679885081714959538e-01 -2.605919596001812222e-01 2.985768944093070143e-02 -4.802742476989524389e-01 2.985768944093070143e-02 -4.802742476989524389e-01 2.240804233419448344e-01 1.094868852278613747e-01
3.486075815364060304e-01 3.243303514978610469e-01 -1.490155756177127255e-01 -2.952931349598255650e-01 -1.490155756177127255e-01 -2.952931349598255650e-01 -5.747356204454496797e-01 -3.406674204997969246e-01
-4.205773586334980996e-01 2.266255231901870282e-01 -5.086760070712159632e-02 1.146016330234357339e-01 -5.086760070712159632e-02 1.146016330234357339e-01 6.112044865180249476e-01 -3.521517100240910692e-01
-3.173822393835761257e-01 2.385910396086454721e-02 -2.666472124968218838e-01 -2.696177281477387666e-01 -2.666472124968218838e-01 -2.696177281477387666e-01 3.325271510731456215e-01 -1.240213329951828231e-01
3.516715509298028453e-01 1.122200351628400705e-01 -8.845918486007875448e-02 -3.439211428559663108e-02 -8.845918486007875448e-02 -3.439211428559663108e-02 -4.306007385520287944e-01 -2.232995786042639152e-01
-2.261868070822157240e-01 -3.751212731920783305e-01 4.467402304846769256e-01 3.382221280845280065e-01 4.467402304846769256e-01 3.382221280845280065e-01 5.649184097835219243e-02 4.646767710952767194e-01
4.839396345846003200e-02 3.982618678574288973e-01 4.193856526467848456e-01 2.646620001362623986e-01 4.193856526467848456e-01 2.646620001362623986e-01 -8.694090401844092875e-02 -2.419913281673594929e-01
1.602199575582411439e-01 -3.522678256033836552e-01 -2.856123043472715839e-01 -2.630532727353499522e-01 -2.856123043472715839e-01 -2.630532727353499522e-01 -4.733928542362510206e-02 4.506900117587550048e-01
-3.969780151495995169e-01 -7.765583593161162757e-02 -1.084496135145027740e-01 4.225387215446518852e-01 -1.084496135145027740e-01 4.225387215446518852e-01 3.353226959237712301e-01 -7.390527972626664832e-02
-5.500393387993118832e-02 -3.692832222984987478e-02 -1.736921134499045394e-01 6.982006283083574960e-02 -1.736921134499045394e-01 6.982006283083574960e-02 5.094152789147627508e-02 3.526659047029365862e-02
-4.441033811539866205e-01 -1.734422378717664914e-01 -3.822785583828848255e-01 -2.757854047161021338e-01 -3.822785583828848255e-01 -2.757854047161021338e-01 2.900508126064555992e-01 6.296634597329792138e-03
2.712186912395065930e-01 3.254878959474183375e-03 -2.350020362670264262e-01 -4.587554267785490802e-01 -2.350020362670264262e-01 -4.587554267785490802e-01 -2.729842592625698061e-01 -7.680386320010415546e-02
-3.606686003039002442e-01 6.991408935733800512e-03 -2.594722634920617610e-01 -1.186604173801548701e-01 -2.594722634920617610e-01 -1.186604173801548701e-01 3.657117636539068406e-01 -1.370243683820016878e-01
1.005182755578230003e-01 3.637938442015538065e-01 -2.818839739233698349e-01 3.661498564224482388e-01 -2.818839739233698349e-01 3.661498564224482388e-01 -1.736541353132060317e-01 -2.415518068437278454e-01
3.293788433534530213e-01 2.351508970634559326e-01 -2.521306827073335199e-01 -3.490067506926007868e-01 -2.521306827073335199e-01 -3.490067506926007868e-01 -4.842863043300290604e-01 -2.883453751225664163e-01
-8.124159835339961333e-02 -1.748024322506086525e-01 4.475633113391767059e-01 -3.459064039995785045e-01 4.475633113391767059e-01 -3.459064039995785045e-01 5.283914036919702684e-02 1.987581252683221777e-01
4.350166956280362429e-01 4.100773118440890208e-01 -4.248096110855370533e-02 -2.432418051545652826e-01 -4.248096110855370533e-02 -2.432418051545652826e-01 -7.917976499289229864e-01 -4.311534356299503434e-01
-1.580233939157332790e-01 -3.968685290938670507e-01 -4.629501395420523302e-01 -2.511183777489522928e-02 -4.629501395420523302e-01 -2.511183777489522928e-02 3.259437010421767367e-02 5.294017654543496931e-01
-2.713760581212950607e-01 2.185882483595986692e-01 3.501124307946772429e-01 -2.868484483671684959e-01 3.501124307946772429e-01 -2.868484483671684959e-01 3.900152925042281171e-01 -2.444523909601336031e-01
1.038523875903334392e-01 -3.800525465511964684e-01 -4.071279638740139539e-01 2.397982533689444473e-01 -4.071279638740139539e-01 2.397982533689444473e-01 -2.491365885207724729e-02 5.137071662830330343e-01
4.596899257803976901e-01 2.841798653043828837e-01 -2.516456079840264648e-01 -2.313144202758942169e-01 -2.516456079840264648e-01 -2.313144202758942169e-01 -7.209591681605080904e-01 -4.147364973239532349e-01
-2.854829803142249212e-01 1.884494496229484062e-01 -4.637500405151101512e-01 4.072218774613963754e-01 -4.637500405151101512e-01 4.072218774613963754e-01 3.930812013480943223e-01 -2.344367866088483687e-01
4.533180632750867245e-01 -3.089390825134562535e-01 7.370607304658127745e-02 4.786234444631268792e-01 7.370607304658127745e-02 4.786234444631268792e-01 -1.732227301651222962e-01 1.988851727262368474e-01
4.089945305885144267e-01 1.980975089885872453e-01 -3.405157145716829481e-01 -5.421161160683807267e-02 -3.405157145716829481e-01 -5.421161160683807267e-02 -5.710361259875968987e-01 -3.261314119724231242e-01
-2.618975577873232652e-01 2.281370987231634562e-01 -3.267283805667450247e-01 -3.968483254781589586e-01 -3.267283805667450247e-01 -3.968483254781589586e-01 3.813946557798871817e-01 -2.446808936843053450e-01
2.021119364459040835e-01 7.093096320431535595e-03 -1.443791164926671033e-01 -2.449252920785249810e-01 -1.443791164926671033e-01 -2.449252920785249810e-01 -2.049791353113435410e-01 -4.789201915893379069e-02
-9.468959261810916406e-02 -4.883804411005679968e-01 -1.091928618635812365e-01 3.596745636804387081e-01 -1.091928618635812365e-01 3.596745636804387081e-01 2.200502597178688458e-03 7.179297773999698817e-01
-1.199961146531747236e-02 2.335365952349478524e-01 2.268896849779652447e-01 -1.087794357222844344e-01 2.268896849779652447e-01 -1.087794357222844344e-01 1.760430827682244598e-02 -1.791412445963345701e-01
1.091705003056092638e-01 3.659212670402534062e-02 -1.550255660759437548e-01 -4.990949737455752100e-01 -1.550255660759437548e-01 -4.990949737455752100e-01 -1.171600618646586461e-01 -4.717134110427892435e-02
2.882617231574486905e-01 3.767315804854073358e-01 -1.616988323958108431e-01 -1.813948320061110620e-01 -1.616988323958108431e-01 -1.813948320061110620e-01 -5.054563122745538983e-01 -3.178997177880759639e-01
-3.483981717827815405e-01 5.262202372897473168e-02 -1.339078118568244324e-01 1.058131764446875733e-01 -1.339078118568244324e-01 1.058131764446875733e-01 3.850650055081514256e-01 -1.712342324492265033e-01
3.783187538109140657e-01 -1.485705002878183745e-01 -4.476481916644192705e-02 1.149619122737892685e-01 -4.476481916644192705e-02 1.149619122737892685e-01 -2.659047407670110941e-01 2.751861435854802140e-02
3.126771300225139605e-02 -3.737411430642192389e-01 2.051059290750271158e-01 3.312898987896195635e-01 2.051059290750271158e-01 3.312898987896195635e-01 -7.895651405320620875e-03 5.124459152067772916e-01
-6.158983505417947590e-02 4.143400935512359107e-01 -3.317472751219749938e-01 1.942214029997131330e-01 -3.317472751219749938e-01 1.942214029997131330e-01 1.126281110904873012e-01 -2.464556882091900325e-01
3.399518401615830854e-01 -4.968490323755643256e-01 -1.333905698267691120e-01 -9.768866694072619872e-02 -1.333905698267691120e-01 -9.768866694072619872e-02 -2.142354484432951178e-03 6.281407397188523145e-01
1.857982112085190263e-01 -8.792266701402906559e-02 -4.134243721416486217e-02 4.384716943623119256e-01 -4.134243721416486217e-02 4.384716943623119256e-01 -1.531264626967412945e-01 6.113208710060345774e-02
-3.491793155427849182e-01 -3.198785590724081418e-01 -3.888534293596656033e-01 -1.792256996351022647e-01 -3.888534293596656033e-01 -1.792256996351022647e-01 1.257893629153533921e-01 3.002746572237204870e-01
2.449792112168063252e-01 -3.677670095777086923e-01 3.745929789308783953e-01 5.921411903761164552e-02 3.745929789308783953e-01 5.921411903761164552e-02 -6.478866738098484901e-02 4.430047689830305391e-01
2.725480592039762895e-01 -2.190051272628344980e-01 2.846843685113894518e-01 6.596664251706552129e-02 2.846843685113894518e-01 6.596664251706552129e-02 -1.531692144215655305e-01 1.926859284543906703e-01
-6.274800783195910725e-02 -1.411510199683683187e-01 -4.941636532262704273e-01 -3.489328980362010890e-01 -4.941636532262704273e-01 -3.489328980362010890e-01 4.503411721903072262e-02 1.571373179195994230e-01
2.279363664643402343e-01 -3.361698629040879016e-01 1.120095914661174419e-01 -2.228591571808701266e-01 1.120095914661174419e-01 -2.228591571808701266e-01 -7.468569233399383056e-02 3.972250524720751241e-01
-4.862938103061696937e-01 3.206586546752850930e-01 3.692238235787305145e-01 2.873492933101452484e-01 3.692238235787305145e-01 2.873492933101452484e-01 7.981624482855590452e-01 -4.543183517992143150e-01
-2.915557891355335940e-04 2.370570463509994452e-01 4.930078411933080940e-01 -2.791867490203258084e-01 4.930078411933080940e-01 -2.791867490203258084e-01 4.297864975735424080e-04 -1.808610881311177310e-01
-1.995053649944544816e-02 -2.004963703520196150e-01 -4.782530937314788400e-02 -3.980956083869274797e-01 -4.782530937314788400e-02 -3.980956083869274797e-01 1.195051619001684905e-02 2.402971409697381155e-01
-1.237907181104236365e-02 -1.890417978140639388e-01 1.930132187653722520e-01 1.740369601607442140e-01 1.930132187653722520e-01 1.740369601607442140e-01 7.698747830184666380e-03 2.246253577159344206e-01
2.831979665281760816e-01 -4.472717442772283780e-01 4.928219001600760985e-01 -9.892171384322556715e-02 4.928219001600760985e-01 -9.892171384322556715e-02 -2.986506959853318932e-02 5.671226692603288377e-01
1.138561112879965531e-02 1.781244583532749504e-01 3.798307484612367668e-01 -1.556408581112926903e-01 3.798307484612367668e-01 -1.556408581112926903e-01 -1.544172275947657165e-02 -1.465257678304036082e-01
-2.385877658878327034e-01 3.374212353304419931e-01 1.460312684524738280e-01 3.657099420150546898e-01 1.460312684524738280e-01 3.657099420150546898e-01 3.995969232890382861e-01 -2.804922673098677599e-01
2.187760832244346476e-01 1.085711509254682072e-01 -2.595922343586782866e-01 -2.958241068438348664e-01 -2.595922343586782866e-01 -2.958241068438348664e-01 -2.662816255257204334e-01 -1.446464307032121477e-01
6.840144374628465140e-02 1.666234141646446565e-01 -3.062711958408667057e-01 -9.569545883018426569e-02 -3.062711958408667057e-01 -9.569545883018426569e-02 -9.119600792787831145e-02 -1.435388095233380845e-01
2.830061210921407389e-01 -2.973873721155214644e-01 -4.359807229930927619e-01 -3.209050770675707653e-01 -4.359807229930927619e-01 -3.209050770675707653e-01 -1.146812278037431798e-01 3.057341566336776451e-01
1.557870191749668454e-01 2.834790734136243273e-01 7.414721590807349383e-02 -3.100701674503972827e-01 7.414721590807349383e-02 -3.100701674503972827e-01 -2.441117388661470933e-01 -2.273882836935988139e-01
-3.642484677323247766e-01 6.948719973209682710e-02 3.967618125295613307e-01 4.204849227143747648e-01 3.967618125295613307e-01 4.204849227143747648e-01 4.148696797911773371e-01 -1.973356750508349633e-01
-5.104993170297156269e-02 1.359438858608218448e-01 -3.207512173262311306e-01 -1.686495158736680544e-01 -3.207512173262311306e-01 -1.686495158736680544e-01 6.492978388023459835e-02 -1.200692412847597507e-01
-4.164623796139882428e-01 2.091197706580695259e-01 -4.085892740400224321e-01 -2.235472275532964792e-01 -4.085892740400224321e-01 -2.235472275532964792e-01 5.906434142391704389e-01 -3.388296058117316045e-01
-1.467187482193804682e-01 -5.918369368585185697e-02 -7.618320724105809294e-02 -2.283582814407643102e-01 -7.618320724105809294e-02 -2.283582814407643102e-01 1.293520333142055834e-01 4.116001220509063474e-02
-3.430411032019403672e-01 -3.975058117814167513e-01 -4.508414333865171653e-01 3.470165612170927893e-01 -4.508414333865171653e-01 3.470165612170927893e-01 7.031943879658025809e-02 4.378394836954155878e-01
-4.626253805779312334e-02 8.677406842974000334e-02 -4.817912600057561168e-02 -3.163161819477515735e-01 -4.817912600057561168e-02 -3.163161819477515735e-01 5.429131534411391069e-02 -8.138455190543955609e-02
-4.609370838111335189e-01 3.010294468030659809e-01 3.722705962997243656e-01 2.203850590414899724e-01 3.722705962997243656e-01 2.203850590414899724e-01 7.384483545125014592e-01 -4.228737141928179954e-01
6.799111972463101061e-02 -2.396596746647808862e-01 -1.633459966091382887e-01 -4.713713231520528790e-01 -1.633459966091382887e-01 -4.713713231520528790e-01 -3.540166045803254391e-02 2.924736419638003793e-01
3.236199870200152651e-01 -4.225122135770957854e-01 -4.417214614498183867e-01 -3.041900409583530029e-01 -4.417214614498183867e-01 -3.041900409583530029e-01 -5.015319287277997251e-02 4.962988882000783364e-01
-1.679764373275758338e-01 6.678807976772083155e-02 1.467340034119660741e-01 1.309743836872402367e-01 1.467340034119660741e-01 1.309743836872402367e-01 1.904140847182392293e-01 -9.054351566592640232e-02
-4.127939464301293437e-01 -2.050070542490101122e-02 1.676042186652286770e-01 -2.706985536634320955e-02 1.676042186652286770e-01 -2.706985536634320955e-02 3.958688122362364337e-01 -1.494778578615409137e-01
3.392847597397762316e-01 2.674533002669771120e-01 2.339670265801191418e-01 1.606302028042895236e-01 2.339670265801191418e-01 1.606302028042895236e-01 -5.207704171851593733e-01 -3.110361806349569713e-01
2.180371937036457153e-01 -4.818249420448910136e-01 3.246542397583563888e-01 -4.060185625272648702e-01 3.246542397583563888e-01 -4.060185625272648702e-01 -7.925677263866170996e-03 6.664399989832925364e-01
-6.940089484347800042e-02 3.335782724680425027e-01 -3.263063889289523622e-01 3.126367588672241959e-01 -3.263063889289523622e-01 3.126367588672241959e-01 1.157021560627253393e-01 -2.271202928103543961e-01
-4.258826139803995048e-01 -1.045277590235189624e-01 -6.941335599315534566e-02 4.338029485806471630e-02 -6.941335599315534566e-02 4.338029485806471630e-02 3.368495034875004235e-01 -6.592218946078018393e-02
-7.127325834315856312e-03 -4.692732265873880149e-01 1.923957369597827372e-01 3.313716508716224585e-02 1.923957369597827372e-01 3.313716508716224585e-02 4.379994518977576093e-04 6.894397890055775635e-01
-4.751047456195071073e-01 -3.085161635254084489e-01 4.420923567099376283e-01 1.879776480751329526e-01 4.420923567099376283e-01 1.879776480751329526e-01 1.819497588370162511e-01 1.779738673716684538e-01
4.080891472259322583e-01 2.850383713480467707e-01 -4.495109767240501597e-01 -2.362906388023623405e-01 -4.495109767240501597e-01 -2.362906388023623405e-01 -6.407312790061182595e-01 -3.703282502908883944e-01
-4.977334667980539695e-01 2.755604496034717021e-01 2.571260471972771633e-01 5.513064326500416445e-02 2.571260471972771633e-01 5.513064326500416445e-02 7.720447825851868284e-01 -4.473654921886137115e-01
2.769745806055802229e-01 -4.274893458836332982e-01 -4.446413169650963448e-01 5.517746741744089523e-02 -4.446413169650963448e-01 5.517746741744089523e-02 -4.016721602663392288e-02 5.335215684260129487e-01
-1.879035587989237310e-01 -3.211770311030140990e-01 -2.284702727969329938e-01 1.780156525879712515e-01 -2.284702727969329938e-01 1.780156525879712515e-01 6.720294450146580001e-02 3.890239690018599816e-01
-1.621968728913212310e-01 -1.020111679765256518e-01 3.729396112421703435e-01 -1.131524347494979876e-01 3.729396112421703435e-01 -1.131524347494979876e-01 1.291050879997537315e-01 8.610962079273716541e-02
-4.176602507875192272e-01 5.984730833326301624e-02 -4.238058424597276330e-01 -1.828077293712578877e-01 -4.238058424597276330e-01 -1.828077293712578877e-01 4.676519344023764568e-01 -2.307056931064198346e-01
-3.410412554327245660e-01 -9.197167782418080861e-03 3.935883585503950899e-01 2.666038208242986762e-01 3.935883585503950899e-01 2.666038208242986762e-01 3.347680281388420442e-01 -1.070273822294928456e-01
-4.166745993695949446e-01 1.101577364621708632e-02 -2.024981524016254975e-01 -4.791398994276541146e-01 -2.024981524016254975e-01 -4.791398994276541146e-01 4.258545855111622314e-01 -1.845121481370048666e-01
-2.910175765604336995e-01 1.114441460503304837e-01 -1.196889916781926910e-01 -1.720037219728864919e-02 -1.196889916781926910e-01 -1.720037219728864919e-02 3.558819871712621263e-01 -1.837155782285510019e-01
-4.646353835523160392e-01 -4.678203307747782480e-01 -2.558211760806500257e-01 -4.833969782678697591e-01 -2.558211760806500257e-01 -4.833969782678697591e-01 2.990362590609513260e-02 4.707901530121933464e-01
4.902168554955388391e-01 -4.888547934464939626e-01 -3.743141807950497446e-01 -1.262440123247128287e-01 -3.743141807950497446e-01 -1.262440123247128287e-01 -1.092713622101598725e-02 4.875212371101742548e-01
3.177239017876246630e-01 1.240663292825165964e-01 -3.372294284954199250e-01 3.322620177405076758e-01 -3.372294284954199250e-01 3.322620177405076758e-01 -3.965615782278434920e-01 -2.096223529880309189e-01
2.435767651340965401e-01 1.117189776607436791e-01 3.267097015664069959e-01 -1.830653480549824241e-01 3.267097015664069959e-01 -1.830653480549824241e-01 -2.980010594994812467e-01 -1.585674882043727751e-01
1.632903328240187246e-01 2.851757648312006621e-01 4.201018466534557350e-01 2.720080424973106981e-01 4.201018466534557350e-01 2.720080424973106981e-01 -2.564232239292804083e-01 -2.305142807779191894e-01
3.013677255285840406e-02 -2.898491082461315260e-01 -1.395517661931315878e-01 -2.998736533386039405e-01 -1.395517661931315878e-01 -2.998736533386039405e-01 -1.266653925313340062e-02 3.729533887373064904e-01
1.940339916443198920e-01 4.733626364569156753e-01 -1.467969231097587812e-01 -2.735263691997743551e-01 -1.467969231097587812e-01 -2.735263691997743551e-01 -3.777308753383487039e-01 -2.869396407769015944e-01
-4.049925048415041751e-01 -1.881889565659081720e-01 -3.691600360364938327e-01 2.484052982684634703e-01 -3.691600360364938327e-01 2.484052982684634703e-01 2.525622710352317668e-01 5.958511096147767194e-02
-4.379472799174513042e-01 -4.332458356576605052e-01 -8.368350336896079877e-02 2.831550777451796730e-02 -8.368350336896079877e-02 2.831550777451796730e-02 5.846960939378020861e-02 4.291499697852706463e-01
6.150890532636110741e-02 7.487766952033347856e-02 9.477722374029617924e-02 7.229373865413413203e-02 9.477722374029617924e-02 7.229373865413413203e-02 -7.072019229753059855e-02 -7.305434956198444962e-02
-4.228795433343135457e-01 4.809351180173525586e-01 2.703807100010205966e-01 1.768323639442634931e-01 2.703807100010205966e-01 1.768323639442634931e-01 8.296347894955380387e-01 -4.284636384456252944e-01
3.804268603564286977e-01 -4.896604583544360567e-01 3.267206282257151262e-02 3.697990631498238034e-01 3.267206282257151262e-02 3.697990631498238034e-01 -7.866878731492887855e-03 5.847032267496627966e-01
3.974519649749053141e-02 -2.445797022830920042e-02 1.070019975530208667e-01 -4.879414725411419518e-01 1.070019975530208667e-01 -4.879414725411419518e-01 -3.780102283218268744e-02 2.347648189137392649e-02
8.306646867535327772e-02 2.708847238149471037e-01 3.918133608507420318e-01 -4.505868213157607771e-01 3.918133608507420318e-01 -4.505868213157607771e-01 -1.280693435261653357e-01 -2.044062284368403648e-01
-8.151561465412304752e-02 -1.236245195310164968e-01 -2.490447917952898216e-02 -2.095169440422012253e-01 -2.490447917952898216e-02 -2.095169440422012253e-01 6.136095726234015030e-02 1.322627459278516993e-01
9.278905574762974506e-02 -1.170469644576254131e-01 -4.321128276789463207e-01 -4.701659168915901521e-01 -4.321128276789463207e-01 -4.701659168915901521e-01 -7.106770112733086509e-02 1.221371474798332996e-01
5.726111778643516725e-02 3.082735535520684245e-01 2.593538129698091943e-01 4.254042890328142423e-01 2.593538129698091943e-01 4.254042890328142423e-01 -9.256529430721099905e-02 -2.165198053426004299e-01
-2.644688081055877049e-01 -2.765093490406134169e-02 2.291721946585153491e-01 4.047415933509590502e-02 2.291721946585153491e-01 4.047415933509590502e-02 2.498431885114231199e-01 -4.152824135566018926e-02
1.568796087946454643e-01 -4.043859908258172764e-01 -2.675634537985177586e-01 -3.826294939099764703e-01 -2.675634537985177586e-01 -3.826294939099764703e-01 -2.999977670906686655e-02 5.433028087464342182e-01
1.611126735260707266e-01 -2.227478459474494521e-01 1.187541873414732496e-02 2.912388300946870956e-01 1.187541873414732496e-02 2.912388300946870956e-01 -8.933767156053688818e-02 2.464071552509598806e-01
4.015894457842272836e-01 -3.730681778883371269e-02 -3.835076812260352908e-01 9.025089785537621090e-03 -3.835076812260352908e-01 9.025089785537621090e-03 -3.716253972246454929e-01 -1.225754665229198681e-01
-4.632733561516289011e-02 1.021779492527464805e-01 -3.054167655047956842e-03 2.076127970458059302e-01 -3.054167655047956842e-03 2.076127970458059302e-01 5.579459991016502696e-02 -9.388383796444958740e-02
-1.927031202260661713e-01 -3.586541307532811196e-01 -2.137982166705107989e-01 3.128395441001812216e-01 -2.137982166705107989e-01 3.128395441001812216e-01 5.447558006981659262e-02 4.501524237148110674e-01
-1.553183826801628475e-01 5.467538773835634025e-02 -7.945653482777537135e-03 -4.924036547333709990e-02 -7.945653482777537135e-03 -4.924036547333709990e-02 1.723025682720274732e-01 -7.580978971239824005e-02
-1.088966133568711747e-01 5.622632739623667497e-02 -4.047630532084673938e-01 -3.615092071462032708e-01 -4.047630532084673938e-01 -3.615092071462032708e-01 1.211423266267608462e-01 -6.492339990436377106e-02
-2.944329318260675565e-01 2.604351515006153583e-02 8.461264114693989313e-02 2.422103736794372075e-01 8.461264114693989313e-02 2.422103736794372075e-01 3.097690688674459847e-01 -1.120560018123838014e-01
-3.695707177913809538e-01 -1.507358750828529104e-01 4.504384576856805822e-01 2.938229656205634255e-01 4.504384576856805822e-01 2.938229656205634255e-01 2.581555866888172179e-01 3.687466367100980524e-02
1.952355987257288206e-01 2.674266788892027957e-01 -3.151407540946706831e-01 -4.785397811438391047e-01 -3.151407540946706831e-01 -4.785397811438391047e-01 -2.996580142620622889e-01 -2.340265893172878142e-01
3.070549298435686358e-01 1.385213167188888983e-01 1.184358743790063784e-01 1.769602206220889373e-01 1.184358743790063784e-01 1.769602206220889373e-01 -3.921222362174829890e-01 -2.136158914745930337e-01
-2.623507460250507073e-02 1.656725803491697624e-01 3.760072350156808962e-01 4.834845778265385308e-01 3.760072350156808962e-01 4.834845778265385308e-01 3.492793961260504121e-02 -1.389134556090166617e-01
-3.830354466049632478e-01 -4.216711589762733858e-02 -2.374047668405134814e-01 -2.338095642458862811e-01 -2.374047668405134814e-01 -2.338095642458862811e-01 3.507324464651813689e-01 -1.027709717951123813e-01
6.848528655579733115e-02 -2.912685726118476870e-01 2.527454306885629221e-01 -4.965521960107388555e-01 2.527454306885629221e-01 -4.965521960107388555e-01 -2.859006323575642716e-02 3.714157195285612278e-01
2.130864089874243694e-01 -4.418480544771773433e-01 9.703643042123732965e-02 -3.998898633520485690e-01 9.703643042123732965e-02 -3.998898633520485690e-01 -2.478277849418122902e-02 5.916719400272880680e-01
4.479230192085654760e-01 4.548149292994153603e-01 -4.236953888914825050e-01 1.127317670548088069e-01 -4.236953888914825050e-01 1.127317670548088069e-01 -8.553671718344142416e-01 -4.485933405227000570e-01
-1.371618993382803797e-01 -4.407248327059427595e-01 2.391979436449538365e-01 3.036548118041451083e-01 2.391979436449538365e-01 3.036548118041451083e-01 1.626058905929442244e-02 6.161498242395394564e-01
-1.910612355925520589e-01 -1.524277279035719523e-01 1.106006949987363708e-01 -4.345493899099461821e-01 1.106006949987363708e-01 -4.345493899099461821e-01 1.328151755289084801e-01 1.391575443912646259e-01
4.070874583424120008e-01 -2.901344024814396239e-01 2.398506613832657175e-01 -1.902038704025428295e-01 2.398506613832657175e-01 -1.902038704025428295e-01 -1.708673053746846970e-01 2.085921752450166089e-01
-1.861125109980703574e-01 2.420116347832571568e-01 -1.839898479430022160e-01 3.312066460841855964e-01 -1.839898479430022160e-01 3.312066460841855964e-01 2.761952970785902517e-01 -2.180798701627993663e-01
3.148468578537667595e-01 -1.530487147750183574e-01 -1.919855424177697722e-01 -4.858100258445189334e-01 -1.919855424177697722e-01 -4.858100258445189334e-01 -2.184730439628229659e-01 7.734407996891326520e-02
2.063506351133181926e-02 -1.734654605572717445e-01 3.912439103088374281e-01 -1.788476697971788099e-01 3.912439103088374281e-01 -1.788476697971788099e-01 -1.347612192008836550e-02 2.031299207175014387e-01
-2.389910566388709912e-01 -6.625593729442225133e-02 3.975488015365323813e-01 2.209943256271199585e-01 3.975488015365323813e-01 2.209943256271199585e-01 2.073219037136854737e-01 1.352906136782062313e-02
-1.707894354945778126e-01 1.491262549642516921e-01 2.580445359440226571e-01 1.653570460194986325e-04 2.580445359440226571e-01 1.653570460194986325e-04 2.217278133001078788e-01 -1.560566463211452426e-01
-2.615539411356967436e-01 1.746841100095737342e-01 4.683483272917259299e-01 2.417648066387111383e-01 4.683483272917259299e-01 2.417648066387111383e-01 3.529325759892679715e-01 -2.125800358433523884e-01
4.868105563430491500e-01 -4.432088773501251522e-01 2.205859348200741588e-01 -4.744964596701961579e-01 2.205859348200741588e-01 -4.744964596701961579e-01 -5.529303602506380200e-02 4.026584685450543821e-01
-6.783300288850435678e-03 1.073401405014207111e-02 1.970004685986598281e-01 -2.653567929100687506e-01 1.970004685986598281e-01 -2.653567929100687506e-01 6.928924370064142024e-03 -1.066480815532214188e-02
2.943027690004962338e-02 4.505335591845591736e-01 1.752448053515892612e-01 3.571763308756575883e-01 1.752448053515892612e-01 3.571763308756575883e-01 -5.594893169918256637e-02 -2.484192124314660854e-01
-3.139587874399442091e-01 2.591831149300968251e-01 4.926550218666811976e-01 -3.847935590289767172e-01 4.926550218666811976e-01 -3.847935590289767172e-01 4.767044204166659971e-01 -2.905773480759891170e-01
-4.197880656617629658e-01 -4.713085150734992457e-01 -1.697979774450639745e-01 -3.018791284646489270e-01 -1.697979774450639745e-01 -3.018791284646489270e-01 2.408868591651874835e-02 5.172182113822414440e-01
-2.175685739519668260e-01 3.382130134432781432e-05 4.396447266130343312e-02 4.110767809633708580e-03 4.396447266130343312e-02 4.110767809633708580e-03 2.175832908565721868e-01 -4.736990452895635528e-02
3.465414951170502356e-01 -2.773868245763655427e-02 -2.800697394767674986e-01 2.515304397609771092e-01 -2.800697394767674986e-01 2.515304397609771092e-01 -3.273162861341573082e-01 -9.158289087583840193e-02
-4.375707988354705646e-01 2.865299312812585875e-02 8.982412431214459314e-02 4.951462611000440051e-01 8.982412431214459314e-02 4.951462611000440051e-01 4.626462250196731185e-01 -2.193002031064373025e-01
4.290449450991956626e-01 7.942871276398921765e-02 3.308724241293290458e-01 2.528641481902794697e-01 3.308724241293290458e-01 2.528641481902794697e-01 -4.972019205134467490e-01 -2.571993572678167306e-01
8.780374347568931093e-02 -4.966791069606240061e-01 -3.111597667689492974e-01 4.519841661170630465e-01 -3.111597667689492974e-01 4.519841661170630465e-01 -5.831736810791438019e-04 7.356597448834822917e-01
-2.330443080075151885e-01 3.587970828419417835e-02 -1.872629139418090505e-01 -2.702903524775384092e-01 -1.872629139418090505e-01 -2.702903524775384092e-01 2.497674315847182580e-01 -8.890200431233691303e-02
9.527826291858365604e-02 -1.986365308297586285e-01 -4.199692382509725430e-01 -2.820131514862267430e-03 -4.199692382509725430e-01 -2.820131514862267430e-03 -5.742677569931747134e-02 2.290150548250575180e-01
8.077482508672795269e-02 -2.638885599380925706e-01 -2.189085115953125493e-01 -3.283823131254961503e-01 -2.189085115953125493e-01 -3.283823131254961503e-01 -3.814372054395204908e-02 3.270011596365013373e-01
-1.856317896003822909e-03 -1.523849159970060985e-01 3.936945373739807463e-01 -3.250818461152475969e-01 3.936945373739807463e-01 -3.250818461152475969e-01 1.290568202711259637e-03 1.756026327042896906e-01
2.144744777406429881e-01 -6.513657214128409922e-02 -7.503066031114169476e-03 1.445685490507092608e-01 -7.503066031114169476e-03 1.445685490507092608e-01 -1.865342131570077444e-01 2.338004356947923773e-02
-2.649780856787596894e-01 4.296088906677653085e-03 -9.370196424306520555e-02 3.589636490971821470e-01 -9.370196424306520555e-02 3.589636490971821470e-01 2.672548245075541118e-01 -7.449101841676368518e-02
-3.354596431355714170e-01 2.451062919769667614e-01 -9.692259021884419568e-02 4.032997390954996542e-01 -9.692259021884419568e-02 4.032997390954996542e-01 4.999061816093243182e-01 -2.975623697829136161e-01
4.615268512174669491e-01 1.934461779943943416e-01 2.009628262656931730e-01 -2.347212171157533334e-01 2.009628262656931730e-01 -2.347212171157533334e-01 -6.400880620370799079e-01 -3.690317886084653054e-01
1.500964314948689537e-01 -1.287747147702265060e-01 -4.729477626054578998e-03 1.291914359840128368e-01 -4.729477626054578998e-03 1.291914359840128368e-01 -1.114391811873077787e-01 1.228287031868858098e-01
2.217049798495993596e-01 -3.324072162959915699e-01 5.918111862377684051e-02 -1.494200891826495958e-01 5.918111862377684051e-02 -1.494200891826495958e-01 -7.431230946807090842e-02 3.937486756515304331e-01
3.977251665270069569e-01 -5.157774241900059398e-02 3.796884796653490213e-01 -3.520423753433973291e-01 3.796884796653490213e-01 -3.520423753433973291e-01 -3.566976341416387974e-01 -1.039473021568940447e-01
4.456831868184075729e-01 -2.416968660123964829e-01 -1.152141486127600256e-01 -1.370392125159625163e-02 -1.152141486127600256e-01 -1.370392125159625163e-02 -2.302427278415545286e-01 1.014807380399992409e-01
1.773766563468397450e-01 1.153023922855328509e-01 1.316118858266268621e-02 2.413639247951659961e-01 1.316118858266268621e-02 2.413639247951659961e-01 -2.182805619716386702e-01 -1.334702288355508193e-01
3.710469940649624432e-01 3.422802328551366458e-01 2.890361207816668498e-01 4.371582545608185821e-01 2.890361207816668498e-01 4.371582545608185821e-01 -6.250510971224700896e-01 -3.628003468564143796e-01
-2.361057741096750373e-01 -6.405558879914075021e-02 -1.846413538954676525e-01 1.350845199064854008e-01 -1.846413538954676525e-01 1.350845199064854008e-01 2.058579853507307156e-01 1.241277068761646035e-02
2.638007314854574625e-01 3.420963798356596586e-01 3.753455041642286272e-01 3.091981674962875903e-01 3.753455041642286272e-01 3.091981674962875903e-01 -4.442912819638052957e-01 -2.946572726712581858e-01
4.843835309944721779e-01 -4.779765117967539334e-01 3.989571644712186504e-02 1.206715567926246457e-01 3.989571644712186504e-02 1.206715567926246457e-01 -2.133562996140686563e-02 4.718106525274736174e-01
3.750939441332062918e-01 -2.485181928308097810e-01 -3.823929602992504062e-01 1.280488778281886342e-01 -3.823929602992504062e-01 1.280488778281886342e-01 -1.886586058576759928e-01 1.695840180732964553e-01
1.665156451541792704e-01 -4.025594471450625322e-01 -2.832127766608858455e-01 -2.627126957600227630e-01 -2.832127766608858455e-01 -2.627126957600227630e-01 -3.245075304563962981e-02 5.368860955496883580e-01
-8.750301761641110510e-02 2.503536447246709207e-01 2.243538209155836460e-01 2.388632498453173714e-01 2.243538209155836460e-01 2.388632498453173714e-01 1.313164163857623024e-01 -1.953334753897221221e-01
1.767623857029604340e-01 -8.169392437169620269e-02 -2.677049383653949954e-01 1.944569061945191635e-01 -2.677049383653949954e-01 1.944569061945191635e-01 -1.478815597642039459e-01 5.712288065154247363e-02
4.560994531724071877e-01 -4.830246204748936956e-01 2.522191940661999698e-02 7.438543519869467158e-02 2.522191940661999698e-02 7.438543519869467158e-02 -1.548492263759010390e-02 5.083106932756399354e-01
-2.022742816982283642e-01 -3.974840614737147337e-01 -4.075839502309377416e-01 3.479847277514813708e-02 -4.075839502309377416e-01 3.479847277514813708e-02 4.147267565604817463e-02 5.145627555628202732e-01
-2.489637508647714048e-01 5.712538413948231586e-02 4.503916111653711862e-01 3.716838321710014270e-02 4.503916111653711862e-01 3.716838321710014270e-02 2.774080506746842700e-01 -1.158450238710548585e-01
-2.123849485644593305e-01 4.043522287798605452e-01 1.335382694640387946e-01 2.927073205508733400e-01 1.335382694640387946e-01 2.927073205508733400e-01 3.841416031871296433e-01 -2.859588702373478952e-01
1.754864430044265067e-01 3.877995445109633232e-01 -2.441287787763858352e-01 -2.133792605437351275e-01 -2.441287787763858352e-01 -2.133792605437351275e-01 -3.115935683343579177e-01 -2.682065494663985472e-01
-2.692922277499620876e-03 3.633873348881486720e-01 -1.517984306119356530e-01 -2.579930127338601054e-01 -1.517984306119356530e-01 -2.579930127338601054e-01 4.650069976462642245e-03 -2.313442315614298028e-01
1.928968841165060732e-01 -4.976685017138099409e-01 -1.332334480143452238e-01 -4.479673436750736260e-01 -1.332334480143452238e-01 -4.479673436750736260e-01 -8.994775094580687025e-04 7.081332314100216019e-01
-1.977618876307564166e-01 9.921388644336426310e-02 -7.052442728144026063e-02 2.193550211473348499e-01 -7.052442728144026063e-02 2.193550211473348499e-01 2.370033385552028915e-01 -1.284802553794474056e-01
1.953505100011133644e-01 -1.931066777228103160e-01 -2.258670605028331169e-01 -2.725903604349637632e-01 -2.258670605028331169e-01 -2.725903604349637632e-01 -1.199035340455700954e-01 1.922350449462565392e-01
2.503640485122623494e-01 3.162189399436141635e-01 -3.423913385594549164e-01 -4.305931647995181466e-01 -3.423913385594549164e-01 -4.305931647995181466e-01 -4.087037565533407357e-01 -2.789066787520015911e-01
-1.377826186149501142e-01 -4.198999401318038727e-01 -3.538025893711242986e-01 -2.997228727503035151e-01 -3.538025893711242986e-01 -2.997228727503035151e-01 2.207279199970867134e-02 5.772318498621035188e-01
-3.084792130525051412e-01 -1.142279174122772245e-01 2.540684926138104816e-01 -3.861852509054612970e-01 2.540684926138104816e-01 -3.861852509054612970e-01 2.380053369085735060e-01 3.211650964313039758e-02
-1.096255087234154768e-01 1.107105115669051454e-01 1.940650447167685533e-01 3.051094659835703604e-01 1.940650447167685533e-01 3.051094659835703604e-01 1.338989010265185797e-01 -1.104714463583669481e-01
-1.012833492305287297e-01 -9.414204128382908099e-02 -1.460108823510368747e-01 1.041650991139098092e-01 -1.460108823510368747e-01 1.041650991139098092e-01 8.221330674127889926e-02 9.274644838956201676e-02
3.588670385345478220e-01 3.056853917100111895e-01 2.630877217678030400e-01 4.011050532926386802e-01 2.630877217678030400e-01 4.011050532926386802e-01 -5.782678610270376440e-01 -3.410273843516648529e-01
-3.607638827667998260e-01 2.037332014140819103e-01 1.863867407870321014e-01 -6.044512788768952039e-02 1.863867407870321014e-01 -6.044512788768952039e-02 5.077630443481091493e-01 -2.923765631646283447e-01
3.222216571750360359e-01 -1.602137598755878356e-01 2.212105105121897619e-01 2.168210556364749131e-01 2.212105105121897619e-01 2.168210556364749131e-01 -2.189729707563256023e-01 8.205541237643390606e-02
-2.138745971093624076e-01 -4.805195176777661281e-01 6.037266664842289021e-02 -6.521651041486864475e-02 6.037266664842289021e-02 -6.521651041486864475e-02 8.332760616327650194e-03 6.656761812583470439e-01
-1.343593965194881390e-01 -5.456632696111163305e-02 -1.809273016110279908e-02 -1.550177093343741985e-01 -1.809273016110279908e-02 -1.550177093343741985e-01 1.196963989979280690e-01 3.949136356605752879e-02
1.988609124663937022e-01 1.048169199096440352e-01 -2.118131923787587301e-01 -4.303184988144106438e-01 -2.118131923787587301e-01 -4.303184988144106438e-01 -2.405488891366911464e-01 -1.333759957172659938e-01
-4.862840667069686651e-01 2.796392620981638100e-01 1.628228984811607161e-01 -2.837082593000432862e-01 1.628228984811607161e-01 -2.837082593000432862e-01 7.582523018750306765e-01 -4.379133387244258380e-01
-2.675295743982798458e-01 -4.933250652669667335e-01 1.766203951820413121e-01 1.150661846578612257e-01 1.766203951820413121e-01 1.150661846578612257e-01 3.571484896529364406e-03 6.651226121098989807e-01
-2.659366598520925828e-01 3.571979103122105981e-01 8.273381467171825321e-03 -1.690965292557999877e-01 8.273381467171825321e-03 -1.690965292557999877e-01 4.559206982012458109e-01 -3.003298702340881365e-01
2.059546365480220409e-01 -1.179649101878222917e-01 -2.125359976855319966e-01 3.246862506207649490e-01 -2.125359976855319966e-01 3.246862506207649490e-01 -1.573637961417160280e-01 8.946331790781542059e-02
4.133029199647259011e-01 2.543250665544650735e-01 -3.593207269495993783e-01 -3.709179541089486776e-01 -3.593207269495993783e-01 -3.709179541089486776e-01 -6.235295052190932275e-01 -3.604631307279005936e-01
-4.172645107465966507e-01 -1.144211100211109944e-01 -1.305778887928665810e-01 4.932011693979581057e-01 -1.305778887928665810e-01 4.932011693979581057e-01 3.217767737625139013e-01 -4.659637148902248671e-02
-2.123087455730070516e-01 3.612659659822257119e-01 -4.964803186977484462e-02 -1.462934295734333867e-01 -4.964803186977484462e-02 -1.462934295734333867e-01 3.657085936848210039e-01 -2.758278712519388609e-01
-6.104185827254604568e-02 -9.044903251118729948e-02 -2.583141724321347255e-01 3.628539558685872635e-01 -2.583141724321347255e-01 3.628539558685872635e-01 4.999950422567243924e-02 9.490395153203151635e-02
2.614028595817373679e-01 -4.500037536600500765e-01 3.860161455900678051e-01 -2.361706331550821325e-01 3.860161455900678051e-01 -2.361706331550821325e-01 -2.613832352323175456e-02 5.841756769706756280e-01
-3.938311476366612718e-01 -1.894107517948575570e-01 1.070584524279025729e-01 -2.143322684645573295e-01 1.070584524279025729e-01 -2.143322684645573295e-01 2.446394401284781583e-01 7.018421184154099990e-02
5.627020498289303507e-02 7.211444654480481109e-02 -4.977833088109095971e-02 1.094183408382309874e-01 -4.977833088109095971e-02 1.094183408382309874e-01 -6.438599436150113653e-02 -7.008028911315809795e-02
-3.311265516470563997e-01 -3.561373533942064906e-01 3.421381746210769847e-01 -9.149245173023179412e-02 3.421381746210769847e-01 -9.149245173023179412e-02 9.527348416279102228e-02 3.733263746711656950e-01
-2.393048638198721489e-01 -3.022655182798573703e-01 3.166849374542809459e-01 -1.921320088165068274e-01 3.166849374542809459e-01 -1.921320088165068274e-01 9.463764644106345547e-02 3.363631439730006001e-01
1.584671967481299237e-02 4.394220308927310192e-02 -2.895910062352262671e-01 4.679632391330932339e-01 -2.895910062352262671e-01 4.679632391330932339e-01 -1.723939922331181596e-02 -4.226240440138628179e-02
-3.247420432955684388e-01 -5.732400675781490484e-02 -1.326006965933480553e-01 3.927142678361561501e-02 -1.326006965933480553e-01 3.927142678361561501e-02 2.875110131267248903e-01 -4.484734617519593736e-02
8.543570853972604073e-02 3.622322704573454066e-01 -6.663730240753262812e-02 5.854795239387478034e-02 -6.663730240753262812e-02 5.854795239387478034e-02 -1.473308499046799835e-01 -2.383193129903470042e-01
4.868104591813472437e-01 8.902632672277976944e-02 2.464471998422148591e-01 4.161949949075243183e-01 2.464471998422148591e-01 4.161949949075243183e-01 -5.734883531636373322e-01 -3.180850630413827873e-01
-4.358722270977910540e-01 -3.978549245475254681e-01 1.522147722993194563e-03 -5.417822994418231008e-02 1.522147722993194563e-03 -5.417822994418231008e-02 8.904440304908395332e-02 3.661588671790543259e-01
-2.897418677302878720e-01 2.958692554550050868e-01 4.825118419699181427e-02 4.639014078621862547e-01 4.825118419699181427e-02 4.639014078621862547e-01 4.611932890892935788e-01 -2.922809890473416772e-01
2.695189749791674361e-01 9.078732662142907639e-02 1.570501395672019296e-02 -4.493356108675933269e-01 1.570501395672019296e-02 -4.493356108675933269e-01 -3.184567894033803470e-01 -1.551854658201841097e-01
-1.623853323426235340e-01 3.405409088970601239e-01 -3.422889155881770895e-01 -1.686004931467668388e-01 -3.422889155881770895e-01 -1.686004931467668388e-01 2.729830296776399323e-01 -2.509417944246485899e-01
1.443446575155644673e-01 -9.338618157521261232e-02 1.524427602919167235e-01 -1.250068149356793334e-01 1.524427602919167235e-01 -1.250068149356793334e-01 -1.173850647232436983e-01 8.127178033112558708e-02
4.371343808753194171e-01 1.161056023707532914e-01 -3.609299752327679300e-01 9.218915748963718571e-02 -3.609299752327679300e-01 9.218915748963718571e-02 -5.386418820923098982e-01 -2.937115584121266498e-01
1.030358454066766516e-01 4.450579378728212188e-01 8.105453084089653260e-02 -1.380049057438182958e-01 8.105453084089653260e-02 -1.380049057438182958e-01 -1.947496871740332647e-01 -2.575977552478818100e-01
-3.114157919668684160e-01 -4.293019242340185837e-01 -2.452620499043456359e-01 2.688671811559149027e-01 -2.452620499043456359e-01 2.688671811559149027e-01 4.403299451039355272e-02 5.166222708986977219e-01
4.218051432493947761e-01 -1.625009272985334929e-01 -1.056851847895475816e-01 -1.307860707773322861e-01 -1.056851847895475816e-01 -1.307860707773322861e-01 -2.847176894147599446e-01 1.098789979977432552e-02
5.940054848846365587e-02 -1.923732743899105868e-01 4.293241458202878835e-02 4.260833426562000703e-01 4.293241458202878835e-02 4.260833426562000703e-01 -3.654639246189884255e-02 2.258523259286761009e-01
-2.547840413637725288e-02 -1.613230561728967727e-01 -2.488584450466312381e-01 -3.837831204397379459e-02 -2.488584450466312381e-01 -3.837831204397379459e-02 1.725789609300014751e-02 1.866990355485238229e-01
3.588620568468965377e-01 3.399801376258110297e-01 -3.039503073693983204e-01 -8.143988283616088175e-02 -3.039503073693983204e-01 -8.143988283616088175e-02 -6.028739997978755927e-01 -3.531756194901308210e-01
2.182417639248643848e-01 2.146835249811905877e-01 4.962164099164649844e-01 -3.942136350240188492e-02 4.962164099164649844e-01 -3.942136350240188492e-02 -3.119475862798698484e-01 -2.162239766038773492e-01
4.658868295212896804e-01 1.962131732239706938e-01 -3.342704337919012447e-01 -5.300639127979023257e-02 -3.342704337919012447e-01 -5.300639127979023257e-02 -6.487130958885443111e-01 -3.747641017987499712e-01
-1.989971834041228682e-01 -6.211179711104108936e-02 -3.399115103855020470e-01 4.025477403262238685e-01 -3.399115103855020470e-01 4.025477403262238685e-01 1.742770380415918363e-01 2.636979344863010777e-02
-3.485392064776138277e-01 3.226265541640926937e-01 -3.653673997119655237e-01 2.610501222714398661e-01 -3.653673997119655237e-01 2.610501222714398661e-01 5.734352128315334252e-01 -3.400182391643411517e-01
1.862373292730195029e-01 1.312379974049729947e-01 2.279798010335788438e-01 -1.767922312684273578e-01 2.279798010335788438e-01 -1.767922312684273578e-01 -2.351201575447027792e-01 -1.486989282568523807e-01
-3.560960792246721240e-01 -2.802585848295633397e-01 2.911887384292293213e-01 2.465053590140519058e-01 2.911887384292293213e-01 2.465053590140519058e-01 1.564981127709467734e-01 2.319990415610489465e-01
2.212738667495618428e-01 -3.338056370534931983e-01 2.214633347560728271e-01 1.429871521950439872e-01 2.214633347560728271e-01 1.429871521950439872e-01 -7.354893864230732659e-02 3.962697162758787583e-01
3.838642177332372007e-01 1.613661675387285666e-01 -2.367252786990995395e-01 -7.664681953112284507e-02 -2.367252786990995395e-01 -7.664681953112284507e-02 -5.077496130749662440e-01 -2.826788651685416820e-01
1.524186154656548275e-01 1.601225648754953657e-01 3.944714937366233798e-01 -9.577159393691714317e-02 3.944714937366233798e-01 -9.577159393691714317e-02 -2.012299347519198034e-01 -1.577147634336552862e-01
4.760292128829737290e-01 4.734665032820906116e-01 3.992161010790433728e-01 -4.146733770615629311e-01 3.992161010790433728e-01 -4.146733770615629311e-01 -9.267969866506287069e-01 -4.758997850699042131e-01
-3.592113351167535162e-01 -2.981645761258655547e-02 9.757305485120504329e-02 1.378572248180930382e-01 9.757305485120504329e-02 1.378572248180930382e-01 3.377905160218149239e-01 -9.832730451921084525e-02
3.972872749318091534e-01 -2.343040483169323007e-02 -8.895776120390519459e-02 4.174418781068121032e-01 -8.895776120390519459e-02 4.174418781068121032e-01 -3.786700715595441302e-01 -1.338577901204726639e-01
4.218198185756552032e-01 4.940300590714350459e-01 -5.227056610706815043e-02 -2.858935220739975414e-01 -5.227056610706815043e-02 -2.858935220739975414e-01 -8.386031583525210831e-01 -4.278963191485081197e-01
3.569753302589676602e-01 1.661944848425744858e-02 4.962679612423012143e-01 2.305004505985087659e-01 4.962679612423012143e-01 2.305004505985087659e-01 -3.688407964817470575e-01 -1.437746288298355768e-01
-3.490933055793229434e-01 -1.357754378259368178e-02 6.042594758063046800e-02 -3.481623643203680674e-01 6.042594758063046800e-02 -3.481623643203680674e-01 3.396136462978956994e-01 -1.081042425225366282e-01
3.585246688775270973e-01 -1.373865836241918714e-01 4.188936247919794464e-01 2.098334427964821947e-01 4.188936247919794464e-01 2.098334427964821947e-01 -2.600117100733709274e-01 2.772171879037847730e-02
1.592053923760217149e-01 3.889698056393142700e-02 -4.030996178885009051e-01 -4.662934888955521107e-01 -4.030996178885009051e-01 -4.662934888955521107e-01 -1.715906104818681055e-01 -6.273036242854360123e-02
-4.904885169248291987e-01 1.426141119657727829e-01 2.494083547340700813e-01 2.888616808718244000e-01 2.494083547340700813e-01 2.888616808718244000e-01 6.303896854661160676e-01 -3.628543122691052503e-01
-4.320996418087086344e-01 1.185986915195360591e-01 -1.601365096497286977e-01 -4.528139167695737211e-01 -1.601365096497286977e-01 -4.528139167695737211e-01 5.345925460578547783e-01 -2.912431423406042774e-01
2.005428599226232178e-01 -3.141002081303333471e-01 1.239481604212472332e-01 2.871475973336216070e-01 1.239481604212472332e-01 2.871475973336216070e-01 -7.456175184112673326e-02 3.725417102119071844e-01
3.379915121953250834e-01 -6.865662166253805321e-02 -1.388760336940401130e-01 4.905201977493722776e-02 -1.388760336940401130e-01 4.905201977493722776e-02 -2.915808014394379866e-01 -4.086790895543164492e-02
-2.980434024107678770e-01 1.436209078923661453e-01 -1.786606270390616036e-01 2.937865920545057463e-02 -1.786606270390616036e-01 2.937865920545057463e-02 3.836539305018965007e-01 -2.118238124291255409e-01
2.270420172909404233e-02 -4.538669493707937486e-01 2.949379050840418293e-01 1.469465594129434338e-01 2.949379050840418293e-01 1.469465594129434338e-01 -2.094828175728015440e-03 6.593466763257890273e-01
-1.052400278481806506e-01 6.885683221184224490e-02 -2.979251266059044223e-01 -1.810153888257981514e-02 -2.979251266059044223e-01 -1.810153888257981514e-02 1.197330177272042107e-01 -7.519103233107828077e-02
3.646079443869971737e-01 -2.343432871804973505e-02 -2.607837154940160218e-01 1.721106195054248333e-01 -2.607837154940160218e-01 1.721106195054248333e-01 -3.475192595430425802e-01 -1.089554566295962701e-01
-3.012261277996569619e-01 3.754291558503760617e-01 -4.925760090758973808e-01 3.151697242110851338e-01 -4.925760090758973808e-01 3.151697242110851338e-01 5.274042695594624020e-01 -3.252192848570253925e-01
4.885254415339282952e-01 3.104530057154897271e-02 2.856178759144405443e-01 -3.986245324555568459e-01 2.856178759144405443e-01 -3.986245324555568459e-01 -5.188582798724672429e-01 -2.687385969098907701e-01
4.074744519429307488e-02 4.081151043755057994e-01 4.572996444002366268e-01 8.555794566696961478e-02 4.572996444002366268e-01 8.555794566696961478e-02 -7.400674089130132582e-02 -2.432175202459377350e-01
2.553484451475777073e-01 2.777080027103422388e-01 -1.994657217449234965e-01 1.936928510905588929e-01 -1.994657217449234965e-01 1.936928510905588929e-01 -3.971730585418280501e-01 -2.657890963802602702e-01
-3.699849869262455959e-01 -2.312912554090684747e-01 4.299637875342297022e-01 -3.561860374373536642e-01 4.299637875342297022e-01 -3.561860374373536642e-01 1.988364027088873331e-01 1.478980096869572936e-01
-1.147770528650824406e-01 -4.899661135044655058e-01 2.908206351933773082e-02 -1.505109238942983207e-01 2.908206351933773082e-02 -1.505109238942983207e-01 2.303319841480397367e-03 7.168591340227423725e-01
-7.004800207706618487e-02 -5.882802785735352646e-02 -3.374517171639429547e-01 6.376934473709106044e-02 -3.374517171639429547e-01 6.376934473709106044e-02 6.180643044198297353e-02 5.738204212395042053e-02
1.933172089324821652e-01 2.180628580650787463e-01 3.005140854088750313e-01 -2.816728138837438777e-01 3.005140854088750313e-01 -2.816728138837438777e-01 -2.776278151184442544e-01 -2.078829912670130398e-01
2.591504901990411280e-01 -1.254101525142282680e-01 2.304118565381070294e-01 1.286645937580371823e-01 2.304118565381070294e-01 1.286645937580371823e-01 -1.941502851990435929e-01 7.397888229746694966e-02
4.801224643902750611e-01 4.515221612644807481e-01 2.724699949720378322e-01 -3.370609089360507848e-01 2.724699949720378322e-01 -3.370609089360507848e-01 -9.136943299765264426e-01 -4.781674799637239404e-01
4.833243751558937706e-01 -1.162826444254039249e-02 -1.277698422607620454e-02 2.704938528380852469e-01 -1.277698422607620454e-02 2.704938528380852469e-01 -4.720839278642171011e-01 -2.218389706433490927e-01
3.058675560529411364e-02 -3.870939991688830961e-01 -4.128904925293455097e-01 -4.511784688207969296e-01 -4.128904925293455097e-01 -4.511784688207969296e-01 -6.906856507585015098e-03 5.360002137429843438e-01
-3.495114714718545734e-01 -3.643339705418494612e-01 -1.868109495505211326e-01 -3.372379833366268009e-02 -1.868109495505211326e-01 -3.372379833366268009e-02 9.483366716932434271e-02 3.749149439422176933e-01
-1.039525639529734757e-01 -1.474330091557858324e-01 1.920195204781670606e-01 -8.433334822200366787e-02 1.920195204781670606e-01 -8.433334822200366787e-02 7.330048532688117346e-02 1.583633657921188209e-01
9.911866172736427671e-03 -2.646783217297145052e-01 4.377560712268423471e-01 2.739693170628269003e-01 4.377560712268423471e-01 2.739693170628269003e-01 -4.664953965117615495e-03 3.346346906323465209e-01
1.846982194425064172e-01 8.191534140274403519e-02 3.160931396505399782e-01 2.190325556485966940e-01 3.160931396505399782e-01 2.190325556485966940e-01 -2.149574548467301227e-01 -1.093186505108481865e-01
7.560289375303397286e-02 1.762373858047457942e-01 2.925090245082651030e-02 1.254831102112422547e-01 2.925090245082651030e-02 1.254831102112422547e-01 -1.022510064616512782e-01 -1.508935671932875311e-01
7.212295526306589100e-02 4.753625280725589652e-01 1.020706054001940810e-01 1.302865909730041016e-01 1.020706054001940810e-01 1.302865909730041016e-01 -1.406920559548960337e-01 -2.545947156529027589e-01
1.005073266197362702e-01 -2.032313823758741256e-01 3.360859717983832873e-02 -3.541547752752860490e-01 3.360859717983832873e-02 -3.541547752752860490e-01 -5.965484076407127911e-02 2.344326544540365487e-01
1.408748294444948090e-01 1.876298147536711314e-01 9.868090974459409193e-02 -1.674360634006943904e-01 9.868090974459409193e-02 -1.674360634006943904e-01 -1.937394657487459537e-01 -1.722705849401896805e-01
3.791551671730158946e-01 -5.633176393926120351e-02 -3.708479729405631531e-01 1.375508801735205733e-01 -3.708479729405631531e-01 1.375508801735205733e-01 -3.364382084259329719e-01 -8.425360922622779358e-02
5.392302070312016138e-02 6.971010276012590268e-02 2.036945837762338396e-02 4.197961594500652094e-01 2.036945837762338396e-02 4.197961594500652094e-01 -6.144097933182196547e-02 -6.775829649504772068e-02
4.997833836496167192e-01 8.871464458258693231e-02 -2.171485717577315011e-01 -1.441634284861620374e-01 -2.171485717577315011e-01 -1.441634284861620374e-01 -5.884595941471335578e-01 -3.306277869914321377e-01
4.574421476127381592e-01 -3.498073152904815908e-01 2.292099173152076785e-01 3.409358655979052299e-01 2.292099173152076785e-01 3.409358655979052299e-01 -1.374089284984899018e-01 2.629191547086618952e-01
-4.447028425249430761e-01 -4.867340092138414676e-01 -9.256375246560200054e-02 1.890207185085273078e-01 -9.256375246560200054e-02 1.890207185085273078e-01 1.179884762302879642e-02 5.258833867894570080e-01
3.720437859531704472e-01 1.257486681034737375e-01 2.013658315037022417e-01 3.605994148701280322e-01 2.013658315037022417e-01 3.605994148701280322e-01 -4.656118070727405245e-01 -2.483525192400446446e-01
3.293047639084282219e-01 -2.716219509007478106e-02 -3.172263213388671899e-01 -4.246185559141547605e-01 -3.172263213388671899e-01 -4.246185559141547605e-01 -3.114154834256847582e-01 -8.054164760059957795e-02
3.894303603588433749e-02 4.362274445050594585e-01 -4.590100777700494294e-01 -4.904745395798519869e-01 -4.590100777700494294e-01 -4.904745395798519869e-01 -7.291907821828887137e-02 -2.474496212213369017e-01
4.512786629968552621e-01 1.448454206197397065e-01 3.230684698662869003e-01 1.084774514403419321e-01 3.230684698662869003e-01 1.084774514403419321e-01 -5.820099585138418519e-01 -3.275176564214596908e-01
-1.102937106782686527e-01 -1.415373235738076607e-01 3.105660335642967951e-01 -4.946149638148082950e-01 3.105660335642967951e-01 -4.946149638148082950e-01 7.907235744541657452e-02 1.494054349230627687e-01
2.396261818511102870e-02 3.274066081578640430e-01 1.419302844061006708e-01 -2.816854343710762931e-01 1.419302844061006708e-01 -2.816854343710762931e-01 -3.965365727024933173e-02 -2.207857281627123303e-01
-4.721483585296638585e-01 3.166751096065825166e-01 -1.843636019339121024e-01 -4.201629431141877813e-01 -1.843636019339121024e-01 -4.201629431141877813e-01 7.711836249055625814e-01 -4.393160570244974972e-01
-4.003408477604015747e-01 1.241258454088502994e-01 -4.117753465649177658e-01 2.561620529562879112e-01 -4.117753465649177658e-01 2.561620529562879112e-01 4.997261401203129116e-01 -2.689914142959055621e-01
-3.682223074667212437e-01 -2.610242741637611719e-01 -2.440489705612106652e-01 -3.756668344254748826e-01 -2.440489705612106652e-01 -3.756668344254748826e-01 1.759923863919088394e-01 1.935702781503629288e-01
-4.262564963128939732e-01 7.347805992810907405e-02 4.875915341617210741e-01 3.810618866172051922e-01 4.875915341617210741e-01 3.810618866172051922e-01 4.888974970745432191e-01 -2.497736352862544862e-01
-1.643513257703272945e-01 1.667043515600197257e-02 -3.561182908358984101e-01 1.418381563768896791e-01 -3.561182908358984101e-01 1.418381563768896791e-01 1.698309420084416765e-01 -4.340389003017575131e-02
-1.976808714822475554e-02 -3.679430064890162333e-01 4.942541894829745042e-01 2.209718011672098248e-01 4.942541894829745042e-01 2.209718011672098248e-01 5.221028312515356429e-03 5.029342852436926581e-01
3.438626421168804459e-01 1.361070226517714365e-01 4.170592096031998652e-01 2.430311178019101126e-01 4.170592096031998652e-01 2.430311178019101126e-01 -4.374668829562808892e-01 -2.358234176802433968e-01
2.681795207460125896e-01 -1.394160920833233952e-01 -3.153497728685309420e-01 7.454298732505959535e-02 -3.153497728685309420e-01 7.454298732505959535e-02 -1.934024392276373350e-01 8.693268346754810805e-02
3.224646958272436859e-01 -4.727129338171039974e-01 -3.455168493928880702e-01 -4.823692562166289610e-01 -3.455168493928880702e-01 -4.823692562166289610e-01 -1.759823099337087804e-02 5.921869715601209005e-01
2.693942246513327810e-01 -2.222151330722754725e-02 1.315031376130052498e-01 -1.160542055998541322e-01 1.315031376130052498e-01 -1.160542055998541322e-01 -2.574215299553730962e-01 -4.985793931460191786e-02
-2.636188736174005509e-01 3.656733757818554365e-01 3.511967481030193738e-01 9.519803265522264191e-03 3.511967481030193738e-01 9.519803265522264191e-03 4.564156804883708896e-01 -3.014512685534643799e-01
8.270560875678567569e-03 2.866252858717233121e-02 -3.294525749231215217e-01 2.076878777269545173e-01 -3.294525749231215217e-01 2.076878777269545173e-01 -8.744671250740739671e-03 -2.790939021936016465e-02
-1.460101389810286587e-02 2.414746914323703253e-01 -6.540889138756944554e-03 2.625084927257532730e-01 -6.540889138756944554e-03 2.625084927257532730e-01 2.165256454939114630e-02 -1.833778544368644403e-01
-1.527535509827682159e-01 2.556076480725114619e-01 -3.235266608029312430e-01 4.566674798066118202e-01 -3.235266608029312430e-01 4.566674798066118202e-01 2.308435027856279298e-01 -2.136060256571957749e-01
1.863692763653079787e-01 -1.472739204075985686e-01 2.044941940057354302e-01 -1.255813399003062880e-01 2.044941940057354302e-01 -1.255813399003062880e-01 -1.314746084176157681e-01 1.342300208668937012e-01
5.425970628900711468e-03 -4.280545133158042415e-01 3.684207395594658596e-01 -1.182648496989487930e-01 3.684207395594658596e-01 -1.182648496989487930e-01 -7.807481952608269840e-04 6.112557385285686262e-01
1.950420734041188320e-01 1.015322978465753589e-01 4.327992270139369158e-01 -3.141268786765825105e-01 4.327992270139369158e-01 -3.141268786765825105e-01 -2.346482131830800455e-01 -1.292649007383473436e-01
-4.977949065143431051e-01 3.680322979483626744e-01 -4.174373777908717553e-01 -2.334189872133654031e-01 -4.174373777908717553e-01 -2.334189872133654031e-01 8.642041132172713080e-01 -4.803842945668338471e-01
9.601464632640555052e-02 2.772633154811368073e-01 2.079678038256438377e-01 5.310921919935263080e-02 2.079678038256438377e-01 5.310921919935263080e-02 -1.492573246768214568e-01 -2.096071816787291597e-01
-3.648445683115236760e-01 2.578350970869409675e-01 1.578282712789486064e-01 -3.740838713626759571e-02 1.578282712789486064e-01 -3.740838713626759571e-02 5.529840376960132309e-01 -3.244677188235307597e-01
-1.894801563546123502e-01 -2.442175174122951375e-01 6.695629738452113511e-02 3.186072652942861794e-01 6.695629738452113511e-02 3.186072652942861794e-01 9.693140958697846199e-02 2.679569835711514969e-01
-2.037349865977839958e-01 -4.970664873749430779e-01 -1.220883850915339686e-01 2.843259137230199629e-01 -1.220883850915339686e-01 2.843259137230199629e-01 1.195318310700799191e-03 7.026336354822082519e-01
-3.012574162636451058e-01 6.919665682215137004e-03 3.287673045882085754e-01 -1.470317955862825432e-01 3.287673045882085754e-01 -1.470317955862825432e-01 3.054266174733097916e-01 -9.762781476290866012e-02
-3.815277351209235279e-01 9.458323216772968056e-02 1.185478231458052534e-01 2.029906258095844906e-01 1.185478231458052534e-01 2.029906258095844906e-01 4.536999878196643077e-01 -2.312006570269365957e-01
