8.396454350096671515e-02 -9.553803087523293769e-03 8.354445665487042483e-03 4.319170949080046729e-01 8.354445665487042483e-03 4.319170949080046729e-01 -8.236018207108267153e-02 2.595033675632732115e-03
-3.121455281030021123e-01 -4.193848457014293096e-01 -3.942957378713438654e-01 -1.404793914391873066e-01 -3.942957378713438654e-01 -1.404793914391873066e-01 5.032731982326471565e-02 4.978336637907389006e-01
2.765942549387567784e-01 -4.534592063701674558e-01 -1.363273861907741136e-01 1.807587288216468968e-01 -1.363273861907741136e-01 1.807587288216468968e-01 -2.574583227660393048e-02 5.825800763469035637e-01
4.030514393073972856e-01 -3.437257526966329690e-01 -2.556828047966857032e-01 -4.807105711760764066e-01 -2.556828047966857032e-01 -4.807105711760764066e-01 -1.259731206046044716e-01 2.994226830357352709e-01
4.971032627797785652e-01 -5.560848536008111687e-02 3.302670472960479442e-01 2.029262019509381343e-02 3.302670472960479442e-01 2.029262019509381343e-02 -4.418169437583028270e-01 -1.884108648621780902e-01
1.309292421381573757e-01 -4.648224831789448119e-01 2.423423003217383132e-01 -7.317315889647801885e-02 2.423423003217383132e-01 -7.317315889647801885e-02 -9.211531235366082759e-03 6.637399576007130264e-01
1.476363959130116976e-01 -4.944771888818587646e-01 -2.668209369946262788e-01 -3.610259917774576444e-01 -2.668209369946262788e-01 -3.610259917774576444e-01 -1.630735857581361303e-03 7.171883738081806792e-01
3.971031932720414659e-03 -2.960394220678124189e-01 2.515666895067287800e-01 4.536059996818303519e-01 2.515666895067287800e-01 4.536059996818303519e-01 -1.619867935969655174e-03 3.836629923914461338e-01
-2.537563435803213974e-02 4.753971548028012029e-01 3.513017040233543664e-01 -3.069763264417975090e-01 3.513017040233543664e-01 -3.069763264417975090e-01 4.950264310828150771e-02 -2.500386228272752365e-01
-2.101791659000599166e-01 3.748790789887398445e-01 -5.422411507498114958e-02 -4.806085251887680654e-01 -5.422411507498114958e-02 -4.806085251887680654e-01 3.677627101705319701e-01 -2.785200369037388879e-01
1.053775013126169169e-01 2.607188416718863033e-01 3.327906127608446507e-01 1.818751953904796936e-01 3.327906127608446507e-01 1.818751953904796936e-01 -1.603253014736232274e-01 -2.038489450520467594e-01
-8.859896092260000078e-02 -3.706810481588244111e-01 -4.144281290992494204e-01 3.528940049781873478e-01 -4.144281290992494204e-01 3.528940049781873478e-01 2.291504952145581586e-02 5.002357117463847036e-01
-4.043716386991135225e-01 -1.614093029579248828e-01 -3.080492748670675685e-01 1.497484975121692319e-01 -3.080492748670675685e-01 1.497484975121692319e-01 2.738329500223580237e-01 2.394584385508166657e-02
-1.319031514705096830e-01 -1.529589617264628387e-01 -4.776525751199397485e-01 -3.907513184950242024e-01 -4.776525751199397485e-01 -3.907513184950242024e-01 9.155161327575464525e-02 1.589569643310481395e-01
1.341751566721078870e-01 1.357565624246261926e-01 1.403020353252391050e-01 1.085162340487360044e-01 1.403020353252391050e-01 1.085162340487360044e-01 -1.706054727372899316e-01 -1.353296908512594543e-01
-6.850636911963925435e-02 -1.659395992301159195e-01 1.747126226762929502e-01 8.703387359301317794e-03 1.747126226762929502e-01 8.703387359301317794e-03 4.577053024679260396e-02 1.887824272128111325e-01
-3.212429843321323863e-01 -7.145125133578289489e-02 6.118036332261611587e-02 2.721321216338382643e-01 6.118036332261611587e-02 2.721321216338382643e-01 2.753365579053880796e-01 -2.664052232938253495e-02
-4.689263726069642368e-01 -3.671223639263255789e-01 3.112542685171406642e-01 4.353812021037872793e-02 3.112542685171406642e-01 4.353812021037872793e-02 1.246196557692328954e-01 2.820092510948535303e-01
-3.370478013385926896e-01 4.645995744541487893e-01 -4.616975298491954316e-01 1.847626109478683887e-02 -4.616975298491954316e-01 1.847626109478683887e-02 6.502323314838259760e-01 -3.623480302583521051e-01
-1.525299757158530278e-01 2.717537011492010546e-02 -4.327433433327781964e-01 4.329063958907081178e-01 -4.327433433327781964e-01 4.329063958907081178e-01 1.608200928032491872e-01 -4.970226286591592629e-02
-6.518377161641120132e-02 4.941781261207796039e-01 -2.132601228974650986e-01 -4.860501237170312683e-01 -2.132601228974650986e-01 -4.860501237170312683e-01 1.296085598381770954e-01 -2.542150298666748798e-01
2.776419452478613437e-01 3.026913580003992577e-01 -4.297940216307518657e-01 2.077514612639583813e-01 -4.297940216307518657e-01 2.077514612639583813e-01 -4.457215801377566455e-01 -2.881543495532898347e-01
-1.370061492120344671e-01 -2.648381966357414852e-01 2.515570486165707997e-02 6.043549054098162898e-02 2.515570486165707997e-02 6.043549054098162898e-02 6.443722624138942257e-02 3.162067821111029242e-01
3.192827337531707332e-01 -1.998721259514772974e-01 4.452743369363185710e-01 -4.734935038680259112e-01 4.452743369363185710e-01 -4.734935038680259112e-01 -1.916512962034792600e-01 1.378795286109423812e-01
2.835706727666782445e-01 6.081190382087486856e-02 4.636655912101782517e-01 -4.662855314712419652e-01 4.636655912101782517e-01 -4.662855314712419652e-01 -3.180596177240943012e-01 -1.375261426279020538e-01
-8.744670015790745321e-02 -2.112847555341218486e-01 2.541841715762984677e-01 1.229064147697246367e-01 2.541841715762984677e-01 1.229064147697246367e-01 5.049439082764919234e-02 2.482790780867284997e-01
4.840406473734805148e-01 -4.624134932093122430e-01 -2.402426513899957872e-02 -3.813087040000932015e-01 -2.402426513899957872e-02 -3.813087040000932015e-01 -3.638679415894446878e-02 4.419443836016128113e-01
-4.951752593681278958e-01 -4.259819651613552249e-01 1.850528169279954671e-01 2.050668322447180003e-01 1.850528169279954671e-01 2.050668322447180003e-01 7.330379919829010937e-02 3.622440623137925253e-01
1.865324672428712027e-01 2.388874005666246081e-01 -3.071781446395257520e-01 1.824587902077147161e-01 -3.071781446395257520e-01 1.824587902077147161e-01 -2.756529796847283498e-01 -2.166145717528584758e-01
-4.811105071618718698e-01 -3.812020347625312278e-01 3.095686175146429298e-01 3.047708898891778873e-01 3.095686175146429298e-01 3.047708898891778873e-01 1.143098986103940340e-01 2.950497059680717293e-01
-1.483152637298799092e-01 1.656633143025861843e-01 4.265913555323699313e-01 -1.787514722814190771e-01 4.265913555323699313e-01 -1.787514722814190771e-01 1.974560600321880188e-01 -1.602163980521325581e-01
-1.625842484898498697e-03 -4.015284280845987652e-01 -7.507338028657972728e-02 -3.028547280189305413e-01 -7.507338028657972728e-02 -3.028547280189305413e-01 3.201985303495943729e-04 5.627508632809018474e-01
4.388039133107717316e-01 4.370862454288305665e-01 3.490757017000689633e-01 1.642858466118694016e-01 3.490757017000689633e-01 1.642858466118694016e-01 -8.223942232077382508e-01 -4.385907338226059382e-01
3.778930732614956822e-01 -3.079978748283141998e-01 3.556710819698671866e-02 5.074192407659228188e-02 3.556710819698671866e-02 5.074192407659228188e-02 -1.451125463077334588e-01 2.600573909080539647e-01
1.207320313953527124e-01 1.851917780127232405e-02 -1.291914311885677957e-01 2.770816516537946139e-01 -1.291914311885677957e-01 2.770816516537946139e-01 -1.252037473067913742e-01 -3.275244125968562042e-02
3.510584823299549573e-01 3.756508111233913816e-02 3.157171483717987615e-01 2.083668432975328555e-01 3.157171483717987615e-01 2.083668432975328555e-01 -3.774335630577538292e-01 -1.593960038091738196e-01
3.654240312144623193e-01 1.033300064753612801e-01 4.953701497673248522e-01 -2.357087436386590129e-01 4.953701497673248522e-01 -2.357087436386590129e-01 -4.409425662377483568e-01 -2.261876388261913895e-01
-2.593497481409215988e-01 -1.194639766323782881e-01 -1.373105790487516575e-01 -4.073366736907690910e-02 -1.373105790487516575e-01 -4.073366736907690910e-02 1.973838436378810846e-01 6.647332648444025105e-02
-1.147339412117419633e-01 -3.888822790708819088e-01 -4.920113113144612971e-01 4.101484301967656121e-01 -4.920113113144612971e-01 4.101484301967656121e-01 2.549794812132837041e-02 5.269478287802658034e-01
-2.672716720227092946e-01 -4.423711088370205768e-01 4.101074350793245671e-01 1.293130766229996231e-01 4.101074350793245671e-01 1.293130766229996231e-01 3.080514019588848074e-02 5.666291601049009419e-01
-1.745771998353027321e-01 7.597595338079432548e-02 -5.556515546464158017e-02 -4.453672615769423970e-01 -5.556515546464158017e-02 -4.453672615769423970e-01 2.011045382273758952e-01 -1.006808065910089200e-01
3.157811184723946507e-01 4.059997795645866603e-01 -1.217890603523704707e-01 -4.539355350836475900e-01 -1.217890603523704707e-01 -4.539355350836475900e-01 -5.721952474532963073e-01 -3.408816733417702194e-01
-1.688357196106823332e-01 4.007952388462205917e-01 1.289905519571317161e-01 3.404610964798034933e-01 1.289905519571317161e-01 3.404610964798034933e-01 3.041728247449562161e-01 -2.686639155808785429e-01
1.058045525327033776e-02 4.695934490892916813e-02 -2.239744812752332281e-01 3.304932248871206291e-02 -2.239744812752332281e-01 3.304932248871206291e-02 -1.157415774833396409e-02 -4.486611086801985115e-02
4.600426255523176744e-01 3.593716531904720402e-01 1.081800344330248187e-01 1.449121088352156583e-03 1.081800344330248187e-01 1.449121088352156583e-03 -7.906951833179610700e-01 -4.418628853986891203e-01
1.322237729028609143e-01 -1.380052292136753067e-01 -2.602869962436145101e-01 3.869404431618383988e-02 -2.602869962436145101e-01 3.869404431618383988e-02 -9.572862872894837005e-02 1.395675463833270236e-01
-3.876647605973940758e-01 4.309043435713575398e-01 4.974129602792045635e-01 1.657409275677547145e-01 4.974129602792045635e-01 1.657409275677547145e-01 7.217576189793292185e-01 -3.955097568717298451e-01
1.702153883440082893e-01 -2.837147764680858497e-02 -1.985152044950000416e-02 -4.689048238449381456e-01 -1.985152044950000416e-02 -4.689048238449381456e-01 -1.605568641729185342e-01 2.031399615703907702e-04
-4.321035964346308100e-01 -2.145549351836916196e-01 2.552376792784039061e-02 2.504328383011004133e-01 2.552376792784039061e-02 2.504328383011004133e-01 2.466836781832862924e-01 7.387523734362744232e-02
3.768501280835176992e-01 2.463804314117105099e-01 3.876890408530160315e-01 -3.858245740746300001e-01 3.876890408530160315e-01 -3.858245740746300001e-01 -5.625471223530685849e-01 -3.276931334656535966e-01
1.076761307177875882e-01 2.553021617727033732e-01 -8.547896151686595889e-02 9.073341696026282488e-02 -8.547896151686595889e-02 9.073341696026282488e-02 -1.626560286049303083e-01 -2.017171170932418600e-01
-1.747954870285927109e-01 3.369959109683958731e-01 -2.561917975932104241e-01 4.595043362603682402e-01 -2.561917975932104241e-01 4.595043362603682402e-01 2.926062157973227662e-01 -2.539831292445398070e-01
1.180779974824545109e-01 4.070602173521389311e-01 -9.515477405077965578e-02 -9.293426107118130108e-02 -9.515477405077965578e-02 -9.293426107118130108e-02 -2.142077081218810020e-01 -2.553046102908348436e-01
1.378408620215795244e-01 -4.654502936272232327e-01 -1.208453491138821168e-01 -1.559157043236691909e-02 -1.208453491138821168e-01 -1.559157043236691909e-02 -9.524722618032027688e-03 6.630941662220394273e-01
-4.886011957225701030e-01 -2.859747660759837107e-02 3.816126715202339259e-02 -3.582252496916571438e-02 3.816126715202339259e-02 -3.582252496916571438e-02 4.606556731923285297e-01 -2.093158361856047311e-01
3.273510551834774018e-01 -7.564517755984323522e-03 -3.854482928736575609e-01 1.007221355789565953e-01 -3.854482928736575609e-01 1.007221355789565953e-01 -3.223985494447261790e-01 -9.953697364487112953e-02
-3.111003877606471901e-01 -1.864653035033440043e-01 2.882903516923461806e-01 4.466348346690129922e-03 2.882903516923461806e-01 4.466348346690129922e-03 1.950815313130530027e-01 1.244511616491131567e-01
-4.168903837601680706e-01 1.376272442963188958e-01 8.726924321031181986e-02 3.705816319131606251e-01 8.726924321031181986e-02 3.705816319131606251e-01 5.316413331412616072e-01 -2.924835779954204629e-01
-1.421481090159086857e-01 1.608817214813924590e-01 2.755692007196154369e-01 5.570641559110556251e-02 2.755692007196154369e-01 5.570641559110556251e-02 1.878861739835167577e-01 -1.552048780713747855e-01
-4.708531739020761497e-01 4.061529745858065699e-01 -3.133446864967545098e-01 -4.334198797440560469e-01 -3.133446864967545098e-01 -4.334198797440560469e-01 8.533300082490686833e-01 -4.628954471945664895e-01
4.403703396854395935e-01 2.090878069882572410e-01 -3.860021043837014165e-01 -2.945233322467633030e-01 -3.860021043837014165e-01 -2.945233322467633030e-01 -6.245224768604444865e-01 -3.592961320317680229e-01
4.738552412004461978e-01 -1.516136508477907707e-01 -3.666159775483098793e-01 7.149068781309841913e-02 -3.666159775483098793e-01 7.149068781309841913e-02 -3.301693950169259373e-01 -4.993843964194644158e-02
2.783445107689045406e-01 4.933046142816267521e-01 3.751139059801812392e-01 1.284251271635993286e-01 3.751139059801812392e-01 1.284251271635993286e-01 -5.529617738134295912e-01 -3.274308384852629983e-01
2.183735146215615153e-03 -3.346992855033449343e-01 2.796703923195787977e-01 2.542399332480050900e-01 2.796703923195787977e-01 2.542399332480050900e-01 -7.219459598817974059e-04 4.467181285206057173e-01
-3.135909414030645381e-01 -2.466737420225800781e-01 4.915982242535164026e-01 -2.399432307157565170e-01 4.915982242535164026e-01 -2.399432307157565170e-01 1.588816394425094092e-01 2.091823984959421956e-01
3.081912920617538854e-01 -2.694874630192911624e-03 -4.178580154054045703e-02 2.604540717745943423e-01 -4.178580154054045703e-02 2.604540717745943423e-01 -3.065302182733066760e-01 -9.227973552322792095e-02
4.328501164099995968e-01 -3.244098911048716172e-01 -2.429952673349966563e-01 -2.976465280665339108e-01 -2.429952673349966563e-01 -2.976465280665339108e-01 -1.520083981514016580e-01 2.422924452753960622e-01
3.666791945821435972e-01 1.244979612498555710e-01 -3.394551039589381869e-01 2.255419427047297143e-01 -3.394551039589381869e-01 2.255419427047297143e-01 -4.579808188985755590e-01 -2.434518506338945731e-01
-1.408910852067197794e-01 3.151044634317388127e-01 -3.831491941508745613e-01 -2.770198909779029162e-01 -3.831491941508745613e-01 -2.770198909779029162e-01 2.296819048194774227e-01 -2.356639384478619592e-01
4.351378963822822854e-01 -2.999390988369869948e-01 2.262073424456433335e-01 3.595635366986006387e-01 2.262073424456433335e-01 3.595635366986006387e-01 -1.741081593608343470e-01 2.005575729801330198e-01
-2.960064499916885694e-01 2.061540037626332644e-01 -4.235354538739399821e-01 -1.922094786466828076e-01 -4.235354538739399821e-01 -1.922094786466828076e-01 4.180522796023891097e-01 -2.512743489319514967e-01
-1.758372077098184771e-01 -3.959494033570543081e-02 -4.574783814746794519e-01 2.609460082090966360e-01 -4.574783814746794519e-01 2.609460082090966360e-01 1.619126802136838794e-01 1.024397602070765967e-02
-3.291490246082832138e-01 1.852707975847257549e-01 -3.468278842163083908e-01 -3.529274023148106787e-01 -3.468278842163083908e-01 -3.529274023148106787e-01 4.511124292351055276e-01 -2.592846095476295520e-01
2.493853878408158753e-02 8.702931447484985039e-02 4.297482505146191789e-01 2.934053378257613920e-01 4.297482505146191789e-01 2.934053378257613920e-01 -2.927930665284773915e-02 -8.007714361357268218e-02
4.847494372852713118e-01 -3.589153676116672020e-01 3.280176953974981435e-01 -2.619185963199334166e-01 3.280176953974981435e-01 -2.619185963199334166e-01 -1.367813923196873893e-01 2.527535917710982405e-01
1.023045990363207203e-01 -1.098814809654939939e-01 -4.913099763333867998e-01 4.406258639492578455e-01 -4.913099763333867998e-01 4.406258639492578455e-01 -7.982183733293678196e-02 1.114891898406818599e-01
1.791332192952086455e-01 -1.808454537563453091e-02 -4.612365263458839681e-01 5.417783305120693615e-02 -4.612365263458839681e-01 5.417783305120693615e-02 -1.726541336299532714e-01 -1.367711409798739314e-02
-2.399690644272806095e-01 3.642739218917026012e-01 2.134274972181188224e-01 3.536770300076039764e-01 2.134274972181188224e-01 3.536770300076039764e-01 4.147980088904969498e-01 -2.891635836034446849e-01
6.263106093106984851e-03 3.150758053518654123e-01 -2.652712511270266527e-01 -2.775535044516451721e-01 -2.652712511270266527e-01 -2.775535044516451721e-01 -1.020981248568670133e-02 -2.158422687316723376e-01
-2.294264779880849092e-01 1.718430747285799587e-01 9.338023343092238804e-02 3.224482932491207210e-01 9.338023343092238804e-02 3.224482932491207210e-01 3.082771807913276541e-01 -1.949495411984248361e-01
1.568532942055742563e-01 -2.167263144157570709e-01 2.698075661208828580e-01 -2.772636615061730980e-01 2.698075661208828580e-01 -2.772636615061730980e-01 -8.886482149128518970e-02 2.390936538728542227e-01
-1.418313827379770187e-01 -2.162124506280539427e-01 4.333708535075281310e-01 1.741889411022522482e-01 4.333708535075281310e-01 1.741889411022522482e-01 8.049996106249006356e-02 2.428441333052760720e-01
-1.842380232338558521e-02 -1.701252879568406762e-01 -1.206934656766814884e-01 -4.706429018799278552e-01 -1.206934656766814884e-01 -4.706429018799278552e-01 1.215509297233382038e-02 1.987284650671874431e-01
1.687010516724644082e-01 1.799532058019762681e-01 -1.877728379503328382e-01 -1.080512256938404025e-02 -1.877728379503328382e-01 -1.080512256938404025e-02 -2.294176418137140461e-01 -1.760300943589633571e-01
-3.155678214171969698e-01 6.176117808970138512e-02 2.110647431257864914e-01 -4.578922750387512952e-01 2.110647431257864914e-01 -4.578922750387512952e-01 3.545475022530501508e-01 -1.575297848846694826e-01
1.842239682340508500e-01 -3.348997573947645190e-01 -4.447694525670103927e-01 -4.555345889645904256e-01 -4.447694525670103927e-01 -4.555345889645904256e-01 -6.083084369828198334e-02 4.131191344259360632e-01
-3.167743900556030390e-02 -2.658478760103084593e-01 8.148067558104288288e-02 4.719458108535938834e-01 8.148067558104288288e-02 4.719458108535938834e-01 1.483467925141169347e-02 3.355195090475497910e-01
2.876666877281190970e-01 -1.536021839782887310e-01 -1.937208813973757549e-01 -3.272791903010928705e-01 -1.937208813973757549e-01 -3.272791903010928705e-01 -1.992942247424401292e-01 9.444369167272159693e-02
1.312191816977066328e-01 -3.239644515239561429e-01 -3.031597314322986847e-01 3.879652580846493226e-02 -3.031597314322986847e-01 3.879652580846493226e-02 -4.619848124146688773e-02 4.116989437297581267e-01
-3.108502135453680149e-01 3.089634813124420010e-02 -3.750950530492376256e-01 7.923390206605440689e-02 -3.750950530492376256e-01 7.923390206605440689e-02 3.300584863741066188e-01 -1.265696190645980712e-01
2.037528074280633428e-01 -3.487410207692642761e-02 1.665075642125268818e-02 -3.134928962760229476e-01 1.665075642125268818e-02 -3.134928962760229476e-01 -1.895414150186501279e-01 -5.424901462219154646e-03
4.721791107298494161e-01 1.425864062397809162e-01 -1.803962611778483494e-01 1.813449244602832744e-01 -1.803962611778483494e-01 1.813449244602832744e-01 -6.068317557307789656e-01 -3.452086356050365068e-01
-4.636340399878244867e-01 2.847788445757889475e-01 -4.188748616363711097e-01 4.884776797646084301e-01 -4.188748616363711097e-01 4.884776797646084301e-01 7.277003724153000563e-01 -4.186363772932992222e-01
3.959828118067932889e-01 3.246842296949982165e-01 -3.882012744081070332e-01 3.238298191015573924e-01 -3.882012744081070332e-01 3.238298191015573924e-01 -6.531215602546895926e-01 -3.760667679287781340e-01
-6.953118170750949290e-02 4.177487359855984739e-01 -2.903422184838407860e-01 -4.355235115178682781e-01 -2.903422184838407860e-01 -4.355235115178682781e-01 1.276243082473036139e-01 -2.480693147976759105e-01
2.669540514384631802e-01 1.154586310533649574e-01 4.716566666028099153e-02 -3.550846737861471647e-01 4.716566666028099153e-02 -3.550846737861471647e-01 -3.285983501049322131e-01 -1.733924011480575400e-01
4.338601754254034493e-02 1.384901892241859889e-01 2.889194253627275222e-01 5.797331917683323788e-02 2.889194253627275222e-01 5.797331917683323788e-02 -5.540309310084087779e-02 -1.211930032310367666e-01
4.788777962169427083e-01 4.743046815770382008e-01 2.637234691918560747e-01 -4.339161504738585640e-01 2.637234691918560747e-01 -4.339161504738585640e-01 -9.331457575149242345e-01 -4.786636943207382977e-01
6.228338396163346502e-02 4.178501082011500944e-01 -1.083396490831373127e-01 -4.937398728944453197e-01 -1.083396490831373127e-01 -4.937398728944453197e-01 -1.143336214166381093e-01 -2.471306151951495056e-01
-2.499832314043242132e-01 -8.117291609423216148e-02 -3.062829944755292022e-01 -3.438780158067723525e-01 -3.062829944755292022e-01 -3.438780158067723525e-01 2.093994956688277620e-01 2.527034241812550763e-02
4.291271120490336433e-01 5.842885196866831610e-02 -2.242016301698288583e-01 2.228805884166673579e-02 -2.242016301698288583e-01 2.228805884166673579e-02 -4.792739210603438882e-01 -2.391649995218356195e-01
-2.206376317712667179e-01 2.447911570524001768e-01 -1.034095668357198905e-01 3.782165670386287148e-01 -1.034095668357198905e-01 3.782165670386287148e-01 3.286579141124462700e-01 -2.335494110349804198e-01
-1.844110767018136698e-02 -1.716627312707693642e-01 9.231001581054087968e-02 2.722166117416519038e-01 9.231001581054087968e-02 2.722166117416519038e-01 1.210980584953803146e-02 2.007907501260065286e-01
