-4.896561048897543067e-01 4.060630997656511365e-02 -3.337550149432066959e-02 1.142335427291460981e-01 -3.337550149432066959e-02 1.142335427291460981e-01 5.294223600438959787e-01 -2.787205386224582693e-01
-5.107824299815644231e-02 -4.041557656357207540e-01 -1.348882016388753824e-01 3.803594438838742153e-01 -1.348882016388753824e-01 3.803594438838742153e-01 9.791110185661824894e-03 5.648886616245376580e-01
-1.487752667832050735e-01 -3.671036833038154867e-02 -2.698482021397397013e-01 7.456527162147685850e-02 -2.698482021397397013e-01 7.456527162147685850e-02 1.378520770990805944e-01 1.592393946691998685e-02
4.494341220228339484e-01 -4.276324921884011587e-01 -3.049269580709295102e-01 -4.669339201174133036e-01 -3.049269580709295102e-01 -4.669339201174133036e-01 -6.504885467257298659e-02 4.085110105252285351e-01
-1.909662010612399596e-01 2.423888305367246643e-01 1.550629411144537340e-01 -1.923653125073382375e-01 1.550629411144537340e-01 -1.923653125073382375e-01 2.835423493557899244e-01 -2.201045753155255746e-01
3.470515087557427547e-01 1.398840461457138140e-01 -4.753803473487466791e-01 2.474490156182921341e-01 -4.753803473487466791e-01 2.474490156182921341e-01 -4.441454472871986248e-01 -2.407612495092550098e-01
-1.054696110067514514e-01 1.379672460606586881e-01 1.196163027241670118e-02 -2.522946622622165291e-01 1.196163027241670118e-02 -2.522946622622165291e-01 1.345723145541323218e-01 -1.300561239210118181e-01
3.166572756618751816e-01 5.783207970508930096e-02 -4.964682035269250004e-01 -2.406751545871338438e-01 -4.964682035269250004e-01 -2.406751545871338438e-01 -3.532831732724232010e-01 -1.547593604916742971e-01
3.469962489307772957e-01 -4.687816508783347880e-01 -2.223033677467320945e-01 -4.316663153950314191e-01 -2.223033677467320945e-01 -4.316663153950314191e-01 -2.166530008605849211e-02 5.681314903065217692e-01
1.017590876421170520e-01 3.815418697028623018e-01 -5.543781404287906334e-03 3.538048157973092689e-01 -5.543781404287906334e-03 3.538048157973092689e-01 -1.794097927585786012e-01 -2.463225832842624030e-01
4.808159685451777188e-01 -3.939979420509454044e-02 -2.137235031594691970e-01 -4.035739656784276264e-02 -2.137235031594691970e-01 -4.035739656784276264e-02 -4.429278681227712955e-01 -1.902318576195389799e-01
-4.575808663703198054e-01 -3.561348820146869043e-01 -2.705979896725455580e-01 -2.018000517501521429e-01 -2.705979896725455580e-01 -2.018000517501521429e-01 1.316598506563756987e-01 2.735866869340893848e-01
1.343565006749879442e-01 -4.259207232332277160e-01 7.288671943841984469e-02 -4.587492226217868563e-01 7.288671943841984469e-02 -4.587492226217868563e-01 -1.990606479783492422e-02 5.892775164391154119e-01
2.638396371119186012e-01 -2.241614028881158127e-01 -2.179764105539078178e-01 4.677529706725848113e-01 -2.179764105539078178e-01 4.677529706725848113e-01 -1.455543107269204883e-01 2.047983833215351046e-01
-7.632354287972364926e-02 5.054076319001077344e-02 3.616803682232430095e-01 4.065424936617481055e-01 3.616803682232430095e-01 4.065424936617481055e-01 8.403844309273714175e-02 -5.381167764389503672e-02
-1.129932315534509790e-01 4.591704240093179568e-01 7.857429375207214406e-02 -2.387416052610745743e-01 7.857429375207214406e-02 -2.387416052610745743e-01 2.167595316386132231e-01 -2.611004161013129599e-01
-4.558327773370317582e-01 -2.777955000521353801e-01 -1.456209694789483144e-01 -2.524029199843533799e-01 -1.456209694789483144e-01 -2.524029199843533799e-01 2.025761886960429359e-01 1.471823190065593701e-01
-1.950686938016137351e-01 -3.194921810425469522e-01 8.136997237241816450e-03 1.315691171497156420e-01 8.136997237241816450e-03 1.315691171497156420e-01 7.042284893001707347e-02 3.835156394884028375e-01
2.577027911180880260e-01 2.896740653694093171e-01 4.701547491304424176e-01 4.836305858667311330e-01 4.701547491304424176e-01 4.836305858667311330e-01 -4.070024214385285499e-01 -2.721737297718214155e-01
4.589420361281295602e-01 -2.640911837904086346e-01 -4.716404904227217143e-01 2.468004309251030648e-01 -4.716404904227217143e-01 2.468004309251030648e-01 -2.165369449036131100e-01 1.232075446207946401e-01
-4.234634384643714000e-01 2.625030253117691670e-01 1.138536304770434437e-01 1.411107685546642010e-01 1.138536304770434437e-01 1.411107685546642010e-01 6.457843058760147636e-01 -3.729164707300062775e-01
-2.748042916832174054e-01 -4.554467797049036593e-01 4.496399890226896456e-01 1.349885511802427773e-01 4.496399890226896456e-01 1.349885511802427773e-01 2.448683229080061974e-02 5.873611501209559105e-01
-3.948028108860021090e-01 -2.206373322342338739e-01 1.493647844091203769e-01 4.970374151904521920e-02 1.493647844091203769e-01 4.970374151904521920e-02 2.205863329810736073e-01 1.134489051261852316e-01
4.294748028203662082e-01 -4.646402978879733414e-01 2.753642311234788531e-01 7.397458714858473616e-02 2.753642311234788531e-01 7.397458714858473616e-02 -3.037220218469904864e-02 4.960822980518054814e-01
-2.031843318535675458e-02 -1.438131788724967830e-01 2.433154948647933136e-01 1.470368419568113261e-02 2.433154948647933136e-01 1.470368419568113261e-02 1.447431625316758334e-02 1.640825705628017328e-01
2.957919324513179626e-01 3.425701551940897316e-01 -9.335975429171450291e-02 -3.230963195067640958e-01 -9.335975429171450291e-02 -3.230963195067640958e-01 -4.984509088613333638e-01 -3.127087112676720793e-01
-2.558116534230605588e-01 2.995437682594668249e-01 -4.292071764070870543e-03 4.366993307447474271e-01 -4.292071764070870543e-03 4.366993307447474271e-01 4.090652266851171337e-01 -2.752569011834257173e-01
1.526793788019437104e-01 2.725357092641811363e-01 -2.129327823514806095e-01 4.660948144709647911e-01 -2.129327823514806095e-01 4.660948144709647911e-01 -2.359005443855483330e-01 -2.215709891513982788e-01
-1.356215980339169347e-01 -3.686548808175929004e-01 -4.754405881334723416e-01 4.571668552383634232e-01 -4.754405881334723416e-01 4.571668552383634232e-01 3.562646991494665405e-02 4.861680841149531584e-01
-2.134677104781437240e-01 4.085873779901941782e-01 3.664807709822998083e-01 1.223564998406334592e-01 3.664807709822998083e-01 1.223564998406334592e-01 3.879081346978130451e-01 -2.872121959540729907e-01
-4.367302492425930716e-01 1.253926986309160663e-01 -7.674948795487535058e-02 1.138581304457492172e-01 -7.674948795487535058e-02 1.138581304457492172e-01 5.462558182951557928e-01 -3.004026803644698207e-01
-2.906058715329176145e-01 -3.934593976989828601e-01 -4.668864297579448097e-01 4.427502557031255392e-01 -4.668864297579448097e-01 4.427502557031255392e-01 6.192264917065809504e-02 4.638179227672226124e-01
2.107326736231333042e-01 -3.617691424063708139e-01 1.882675490229566151e-01 1.788995957799444092e-01 1.882675490229566151e-01 1.788995957799444092e-01 -5.825951639584814323e-02 4.482377950714577786e-01
1.726525953156872184e-01 3.705500954927587465e-02 3.453221988800031506e-01 3.678798202148562124e-01 3.453221988800031506e-01 3.678798202148562124e-01 -1.854478824519473212e-01 -6.549085448582141200e-02
-3.721371968651225881e-01 -3.378087193456784654e-01 -2.498216869469805923e-01 -4.953495151281849251e-01 -2.498216869469805923e-01 -4.953495151281849251e-01 1.207148170773272300e-01 3.134373569210148203e-01
-2.454682113646560193e-01 8.688948114693106906e-02 -1.365919434872281402e-01 1.413330210689323074e-02 -1.365919434872281402e-01 1.413330210689323074e-02 2.881254224117363316e-01 -1.395943420035116178e-01
-1.792350721941187164e-01 -1.354695871418982733e-01 4.581811069088730370e-01 -1.907597627288616371e-01 4.581811069088730370e-01 -1.907597627288616371e-01 1.306732697311475122e-01 1.216963850778636919e-01
-4.918899184293603621e-01 1.424402796962112028e-01 -1.075809921804468106e-01 -2.703627868105973331e-01 -1.075809921804468106e-01 -2.703627868105973331e-01 6.320197935510095677e-01 -3.641067382687190879e-01
2.914565462850539079e-01 3.438181546691554402e-02 -7.606829888542410156e-02 -3.726169179175702340e-01 -7.606829888542410156e-02 -3.726169179175702340e-01 -3.114981566670483870e-01 -1.181466246045262819e-01
5.980061660479041308e-02 -1.667955357566841545e-01 -1.105518616870821980e-01 -1.041763319650678143e-01 -1.105518616870821980e-01 -1.041763319650678143e-01 -3.985166483443824958e-02 1.910401727587303089e-01
1.699439053354556695e-01 -2.288379664421523740e-01 -3.816022260722342629e-01 -8.539786429557438829e-03 -3.816022260722342629e-01 -8.539786429557438829e-03 -9.216466992304901684e-02 2.523238503668657207e-01
-3.788637746426708475e-01 4.791411739385587065e-02 4.465262713143409723e-01 -2.353686617129202574e-02 4.465262713143409723e-01 -2.353686617129202574e-02 4.151696213916874489e-01 -1.891561144847161702e-01
-3.124535008090748578e-01 -2.099322014936287895e-01 -3.911497392733860323e-01 4.749280882512366686e-01 -3.911497392733860323e-01 4.749280882512366686e-01 1.812653982305940381e-01 1.563765405497438143e-01
4.803283477030739768e-01 -4.209828701885365287e-01 3.301869013831231214e-01 -1.005519212171909205e-01 3.301869013831231214e-01 -1.005519212171909205e-01 -7.590833480515912779e-02 3.674941255735496015e-01
2.639818784357627068e-01 -4.162146833980714389e-01 1.813736372220106086e-01 1.287275939467118491e-01 1.813736372220106086e-01 1.287275939467118491e-01 -4.423561052382438130e-02 5.197629139317544444e-01
-2.023653947164743006e-01 3.886605689461408719e-02 -4.503677555646282693e-01 1.020978598008679405e-01 -4.503677555646282693e-01 1.020978598008679405e-01 2.180956846055773501e-01 -7.830723949483314739e-02
-2.941337765568216023e-01 -2.492976506657093028e-01 -3.955656623358040358e-01 -3.053915964713714848e-01 -3.955656623358040358e-01 -3.053915964713714848e-01 1.474800576027249788e-01 2.249322907815730632e-01
-2.289589008416559324e-02 -3.162343136995177106e-01 -3.834105021143230374e-02 1.651178632036061078e-01 -3.834105021143230374e-02 1.651178632036061078e-01 8.414957909554194801e-03 4.157142330777764960e-01
9.371493098051519866e-02 -2.367564172828015012e-01 4.313099770514725595e-01 -4.597995952147074794e-01 4.313099770514725595e-01 -4.597995952147074794e-01 -4.933970837081159966e-02 2.840275301187067947e-01
1.080343030674544291e-01 -4.506340996142377264e-02 7.933787249379820050e-02 -7.475848398627216174e-02 7.933787249379820050e-02 -7.475848398627216174e-02 -9.829751488940362270e-02 3.542271023950452347e-02
-2.659239268529983713e-01 -2.470813943995227024e-01 1.037397544586580178e-01 -1.960451475812708955e-01 1.037397544586580178e-01 -1.960451475812708955e-01 1.345142175509273508e-01 2.374150749850163500e-01
-3.174712059769483341e-01 -1.659739738878495130e-01 4.670488294095697102e-01 -2.137612208216561616e-01 4.670488294095697102e-01 -2.137612208216561616e-01 2.120872906750241038e-01 9.273336727151611225e-02
-3.209096592869953302e-02 7.630990164339990223e-02 3.785313666115934783e-01 -4.119978005067200799e-01 3.785313666115934783e-01 -4.119978005067200799e-01 3.698868283602105289e-02 -7.151653064881148547e-02
2.110669702314096341e-01 -2.042782163970435771e-01 -3.083831349504326802e-01 2.796973964624573927e-01 -3.083831349504326802e-01 2.796973964624573927e-01 -1.248342017930091363e-01 2.014585401687341848e-01
1.074147558709226402e-01 1.820781799734800810e-01 -6.695918525242439134e-02 -3.966994431649709663e-01 -6.695918525242439134e-02 -3.966994431649709663e-01 -1.465305223734691964e-01 -1.604636461298349914e-01
2.432985398212695882e-01 -1.513151961258714095e-01 -5.139344644577292787e-02 2.062510736621122609e-01 -5.139344644577292787e-02 2.062510736621122609e-01 -1.696690072808825223e-01 1.150173052253204431e-01
4.685482366007897026e-01 3.630626843034177043e-01 -3.947346588685970437e-01 -1.751107322566354263e-01 -3.947346588685970437e-01 -1.751107322566354263e-01 -8.087729976126207809e-01 -4.507856215915241327e-01
-7.329804843828480188e-02 -9.202469111104405464e-02 -1.425745392759572017e-01 4.940190541933765500e-01 -1.425745392759572017e-01 4.940190541933765500e-01 5.980758790513379664e-02 9.512063098026597718e-02
3.351873451819616934e-01 -2.483326919793937826e-02 -3.948808742682758943e-01 -4.087230878583234528e-01 -3.948808742682758943e-01 -4.087230878583234528e-01 -3.185397500326691000e-01 -8.690059591313484266e-02
1.793946260325608444e-01 2.367321217835572922e-01 -4.569888936507885413e-01 4.429695027099430638e-01 -4.569888936507885413e-01 4.429695027099430638e-01 -2.643315669470726603e-01 -2.128724561487746469e-01
1.300277019176703241e-01 4.938361713204301173e-01 2.623992804920152189e-01 -3.875489085165171321e-01 2.623992804920152189e-01 -3.875489085165171321e-01 -2.584524668789032198e-01 -2.668692104819994082e-01
-2.060438082282051164e-01 -4.418217113233557924e-02 4.370867098557380537e-01 -2.631845300694725109e-01 4.370867098557380537e-01 -2.631845300694725109e-01 1.878368826364117394e-01 3.680184469121196289e-03
1.618492631614464328e-01 -3.350298206786617161e-01 2.238874250444730096e-01 1.939698827857310182e-01 2.238874250444730096e-01 1.939698827857310182e-01 -5.340060393354058299e-02 4.210796174367348321e-01
-2.844364429821861773e-01 3.200739678276111055e-01 3.011622415348718107e-01 -2.439901067094442100e-01 3.011622415348718107e-01 -2.439901067094442100e-01 4.665178447823469798e-01 -2.985307130430588929e-01
-8.534329018314978921e-02 -1.667246573353716732e-01 2.689813946127365130e-01 2.933528612004343561e-01 2.689813946127365130e-01 2.933528612004343561e-01 5.688562855983211874e-02 1.872382915196834641e-01
4.859006499521117961e-01 2.168556444183746823e-01 3.304832321853402588e-01 1.072628164914640747e-01 3.304832321853402588e-01 1.072628164914640747e-01 -6.966412470894564057e-01 -4.059287155261508406e-01
-2.329340271174921151e-01 -3.388865469923154627e-01 -3.424305009281046752e-01 -1.463112588712229822e-01 -3.424305009281046752e-01 -1.463112588712229822e-01 7.505761086376955271e-02 3.994723777355177474e-01
-9.905266793189004826e-02 -2.865974198906687809e-01 2.233980426713865208e-01 -3.806120097117441370e-01 2.233980426713865208e-01 -3.806120097117441370e-01 4.227618980675629939e-02 3.589240699542318169e-01
-2.610959094754703447e-01 -2.878284756171177738e-01 -2.025878966450913587e-01 -1.933335085704944722e-01 -2.025878966450913587e-01 -1.933335085704944722e-01 1.107942342470911445e-01 3.025026330483685522e-01
-4.016639688057210833e-01 2.940807569219565654e-01 3.982323680453343506e-01 -3.473454883804016902e-02 3.982323680453343506e-01 -3.473454883804016902e-02 6.379072567550483353e-01 -3.689312091669289528e-01
2.501561486032265469e-01 -3.212658514441546487e-01 4.917482122370622211e-01 -4.089885884052891774e-01 4.917482122370622211e-01 -4.089885884052891774e-01 -8.942289245321444202e-02 3.618995000642927229e-01
-1.388429918194219459e-01 -3.402124957407748340e-01 2.546961206969519109e-01 1.014097422400018766e-01 2.546961206969519109e-01 1.014097422400018766e-01 4.437075029341890076e-02 4.366796616215735116e-01
2.207620854381331377e-02 1.495928986484829082e-02 5.807655406543821286e-02 2.019345355992400171e-01 5.807655406543821286e-02 2.019345355992400171e-01 -2.273669734926080099e-02 -1.522286849525767392e-02
-3.179576546804102621e-01 -4.650993907857950971e-01 3.503281523125304497e-01 4.134332738018733355e-01 3.503281523125304497e-01 4.134332738018733355e-01 2.219383170533223426e-02 5.803197639252457574e-01
-1.568176958627998108e-01 7.072171258934578653e-02 2.138108283139595889e-01 4.102352928103862872e-01 2.138108283139595889e-01 4.102352928103862872e-01 1.789985278942645419e-01 -9.031194169349333889e-02
-2.403652222078138667e-01 -2.941874127032341191e-01 6.641299453978677381e-02 5.238966704631919935e-02 6.641299453978677381e-02 5.238966704631919935e-02 9.894037655750442806e-02 3.229582064492453886e-01
-4.299207465255976413e-01 9.707588906159525521e-02 9.804974375982489221e-03 2.388194325780079730e-01 9.804974375982489221e-03 2.388194325780079730e-01 5.133906239155918705e-01 -2.724840091176232715e-01
-5.978823955863343809e-02 2.662927434753096234e-01 -1.291885627533726488e-01 4.510738920079258030e-01 -1.291885627533726488e-01 4.510738920079258030e-01 9.163058823788849949e-02 -1.989555518372231047e-01
-2.475291638172973929e-01 1.188043434337153759e-01 -2.743817084972818288e-01 -2.864571222748624191e-02 -2.743817084972818288e-01 -2.864571222748624191e-02 3.063442433933185605e-01 -1.659605583550896324e-01
4.742308506693960757e-01 3.592894994657940266e-01 3.718734567286402504e-01 3.555021308869982244e-01 3.718734567286402504e-01 3.555021308869982244e-01 -8.150031806058861683e-01 -4.550954547660323035e-01
-3.366247778197650753e-01 2.389329794911511096e-01 -2.587342386997818489e-01 2.480188128671478864e-02 -2.587342386997818489e-01 2.480188128671478864e-02 4.974863000898115395e-01 -2.951602518448384616e-01
1.055571841134033129e-01 -3.312936960962256094e-01 -4.619582143502453109e-01 -4.596730147763986585e-01 -4.619582143502453109e-01 -4.596730147763986585e-01 -3.561632476452497587e-02 4.299068900513729474e-01
-3.657612467239839127e-01 -4.318920863598766369e-01 2.471530281777258864e-01 -6.424926786893492281e-02 2.471530281777258864e-01 -6.424926786893492281e-02 4.982247080956192509e-02 4.846415710150807632e-01
1.412224925127461006e-01 2.939596357407285865e-01 3.954065199693707067e-01 -2.805680026951690165e-01 3.954065199693707067e-01 -2.805680026951690165e-01 -2.242499174276353369e-01 -2.274911606874193692e-01
2.975720367743023287e-01 3.061655897331683196e-02 -4.660533098956665121e-01 1.257039421012957625e-01 -4.660533098956665121e-01 1.257039421012957625e-01 -3.157933003997231980e-01 -1.182283023599569743e-01
-2.619176841297066183e-01 -1.237440373479116174e-01 -2.769562320404010958e-01 6.101784109298169501e-02 -2.769562320404010958e-01 6.101784109298169501e-02 1.970961807556567691e-01 7.045575086720418101e-02
-4.687224133344788379e-01 -4.365589575810615575e-01 4.956168138140518709e-01 -2.001606432559176474e-01 4.956168138140518709e-01 -2.001606432559176474e-01 5.947247701411972898e-02 4.074419802632266441e-01
3.616043304298477423e-01 4.417145396350538045e-01 1.087451647343243843e-01 4.566385661837025767e-01 1.087451647343243843e-01 4.566385661837025767e-01 -6.810561111215718277e-01 -3.773604968956647543e-01
4.555995800922607586e-02 3.741740906036736813e-01 2.889072243280054186e-01 -1.176336114516089992e-01 2.889072243280054186e-01 -1.176336114516089992e-01 -7.965466972131352019e-02 -2.362435502983899205e-01
-4.073871472027272844e-01 4.535971709762406379e-01 8.340333582115389000e-02 -3.575652433423737175e-01 8.340333582115389000e-02 -3.575652433423737175e-01 7.769664621292040607e-01 -4.138110651645683369e-01
3.037060675716729552e-02 3.331308286469674140e-01 -3.294716901909371387e-01 -4.596380209879210588e-01 -3.294716901909371387e-01 -4.596380209879210588e-01 -5.060537754821994860e-02 -2.230770534067507416e-01
-4.131257952544757917e-01 -2.491783312187824118e-01 -1.395388875970235976e-01 -4.354493679229168857e-01 -1.395388875970235976e-01 -4.354493679229168857e-01 2.072418027645904770e-01 1.405952492631166173e-01
2.440414955950654941e-01 3.323907496525247973e-01 1.905406584511201151e-01 3.106659328076144533e-02 1.905406584511201151e-01 3.106659328076144533e-02 -4.062757669293998175e-01 -2.814633907702337456e-01
-2.146958941493167794e-01 -3.564286490444401601e-02 2.790951776457991640e-01 -2.314304516453641325e-01 2.790951776457991640e-01 -2.314304516453641325e-01 1.993911406479109694e-01 -9.181048241534171817e-03
-1.363760296225435820e-02 2.996064081547629154e-01 3.849950054199898775e-01 1.068713142611118494e-01 3.849950054199898775e-01 1.068713142611118494e-01 2.180942944097792602e-02 -2.100283925619206293e-01
-4.261813485645310484e-01 -1.002912212616376975e-01 3.612738796234737926e-02 2.741509020073440439e-02 3.612738796234737926e-02 2.741509020073440439e-02 3.406968527115940004e-01 -7.128099154049385988e-02
3.586359397906353497e-01 -4.329341052508940413e-01 5.947811645413336734e-02 -2.119931942463685326e-01 5.947811645413336734e-02 -2.119931942463685326e-01 -4.810448038249087732e-02 4.917463074307740212e-01
8.542431562581753735e-02 -2.078878679826955400e-01 -2.284336868099793305e-01 -2.886727216595227352e-01 -2.284336868099793305e-01 -2.886727216595227352e-01 -4.990695792715339058e-02 2.438079199369468930e-01
-4.939188150446477410e-01 -3.083055775959623324e-01 -3.995337057209898957e-01 -1.962036257511665660e-01 -3.995337057209898957e-01 -1.962036257511665660e-01 1.893629639289409194e-01 1.594021109176333439e-01
-4.185467022551203620e-02 -1.784438016392057014e-01 3.551745099562224617e-01 -1.137162887995928351e-01 3.551745099562224617e-01 -1.137162887995928351e-01 2.691725728272075652e-02 2.085341785629715172e-01
-9.741079042263733889e-03 -2.305656744199461317e-01 -4.445824138001508441e-02 5.684137650392062646e-02 -4.445824138001508441e-02 5.684137650392062646e-02 5.249162124348651960e-03 2.836313160197631023e-01
-2.831533921500756223e-01 3.596445842222826261e-01 2.303929128112720548e-01 -3.896453388588343447e-01 2.303929128112720548e-01 -3.896453388588343447e-01 4.868225601319614015e-01 -3.104762007479586194e-01
7.916374972354278672e-02 -3.715114494557184566e-01 2.632049324224393638e-01 -4.414243725470682334e-01 2.632049324224393638e-01 -4.414243725470682334e-01 -2.034327091525656162e-02 5.032653072621156021e-01
6.103505123221719675e-02 3.868755518710660368e-01 3.425548182851182455e-01 1.576636173706971178e-01 3.425548182851182455e-01 1.576636173706971178e-01 -1.082609894901028214e-01 -2.409281367144434916e-01
2.408861717670492952e-01 -1.291446109978701129e-01 -1.841643325334300085e-01 -5.884977841617300420e-02 -1.841643325334300085e-01 -5.884977841617300420e-02 -1.786678698718058844e-01 8.779679379907692760e-02
3.544787156590114563e-01 -3.095170356631172792e-01 1.403781817060461012e-01 -3.203022934231347651e-01 1.403781817060461012e-01 -3.203022934231347651e-01 -1.350443131061189461e-01 2.796626711735383797e-01
-1.685706978478136442e-01 5.931805694941127971e-02 2.125552940114110445e-01 -8.578301112662611860e-02 2.125552940114110445e-01 -8.578301112662611860e-02 1.885692703576908602e-01 -8.421550524205656529e-02
-1.863092853078858191e-01 -1.376463559237930401e-01 -3.842817913679121844e-01 3.461190754769383204e-02 -3.842817913679121844e-01 3.461190754769383204e-02 1.350196969130922908e-01 1.218817254309573495e-01
-4.496725828747621945e-01 3.306089496718211951e-02 7.317509904284569267e-02 -2.541501631447625753e-01 7.317509904284569267e-02 -2.541501631447625753e-01 4.794057389388501900e-01 -2.341733039804109462e-01
-2.704794507551110394e-01 -4.732295626594578142e-01 -2.357581854669588139e-02 -4.753172477915221794e-01 -2.357581854669588139e-02 -4.753172477915221794e-01 1.448170637668794170e-02 6.240166483535329878e-01
-3.764009747787873117e-01 2.216220899002385725e-02 -1.466117464171058371e-01 -5.324396232913697347e-03 -1.466117464171058371e-01 -5.324396232913697347e-03 3.930847289129796862e-01 -1.633487392971276486e-01
-3.862741569929205587e-01 4.322867338541704907e-01 3.633219981308933866e-01 1.513419231305104251e-01 3.633219981308933866e-01 1.513419231305104251e-01 7.202365443904059639e-01 -3.946226379484554792e-01
1.391242743169530671e-01 -5.155103742774047593e-02 -9.229175170687309304e-02 3.424253204001429518e-01 -9.229175170687309304e-02 3.424253204001429518e-01 -1.247802729721121107e-01 3.485298318339796753e-02
1.348538904664461358e-01 -2.581986516480908600e-01 -2.213821765131310793e-01 -3.547236829162038196e-01 -2.213821765131310793e-01 -3.547236829162038196e-01 -6.521570509057468545e-02 3.066796235870467568e-01
-4.068197098891691565e-01 4.322635817195916719e-01 2.411964952465832646e-01 -2.800196266612177132e-01 2.411964952465832646e-01 -2.800196266612177132e-01 7.585263997108040446e-01 -4.109140539928493041e-01
-1.876095988332542319e-01 -1.031036019649710367e-01 -4.584435831721167531e-01 -6.916481775304172963e-02 -4.584435831721167531e-01 -6.916481775304172963e-02 1.489231480274307573e-01 7.853659312874763931e-02
-1.517154386176382541e-01 -7.742035228220378595e-02 4.995330358292392470e-01 -4.564339435780581100e-01 4.995330358292392470e-01 -4.564339435780581100e-01 1.282237132087850062e-01 6.039668891476196455e-02
2.156744827027805567e-01 4.436320694528961273e-02 4.171373832132649895e-01 -2.165758581479219069e-01 4.171373832132649895e-01 -2.165758581479219069e-01 -2.348105061207040323e-01 -8.891059530393101429e-02
2.433332684976590166e-01 -4.707085189809090409e-01 3.490778056228074355e-01 -2.439043373694885775e-01 3.490778056228074355e-01 -2.439043373694885775e-01 -1.425518363102509789e-02 6.330639492643560517e-01
4.847770719590596133e-01 3.998395761858608566e-02 -9.524852867375255272e-02 -3.421561523436504881e-01 -9.524852867375255272e-02 -3.421561523436504881e-01 -5.235436837584062086e-01 -2.733940502489404789e-01
1.356607347968525890e-01 3.552515748533424667e-01 -6.531521427354758380e-02 -7.801205127405130835e-02 -6.531521427354758380e-02 -7.801205127405130835e-02 -2.320481141615396425e-01 -2.474517283831844661e-01
1.883273834221643739e-01 -2.410651654096468421e-01 -4.095646167013367034e-02 -2.648967224342104743e-01 -4.095646167013367034e-02 -2.648967224342104743e-01 -9.752903975050429553e-02 2.637103760369883254e-01
-3.478915775782119857e-01 1.976427597551736470e-01 3.946121083717291089e-02 4.271655792575761446e-01 3.946121083717291089e-02 4.271655792575761446e-01 4.854080805544898070e-01 -2.796086490213894882e-01
-3.160574195687488874e-01 -2.697131411595568018e-01 8.435225825918546416e-02 7.394617434813288703e-02 8.435225825918546416e-02 7.394617434813288703e-02 1.455677407314064087e-01 2.425660272092556302e-01
-4.024663982505484183e-01 9.603184499865691226e-02 4.125602511634918201e-01 2.435467495341614441e-02 4.125602511634918201e-01 2.435467495341614441e-02 4.797655797984772263e-01 -2.487889314655798989e-01
2.552794714449938551e-01 -3.321967522523541216e-01 -1.597325292358264814e-02 -3.138188577650569133e-02 -1.597325292358264814e-02 -3.138188577650569133e-02 -8.567344878354479776e-02 3.773838259181306332e-01
4.591992995432482294e-01 -4.848436782460278094e-01 2.687170995829951670e-01 -2.473956584952319293e-01 2.687170995829951670e-01 -2.473956584952319293e-01 -1.391954466615225039e-02 5.090530738801557487e-01
2.576693559611169526e-01 1.901244709460611082e-01 2.736799476239522022e-01 4.433205127220896102e-02 2.736799476239522022e-01 4.433205127220896102e-02 -3.556478559233562375e-01 -2.203706534949582685e-01
3.163247421661988801e-01 -3.298466709932941221e-01 -6.740236087135365040e-02 9.532867932641686526e-02 -6.740236087135365040e-02 9.532867932641686526e-02 -1.076474158535332959e-01 3.385841548521403288e-01
1.036778782503651186e-01 -4.061757768275355840e-01 4.439750821855596996e-01 -3.988326540412228116e-01 4.439750821855596996e-01 -3.988326540412228116e-01 -1.945499277401969984e-02 5.604054360704899818e-01
-3.072653279793673420e-01 4.883601761365536920e-01 -9.082617440271389952e-03 2.411085654902186404e-01 -9.082617440271389952e-03 2.411085654902186404e-01 6.073776273646869228e-01 -3.442764962786961647e-01
-7.020875742790622098e-02 2.312890448028146473e-01 -4.645903962254670505e-01 3.898568510368827233e-02 -4.645903962254670505e-01 3.898568510368827233e-02 1.026857903124921145e-01 -1.827236921765868216e-01
-4.483694834617598657e-01 1.076307770245237272e-01 4.752334147635632888e-01 -3.526560811944677853e-01 4.752334147635632888e-01 -3.526560811944677853e-01 5.448861952599070024e-01 -2.970815865613863349e-01
2.601865212686305107e-01 -5.800005993216184041e-02 2.140234762868727936e-01 1.342685650844518408e-01 2.140234762868727936e-01 1.342685650844518408e-01 -2.300048536143879663e-01 -6.332958965575313792e-03
-3.406243191488004252e-01 -1.916059130647701503e-01 -1.597573387799658962e-01 3.418095651905798116e-01 -1.597573387799658962e-01 3.418095651905798116e-01 2.100930517836572808e-01 1.122938121905705522e-01
2.201669376618975438e-01 3.148554237006107037e-03 -2.832323763223214552e-01 -6.722503627232168100e-02 -2.832323763223214552e-01 -6.722503627232168100e-02 -2.215533527507455858e-01 -5.161212128264061616e-02
4.942704401155882943e-01 -3.148057958684522539e-01 -3.986417253674469086e-01 -5.667140124693403891e-02 -3.986417253674469086e-01 -5.667140124693403891e-02 -1.830720415659123912e-01 1.696052170087645472e-01
3.255576134042101888e-01 4.121006444225738807e-01 -9.331169391387661438e-02 3.699131391407001201e-01 -9.331169391387661438e-02 3.699131391407001201e-01 -5.938826179653104997e-01 -3.482614629345184287e-01
1.055366411662502779e-01 4.548140311633880328e-01 -2.887183273936895223e-01 -4.416147103091769832e-01 -2.887183273936895223e-01 -4.416147103091769832e-01 -2.015357315747827727e-01 -2.590962108489506255e-01
4.014356225621437124e-01 -3.371058034559812899e-01 3.273533135836838026e-01 1.288550948098812210e-01 3.273533135836838026e-01 1.288550948098812210e-01 -1.307830664028166723e-01 2.895955671178280788e-01
2.171962286879516313e-01 -1.797860855735174956e-01 8.590632188687907789e-02 -2.100119959141368842e-01 8.590632188687907789e-02 -2.100119959141368842e-01 -1.390985091736769430e-01 1.649349203830966504e-01
2.447905627836554077e-01 4.572147400365911274e-01 -3.701740589425690509e-01 -7.762342611399841719e-02 -3.701740589425690509e-01 -7.762342611399841719e-02 -4.686342698367350623e-01 -3.080918411578022487e-01
-2.662893266427743821e-01 -2.361915512065299039e-01 -4.483140957074887023e-01 1.786221849291970143e-01 -4.483140957074887023e-01 1.786221849291970143e-01 1.404987483837759621e-01 2.210679945840145488e-01
2.910018940616510008e-02 4.912900648569201723e-01 -9.555769221834709004e-02 -1.599200593465234244e-01 -9.555769221834709004e-02 -1.599200593465234244e-01 -5.769345728757212244e-02 -2.507709580532780369e-01
-3.073876638659220895e-01 -1.304151605757797316e-01 2.100887973572285183e-01 -1.028853939432063935e-01 2.100887973572285183e-01 -1.028853939432063935e-01 2.272116407817460215e-01 5.293609878683704084e-02
3.045330911968098242e-01 2.026969851248631160e-01 -3.245102734392839583e-01 4.786393528223785720e-01 -3.245102734392839583e-01 4.786393528223785720e-01 -4.279889701095065391e-01 -2.543513209800386532e-01
-3.834071735126851621e-01 2.763780450067095940e-01 4.411186165281106852e-01 -1.800707277413789997e-01 4.411186165281106852e-01 -1.800707277413789997e-01 5.953378236266535506e-01 -3.469942819459650440e-01
2.523100661703063796e-01 -3.406745259423815675e-02 -1.542384654189362658e-01 -1.336368386899376981e-01 -1.542384654189362658e-01 -1.336368386899376981e-01 -2.351189437336943799e-01 -2.843232557036556168e-02
-4.001735801787376090e-02 1.001189769770963744e-01 4.374224454703113940e-01 3.734628145082011796e-01 4.374224454703113940e-01 3.734628145082011796e-01 4.803035191002521381e-02 -9.169655636888671135e-02
-1.881015401201446835e-01 8.380021320993946699e-02 1.553178953684897223e-01 -2.331686778639510127e-01 1.553178953684897223e-01 -2.331686778639510127e-01 2.196274384545169045e-01 -1.121599268714785491e-01
3.499061603685185151e-01 -1.793820224069153646e-01 -1.650066111882279030e-01 -3.768568992810360507e-01 -1.650066111882279030e-01 -3.768568992810360507e-01 -2.243724109694318902e-01 8.912561130587105807e-02
1.040182888191830690e-01 -2.309836870980758183e-01 3.048752681864604908e-01 1.980749554161056469e-01 3.048752681864604908e-01 1.980749554161056469e-01 -5.596523306500814782e-02 2.735173463946266037e-01
-6.569932793773547441e-02 -2.186844550338745696e-01 4.006342158833364753e-02 -3.192511484420934575e-02 4.006342158833364753e-02 -3.192511484420934575e-02 3.696448448542448417e-02 2.621909442158671943e-01
-3.044008591511339068e-01 3.847728933141880692e-02 -2.717350639552240654e-02 2.738986312083755426e-01 -2.717350639552240654e-02 2.738986312083755426e-01 3.278258990117152161e-01 -1.296566705890735416e-01
1.773717104534355826e-01 1.660865360172631977e-01 4.888165913810836871e-01 2.298079370289722867e-01 4.888165913810836871e-01 2.298079370289722867e-01 -2.362898164067717965e-01 -1.699625222402269265e-01
-4.656793582137119802e-02 -2.563437076395956860e-01 2.345569456276397347e-01 -4.961594348673779020e-01 2.345569456276397347e-01 -4.961594348673779020e-01 2.269314117022512914e-02 3.198872314393468308e-01
-3.808229324608533028e-01 1.254751131822693377e-01 3.949147862917731233e-01 3.706585872234862133e-01 3.949147862917731233e-01 3.706585872234862133e-01 4.763905335667118490e-01 -2.547572150422496851e-01
-3.864442371711936941e-01 -2.167846816170412305e-01 -2.698078767719873650e-01 -4.092215533531321503e-01 -2.698078767719873650e-01 -4.092215533531321503e-01 2.188938553353985128e-01 1.144411313580173534e-01
-2.827420974561180023e-01 3.527086620757161617e-01 8.929793938121954877e-02 3.087767817251430014e-02 8.929793938121954877e-02 3.087767817251430014e-02 4.821932712685762512e-01 -3.082483554463593678e-01
2.076188094235975612e-02 -1.346430345330118517e-01 -4.684894048705385838e-01 -5.505237509653804207e-02 -4.684894048705385838e-01 -5.505237509653804207e-02 -1.517099563697490647e-02 1.523407255810049488e-01
1.336338578743860861e-01 1.427336998669241908e-01 4.702453550410798933e-01 1.505499324318486654e-01 4.702453550410798933e-01 1.505499324318486654e-01 -1.717819677981897442e-01 -1.402187987596146268e-01
1.801384714718182734e-01 -3.871481601713013809e-01 -8.879780915101298522e-02 -4.620878907121648282e-01 -8.879780915101298522e-02 -4.620878907121648282e-01 -4.065791585904846017e-02 5.045819891911218491e-01
-4.087378738631931574e-01 4.537130731060297073e-01 -3.865791074175976005e-01 -4.815753883806930258e-01 -3.865791074175976005e-01 -4.815753883806930258e-01 7.796373075537813557e-01 -4.149241699289158425e-01
-3.467674723447023988e-01 3.235748323545394323e-01 1.366088852910006812e-01 4.646483234950096186e-01 1.366088852910006812e-01 4.646483234950096186e-01 5.711779258045913688e-01 -3.391218400976050984e-01
3.410774569699021042e-01 -4.756200876964300495e-02 -4.887511473106889159e-01 4.956958815201680801e-01 -4.887511473106889159e-01 4.956958815201680801e-01 -3.086327989708420594e-01 -6.650967820520882479e-02
3.208348722360736538e-01 -1.996394077095641206e-01 -6.249427354205416840e-02 2.183940534890941310e-01 -6.249427354205416840e-02 2.183940534890941310e-01 -1.927323045045068184e-01 1.365602855774519786e-01
4.596255504281754334e-02 8.451199874130022049e-02 -7.610234290472439600e-02 1.156534821952970304e-02 -7.610234290472439600e-02 1.156534821952970304e-02 -5.373132983066861851e-02 -7.948227727611471838e-02
4.353644225478607854e-01 3.050651292300643469e-02 9.197947068348233390e-02 3.416857059749610626e-01 9.197947068348233390e-02 3.416857059749610626e-01 -4.619273233132079048e-01 -2.191180460127171437e-01
4.575411729936738059e-01 -4.401303258924911255e-01 4.628738010647897028e-01 4.085092273524124629e-01 4.628738010647897028e-01 4.085092273524124629e-01 -5.478568183579718420e-02 4.245011046782946051e-01
-1.652148545185790907e-01 4.453527464338717934e-01 -3.122557343248455464e-01 -1.600229629630102179e-01 -3.122557343248455464e-01 -1.600229629630102179e-01 3.123726329416226521e-01 -2.743096258312745506e-01
-2.059131093415207392e-01 1.674002039164435018e-02 3.933899132903052598e-01 2.432713187963065904e-01 3.933899132903052598e-01 2.432713187963065904e-01 2.128070886400886264e-01 -5.886000070762476000e-02
-2.926215749061807925e-01 4.426252246886741570e-02 -4.365505644606619828e-01 2.689320411696890512e-01 -4.365505644606619828e-01 2.689320411696890512e-01 3.185259129745011686e-01 -1.279307376741339874e-01
-1.346667635462583945e-01 -1.682627060625878634e-01 3.701580120911671656e-01 -2.765084027996380645e-01 3.701580120911671656e-01 -2.765084027996380645e-01 8.934797544429019800e-02 1.784399071100688516e-01
-3.299242686213900155e-01 -7.263054186189543682e-02 -1.485044947044404928e-01 3.482524354729332750e-01 -1.485044947044404928e-01 3.482524354729332750e-01 2.819991118146678022e-01 -3.094428555231114319e-02
-4.394734325445974754e-01 -3.788953176700735614e-01 -4.329286907140795782e-01 2.150527234075164662e-01 -4.329286907140795782e-01 2.150527234075164662e-01 1.064445808815116523e-01 3.293200815098486500e-01
2.263206971588782590e-01 -4.386790684763468562e-01 4.126067846208728573e-01 3.245135980339735049e-01 4.126067846208728573e-01 3.245135980339735049e-01 -2.775639194573004120e-02 5.798973356331416085e-01
9.944389709692713630e-02 -3.250669726570318829e-01 3.435095467029706251e-01 -2.863700400227747744e-01 3.435095467029706251e-01 -2.863700400227747744e-01 -3.479204393989612787e-02 4.208464206996151979e-01
-9.284254862768337446e-02 -3.188324008728116166e-01 4.414472693912147028e-01 -1.231143907291920581e-01 4.414472693912147028e-01 -1.231143907291920581e-01 3.364012326345327403e-02 4.118667618834491173e-01
2.516312390912310848e-01 -3.083555245746549822e-03 4.272529292315035976e-01 -3.202169026310909272e-01 4.272529292315035976e-01 -3.202169026310909272e-01 -2.500794014366441442e-01 -6.022521692788818104e-02
-4.664921994296578056e-03 3.145193979756286673e-01 1.242176157652793433e-01 -4.043014324992597608e-01 1.242176157652793433e-01 -4.043014324992597608e-01 7.599338908795435360e-03 -2.156187077698896726e-01
-2.678729625818547788e-01 4.967710214204594799e-01 4.487027189068870658e-02 1.165279292268293077e-01 4.487027189068870658e-02 1.165279292268293077e-01 5.340160130472797473e-01 -3.217454977797126192e-01
-1.524422716761635321e-01 -4.923159909130843115e-01 -4.222582002186519023e-01 2.900351531738422084e-01 -4.222582002186519023e-01 2.900351531738422084e-01 2.342735601579409854e-03 7.114523796280272094e-01
3.330606568301508474e-01 3.080731480781155884e-01 -5.094572659497209610e-02 -3.226592488993913488e-01 -5.094572659497209610e-02 -3.226592488993913488e-01 -5.382747469314098643e-01 -3.240934846394865620e-01
-9.983299882237706147e-02 2.793824552079698931e-01 6.403668420466346323e-02 3.673648873964773243e-01 6.403668420466346323e-02 3.673648873964773243e-01 1.556161754659172169e-01 -2.112945265838053199e-01
-3.001845998739599564e-01 2.745831020166044079e-01 -5.218987650156592384e-02 1.868862148440635362e-01 -5.218987650156592384e-02 1.868862148440635362e-01 4.650358370959701837e-01 -2.892980161050328625e-01
-4.460821052833807698e-01 1.234947315558014846e-01 1.320471577906129346e-01 3.275741939962323324e-01 1.320471577906129346e-01 3.275741939962323324e-01 5.562596849710165214e-01 -3.072330274878152245e-01
4.827419145442140014e-01 -3.057028124406080405e-01 7.647848116322664147e-02 1.359748230820252424e-01 7.647848116322664147e-02 1.359748230820252424e-01 -1.875907926259542391e-01 1.661172659168924093e-01
5.216783346967746038e-02 -3.096982554722325087e-01 -3.503389276842561184e-01 -1.868748085422703431e-01 -3.503389276842561184e-01 -1.868748085422703431e-01 -1.985525943502735452e-02 4.028897820658566831e-01
-4.179242321385050474e-01 -1.924364157116321694e-01 -2.959878437647180949e-01 2.163363298869429574e-01 -2.959878437647180949e-01 2.163363298869429574e-01 2.570765495949650092e-01 5.480752599501323430e-02
-4.511352446297681729e-01 -2.846620482745962910e-01 2.827808321425825389e-01 -7.011806448942614622e-02 2.827808321425825389e-01 -7.011806448942614622e-02 1.942930790594264434e-01 1.621715210553241193e-01
4.570230806868155193e-01 3.749957961980971977e-01 4.981156606135777043e-01 -4.028580330820282773e-01 4.981156606135777043e-01 -4.028580330820282773e-01 -7.997865487329347545e-01 -4.432440453123198676e-01
-2.065048748190956296e-02 -3.691840796136617309e-01 -5.066784811625146823e-03 2.971319486955342759e-01 -5.066784811625146823e-03 2.971319486955342759e-01 5.402825052745112086e-03 5.050545216206077104e-01
-2.131695105798466772e-01 4.689721582433143965e-01 -2.421431525526851480e-01 3.712696068134524463e-02 -2.421431525526851480e-01 3.712696068134524463e-02 4.131106414764501578e-01 -2.944785132767734348e-01
5.119233257429911532e-03 -4.910912136465594990e-01 2.236167669514999012e-01 3.141092064421694419e-01 2.236167669514999012e-01 3.141092064421694419e-01 -9.121231076774077157e-05 7.322355872182662040e-01
3.412867180081703422e-01 -2.484925666904449493e-01 3.978576467066948785e-01 4.581976335793969124e-01 3.978576467066948785e-01 4.581976335793969124e-01 -1.716722929377536566e-01 1.937644985020617883e-01
1.727740448846121213e-01 1.345145273422420074e-01 -2.448481676936550278e-01 1.257267591575964572e-01 -2.448481676936550278e-01 1.257267591575964572e-01 -2.192552828539339194e-01 -1.462712398619251952e-01
8.988020508362615235e-02 1.282218257930478611e-02 1.093733484656089772e-01 -1.130662504932876677e-01 1.093733484656089772e-01 -1.130662504932876677e-01 -9.218512588332138102e-02 -2.073622547908245475e-02
1.344559693751204987e-01 1.654735359364434277e-02 -1.303496070827404596e-01 -3.388076813230472828e-01 -1.303496070827404596e-01 -3.388076813230472828e-01 -1.389057503111731651e-01 -3.435194638329458483e-02
-3.206702747878119597e-01 -2.999604088122928003e-01 -2.446040725502284241e-01 -1.125052763009259937e-02 -2.446040725502284241e-01 -1.125052763009259937e-02 1.282935013492072784e-01 2.871072305346398235e-01
-4.974449903749655899e-02 -3.740707206233392368e-01 -9.396013405838288257e-03 4.294246085722447370e-01 -9.396013405838288257e-03 4.294246085722447370e-01 1.252857783348987342e-02 5.115251094665120846e-01
-4.605010780814347005e-01 4.885659238096916601e-01 4.686694801028133961e-01 -4.809774444206327271e-02 4.686694801028133961e-01 -4.809774444206327271e-02 9.104713473378649446e-01 -4.619305048158378613e-01
-4.288715751206495508e-01 4.560124787753223607e-01 -4.489780588952586582e-01 2.208462404887154840e-01 -4.489780588952586582e-01 2.208462404887154840e-01 8.200131552147380543e-01 -4.319959259229754767e-01
5.382648031056069815e-02 -3.501536117114837365e-01 4.256480793845102140e-01 3.312552925689248307e-01 4.256480793845102140e-01 3.312552925689248307e-01 -1.613140733764090867e-02 4.698638735234570984e-01
-3.273870399158023137e-01 3.348685201617501717e-01 -1.655741722295716034e-01 -1.999064697725551065e-01 -1.655741722295716034e-01 -1.999064697725551065e-01 5.466502670692834354e-01 -3.299138682712608461e-01
4.673682786626924823e-01 -1.574278888055840042e-01 -3.957948718390664755e-01 -4.843742704152813605e-01 -3.957948718390664755e-01 -4.843742704152813605e-01 -3.202146758535573401e-01 -3.622167892076086360e-02
-1.379031304226459032e-01 3.875494305403858197e-01 5.213347735067963562e-02 2.577181244625870171e-02 5.213347735067963562e-02 2.577181244625870171e-02 2.447916897527118718e-01 -2.563721428085737886e-01
-2.060360404230965337e-02 -3.514193900005301296e-01 4.591068636267684466e-01 -4.545083618113067159e-01 4.591068636267684466e-01 -4.545083618113067159e-01 6.122592113587822793e-03 4.744904691693425658e-01
-8.279463613914850306e-02 1.950292184544354379e-01 -3.127193530558916024e-01 -2.112495370030139652e-01 -3.127193530558916024e-01 -2.112495370030139652e-01 1.150893824960234901e-01 -1.638477741769015228e-01
-4.475150464074191259e-01 -9.079974436687554551e-02 -2.531152882358532752e-01 -4.244285270505107066e-01 -2.531152882358532752e-01 -4.244285270505107066e-01 3.662465427791709027e-01 -1.012253788170690005e-01
-3.202611972352967795e-01 -1.485140391077046651e-01 -4.680893351811378222e-01 -1.237998564375922816e-01 -4.680893351811378222e-01 -1.237998564375922816e-01 2.251346292935303972e-01 6.800322446520382091e-02
-3.988208349798446628e-01 3.514869157164518532e-01 4.303165834034001769e-01 -9.271123078102128101e-02 4.303165834034001769e-01 -9.271123078102128101e-02 6.791814454008958668e-01 -3.870019222106081958e-01
3.982937013336966814e-01 -4.091835558207944645e-01 -2.351465580280542866e-02 -1.677340055689512388e-01 -2.351465580280542866e-02 -1.677340055689512388e-01 -7.234323538820164323e-02 4.179768656528477511e-01
4.535701855415187334e-01 -1.538197158547749410e-03 4.486816969185294379e-01 -4.080827902448398437e-01 4.486816969185294379e-01 -4.080827902448398437e-01 -4.521748248003148452e-01 -2.041853500031214352e-01
-5.045674944828104636e-03 3.777973551387822093e-01 -1.755918367340190134e-01 -3.166468411527704196e-01 -1.755918367340190134e-01 -3.166468411527704196e-01 8.858160242920262370e-03 -2.350919724245719433e-01
3.864912391013521908e-01 2.273177996963284819e-01 2.910108085769125275e-02 4.306246596966395446e-01 2.910108085769125275e-02 4.306246596966395446e-01 -5.622039152502060766e-01 -3.250198955396469414e-01
4.461600449633925658e-01 -2.258780197705744230e-01 3.192242344243867436e-02 -9.829371825120658546e-02 3.192242344243867436e-02 -9.829371825120658546e-02 -2.446045500492294578e-01 7.784011386431397006e-02
5.859623109564038312e-02 -6.114517775468120142e-03 -4.508121154383500917e-01 -6.610302113008614810e-02 -4.508121154383500917e-01 -6.610302113008614810e-02 -5.787965570242092211e-02 2.718386804480942952e-03
-6.157882852121565609e-02 2.189827254432048509e-01 -4.899997836815506158e-02 3.040286693988160094e-01 -4.899997836815506158e-02 3.040286693988160094e-01 8.854822791956677708e-02 -1.748212435227161077e-01
-5.538115224838846551e-02 -4.885750046135951541e-01 2.953861618347513041e-01 -1.845643630121903689e-01 2.953861618347513041e-01 -1.845643630121903689e-01 1.265458817863246432e-03 7.242134677224104644e-01
-3.491186066038861613e-01 -2.758806163995002336e-01 -5.583626509814121341e-02 3.710584972548087723e-01 -5.583626509814121341e-02 3.710584972548087723e-01 1.564884938310566742e-01 2.301069294274294130e-01
1.152320365860689533e-01 -2.622621252096890565e-01 1.683852632272924144e-01 1.981987963824014543e-01 1.683852632272924144e-01 1.981987963824014543e-01 -5.479003897146278446e-02 3.177651252734185472e-01
-1.351240195179572723e-01 -3.929113137275128675e-01 -7.560542998198505060e-02 -3.510893228861480253e-01 -7.560542998198505060e-02 -3.510893228861480253e-01 2.894050746807190488e-02 5.290321135319036028e-01
2.643768843088056819e-02 2.104591577505813271e-01 4.114224156847634539e-01 -2.326485614464407492e-01 4.114224156847634539e-01 -2.326485614464407492e-01 -3.756579571095139403e-02 -1.668650520390655700e-01
-3.738691285600523884e-01 4.316989435540808939e-01 9.527746379392398879e-02 4.500121556731815353e-01 9.527746379392398879e-02 4.500121556731815353e-01 6.966669442137713997e-01 -3.851130909786243395e-01
-3.119142749608969645e-01 4.722642158404699586e-01 -3.136834654252798060e-01 1.575945778054572699e-01 -3.136834654252798060e-01 1.575945778054572699e-01 6.065261759086104654e-01 -3.465212412014380128e-01
-4.850208023367696963e-01 2.404625435819885970e-01 -2.655450693102725523e-01 4.962290814515100124e-01 -2.655450693102725523e-01 4.962290814515100124e-01 7.182794739769228221e-01 -4.178854874154726562e-01
2.463002634900828269e-01 4.660308087589983828e-01 2.253811776696136304e-01 4.717478278521128887e-01 2.253811776696136304e-01 4.717478278521128887e-01 -4.758672854737582281e-01 -3.095099138417164997e-01
-2.177727152458553972e-01 2.421290955357257024e-01 4.250216898088716722e-01 4.859473308228072774e-01 4.250216898088716722e-01 4.859473308228072774e-01 3.232309363955316317e-01 -2.309275521363295391e-01
-1.453941082622954850e-01 2.223053704000559350e-01 3.752038916128938029e-01 5.941273097228783051e-02 3.752038916128938029e-01 5.941273097228783051e-02 2.100378904447663397e-01 -1.940251394087379733e-01
4.090558269205701869e-02 1.548018210118332627e-01 2.134364904364951521e-01 5.536370319337990953e-02 2.134364904364951521e-01 5.536370319337990953e-02 -5.357010007261812923e-02 -1.325114839186303239e-01
-3.970467465607715463e-01 -3.878798667866126815e-01 1.370198864972820285e-01 1.187447783890037689e-01 1.370198864972820285e-01 1.187447783890037689e-01 8.903386823267145367e-02 3.806845388905195637e-01
-4.075694720356554113e-01 4.826472800444191469e-01 1.214737315891956104e-01 -1.460457348422062873e-01 1.214737315891956104e-01 -1.460457348422062873e-01 8.009940662499535069e-01 -4.158117576455661046e-01
4.389926354427292621e-01 1.026223841510582879e-01 1.278359805605855382e-02 3.323658828661630871e-01 1.278359805605855382e-02 3.323658828661630871e-01 -5.290935771905077578e-01 -2.848055643951639126e-01
-3.150211587132930591e-01 -2.070013323475052847e-01 3.315119484752336865e-01 1.205609814365341537e-01 3.315119484752336865e-01 1.205609814365341537e-01 1.846015595706798906e-01 1.506125535040818419e-01
-6.235439475792237118e-02 -2.161415197468491423e-01 1.231132546542557105e-01 1.876203243537266641e-02 1.231132546542557105e-01 1.876203243537266641e-02 3.539964746617776242e-02 2.589706057596998789e-01
-3.441092882046988821e-01 2.788460799616722108e-01 8.545041126892105599e-02 -2.277599196774287016e-01 8.545041126892105599e-02 -2.277599196774287016e-01 5.360163403932620696e-01 -3.195021458804254144e-01
2.965692403798780852e-02 -1.160867705102804903e-01 -4.152793743299851847e-01 -4.357312754962808787e-01 -4.152793743299851847e-01 -4.357312754962808787e-01 -2.277137096831038585e-02 1.286833756543920293e-01
-3.936704377873936345e-01 -4.665039511251592996e-01 1.194080589306802942e-01 -4.151522377500149741e-02 1.194080589306802942e-01 -4.151522377500149741e-02 2.637280844941292113e-02 5.291534739528261921e-01
-1.185303901435302842e-01 -4.632353575983050309e-02 -4.737518291640957502e-01 -3.402831512272442849e-01 -4.737518291640957502e-01 -3.402831512272442849e-01 1.075488966106493138e-01 3.441995233754530092e-02
3.330600433851461650e-01 9.360257028519136657e-02 -5.036861217504895460e-02 -3.080653817977978548e-01 -5.036861217504895460e-02 -3.080653817977978548e-01 -3.954105956254402310e-01 -1.957701216209126183e-01
-1.117236590693078124e-01 -9.277276018978608541e-02 -2.809459453657059402e-02 1.420640505598533831e-01 -2.809459453657059402e-02 1.420640505598533831e-01 9.099383460858317951e-02 8.889736922718272094e-02
2.119454425744000670e-01 -1.441614725561596311e-01 -3.303916918141119874e-01 1.957846683141173383e-01 -3.303916918141119874e-01 1.957846683141173383e-01 -1.508367083682151111e-01 1.200231320976616889e-01
2.814469338073682936e-01 -3.253857016868382246e-01 6.891372348700408601e-03 -3.422576660103163748e-01 6.891372348700408601e-03 -3.422576660103163748e-01 -9.828931771832899456e-02 3.520491799995051352e-01
2.583082384989843217e-01 -3.875669821807780080e-01 2.553708075514679043e-01 4.324984745343902759e-01 2.553708075514679043e-01 4.324984745343902759e-01 -5.808474956401629696e-02 4.710520017810453375e-01
-4.188574780680328624e-01 4.006121199543264400e-01 1.775425037671496398e-02 4.395027915615857816e-01 1.775425037671496398e-02 4.395027915615857816e-01 7.544562425631478053e-01 -4.155636362335394240e-01
4.363029088679247769e-01 2.924197679550095685e-01 -3.253046509247200513e-01 -1.586960314241890879e-01 -3.253046509247200513e-01 -1.586960314241890879e-01 -6.914700996064333527e-01 -3.972706755507605658e-01
-2.237654916719689080e-02 -2.148895033668929422e-02 -2.257877761505602265e-01 -2.539547579832659441e-01 -2.257877761505602265e-01 -2.539547579832659441e-01 2.141485205967613020e-02 2.145001537063001215e-02
1.270596382623719878e-01 -4.912583634016596257e-01 1.537277398148131358e-01 1.460859842356161398e-01 1.537277398148131358e-01 1.460859842356161398e-01 -2.221418368012484379e-03 7.164489913383719211e-01
-2.754021060851941094e-02 5.608526396485524756e-02 -3.450828202229404562e-01 1.176849298809587996e-01 -3.450828202229404562e-01 1.176849298809587996e-01 3.062941057177244811e-02 -5.369817033120936195e-02
-3.026351050994395830e-01 4.314601224981582384e-01 1.372309655678316531e-02 2.244284554850491942e-01 1.372309655678316531e-02 2.244284554850491942e-01 5.637850641363340021e-01 -3.368902920305814064e-01
1.823072541774541921e-01 2.948419203488635842e-01 8.720088723155472454e-02 -1.465038234884067370e-01 8.720088723155472454e-02 -1.465038234884067370e-01 -2.898108960078721319e-01 -2.411460972795808622e-01
-3.987317584482154009e-01 -1.653366476692590403e-01 3.462740689582095577e-01 -3.548012087714984553e-01 3.462740689582095577e-01 -3.548012087714984553e-01 2.668818139260220046e-01 3.368583953656173469e-02
2.843129158676129808e-01 -9.474117229779510652e-02 4.695772538380493799e-02 -4.115002879538546265e-01 4.695772538380493799e-02 -4.115002879538546265e-01 -2.304406379702088892e-01 2.288322789701122129e-02
-4.952955729071322200e-01 3.919158848241579562e-01 1.118121396893716479e-01 -3.599740408217111387e-02 1.118121396893716479e-01 -3.599740408217111387e-02 8.835239783179060780e-01 -4.836355285880596377e-01
9.820890473843213453e-02 -2.278752309680043275e-02 -3.782896192261997470e-02 3.659537718995138356e-01 -3.782896192261997470e-02 3.659537718995138356e-01 -9.373302936835514743e-02 1.366180533576520813e-02
1.756317627705831219e-01 3.817976402192847507e-01 3.259519449379875145e-01 -4.556748964189082374e-01 3.259519449379875145e-01 -4.556748964189082374e-01 -3.097433479173068438e-01 -2.668747182361727588e-01
2.377728783519506006e-02 -2.288115041150828866e-01 9.859924606580416917e-02 -5.204796783904164226e-02 9.859924606580416917e-02 -5.204796783904164226e-02 -1.289625384849856990e-02 2.806008491136917637e-01
-1.966953174918236735e-01 2.598916999813388751e-01 -3.858162025678211204e-01 2.780569911257838589e-01 -3.858162025678211204e-01 2.780569911257838589e-01 2.989342783744621257e-01 -2.310370521853579162e-01
-4.031250795067272685e-01 2.334848073492588050e-01 4.425924120101376591e-02 4.086372772559110356e-01 4.425924120101376591e-02 4.086372772559110356e-01 5.913722425592929932e-01 -3.414794818136435151e-01
6.887794538800173783e-03 1.669505081243419786e-01 -1.790417493346385669e-02 -1.972884134726422545e-01 -1.790417493346385669e-02 -1.972884134726422545e-01 -9.187636135017687028e-03 -1.391254776749747402e-01
2.244756851016784793e-01 -5.262743518261814302e-02 4.422463581740565530e-02 1.103501278877649927e-02 4.422463581740565530e-02 1.103501278877649927e-02 -2.008485259661537126e-01 5.007748914650896055e-03
3.591044903080122808e-01 -7.859545568868930854e-02 -1.212741173660492056e-01 7.478063524000955198e-02 -1.212741173660492056e-01 7.478063524000955198e-02 -3.026565281967867893e-01 -4.418333361577526930e-02
-4.214129831209645349e-01 3.238624677468310287e-01 -1.596224215462547225e-01 1.370592920883660915e-01 -1.596224215462547225e-01 1.370592920883660915e-01 6.943726804291829868e-01 -3.965644720746742125e-01
-8.839068393276405811e-02 -1.942583121529199985e-01 2.386961629554137376e-01 1.845750391101257382e-01 2.386961629554137376e-01 1.845750391101257382e-01 5.404943379112212010e-02 2.241816909873195207e-01
-1.519560896116783910e-01 4.410513734668115582e-01 -6.338998976948406749e-02 3.322888433583292001e-01 -6.338998976948406749e-02 3.322888433583292001e-01 2.859969736714317312e-01 -2.696157125999231186e-01
5.744217977095722460e-02 4.442388583129354140e-01 -3.826169189691243089e-01 3.133474470409266521e-01 -3.826169189691243089e-01 3.133474470409266521e-01 -1.084782764918700848e-01 -2.501902990945940597e-01
-1.847129027939183876e-01 1.417205906884468902e-01 3.812597684187738478e-01 -2.436245380526054216e-01 3.812597684187738478e-01 -2.436245380526054216e-01 2.370681461773819498e-01 -1.557547213219201421e-01
5.971796283556574103e-02 -4.194473182469153905e-01 -1.248914727242089739e-03 -1.858736023188378716e-01 -1.248914727242089739e-03 -1.858736023188378716e-01 -9.620884110471725204e-03 5.918171359462145453e-01
-1.193238986569045146e-02 -2.645175176624210422e-01 2.359958355297242516e-02 -4.167467134913291904e-01 2.359958355297242516e-02 -4.167467134913291904e-01 5.619737571585115693e-03 3.343446528848034172e-01
2.782106620289624965e-01 3.774793169210617361e-01 -3.110153464164522319e-02 -3.638337332278696046e-02 -3.110153464164522319e-02 -3.638337332278696046e-02 -4.882482033546607925e-01 -3.123898546844639523e-01
-2.840767439528196769e-01 -3.597336254482582651e-01 -2.227709880182768831e-01 -3.269111184421069627e-02 -2.227709880182768831e-01 -3.269111184421069627e-02 7.969282993745088750e-02 4.084423102715701859e-01
3.227976594500294727e-01 2.467390663134125806e-01 4.132406999620245047e-01 -6.271901789635248026e-02 4.132406999620245047e-01 -6.271901789635248026e-02 -4.820912456517398859e-01 -2.900572284146151758e-01
-2.124785639291707495e-01 1.423633431323196863e-01 4.941003337584308763e-01 -9.528681491768775658e-03 4.941003337584308763e-01 -9.528681491768775658e-03 2.729768813389928939e-01 -1.672431617939117987e-01
1.640850174178757337e-01 3.127187003953944000e-01 -3.395930890292538917e-01 1.328958754008205956e-01 -3.395930890292538917e-01 1.328958754008205956e-01 -2.667099242204232223e-01 -2.418496077594345373e-01
-2.961323059341102182e-01 -2.663250221494024572e-01 4.081962921030128921e-01 2.240510837034127567e-01 4.081962921030128921e-01 2.240510837034127567e-01 1.383974200599991655e-01 2.495596969544287280e-01
2.422773021539670335e-02 -3.176591475354501037e-01 3.847728690854568256e-01 5.938841444674147763e-02 3.847728690854568256e-01 5.938841444674147763e-02 -8.835409961513135402e-03 4.179794986370088949e-01
-3.792544067492773507e-01 1.046720964909135798e-01 -4.172023291271110823e-01 -2.347798562511882459e-01 -4.172023291271110823e-01 -2.347798562511882459e-01 4.586491144650064467e-01 -2.375497537458567676e-01
-4.737664249244599723e-03 1.111529273569142884e-01 3.808383303713358536e-01 4.230664213628592130e-01 3.808383303713358536e-01 4.230664213628592130e-01 5.790874749520068948e-03 -9.882039955944139920e-02
4.779527947265327370e-03 -2.694814880619555986e-02 -2.830736851429500600e-01 -3.823986269180277286e-01 -2.830736851429500600e-01 -3.823986269180277286e-01 -4.521929086572774176e-03 2.765150764287772900e-02
4.193263756318499347e-02 -9.175849302185279388e-02 -3.878384696328018855e-02 -5.730820115238210999e-02 -3.878384696328018855e-02 -5.730820115238210999e-02 -3.423728630072620654e-02 9.841976797048876402e-02
-4.106210286722046243e-01 -2.579567577996690897e-01 1.509041325609910000e-01 2.349752070149909722e-01 1.509041325609910000e-01 2.349752070149909722e-01 1.987760901909108868e-01 1.558888175063667392e-01
-1.270728435916070875e-01 4.829571864645122448e-01 1.866042521292562428e-01 1.122012036980890581e-01 1.866042521292562428e-01 1.122012036980890581e-01 2.498143296257022694e-01 -2.658570500852516227e-01
-4.188736467922763440e-01 4.919636574167255416e-01 -1.115731813793253702e-01 -3.274211402018327721e-01 -1.115731813793253702e-01 -3.274211402018327721e-01 8.310148693350962734e-01 -4.253905491749448986e-01
3.303070796838867285e-01 3.471932192008350126e-01 2.435169766776681399e-01 4.660084365922380067e-01 2.435169766776681399e-01 4.660084365922380067e-01 -5.596678363244373955e-01 -3.357528546310934447e-01
-2.311480985952961698e-01 -1.853412200135513554e-01 -4.322687523610563298e-01 -1.490108225951191079e-01 -4.322687523610563298e-01 -1.490108225951191079e-01 1.454655574003664853e-01 1.662631443654422614e-01
-1.665829363856827783e-01 -1.514256393438816461e-01 4.231535957787361246e-01 4.854586482581275675e-01 4.231535957787361246e-01 4.854586482581275675e-01 1.161330810937164226e-01 1.466054888997085359e-01
-3.360394397779525866e-01 -1.173427389039185531e-01 -2.356818374401057348e-01 4.054918946274461700e-01 -2.356818374401057348e-01 4.054918946274461700e-01 2.571758632913858644e-01 1.818955219111152710e-02
3.558314238699519239e-01 1.060083260511150982e-01 -4.637663406280835288e-01 7.885386495414237196e-02 -4.637663406280835288e-01 7.885386495414237196e-02 -4.312736110716287596e-01 -2.213865630722729738e-01
1.448679599442260768e-01 4.798866011816170785e-01 -5.175980162367010973e-02 -8.578147234121413778e-02 -5.175980162367010973e-02 -8.578147234121413778e-02 -2.839083457797246801e-01 -2.705821770063745468e-01
9.485650148552926542e-02 8.269180868341463597e-02 1.448715670360982699e-01 -4.698799575334162704e-01 1.448715670360982699e-01 -4.698799575334162704e-01 -1.105442128319681083e-01 -8.485162933415441033e-02
1.252876099944961741e-01 2.558188609217491027e-01 -2.002689113549998012e-01 2.079438852805610694e-01 -2.002689113549998012e-01 2.079438852805610694e-01 -1.893894773472968862e-01 -2.060725565365808531e-01
-2.530620268336729595e-01 -4.082647213612922155e-01 -1.157876883016720759e-01 3.789072693772899125e-01 -1.157876883016720759e-01 3.789072693772899125e-01 4.642943108892627624e-02 5.109044146443392220e-01
4.209482505872631508e-01 2.271926755626940686e-02 2.430365110319494537e-01 -2.890600725059039311e-01 2.430365110319494537e-01 -2.890600725059039311e-01 -4.400755224521342712e-01 -1.994005321104533324e-01
-2.990066169965650555e-01 3.840558166470010582e-01 4.487289369194511490e-01 -4.083953905854518229e-01 4.487289369194511490e-01 -4.083953905854518229e-01 5.286770779435108203e-01 -3.259619033543367239e-01
2.323618629404881064e-01 -4.651765900173188140e-01 -2.332008415546414914e-01 -1.056246573402256361e-01 -2.332008415546414914e-01 -1.056246573402256361e-01 -1.618326483503237934e-02 6.275738145682853153e-01
6.306242996186417482e-02 -2.896012948172559387e-01 -7.947663330650023283e-02 3.223860452592928194e-01 -7.947663330650023283e-02 3.223860452592928194e-01 -2.653650721930741335e-02 3.694933347043921068e-01
2.242834324397249279e-01 8.240681894772239335e-02 4.226554197270959712e-01 -4.309801259012915331e-01 4.226554197270959712e-01 -4.309801259012915331e-01 -2.612484008597932283e-01 -1.259189932055843619e-01
3.307191004919153299e-01 4.398861679049707041e-01 -3.331220798734959576e-01 -4.505514488130836215e-01 -3.331220798734959576e-01 -4.505514488130836215e-01 -6.216766160286504306e-01 -3.557614506210322047e-01
4.587270713182367565e-02 4.173236272337961239e-01 4.862658570259368318e-01 -4.993396174044183455e-01 4.862658570259368318e-01 -4.993396174044183455e-01 -8.416023619439624848e-02 -2.452689226458257543e-01
3.863905499479094452e-01 -2.872257728367897389e-01 5.214730748414708739e-02 1.437611511691350152e-01 5.214730748414708739e-02 1.437611511691350152e-01 -1.644279012966684550e-01 2.204267603294329803e-01
3.644172191561194651e-01 5.522716198605748250e-02 4.010915878674035095e-01 3.330796218879374937e-01 4.010915878674035095e-01 3.330796218879374937e-01 -4.046686767418067321e-01 -1.849770321825024433e-01
-4.246328663873475406e-01 2.608324884595673021e-01 1.857486773727846652e-01 -4.203309632818693631e-01 1.857486773727846652e-01 -4.203309632818693631e-01 6.461489608304091803e-01 -3.731119726398919312e-01
2.367869627245871023e-01 3.855060670556261782e-01 3.863935559424798161e-01 3.851815970911900422e-01 3.863935559424798161e-01 3.851815970911900422e-01 -4.193525841845925362e-01 -2.929592050352642363e-01
-4.767483664429589263e-01 -2.584700782586574208e-01 -1.656520035642194966e-01 -4.294849657988912828e-01 -1.656520035642194966e-01 -4.294849657988912828e-01 2.302979912745615754e-01 9.798785470766407935e-02
-4.725269917981274048e-01 2.628533291135328742e-01 8.254809541179197740e-02 -3.430102830278269899e-01 8.254809541179197740e-02 -3.430102830278269899e-01 7.209375775784090390e-01 -4.170432144652532203e-01
4.974373324496400572e-01 4.249686816733255768e-02 2.094388380612904887e-01 -4.526434142559999652e-01 2.094388380612904887e-01 -4.526434142559999652e-01 -5.397163899268839771e-01 -2.881347840779146519e-01
4.897792086946166634e-01 1.726752318819951837e-01 -5.140716749676832453e-02 -6.804353969722454210e-02 -5.140716749676832453e-02 -6.804353969722454210e-02 -6.589246855592627572e-01 -3.827421694460192425e-01
-7.744403034798152952e-02 4.345980932258370899e-01 -2.262512009607561270e-01 1.151876218732371671e-01 -2.262512009607561270e-01 1.151876218732371671e-01 1.447580861898948024e-01 -2.517201684268428052e-01
-2.355541634174840304e-02 2.224509200804234421e-01 -1.491759708621799296e-01 2.926996532731352962e-01 -1.491759708621799296e-01 2.926996532731352962e-01 3.403526441794715168e-02 -1.735213658748296084e-01
-1.515291384199330960e-01 2.949897443896698501e-02 4.325287308043679335e-02 3.965372239786557618e-01 4.325287308043679335e-02 3.965372239786557618e-01 1.604690467819496758e-01 -5.158986473630340630e-02
-1.016970051665284647e-01 3.191810602303503108e-01 -5.765064625576565849e-02 2.439453194669900515e-01 -5.765064625576565849e-02 2.439453194669900515e-01 1.666165210291364052e-01 -2.276467918804206958e-01
-4.297703575269160581e-01 1.511573866241966435e-01 3.622158326475841683e-01 -6.544913090802739752e-03 3.622158326475841683e-01 -6.544913090802739752e-03 5.596962857115466150e-01 -3.130113913019530458e-01
-1.974417124460582373e-01 -3.723991678361595614e-01 3.727393663979916560e-01 6.700078516933316575e-02 3.727393663979916560e-01 6.700078516933316575e-02 5.038745362394145277e-02 4.720970782275917266e-01
-2.973581898012539471e-01 -2.350452621454621749e-01 4.061141474574276877e-01 1.571286789354677804e-01 4.061141474574276877e-01 1.571286789354677804e-01 1.575729224553822916e-01 2.018696443606126378e-01
1.024826641333638211e-01 3.600716221075433987e-01 4.706445381364909863e-02 -2.493655916048653776e-01 4.706445381364909863e-02 -2.493655916048653776e-01 -1.762848623581695640e-01 -2.409227455082577074e-01
-3.378192587392619961e-01 -8.269765346457791377e-02 -2.308178901066354483e-01 1.579979063476601997e-01 -2.308178901066354483e-01 1.579979063476601997e-01 2.819455387535018676e-01 -2.458529622201911791e-02
-3.751042892606274437e-01 -1.308152322896246611e-01 -3.908693847946496103e-01 -2.797482737432533950e-01 -3.908693847946496103e-01 -2.797482737432533950e-01 2.769655797957003562e-01 7.224629466892659724e-03
4.118263401258860368e-01 -2.322529920139182469e-02 -4.830154407662793359e-01 -3.994806310451077813e-01 -4.830154407662793359e-01 -3.994806310451077813e-01 -3.926967601890103410e-01 -1.458362206970959807e-01
-2.637976018972659764e-01 2.849340773681089400e-01 -3.124074736527304719e-02 3.943750715226389536e-01 -3.124074736527304719e-02 3.943750715226389536e-01 4.141274545143003305e-01 -2.733358236892418636e-01
-1.735010487846038174e-01 1.315724193362413086e-01 4.887751605781801567e-01 1.738458575308945431e-01 4.887751605781801567e-01 1.738458575308945431e-01 2.191569542765349210e-01 -1.443637317356070704e-01
-1.201088030123779182e-01 3.950485801127543439e-01 -3.309991801345579798e-01 6.359877410119407770e-02 -3.309991801345579798e-01 6.359877410119407770e-02 2.150064271905427482e-01 -2.534113240247172216e-01
1.768335490554170386e-01 -2.703534440548884810e-01 -1.829210289415705848e-01 3.505948384835206877e-01 -1.829210289415705848e-01 3.505948384835206877e-01 -8.121843103225490079e-02 3.121743246956936169e-01
-2.027879252776154662e-01 2.439970954473589249e-01 -4.858691522590679046e-01 1.560462448188946194e-01 -4.858691522590679046e-01 1.560462448188946194e-01 3.017472547966839613e-01 -2.255854554990111005e-01
-1.619046198715874407e-01 3.727796831872076666e-02 1.255838629825177799e-01 9.899635975333187510e-02 1.255838629825177799e-01 9.899635975333187510e-02 1.739755704520425661e-01 -6.210142733251244884e-02
8.399725456606521590e-02 3.981169843210839998e-01 2.927875116448401815e-01 -4.963595932735346272e-01 2.927875116448401815e-01 -4.963595932735346272e-01 -1.508787219242497812e-01 -2.466753898908061182e-01
-4.173182753912603182e-01 -2.927591620223306546e-01 1.208423924248107628e-01 -3.364345539398481133e-01 1.208423924248107628e-01 -3.364345539398481133e-01 1.729707781909611553e-01 2.043125459948121336e-01
4.284092125981231458e-02 2.964256166405766502e-01 -1.668059838383584292e-02 8.118276569992477487e-02 -1.668059838383584292e-02 8.118276569992477487e-02 -6.823921426359282061e-02 -2.103928149742199660e-01
2.672712520423213833e-01 -4.017533879812110742e-01 3.814275904771580183e-01 -2.310139851597482474e-01 3.814275904771580183e-01 -2.310139851597482474e-01 -5.251699000635579040e-02 4.917252505673225249e-01
4.834357810457761140e-01 1.418664607423729684e-01 8.224940972432459585e-02 2.689548916210058316e-01 8.224940972432459585e-02 2.689548916210058316e-01 -6.206024275521541123e-01 -3.554505224541453234e-01
-1.123515509611059393e-01 1.345677655954868879e-01 -1.659064976398593183e-01 6.829479232974133840e-02 -1.659064976398593183e-01 6.829479232974133840e-02 1.425893453091529595e-01 -1.290821530614909562e-01
3.176954164172440809e-01 2.775055371282192374e-01 -3.296020480287412679e-01 3.322359888170994813e-01 -3.296020480287412679e-01 3.322359888170994813e-01 -4.940198907693252872e-01 -3.014265916039238768e-01
2.214637884118861866e-01 4.709861293814032734e-02 -3.925626643363827606e-01 -3.790380672444809695e-01 -3.925626643363827606e-01 -3.790380672444809695e-01 -2.423250629123374633e-01 -9.392654317518825402e-02
-3.609129201424782218e-01 -1.107090210793748586e-02 2.115141999707180753e-01 2.107622715743114883e-01 2.115141999707180753e-01 2.107622715743114883e-01 3.529216569257037639e-01 -1.190646689443498607e-01
1.326925949445533215e-01 1.541492773012568263e-01 3.548248703246918989e-01 1.550916351787833269e-01 3.548248703246918989e-01 1.550916351787833269e-01 -1.736015301724159188e-01 -1.479946023618763373e-01
1.429876012693234166e-01 -3.825213986695975565e-01 2.219733152912193308e-01 4.119463398741629589e-01 2.219733152912193308e-01 4.119463398741629589e-01 -3.359596680941878688e-02 5.083985649929877448e-01
-2.841922700164404292e-01 4.398783858142654157e-01 9.439535547283950390e-02 1.436089395943201952e-01 9.439535547283950390e-02 1.436089395943201952e-01 5.342123440078878627e-01 -3.271506378447990304e-01
3.983157458733268541e-01 -4.629441985419957550e-02 -1.291924738861625066e-01 1.763890967729696557e-01 -1.291924738861625066e-01 1.763890967729696557e-01 -3.614361531253299509e-01 -1.102178402467882123e-01
-3.407329510453083188e-04 -6.826991340809440700e-02 3.264902532023195025e-02 -1.275640196618632594e-02 3.264902532023195025e-02 -1.275640196618632594e-02 2.942093329190129699e-04 7.293057838589918351e-02
-1.641103938729617795e-01 3.325613482396650999e-01 2.407172585443076995e-01 -2.301799988495444316e-01 2.407172585443076995e-01 -2.301799988495444316e-01 2.732639415660310656e-01 -2.488965192738199494e-01
-2.108647733804479563e-01 -1.518557363832915286e-01 3.495780049862682315e-01 -1.378152925480953250e-01 3.495780049862682315e-01 -1.378152925480953250e-01 1.468227225024803240e-01 1.304519484030155774e-01
1.316655437677292095e-01 3.492952584694878349e-01 1.371698737526031442e-01 -1.010722724533157368e-01 1.371698737526031442e-01 -1.010722724533157368e-01 -2.236458440514784707e-01 -2.446238962958733332e-01
-3.933761016208214834e-02 -4.136752384889046397e-01 -3.432304498698472983e-01 2.938517733327814518e-01 -3.432304498698472983e-01 2.938517733327814518e-01 6.791619631316365979e-03 5.832549938544928647e-01
2.657485515823240219e-01 -4.095955818703321816e-01 5.931139367718996080e-02 4.968614994469798818e-01 5.931139367718996080e-02 4.968614994469798818e-01 -4.804968634920403492e-02 5.067418298899251106e-01
-2.315164928696653579e-01 1.318244926228893110e-01 -3.778966169611452930e-01 -3.918561867953629374e-01 -3.778966169611452930e-01 -3.918561867953629374e-01 2.925555812824141566e-01 -1.680466822382769287e-01
3.772652169952768197e-01 -1.702009607184069573e-01 -1.491033054398231972e-01 4.241883991724838543e-01 -1.491033054398231972e-01 4.241883991724838543e-01 -2.488434122388080427e-01 5.684028379338235126e-02
4.943048222579423667e-01 4.747291720441634277e-01 2.761566499534569008e-01 2.140835008894846903e-01 2.761566499534569008e-01 2.140835008894846903e-01 -9.636266602738430276e-01 -4.936986425618825058e-01
-4.891968260393950718e-01 3.602378833265809099e-01 -2.904144605733834927e-01 1.905783383590776703e-01 -2.904144605733834927e-01 1.905783383590776703e-01 8.416512843244217112e-01 -4.697800853499837226e-01
-3.618683125236804576e-01 -4.368713979704846873e-01 2.008854033434315234e-02 -3.709030521373735123e-01 2.008854033434315234e-02 -3.709030521373735123e-01 4.568848137679937249e-02 4.967793407264342598e-01
1.117139767584951482e-01 3.837039122169737526e-01 -6.774815796319388905e-02 -2.923795394604342679e-01 -6.774815796319388905e-02 -2.923795394604342679e-01 -1.974441566215964783e-01 -2.489552325695602308e-01
4.713697684849715852e-01 3.268841356175939961e-01 2.560973804274083721e-01 -2.886281920285869163e-01 2.560973804274083721e-01 -2.886281920285869163e-01 -7.795363671399222483e-01 -4.422203561407081485e-01
3.834387295450777389e-01 -6.511351242642715587e-02 1.522208800317098598e-01 -2.067233918723421215e-01 1.522208800317098598e-01 -2.067233918723421215e-01 -3.335046445830640027e-01 -7.767197738820963426e-02
-2.384682240856311752e-01 3.325135721914036502e-01 -4.278365114860167573e-01 3.919537056134551056e-01 -4.278365114860167573e-01 3.919537056134551056e-01 3.970560661753378406e-01 -2.788153903984706417e-01
3.159466397256734949e-01 -2.904342209586229240e-01 -2.751162008409204773e-01 -2.982197803299152516e-01 -2.751162008409204773e-01 -2.982197803299152516e-01 -1.324232073792321329e-01 2.749639785085206123e-01
3.128340440206516249e-01 1.146544278555426954e-01 -1.244430797353980322e-01 2.700370666938516351e-01 -1.244430797353980322e-01 2.700370666938516351e-01 -3.845696606824985375e-01 -1.993739291269758518e-01
-4.352132245282344103e-01 -2.821063710387886614e-01 4.265517578481325955e-02 -2.255758920919581634e-02 4.265517578481325955e-02 -2.255758920919581634e-02 1.896603777287349524e-01 1.722798248151999889e-01
4.448013973674562749e-01 -4.569471425998046232e-01 -5.264660175213231597e-02 -3.330709965886391455e-02 -5.264660175213231597e-02 -3.330709965886391455e-02 -3.829994226453747874e-02 4.678995506298890827e-01
2.958041137284612709e-01 -4.961189127087023421e-01 -3.089475776864833989e-01 -3.327376716596471828e-01 -3.089475776864833989e-01 -3.327376716596471828e-01 -2.296083173010221579e-03 6.547528145572869551e-01
-4.130489325342321383e-01 1.766175027959674404e-01 2.136095660408985353e-01 -1.385795895950695522e-01 2.136095660408985353e-01 -1.385795895950695522e-01 5.589522745277043514e-01 -3.160331811697525417e-01
-3.579694370408293969e-01 2.039829484587264430e-01 2.333721540638943326e-01 -3.076569144825375135e-01 2.333721540638943326e-01 -3.076569144825375135e-01 5.040087594922270098e-01 -2.905160230521393050e-01
1.794173154829143968e-01 1.509777414239743543e-03 -2.530543633197132047e-01 1.252774092403480255e-01 -2.530543633197132047e-01 1.252774092403480255e-01 -1.799590759041936605e-01 -3.369807108149482783e-02
9.541512583079114762e-02 2.028587108033953479e-01 3.082798762609241239e-01 1.193964439135134503e-01 3.082798762609241239e-01 1.193964439135134503e-01 -1.341267046651472283e-01 -1.708111004918854703e-01
2.317419147511580180e-01 -3.219947319325130453e-01 -1.424422644322416165e-01 -1.968026359298455930e-01 -1.424422644322416165e-01 -1.968026359298455930e-01 -8.250256331550517852e-02 3.719710242722709670e-01
3.527445826207841195e-01 1.967556468812794446e-01 4.567125873441890693e-02 -1.397265866747097185e-01 4.567125873441890693e-02 -1.397265866747097185e-01 -4.915535596956227549e-01 -2.824716028699199022e-01
-2.972827242174826967e-01 -4.166271667894101416e-01 3.632149379101896614e-01 1.883013519780127876e-01 3.632149379101896614e-01 1.883013519780127876e-01 4.957060596514792361e-02 5.018283447782132534e-01
3.233464806834520644e-01 1.140854642004200947e-01 -3.339525637587260620e-01 -1.543499098252827384e-01 -3.339525637587260620e-01 -1.543499098252827384e-01 -3.971247473761396751e-01 -2.056229176289687821e-01
2.612497166748563027e-01 -1.832353350385977908e-01 6.461283952904228745e-02 -4.729281964223926993e-01 6.461283952904228745e-02 -4.729281964223926993e-01 -1.655093579475442334e-01 1.485591085826122870e-01
2.356461235988567271e-01 -3.073946067407492544e-01 4.027120560718802089e-01 1.984464346409774427e-01 4.027120560718802089e-01 1.984464346409774427e-01 -9.077342861155160425e-02 3.463569554268814965e-01
2.773579181067069577e-01 4.023246164144059778e-01 -1.052438091404006570e-01 3.803161269159615054e-01 -1.052438091404006570e-01 3.803161269159615054e-01 -5.005337541302651294e-01 -3.173869341778938202e-01
-4.947822934462424715e-01 -1.696083878125415056e-01 3.356563450258280845e-01 -2.260743071102122581e-02 3.356563450258280845e-01 -2.260743071102122581e-02 3.269438392270244687e-01 -4.643412487901260599e-02
2.827187044851070530e-01 1.460794781274865617e-01 3.212430501969283370e-01 -1.468987589586211451e-01 3.212430501969283370e-01 -1.468987589586211451e-01 -3.653175061012341462e-01 -2.046701300632250420e-01
3.065937981616575492e-01 -2.450533959340082113e-01 2.584236488456470582e-02 -2.755873589105756194e-01 2.584236488456470582e-02 -2.755873589105756194e-01 -1.563300953380174219e-01 2.111048057216067808e-01
-2.133403574253358581e-01 -2.769204571926404679e-01 -9.895041502805079769e-02 2.808257683357706647e-02 -9.895041502805079769e-02 2.808257683357706647e-02 9.518373879360518541e-02 3.080912886980514132e-01
-1.505846172520834969e-01 -3.886705405782153733e-02 -9.575143143684428093e-02 -2.475757449805016108e-02 -9.575143143684428093e-02 -2.475757449805016108e-02 1.388790563340573103e-01 1.770197499599867816e-02
-2.503613594135282172e-01 3.810212597932526313e-01 -4.132930560965830669e-02 -5.094346578225794619e-02 -4.132930560965830669e-02 -5.094346578225794619e-02 4.411473605481158744e-01 -2.985248696662051726e-01
-4.102169283171408498e-01 -9.253356491039532727e-03 -2.450674826660059757e-03 -2.711901920424649726e-01 -2.450674826660059757e-03 -2.711901920424649726e-01 4.026251613643854199e-01 -1.589389471805604803e-01
3.454854549566270805e-01 -3.478816500502331932e-01 -1.534151351455689261e-01 3.637347233236388755e-01 -1.534151351455689261e-01 3.637347233236388755e-01 -1.051093546792931932e-01 3.495430929053184865e-01
9.703522967892974638e-02 2.393855327063106886e-01 2.335964760801677587e-01 4.612101658158780371e-01 2.335964760801677587e-01 4.612101658158780371e-01 -1.434928899748693643e-01 -1.914959352360691980e-01
-4.571533263470557440e-01 3.315572286385873868e-01 4.038381256527223684e-02 -1.367071634958110238e-01 4.038381256527223684e-02 -1.367071634958110238e-01 7.602983062401387215e-01 -4.306161965662645419e-01
-1.581190310269886545e-02 9.070163832422106776e-02 -4.161123338089107726e-01 3.692092982214031371e-01 -4.161123338089107726e-01 3.692092982214031371e-01 1.868023413557610979e-02 -8.272486740925240334e-02
-3.351693032359821522e-01 -1.666344222409478215e-01 -2.737409072696224133e-01 -2.828232827958618856e-01 -2.737409072696224133e-01 -2.828232827958618856e-01 2.234678168407243093e-01 8.206299108482854876e-02
-3.643402232847926525e-01 4.136307785642323598e-01 7.538121985912416001e-02 -3.515702070256652156e-01 7.538121985912416001e-02 -3.515702070256652156e-01 6.657448837239027251e-01 -3.752841558917918707e-01
-4.108595967731069054e-01 -2.428597604023552403e-02 -2.155316764032140231e-01 -2.991143004124496851e-02 -2.155316764032140231e-01 -2.991143004124496851e-02 3.909033441268419118e-01 -1.439298235880975552e-01
3.185266682804456240e-01 -2.143960794627773891e-01 -1.362761637782827773e-02 -2.754448350145796143e-01 -1.362761637782827773e-02 -2.754448350145796143e-01 -1.819449305131093098e-01 1.589025199459458970e-01
-3.163835855274643727e-01 -7.991636015782188629e-02 4.927053238204175400e-01 -2.140785720259350544e-01 4.927053238204175400e-01 -2.140785720259350544e-01 2.658151363893925812e-01 -1.379558841251776746e-02
3.968990610884459702e-01 -1.730987034538034042e-01 3.845646334612403683e-01 4.186458701315888264e-01 3.845646334612403683e-01 4.186458701315888264e-01 -2.594936353355621339e-01 4.553299989830122962e-02
4.165416254268309304e-01 3.637616609718063998e-01 -2.647644697793827273e-02 -2.946627146161295840e-02 -2.647644697793827273e-02 -2.946627146161295840e-02 -7.195853724851510869e-01 -4.049460406920653011e-01
3.189145516073126352e-01 1.234426532954878697e-01 4.909483614175575994e-01 -1.383190769356934524e-02 4.909483614175575994e-01 -1.383190769356934524e-02 -3.976498684572075670e-01 -2.099110558697511175e-01
-4.299787128367305034e-02 -2.852970486193516786e-01 -2.121341353943263508e-01 -1.375478142940915749e-01 -2.121341353943263508e-01 -1.375478142940915749e-01 1.846353973537965751e-02 3.648426376353370859e-01
-2.815297663039421083e-01 -4.983720728400226063e-01 2.256900585547919613e-01 3.823551450163091836e-01 2.256900585547919613e-01 3.823551450163091836e-01 9.166199058165402924e-04 6.674877865117311293e-01
1.149198892672591565e-01 3.672313649020106929e-01 1.481274821636899830e-01 -2.884020253802839218e-01 1.481274821636899830e-01 -2.884020253802839218e-01 -1.993242648472661749e-01 -2.455790704834160676e-01
2.524545866152865248e-01 -3.479294351635864313e-01 -9.623866654449375613e-02 -3.236038484444000440e-01 -9.623866654449375613e-02 -3.236038484444000440e-01 -7.678182316425982701e-02 4.052510087137435324e-01
-1.558229182458237272e-01 1.393464717638582817e-01 3.683027799964390114e-01 1.710184574137167957e-01 3.683027799964390114e-01 1.710184574137167957e-01 1.992496660008310772e-01 -1.442098144214671862e-01
-2.274985546839298767e-01 1.150182040442057074e-01 4.090757712696522219e-01 3.014488181641892250e-01 4.090757712696522219e-01 3.014488181641892250e-01 2.798315050487261701e-01 -1.535446091659282142e-01
-4.030576262369504059e-01 -2.264423165783270298e-01 3.928290314587455923e-01 2.206483614363561330e-01 3.928290314587455923e-01 2.206483614363561330e-01 2.205190210376373472e-01 1.152629892479210966e-01
-4.224990794799676763e-02 1.623829122712576734e-01 -4.541267355654291515e-01 -2.652115779934348661e-01 -4.541267355654291515e-01 -2.652115779934348661e-01 5.597123413957331289e-02 -1.377997567951769198e-01
-5.772616712733047439e-02 -4.654580711447824370e-01 -2.517280679545819133e-03 -4.327581073677715384e-01 -2.517280679545819133e-03 -4.327581073677715384e-01 3.987946315993293189e-03 6.787769767673912380e-01
1.905132929537201036e-04 -3.584281121320376240e-02 2.516005502455511689e-01 1.858024323061563399e-01 2.516005502455511689e-01 1.858024323061563399e-01 -1.768562289678281523e-04 3.712748203355433624e-02
4.102521116894621844e-01 -3.215499708796414335e-01 -1.604957434788722992e-03 -3.322857654368979174e-01 -1.604957434788722992e-03 -3.322857654368979174e-01 -1.464190025553462338e-01 2.566375595066767157e-01
9.757057657531620354e-02 3.064899106726355349e-01 -3.655800005861746804e-01 4.974617709808054622e-01 -3.655800005861746804e-01 4.974617709808054622e-01 -1.573793711730086253e-01 -2.220738627417550570e-01
-4.893508047592780574e-01 3.984194068896165231e-01 4.493269110514830356e-01 -7.385863249175805834e-02 4.493269110514830356e-01 -7.385863249175805834e-02 8.792845195455742946e-01 -4.791455932218957603e-01
4.203323669738757706e-01 1.245311304933258700e-01 -2.562141635969407139e-01 2.581945077411496037e-02 -2.562141635969407139e-01 2.581945077411496037e-02 -5.250212966582602503e-01 -2.857024267572411125e-01
-4.706355063585585530e-01 -2.097452882230601556e-01 -4.904406247549460973e-01 1.909591921737774367e-02 -4.904406247549460973e-01 1.909591921737774367e-02 2.732083465001950984e-01 3.224059430945791505e-02
-3.519709807218760478e-01 -2.772838180734905622e-01 -4.180557690803005100e-01 4.399674748192703433e-01 -4.180557690803005100e-01 4.399674748192703433e-01 1.567792659506105912e-01 2.302865625685839301e-01
-1.466489758306637192e-01 7.712616723844045730e-02 1.512703024513365468e-01 -1.552865225047593833e-01 1.512703024513365468e-01 -1.552865225047593833e-01 1.692699227011872920e-01 -9.268364367773115897e-02
3.378794660932200600e-01 -2.030537858389603878e-01 1.750573462741173980e-01 3.050797480656545213e-01 1.750573462741173980e-01 3.050797480656545213e-01 -2.006640565982700797e-01 1.301220921750553261e-01
-3.694766080966539468e-01 -1.410492384521838671e-01 -6.265626245526034754e-02 -2.010516536331994342e-01 -6.265626245526034754e-02 -2.010516536331994342e-01 2.652478197007959171e-01 2.443116218951647822e-02
-1.032060037367465988e-01 -3.343447786134295940e-01 9.140298871077645604e-02 -9.480541126012531628e-02 9.140298871077645604e-02 -9.480541126012531628e-02 3.419322679486794248e-02 4.354797303921834617e-01
-3.471755999954502236e-01 2.466547512332717407e-01 -2.258010670183826507e-01 -2.221191038858211231e-01 -2.258010670183826507e-01 -2.221191038858211231e-01 5.184406224977294864e-01 -3.063470821595254412e-01
-4.482309569842255481e-01 -7.499102728092121861e-02 4.386042569387873513e-01 -3.141586497500121755e-01 4.386042569387873513e-01 -3.141586497500121755e-01 3.810043571375105742e-01 -1.202963093454255672e-01
