1.573994627797582480e-01 4.108738642708616995e-01 -2.792358475018270614e-01 1.245089294855439288e-01 -2.792358475018270614e-01 1.245089294855439288e-01 -2.867421137927120833e-01 -2.668311228133477542e-01
2.434559676519720828e-02 -2.078707220337140393e-01 -6.164801198982661212e-02 1.945667799404124931e-01 -6.164801198982661212e-02 1.945667799404124931e-01 -1.422412320935081444e-02 2.504882510306780663e-01
1.972517123433287223e-01 -7.837863536429068301e-02 -3.834483353242055248e-01 -4.838606867100360143e-01 -3.834483353242055248e-01 -4.838606867100360143e-01 -1.663310722698492783e-01 4.561360782348382326e-02
-1.755738303275570233e-01 -5.008495008143720728e-02 -4.510747465491903307e-01 2.061114581247841526e-01 -4.510747465491903307e-01 2.061114581247841526e-01 1.579866172724321838e-01 2.176728241020748147e-02
6.999764712552514201e-02 9.668251656272586203e-02 1.157219384184987598e-01 4.908410943274397198e-01 1.157219384184987598e-01 4.908410943274397198e-01 -8.353274448065599322e-02 -9.223467815693364713e-02
2.101410328217634405e-02 1.298830526532522844e-01 4.577118476177687301e-01 2.678758121004649606e-01 4.577118476177687301e-01 2.678758121004649606e-01 -2.647285504829592628e-02 -1.134550378234787521e-01
4.160181907022660885e-01 -3.265940797311848165e-01 4.092084302455486489e-01 -4.618694798901997745e-01 4.092084302455486489e-01 -4.618694798901997745e-01 -1.442800344145878100e-01 2.601866376514572754e-01
-1.429293716471210507e-01 4.810336272636672739e-02 9.684483684877753795e-02 3.461649768821419837e-01 9.684483684877753795e-02 3.461649768821419837e-01 1.566801384643073392e-01 -6.621823450022316926e-02
2.714423445636822141e-01 -4.001251864655486212e-02 -4.332883391080029067e-01 1.403336594121624703e-01 -4.332883391080029067e-01 1.403336594121624703e-01 -2.497201608170444009e-01 -3.206742612723301189e-02
2.540531969831748560e-01 3.187842560531287672e-01 -2.746962538755067795e-01 -2.496137863936684909e-01 -2.746962538755067795e-01 -2.496137863936684909e-01 -4.160295157795755872e-01 -2.817038810431538587e-01
-1.624705797882008973e-01 -3.360438858967214060e-01 1.594611305586168815e-01 -2.079129317118130205e-01 1.594611305586168815e-01 -2.079129317118130205e-01 5.327608983636018813e-02 4.225726898485759886e-01
-2.583970833461501915e-01 -3.836496633964413538e-01 3.413637334023525982e-01 2.772855722233277254e-01 3.413637334023525982e-01 2.772855722233277254e-01 6.012917524940475378e-02 4.640676749388468192e-01
3.950965406208951647e-01 5.247480343688548654e-02 2.804017794972522015e-01 1.618304145275926142e-01 2.804017794972522015e-01 1.618304145275926142e-01 -4.365617672362450130e-01 -2.058224748517443747e-01
-2.763612400540192970e-01 1.210860453279327675e-02 -2.233941549066803534e-01 -4.576062316478568537e-02 -2.233941549066803534e-01 -4.576062316478568537e-02 2.830539379820322110e-01 -8.833752123325697148e-02
-1.376652686914681123e-02 3.555837745644541137e-02 4.600313488732287182e-01 -2.266195869914662264e-01 4.600313488732287182e-01 -2.266195869914662264e-01 1.474555758650165048e-02 -3.448349651114930581e-02
4.312060196890217245e-01 8.287817645462203231e-02 -6.689709941982879826e-02 -1.832352140223456605e-01 -6.689709941982879826e-02 -1.832352140223456605e-01 -5.026811568651856632e-01 -2.619480157382275687e-01
-4.715706745359959928e-02 -2.060044221816172971e-01 2.596066424743626033e-01 -3.296625898232723451e-01 2.596066424743626033e-01 -3.296625898232723451e-01 2.772793858848292617e-02 2.462184551291759504e-01
3.889885968841091390e-01 1.720723095134707448e-01 -6.700174782376644433e-02 -4.211211825234030259e-01 -6.700174782376644433e-02 -4.211211825234030259e-01 -5.228569293646153637e-01 -2.937755583180390317e-01
-1.174888610701662062e-01 -4.519500053833476194e-01 1.731166233944514410e-01 -1.093740796721145436e-01 1.731166233944514410e-01 -1.093740796721145436e-01 1.129067828387621264e-02 6.424051802737906769e-01
2.626221115857030330e-02 3.601115833410829525e-01 -3.672949285848184919e-01 -5.391512361479955384e-02 -3.672949285848184919e-01 -5.391512361479955384e-02 -4.517686404327152239e-02 -2.311209346195985670e-01
-1.470216340556053103e-01 -1.117315793563901094e-01 5.396141091001838141e-03 1.008672248927674486e-01 5.396141091001838141e-03 1.008672248927674486e-01 1.141677153104252856e-01 1.026001643014830822e-01
-4.383346698301313626e-01 4.896962264528147424e-01 1.650097293008244703e-01 6.934358751131353138e-03 1.650097293008244703e-01 6.934358751131353138e-03 8.676363373086428687e-01 -4.420311150257785759e-01
-3.387999907831530377e-01 1.321521424016934843e-01 1.831631885697418971e-01 -2.178861998338194050e-01 1.831631885697418971e-01 -2.178861998338194050e-01 4.283462800384884028e-01 -2.294733874150005903e-01
-3.964414196365931842e-01 -1.066126470813956173e-01 2.071763689229902949e-01 4.684195894946298067e-01 2.071763689229902949e-01 4.684195894946298067e-01 3.119100813162660746e-01 -3.918689560437954578e-02
-4.087082100103857085e-01 2.644647933703085929e-01 3.473011176268594458e-01 3.944763151734073103e-01 3.473011176268594458e-01 3.944763151734073103e-01 6.248860746286764023e-01 -3.615655673678020987e-01
-1.154382956901789381e-02 1.494844346538382052e-02 -3.998237078443529491e-01 3.065569229204904156e-01 -3.998237078443529491e-01 3.065569229204904156e-01 1.188895413639087448e-02 -1.485824750446457579e-02
-4.695607333343768675e-01 3.214158752778042416e-01 2.024578005235615485e-01 4.838457373832425468e-01 2.024578005235615485e-01 4.838457373832425468e-01 7.714092815358896127e-01 -4.385949926867250270e-01
-3.344985995342125706e-01 -3.057455549698837594e-01 8.699110909988627682e-02 -2.124097339062327450e-01 8.699110909988627682e-02 -2.124097339062327450e-01 1.299556796317391238e-01 2.873365862633764367e-01
-8.700817088616541461e-02 -4.936231718987174055e-01 -3.467760226448279859e-01 6.094930270507292747e-02 -3.467760226448279859e-01 6.094930270507292747e-02 1.109672298296199289e-03 7.297165859331119497e-01
-1.895054335042575255e-01 7.602376424990830994e-02 -2.960757285727462218e-01 3.268686758861697461e-01 -2.960757285727462218e-01 3.268686758861697461e-01 2.183192663058662331e-01 -1.061564608468192478e-01
3.756717248700832679e-01 -3.359667930166165828e-01 1.513498353842159805e-01 1.557103050747450368e-01 1.513498353842159805e-01 1.557103050747450368e-01 -1.232452756068380673e-01 3.077112341596231482e-01
-2.251976166653971712e-01 3.227704352972896595e-01 -7.021735174666987600e-02 2.462348986980356091e-02 -7.021735174666987600e-02 2.462348986980356091e-02 3.705718821834019794e-01 -2.693036479470629629e-01
-8.509822742674799656e-02 -1.859756184041368998e-01 -4.934521763690115082e-01 1.174291814706732717e-01 -4.934521763690115082e-01 1.174291814706732717e-01 5.344583648517731156e-02 2.133208407337635060e-01
3.905670068163591413e-02 4.741907629378853128e-01 3.706828760806100131e-01 7.378052870913853756e-02 3.706828760806100131e-01 7.378052870913853756e-02 -7.609735406975903782e-02 -2.508593091504064398e-01
1.288514030646470410e-01 -4.292686310921051129e-01 -1.783715604524930276e-01 3.296016099005809608e-01 -1.783715604524930276e-01 3.296016099005809608e-01 -1.822767224893082072e-02 5.969375046600667867e-01
-1.178164142769289047e-02 -2.959858646516400071e-01 6.400550460947063147e-02 4.380274537832946624e-01 6.400550460947063147e-02 4.380274537832946624e-01 4.807242777710365490e-03 3.834546896504882341e-01
4.527513947953482054e-01 -4.088546005721716003e-02 -3.728340623274665200e-01 4.226596138833349503e-02 -3.728340623274665200e-01 4.226596138833349503e-02 -4.157294966598390484e-01 -1.624267445878257721e-01
-2.911200327093177442e-02 -3.617195582227732409e-01 -5.847139997071337802e-02 -3.166023844922036812e-01 -5.847139997071337802e-02 -3.166023844922036812e-01 8.051241346649033043e-03 4.917130882892047361e-01
-1.793342645338444896e-01 4.196304342503806017e-01 4.902989899205701940e-01 3.635104213839850384e-01 4.902989899205701940e-01 3.635104213839850384e-01 3.298424951384640869e-01 -2.757015113371125148e-01
3.078354592960694802e-01 3.555595873168996279e-01 -3.228513425162796713e-01 1.795745656879658148e-01 -3.228513425162796713e-01 1.795745656879658148e-01 -5.267431570337068880e-01 -3.238996371839577004e-01
3.212276083065594978e-01 -4.567520723394107307e-01 6.030388119638163680e-02 -9.122575599976956440e-02 6.030388119638163680e-02 -9.122575599976956440e-02 -2.778485673325237215e-02 5.621873515874046268e-01
4.139199387225516169e-01 -3.193098337821584920e-01 -7.106984602526755790e-02 -1.286976674039264079e-02 -7.106984602526755790e-02 -1.286976674039264079e-02 -1.495825250573132315e-01 2.499388880600673102e-01
-4.472442068754967082e-01 4.108913259642041904e-01 7.842235320750590155e-02 -2.275968579875353726e-02 7.842235320750590155e-02 -2.275968579875353726e-02 8.147817372612600195e-01 -4.420870247952743970e-01
2.120487867813948268e-01 4.371500079718579901e-01 2.745714091330527795e-01 -2.727531699551063449e-01 2.745714091330527795e-01 -2.727531699551063449e-01 -3.974430444452139444e-01 -2.910145664775238838e-01
-1.258001025384059002e-01 3.385695678866605940e-01 4.499036926124411195e-01 -2.138672187657354451e-01 4.499036926124411195e-01 -2.138672187657354451e-01 2.109842752514572428e-01 -2.397658813863739469e-01
4.899141340532302547e-01 2.388183387203249852e-01 -3.483684603390790890e-02 -1.526787889555966116e-01 -3.483684603390790890e-02 -1.526787889555966116e-01 -7.239150932736283517e-01 -4.217999985563155585e-01
-2.423550057575574179e-02 6.655032325642906699e-03 -1.403461636704695925e-01 -3.539188840385671941e-01 -1.403461636704695925e-01 -3.539188840385671941e-01 2.455807665527532518e-02 -7.198102358545011882e-03
-3.304762764337908498e-01 3.753351921510779121e-01 -8.063603757420023666e-02 5.398375322588722103e-02 -8.063603757420023666e-02 5.398375322588722103e-02 5.785550298670900649e-01 -3.436732549695347139e-01
4.266129377700565994e-01 -1.165825234432003032e-01 -2.339884739598179220e-01 4.859713087717798530e-01 -2.339884739598179220e-01 4.859713087717798530e-01 -3.271417121325562727e-01 -5.182459045721354851e-02
4.848991923603040988e-02 -4.697472145699391755e-01 4.618602548065686708e-02 -3.959894746043738367e-01 4.618602548065686708e-02 -3.959894746043738367e-01 -2.933910244337215034e-03 6.880583878986389346e-01
-4.340636530940948923e-01 3.680644577907554726e-02 -3.725699685085770430e-01 -4.318398820804459914e-01 -3.725699685085770430e-01 -4.318398820804459914e-01 4.660163337186454258e-01 -2.238629862655782676e-01
1.829138543754175172e-01 -2.206847717243289875e-01 -1.890470688793673970e-01 3.676478812466360546e-01 -1.890470688793673970e-01 3.676478812466360546e-01 -1.021812499793051804e-01 2.359290620728767274e-01
4.152010678295413593e-01 -2.977723894599042520e-01 2.055165103930264303e-01 -2.188858126765613754e-01 2.055165103930264303e-01 -2.188858126765613754e-01 -1.679302396817287379e-01 2.140488586577737329e-01
-2.239509516693048985e-01 -3.902394263062897162e-01 1.934564269024356964e-01 9.579092557779556039e-03 1.934564269024356964e-01 9.579092557779556039e-03 4.916196986895057797e-02 4.923722073965645096e-01
3.223475682359706607e-01 1.561405758081706452e-01 -1.783367516823620713e-01 -3.515659065468301758e-01 -1.783367516823620713e-01 -3.515659065468301758e-01 -4.230106380654267140e-01 -2.356686511421073327e-01
-2.106271884215638046e-01 2.644490065818403401e-01 2.602353929443368408e-02 1.122245715933303245e-01 2.602353929443368408e-02 1.122245715933303245e-01 3.220274898959811227e-01 -2.388795420020910498e-01
-2.824931114858786341e-02 -2.435273761627542166e-01 -3.094724892805920113e-01 -2.470996274896485323e-01 -3.094724892805920113e-01 -2.470996274896485323e-01 1.449034990374617818e-02 3.020349355231000676e-01
-2.344130308434144716e-02 4.501103473912675401e-01 4.978479887068887333e-01 3.533562088705499704e-01 4.978479887068887333e-01 3.533562088705499704e-01 4.454364923353528599e-02 -2.480605172528719538e-01
-3.528524280583069661e-01 2.722370974565838653e-01 2.539899200282395020e-01 -4.102120808725259193e-01 2.539899200282395020e-01 -4.102120808725259193e-01 5.449714697485100734e-01 -3.226288962116410364e-01
6.174065606887646496e-02 -2.807478587544618431e-01 2.149389043842414582e-01 -2.071107745764885211e-01 2.149389043842414582e-01 -2.071107745764885211e-01 -2.707354209001099077e-02 3.557553103378617854e-01
3.953667845370619771e-01 7.695111712555258165e-02 2.758019319398508085e-02 8.008572050365347916e-02 2.758019319398508085e-02 8.008572050365347916e-02 -4.562146160259911154e-01 -2.273445370138576505e-01
3.077876312168311701e-01 -3.823617352032681049e-01 -1.302296715803150651e-01 -3.173551472464932743e-01 -1.302296715803150651e-01 -3.173551472464932743e-01 -7.241520572448889581e-02 4.338290058208541522e-01
4.696116416313241837e-01 2.739662669356300873e-01 3.843913023898071213e-02 2.125261829193770824e-01 3.843913023898071213e-02 2.125261829193770824e-01 -7.269271383658177932e-01 -4.194438454726524546e-01
1.374835780068095481e-01 -4.869092726419277373e-02 1.084798505732957885e-01 2.609419193512585444e-01 1.084798505732957885e-01 2.609419193512585444e-01 -1.240951722133084717e-01 3.215999944048519854e-02
2.176364354133486501e-01 3.716800988542341422e-01 -1.581790134894042188e-01 1.455413706850983147e-01 -1.581790134894042188e-01 1.455413706850983147e-01 -3.794186990707817952e-01 -2.808996209893695473e-01
3.277002926517436077e-01 -4.486986533075426609e-01 -4.035890935812059821e-01 9.895228182357651558e-02 -4.035890935812059821e-01 9.895228182357651558e-02 -3.362293264909366197e-02 5.426416529835066394e-01
2.969513574435643788e-01 -4.454224298233672164e-01 4.053554186477543730e-01 -1.153865063511505529e-01 4.053554186477543730e-01 -1.153865063511505529e-01 -3.241376709984500337e-02 5.556434621255441630e-01
-5.187934249727665925e-02 2.295121595199208775e-01 -3.125051166009872317e-01 3.359394536871053161e-01 -3.125051166009872317e-01 3.359394536871053161e-01 7.569322235932379739e-02 -1.795277943303729973e-01
8.357727998939534775e-02 2.615290875617304334e-02 1.659945095025857631e-01 -4.553281368970450993e-01 1.659945095025857631e-01 -4.553281368970450993e-01 -8.794885794469892160e-02 -3.245409585019011500e-02
-1.454889819543939700e-01 4.129785868431055107e-01 1.977380396260929318e-01 -1.972727988637258401e-01 1.977380396260929318e-01 -1.972727988637258401e-01 2.656566502919293637e-01 -2.635943175223030011e-01
2.504098591020348374e-01 3.627039384880808015e-01 -1.978738225830052322e-01 -6.914732987616456494e-02 -1.978738225830052322e-01 -6.914732987616456494e-02 -4.320591433671416848e-01 -2.938548890288162352e-01
1.749187698667876711e-01 -2.751227299606511245e-01 -3.712625786336350986e-01 4.761408542540217503e-01 -3.712625786336350986e-01 4.761408542540217503e-01 -7.867051089256867080e-02 3.202186704499422332e-01
-2.277900513221393641e-01 -4.162141299280167628e-01 3.666162698844110945e-02 -1.986055475829914263e-01 3.666162698844110945e-02 -1.986055475829914263e-01 3.817117528753433131e-02 5.375600243984098858e-01
-3.700360584558293198e-02 1.196419590419111056e-01 4.470798440491605685e-01 4.107173660029683759e-01 4.470798440491605685e-01 4.107173660029683759e-01 4.585797363554344058e-02 -1.066970275241000271e-01
-4.240112534828299751e-02 -1.403401084648217001e-01 2.332158338725698332e-01 4.020858148595838344e-01 2.332158338725698332e-01 4.020858148595838344e-01 3.049996828746592489e-02 1.582375990779388286e-01
-3.793675716938418319e-01 -9.975397698808785574e-02 -4.579787253005074277e-01 -3.867486713218575289e-01 -4.579787253005074277e-01 -3.867486713218575289e-01 3.036807236602933058e-01 -3.421492153985439266e-02
3.306403259938046624e-01 -8.262428259099141581e-02 1.544182517243863906e-01 -2.169448602673281767e-01 1.544182517243863906e-01 -2.169448602673281767e-01 -2.760024865320253595e-01 -1.987197050862199443e-02
-2.767600371159772976e-02 2.898859590776569073e-01 7.373168765782867062e-02 -3.719076799450329318e-01 7.373168765782867062e-02 -3.719076799450329318e-01 4.372177347034433142e-02 -2.066180509887283190e-01
4.484282960587185896e-01 3.174844695622196511e-01 -3.400653304898922924e-01 3.308903476943613198e-01 -3.400653304898922924e-01 3.308903476943613198e-01 -7.331663354805031396e-01 -4.177760178551414572e-01
4.391113537321853499e-01 1.540218366347201329e-02 -9.721720635494746077e-02 -4.758278661211334803e-01 -9.721720635494746077e-02 -4.758278661211334803e-01 -4.526379011699832589e-01 -2.079837373783811061e-01
4.288751140115937277e-01 1.725308697908485289e-01 -4.061826821204107540e-01 -1.573138288253372874e-01 -4.061826821204107540e-01 -1.573138288253372874e-01 -5.768635069157328488e-01 -3.266978321785193318e-01
1.544825573820041154e-02 3.182954760580944953e-01 3.352030877236489292e-02 -4.410483214656942819e-01 3.352030877236489292e-02 -4.410483214656942819e-01 -2.528247556711579053e-02 -2.172221145843983292e-01
2.123451824521829234e-01 -1.806407822517630546e-01 3.584834924852871030e-01 5.434272670327222610e-02 3.584834924852871030e-01 5.434272670327222610e-02 -1.356287827210715946e-01 1.681813979536410653e-01
-4.663257954971518071e-01 -2.396890696088543882e-01 2.681738269584630352e-01 4.868935239201536147e-01 2.681738269584630352e-01 4.868935239201536147e-01 2.427794033825093623e-01 7.968017215276118614e-02
1.462541094487922466e-01 -4.551633607854088659e-01 3.277568902549100605e-01 3.208719412798001214e-01 3.277568902549100605e-01 3.208719412798001214e-01 -1.311508547801365498e-02 6.409467812562178457e-01
-9.473235976604499342e-02 3.818100041174853354e-01 -1.006206920716267161e-01 2.904034316942908367e-01 -1.006206920716267161e-01 2.904034316942908367e-01 1.670718851107104719e-01 -2.450053448601345607e-01
1.961604635169689193e-01 -3.758295671385821768e-01 4.706642786602582840e-01 -4.633378875835503230e-02 4.706642786602582840e-01 -4.633378875835503230e-02 -4.871465933039678675e-02 4.785985032269641781e-01
-2.759213630536806461e-01 1.972248052781890859e-01 -3.718479212079259799e-01 -1.749061688695731087e-01 -3.718479212079259799e-01 -1.749061688695731087e-01 3.847584372543900177e-01 -2.344597800505705265e-01
-1.190588668514616089e-01 4.692760954489991754e-01 2.696975504706573545e-01 -3.509090782665362784e-01 2.696975504706573545e-01 -3.509090782665362784e-01 2.308018271807339705e-01 -2.632310554650950651e-01
1.985466383465933626e-01 5.614857784090276915e-02 -3.880513223635619902e-01 3.890806310635631649e-01 -3.880513223635619902e-01 3.890806310635631649e-01 -2.208428611030998912e-01 -9.241668264607980077e-02
-1.727063534846133841e-01 1.227810443865496870e-01 4.976753962378986929e-01 5.447995102336988804e-02 4.976753962378986929e-01 5.447995102336988804e-02 2.151164863906802893e-01 -1.375333440598500434e-01
-3.987811975718835722e-01 4.692788873290909546e-01 1.061281673480748422e-01 -3.962951167941286545e-02 1.061281673480748422e-01 -3.962951167941286545e-02 7.730603909404754059e-01 -4.080826567731269394e-01
-1.828928726057138521e-01 -1.753740245970443201e-01 -4.364060277913495156e-01 1.827286636290849087e-01 -4.364060277913495156e-01 1.827286636290849087e-01 1.187435543277567396e-01 1.726802702504391385e-01
-1.013977090241343637e-01 -3.016425041826376052e-01 -1.203814050722764595e-01 4.492630720195096572e-01 -1.203814050722764595e-01 4.492630720195096572e-01 4.022599128728972240e-02 3.823492091168670948e-01
4.406613933963881014e-01 3.194724781232162192e-01 -7.596566067208643247e-02 -2.725436007443216013e-02 -7.596566067208643247e-02 -2.725436007443216013e-02 -7.222197681195352548e-01 -4.115922774750736535e-01
1.574263851618576959e-01 -1.868989419131819041e-01 -7.255962732886478417e-02 1.442250304796721672e-02 -7.255962732886478417e-02 1.442250304796721672e-02 -9.858073552992120681e-02 1.970470896563192853e-01
-1.216238665685807074e-01 -2.153451813389082314e-01 2.981392895724858105e-01 -2.530942437773582299e-01 2.981392895724858105e-01 -2.530942437773582299e-01 6.924163936588031976e-02 2.469263635457035755e-01
-1.709504561132378919e-01 2.427563191082552363e-01 -3.349791328215169228e-01 2.102182814841857539e-01 -3.349791328215169228e-01 2.102182814841857539e-01 2.539490630650917957e-01 -2.130497470865902465e-01
4.684132012168494841e-01 7.121219956275526286e-02 -2.429530304647856687e-01 3.487874932486478841e-03 -2.429530304647856687e-01 3.487874932486478841e-03 -5.351266699426161511e-01 -2.855519492704062801e-01
-2.187682931177747925e-01 2.952333085611460461e-01 -1.828654851875988196e-01 -1.640738216316561804e-01 -1.828654851875988196e-01 -1.640738216316561804e-01 3.479436670886453253e-01 -2.559301681508497905e-01
-4.603714261331056656e-01 -1.723698784507571302e-01 -2.806493029991841137e-01 -4.337628429561170007e-01 -2.806493029991841137e-01 -4.337628429561170007e-01 3.016630926035753779e-01 -9.860596551943656696e-03
1.972931747872619379e-02 3.237461300908711648e-01 3.236070103414329102e-01 8.435004987466032667e-02 3.236070103414329102e-01 8.435004987466032667e-02 -3.250389784486977518e-02 -2.193238193102322597e-01
-1.506412658320208653e-01 -1.912730724789931669e-01 1.556070633050348206e-01 -3.957132824592071163e-01 1.556070633050348206e-01 -3.957132824592071163e-01 9.301403031639005059e-02 2.051656697630737658e-01
4.223395975318838813e-01 2.001136312583979837e-01 1.216209953957619883e-01 3.762755599876351775e-01 1.216209953957619883e-01 3.762755599876351775e-01 -5.913714185045151339e-01 -3.384389014863695699e-01
3.872889518527348196e-01 2.926712773169131143e-01 -1.286078555295558923e-01 4.190259320127301956e-01 -1.286078555295558923e-01 4.190259320127301956e-01 -6.139856563116715682e-01 -3.570075329777895878e-01
-3.042256706775458008e-01 -2.075690882772296408e-02 -4.925751277537124828e-01 -3.298223923945875491e-02 -4.925751277537124828e-01 -3.298223923945875491e-02 2.915961016589324051e-01 -7.136550060739718648e-02
3.767009301816353073e-01 4.324995372217993461e-01 1.725694086830638074e-01 -3.854004166793686403e-01 1.725694086830638074e-01 -3.854004166793686403e-01 -7.025468861307925250e-01 -3.873472783244380491e-01
3.569756261117601470e-01 -3.575170265087591615e-01 2.581419631248791369e-01 -3.388949864949396540e-01 2.581419631248791369e-01 -3.388949864949396540e-01 -1.017258973446020232e-01 3.579038531145407598e-01
1.725610295221127188e-01 -2.698200961103001116e-01 1.996162092731862403e-01 -2.195419316216217220e-01 1.996162092731862403e-01 -2.195419316216217220e-01 -7.944016238101514471e-02 3.128456714655402093e-01
5.053367201341196768e-03 -2.062538587737590134e-01 4.720106734936198034e-01 1.075022342210512072e-01 4.720106734936198034e-01 1.075022342210512072e-01 -2.968814231186450801e-03 2.487689765127531483e-01
-1.305140843396159767e-01 5.131951215730712335e-02 2.295647829337770229e-01 2.086520145143740956e-01 2.295647829337770229e-01 2.086520145143740956e-01 1.439099226155494404e-01 -6.571974604025151989e-02
-2.118544006920064504e-01 1.181857022194578999e-01 -4.088754156025352637e-01 -4.251993046864810388e-02 -4.088754156025352637e-01 -4.251993046864810388e-02 2.619307229201408571e-01 -1.491001291029207532e-01
4.811953575957429452e-01 2.780741808327621412e-01 4.270613525529988186e-01 4.053206191921288060e-01 4.270613525529988186e-01 4.053206191921288060e-01 -7.488113673636714873e-01 -4.322979029586453414e-01
1.461275766592474712e-01 3.481110847927462171e-01 -3.586609302401039256e-01 -1.247430270432652311e-01 -3.586609302401039256e-01 -1.247430270432652311e-01 -2.478648351172191289e-01 -2.482830260974679404e-01
2.822301513237782666e-01 -8.683388394802060706e-02 -4.284765991245476080e-01 -4.836642850442984809e-02 -4.284765991245476080e-01 -4.836642850442984809e-02 -2.332158709104157623e-01 1.472014903327614754e-02
1.649689629047610406e-01 -5.098080406002980514e-02 -8.250100300278295773e-02 -4.985531566481105070e-01 -8.250100300278295773e-02 -4.985531566481105070e-01 -1.481484621570931526e-01 2.636508772076453025e-02
-4.445004968872773299e-01 -4.300609359159204281e-01 -2.842093764097123332e-01 -3.560522045512881650e-01 -2.842093764097123332e-01 -3.560522045512881650e-01 6.217589747440899206e-02 4.174326527837614043e-01
-7.354642731505767195e-02 -1.201075833075407884e-01 7.297574822892549662e-02 -4.110621268143290763e-01 7.297574822892549662e-02 -4.110621268143290763e-01 5.587946002362710607e-02 1.291243379047095630e-01
4.607778274826422882e-01 2.425011397753991105e-01 -3.046726254357844388e-01 -2.175995787081761446e-01 -3.046726254357844388e-01 -2.175995787081761446e-01 -6.842561241781882631e-01 -3.960105432826551142e-01
4.144213209521963037e-02 1.703979831481650109e-01 -4.478973137969325391e-01 -1.608895721286726088e-01 -4.478973137969325391e-01 -1.608895721286726088e-01 -5.556544354799015928e-02 -1.430799607998003153e-01
-1.174991744400388782e-04 -1.769905608017749987e-01 -3.408251113832208024e-01 7.051312470184545322e-02 -3.408251113832208024e-01 7.051312470184545322e-02 7.590668488426273453e-05 2.083162056086458325e-01
-4.751007724496519868e-01 -2.734603434962298296e-01 4.166002985176445739e-01 2.709035556918872878e-01 4.166002985176445739e-01 2.709035556918872878e-01 2.152583315908400685e-01 1.225201589790498313e-01
-2.866146464200844957e-01 4.265387090440507789e-01 2.668301773539265564e-01 3.368186570297777571e-01 2.668301773539265564e-01 3.368186570297777571e-01 5.311191289743643074e-01 -3.267513942735954524e-01
-2.548906473594418909e-01 3.525994904986708978e-01 3.702951184827347753e-01 1.819303386197554939e-01 3.702951184827347753e-01 1.819303386197554939e-01 4.346392721430730743e-01 -2.932423319100639358e-01
-4.236917106260428278e-01 -1.432053096326540986e-01 -4.627400179173616346e-01 1.150415307379548668e-02 -4.627400179173616346e-01 1.150415307379548668e-02 3.023419054080601631e-01 -1.580159531358399372e-02
-3.918161685663590355e-01 4.744572468195600301e-01 2.012948458124766971e-01 4.326623717682092085e-01 2.012948458124766971e-01 4.326623717682092085e-01 7.636162097611256527e-01 -4.028674777099846005e-01
2.281612831471337977e-01 3.075500986858035191e-01 3.193036293395508096e-01 2.629683361938754960e-01 3.193036293395508096e-01 2.629683361938754960e-01 -3.685033334434949515e-01 -2.650206066115026182e-01
-2.254577720709264321e-01 -1.683501417402557543e-01 1.194570963506738082e-01 1.462814620836394575e-02 1.194570963506738082e-01 1.462814620836394575e-02 1.495460763017609496e-01 1.458607049770341280e-01
3.576088734266992253e-01 4.370947669703432181e-01 2.272382328463987688e-01 -4.831429138699013803e-01 2.272382328463987688e-01 -4.831429138699013803e-01 -6.702268078206393698e-01 -3.739270380109975811e-01
1.036529738579119453e-01 -3.800012608909467682e-01 4.743263166703248768e-02 4.512319427486563006e-01 4.743263166703248768e-02 4.512319427486563006e-01 -2.487645233570617842e-02 5.136582801800672060e-01
3.486759755335859801e-01 -8.680662698638308417e-02 1.910984765401362306e-01 1.918948683012131617e-01 1.910984765401362306e-01 1.918948683012131617e-01 -2.881412048390715186e-01 -2.723291843916171573e-02
1.295501714623319423e-01 3.859616994673953361e-01 -1.268883127819659951e-01 2.529439929065242509e-01 -1.268883127819659951e-01 2.529439929065242509e-01 -2.295529801501201561e-01 -2.537785129375549342e-01
1.050889026557298989e-01 -2.356217802283420149e-01 1.734242712672651177e-01 2.941216758494805683e-01 1.734242712672651177e-01 2.941216758494805683e-01 -5.556643400375785996e-02 2.800957260849296637e-01
3.414767148983972600e-01 3.597590874616505285e-01 -1.335555709646891742e-01 -4.849382002494725397e-01 -1.335555709646891742e-01 -4.849382002494725397e-01 -5.871754175808965304e-01 -3.469388332682122877e-01
-2.337270660697277069e-02 4.838960714592499546e-01 -4.025157383991201376e-01 1.136571570174527146e-01 -4.025157383991201376e-01 1.136571570174527146e-01 4.599262841994032625e-02 -2.502869468996899993e-01
3.941453369562155640e-01 -2.058767185888967788e-01 1.045686819412062762e-01 1.623032354886072559e-01 1.045686819412062762e-01 1.623032354886072559e-01 -2.318546397168941842e-01 9.291139520149986619e-02
-1.417744555408780860e-01 4.872471130303539510e-01 3.232914561104646145e-01 4.491407209696461900e-01 3.232914561104646145e-01 4.491407209696461900e-01 2.799328438683643117e-01 -2.699373601178518545e-01
7.262533264395398813e-02 -3.647644466314540201e-01 -2.133622614702269660e-01 2.098333016958182640e-01 -2.133622614702269660e-01 2.098333016958182640e-01 -1.964305409735968982e-02 4.925431092161599023e-01
-4.768096319006378536e-01 1.968940385765474144e-01 1.368282038574908377e-02 -4.806473848810904892e-01 1.368282038574908377e-02 -4.806473848810904892e-01 6.645715800148649377e-01 -3.854742012227861947e-01
2.406467308597891597e-01 -2.305963131144953548e-01 9.330487127574671469e-03 -2.206290420715535383e-01 9.330487127574671469e-03 -2.206290420715535383e-01 -1.296622330611418850e-01 2.258601236629899367e-01
-3.756281485758182770e-01 2.390696321837244565e-01 -4.928969959280440349e-01 2.312204475295214223e-01 -4.928969959280440349e-01 2.312204475295214223e-01 5.552307152115668609e-01 -3.230118491537601333e-01
-4.139652023203066467e-02 -8.117104254580864708e-02 -2.347676116336114838e-01 -3.271915035878188993e-01 -2.347676116336114838e-01 -3.271915035878188993e-01 3.467612282202548607e-02 8.604610880646119953e-02
3.726271831441870797e-01 -1.565756720731986684e-01 4.925015745753918983e-01 2.436577216825497327e-01 4.925015745753918983e-01 2.436577216825497327e-01 -2.559384798770991121e-01 4.224059554040099362e-02
-3.345570852489343494e-02 -4.835512467686254867e-01 9.161386813542382601e-02 1.476959172750968996e-02 9.161386813542382601e-02 1.476959172750968996e-02 1.100609387413527263e-03 7.162537705872149552e-01
1.723692184292864304e-01 -1.780360280372778048e-01 4.327546414337379854e-01 1.987689721600419679e-01 4.327546414337379854e-01 1.987689721600419679e-01 -1.109933564192062266e-01 1.800217078546451077e-01
-4.006524858403693878e-01 -3.421472441914644724e-01 -2.873326449520178238e-01 -4.056366422993966658e-01 -2.873326449520178238e-01 -4.056366422993966658e-01 1.264881980228851344e-01 2.986895664892106894e-01
4.187092051422680594e-01 -4.407991546861244059e-01 -4.647324943089802263e-01 4.428297284638704756e-02 -4.647324943089802263e-01 4.428297284638704756e-02 -4.957587777024641262e-02 4.597856509872563224e-01
-1.280547989307603274e-01 -8.378775750419797941e-02 -4.027227605565558699e-01 -4.522727140267724932e-01 -4.027227605565558699e-01 -4.522727140267724932e-01 1.065959500506415691e-01 7.441011428258280380e-02
-2.957460214465699178e-01 1.809757971170928847e-01 -2.860132420045553570e-01 1.065614049987992917e-01 -2.860132420045553570e-01 1.065614049987992917e-01 4.027917653975736090e-01 -2.356892671764007074e-01
-4.552337391548609835e-01 -4.238048119725698060e-01 6.718502250089797290e-02 -4.569626182335895237e-01 6.718502250089797290e-02 -4.569626182335895237e-01 6.937324070266948084e-02 3.961775733587590276e-01
3.995757788613247818e-01 -3.031949692584470224e-01 2.232735419434633828e-01 -1.438890189116630580e-01 2.232735419434633828e-01 -1.438890189116630580e-01 -1.572770468847659864e-01 2.354613555894433108e-01
4.049284888231673429e-01 -1.210436509848804576e-01 4.876390127582570511e-01 -3.412149311902076265e-01 4.876390127582570511e-01 -3.412149311902076265e-01 -3.069004434732742759e-01 -2.827186463198397282e-02
-2.959864134702089311e-01 -2.053161897808285508e-01 4.553527810202921966e-01 -1.135890455866309656e-01 4.553527810202921966e-01 -1.135890455866309656e-01 1.744448081890165314e-01 1.598629706079882640e-01
-4.717296071425006732e-01 -1.071359573240447949e-01 3.555987576799238825e-01 -1.988122325790719902e-02 3.555987576799238825e-01 -1.988122325790719902e-02 3.706512010238859345e-01 -1.039147515790336818e-01
-1.553104796133664145e-02 2.148934825586794606e-01 3.722296651622669650e-02 -1.378024768741870076e-02 3.722296651622669650e-02 -1.378024768741870076e-02 2.220608992973166149e-02 -1.689554871632593103e-01
4.504454053381363732e-01 -2.296162402743424646e-01 1.331576700659197199e-01 1.213572327470685552e-01 1.331576700659197199e-01 1.213572327470685552e-01 -2.435862444929461634e-01 7.943879488182903348e-02
3.917334375542191882e-01 3.180374743094045442e-01 -4.931972707993302896e-01 4.590470888417582662e-01 -4.931972707993302896e-01 4.590470888417582662e-01 -6.409052637187886425e-01 -3.703447253423447494e-01
2.314212789001066639e-01 4.351169274831817591e-01 4.089236092006353074e-01 2.325543619727699074e-01 4.089236092006353074e-01 2.325543619727699074e-01 -4.328119105585924720e-01 -2.993459952285382752e-01
3.070553190721129200e-01 3.021682720955329859e-01 -3.677445668728491768e-01 3.002429082625260870e-01 -3.677445668728491768e-01 3.002429082625260870e-01 -4.926200694756387444e-01 -3.051455764048099928e-01
-4.286603127427927040e-01 -2.576860278087902412e-01 1.959308411732209043e-01 -1.798945490593648611e-01 1.959308411732209043e-01 -1.798945490593648611e-01 2.077407662028646906e-01 1.403384530159140220e-01
-3.924088676856635205e-01 -6.428870084291760101e-02 1.993652716464400232e-02 -1.400621088538855918e-01 1.993652716464400232e-02 -1.400621088538855918e-01 3.419539550801601879e-01 -8.556298153935681938e-02
-2.438555487940488042e-01 3.570234378123661179e-01 -6.186899015794078416e-02 3.047833131183925737e-01 -6.186899015794078416e-02 3.047833131183925737e-01 4.179798415141937618e-01 -2.890232313426523980e-01
3.168939943424481376e-01 3.072005205099108682e-01 1.079520691099101759e-01 -4.438876005179426265e-02 1.079520691099101759e-01 -4.438876005179426265e-02 -5.115939943593778017e-01 -3.132501643586622642e-01
-4.568300644024785306e-01 4.332612253671294100e-01 4.965497686577319270e-01 -1.723120389638482797e-01 4.965497686577319270e-01 -1.723120389638482797e-01 8.526835713776035330e-01 -4.542396437024756040e-01
1.849040370601138239e-01 2.001657153343474604e-01 1.218412468024803186e-01 -1.512917465283163398e-01 1.218412468024803186e-01 -1.512917465283163398e-01 -2.589269347528065923e-01 -1.942889046601643799e-01
-4.307479299901645353e-01 -4.160628523199377815e-01 2.131514327645346318e-01 9.536997767450572372e-02 2.131514327645346318e-01 9.536997767450572372e-02 7.231150522493107191e-02 4.036273702097284422e-01
6.955988672543322870e-02 1.125827063289852603e-02 -4.510153427178015262e-01 4.409366710119898558e-01 -4.510153427178015262e-01 4.409366710119898558e-01 -7.112613478533061362e-02 -1.597009981651004162e-02
2.290620102834528549e-02 1.588215617744619390e-01 5.788266229605387725e-02 -1.024998145321069920e-01 5.788266229605387725e-02 -1.024998145321069920e-01 -3.018219827162845620e-02 -1.341219673355336650e-01
-3.952886964267562364e-01 2.959103772080438066e-01 4.068499659332249774e-01 4.412713561040275678e-01 4.068499659332249774e-01 4.412713561040275678e-01 6.292287509581909744e-01 -3.646005793914012805e-01
-3.360177224127737228e-01 1.165501453108307439e-01 -4.106063172301008812e-01 -4.501357157970652390e-01 -4.106063172301008812e-01 -4.501357157970652390e-01 4.143435511612200695e-01 -2.158741187143228268e-01
-4.605914418318820536e-01 3.605991793014342583e-01 -1.456498614777294032e-01 4.458959147028034309e-01 -1.456498614777294032e-01 4.458959147028034309e-01 7.927692336675640217e-01 -4.427118874773383062e-01
-3.654295413553123595e-01 7.149851411237473364e-02 3.114240831267847121e-01 -2.024588997739882323e-01 3.114240831267847121e-01 -2.024588997739882323e-01 4.176848797946551839e-01 -1.999252262872512342e-01
-4.427464401998323362e-01 2.186978796890629573e-01 3.605275368315041806e-01 -1.312352643936782748e-01 3.605275368315041806e-01 -1.312352643936782748e-01 6.364018556230000012e-01 -3.668935274181948092e-01
-3.399665385546721819e-01 -8.984524681271055524e-02 6.896779442026079732e-02 -1.415268782938077230e-01 6.896779442026079732e-02 -1.415268782938077230e-01 2.788777834256573884e-01 -1.765983214929797707e-02
4.925577191726402404e-01 3.791850207683671314e-01 4.029401316108196518e-01 -8.750197358099076617e-02 4.029401316108196518e-01 -8.750197358099076617e-02 -8.660987371208345165e-01 -4.780168475098136582e-01
-4.404673455875330879e-01 -4.177669359430880025e-02 4.225931412633920914e-02 4.147261171846322592e-01 4.225931412633920914e-02 4.147261171846322592e-01 4.036648069177152798e-01 -1.504894968069457328e-01
-4.090702210856855814e-02 -3.761509226064104761e-01 -2.923069837498257773e-01 -4.336741209227017446e-01 -2.923069837498257773e-01 -4.336741209227017446e-01 1.013259389413077166e-02 5.159670547262733553e-01
-3.867894649390224426e-01 -1.003343166840177103e-01 1.140468383857706769e-01 2.797189778221403911e-01 1.140468383857706769e-01 2.797189778221403911e-01 3.091729516085551799e-01 -3.920479839934878918e-02
1.077707514438671632e-01 -2.450795833513277344e-01 -1.199522547838215436e-01 8.419153453948224897e-02 -1.199522547838215436e-01 8.419153453948224897e-02 -5.494592972122223223e-02 2.935290506602123428e-01
2.754825532263566190e-01 -2.752815276629517749e-01 -4.372651738048038972e-01 4.279132574117999743e-01 -4.372651738048038972e-01 4.279132574117999743e-01 -1.238120370330728637e-01 2.751708100032878579e-01
4.553834518208789151e-01 3.247463593325339293e-02 3.595231813188717318e-01 -3.773833195425572162e-01 3.595231813188717318e-01 -3.773833195425572162e-01 -4.849602754367014490e-01 -2.387941221465547936e-01
-4.928567247210015045e-01 9.800710365056886086e-02 -3.753501831570580372e-01 4.687003004099622450e-01 -3.753501831570580372e-01 4.687003004099622450e-01 5.894636449302236292e-01 -3.313094623873085731e-01
-2.284047797404361591e-01 -3.487815348108581626e-01 2.991233714797451038e-01 -2.363806719646266430e-02 2.991233714797451038e-01 -2.363806719646266430e-02 6.907804046842550005e-02 4.182613504275988769e-01
-1.995810956819602522e-01 1.899836293275636301e-02 -1.339309644318609216e-02 -3.414706600379352475e-01 -1.339309644318609216e-02 -3.414706600379352475e-01 2.071645238625263730e-01 -5.847003889224340611e-02
-2.461870452923806685e-01 -4.870043417988796364e-01 -1.412238195118713513e-01 -3.302775125713706128e-01 -1.412238195118713513e-01 -3.302775125713706128e-01 6.398725388327031194e-03 6.635695094600468913e-01
2.963907007825484774e-01 -3.478971315790698737e-01 -2.501976684795821360e-01 -4.632447566965913754e-02 -2.501976684795821360e-01 -4.632447566965913754e-02 -9.016375152463049214e-02 3.810820982296443393e-01
-2.315610198981288281e-01 1.071375469001651926e-01 3.479335509098300250e-01 -4.580752214450534154e-01 3.479335509098300250e-01 -4.580752214450534154e-01 2.811787791573005513e-01 -1.492795988806417118e-01
-1.276153106149410243e-01 -3.212346004950165090e-01 6.315512615987817213e-02 2.667279392078927280e-01 6.315512615987817213e-02 2.667279392078927280e-01 4.562640397006498261e-02 4.081406015468614923e-01
1.587482589541454603e-01 1.834670713805222064e-01 3.892911989720779786e-01 4.048154265090203596e-01 3.892911989720779786e-01 4.048154265090203596e-01 -2.169984152682931100e-01 -1.750079148205490043e-01
7.492449644699727962e-02 1.604632515337904852e-01 2.202358797470097551e-01 1.506886277771024574e-02 2.202358797470097551e-01 1.506886277771024574e-02 -9.896975308583151609e-02 -1.403284766088300772e-01
1.567046803932748977e-01 -9.839925776716684780e-02 1.385069178386136857e-01 -2.516407361560205613e-01 1.385069178386136857e-01 -2.516407361560205613e-01 -1.258654319145962042e-01 8.352531483913776256e-02
9.604912012515043340e-02 -2.983860766629319317e-01 -3.537122829136574165e-01 -1.856028510708910284e-01 -3.537122829136574165e-01 -1.856028510708910284e-01 -3.872967988300984182e-02 3.781948939324134562e-01
1.690132408839137845e-01 2.025023847332036997e-01 -2.981094014680163440e-04 -1.906809203264967501e-01 -2.981094014680163440e-04 -1.906809203264967501e-01 -2.374644095448736891e-01 -1.900606445046530979e-01
2.370801479974837811e-02 -4.446652101594306128e-02 6.466324131766121308e-02 -1.898191046002983828e-02 6.466324131766121308e-02 -1.898191046002983828e-02 -2.159958892306977629e-02 4.588172254145927997e-02
-5.021639107011188763e-02 -2.418783170794529536e-01 -4.443210058788914507e-01 -2.741009679754634609e-01 -4.443210058788914507e-01 -2.741009679754634609e-01 2.592387874642722301e-02 2.978617514205349481e-01
-4.985731194372418074e-01 -3.384744005253409460e-01 -4.123189528558469652e-01 -2.774799494329127647e-01 -4.123189528558469652e-01 -2.774799494329127647e-01 1.610646439981025524e-01 2.044641649109476822e-01
-1.314767073102853789e-01 1.308213101319432026e-01 -7.767160132026584840e-02 1.037130732793323240e-03 -7.767160132026584840e-02 1.037130732793323240e-03 1.658766175146165200e-01 -1.309932195124595966e-01
-2.583505064127443740e-01 -2.142631609951185512e-01 3.126074216257043181e-01 -3.719083923831117966e-01 3.126074216257043181e-01 -3.719083923831117966e-01 1.476405141153758760e-01 1.934268789910171815e-01
5.756390093406826836e-02 -2.420461210976676547e-02 2.743128931923868308e-01 -2.302760533701395662e-01 2.743128931923868308e-01 -2.302760533701395662e-01 -5.477727714679993948e-02 2.147687266640380815e-02
-3.195483807973183987e-01 -6.893167854357173940e-02 2.733707820220616647e-01 -2.674989256115403169e-01 2.733707820220616647e-01 -2.674989256115403169e-01 2.754943682688392181e-01 -2.842791281978196416e-02
1.463560193551532995e-01 -2.601240039736815168e-01 4.776049453973120196e-01 -3.158818035209166597e-01 4.776049453973120196e-01 -3.158818035209166597e-01 -7.021459183452909147e-02 3.063684170154953867e-01
-3.391742348627059256e-01 4.715769183534420650e-01 -1.642381034860679323e-01 3.868640123009802201e-01 -1.642381034860679323e-01 3.868640123009802201e-01 6.590677157855888701e-01 -3.642312900244151219e-01
-2.259884514841159486e-02 4.092702224593884885e-01 -4.319376248885217207e-01 2.916226636623189261e-01 -4.319376248885217207e-01 2.916226636623189261e-01 4.109691391084296930e-02 -2.422788152694730357e-01
3.379179943092606164e-01 -4.217327441015104039e-01 1.327585848055394813e-01 3.487132363244002109e-01 1.327585848055394813e-01 3.487132363244002109e-01 -5.289582826661448633e-02 4.854026806709069719e-01
-1.911473151362028666e-01 -9.456808910314384864e-02 -7.778046778235914172e-02 -4.168225189725671687e-02 -7.778046778235914172e-02 -4.168225189725671687e-02 1.549944424769485740e-01 6.697391649598515018e-02
3.890238955692091327e-01 -2.749697410371328976e-01 -4.910347457299830687e-01 -1.522969168924709349e-01 -4.910347457299830687e-01 -1.522969168924709349e-01 -1.750842959253650077e-01 1.992385081993179041e-01
3.690583863056698943e-01 -2.627806548408707643e-01 -3.358588804327846677e-01 -4.563029317759829118e-01 -3.358588804327846677e-01 -4.563029317759829118e-01 -1.750955774498319240e-01 1.956302348969225502e-01
3.272763289795971309e-01 -2.405721337776288715e-01 1.333775576476117219e-01 3.265769212965119461e-02 1.333775576476117219e-01 3.265769212965119461e-02 -1.698091993845352865e-01 1.913372898175887404e-01
-1.458959230787815198e-02 1.263318523550149841e-02 3.001231639316233046e-01 -1.234714880400189507e-02 3.001231639316233046e-01 -1.234714880400189507e-02 1.495821835214989660e-02 -1.268644407001710307e-02
2.193241225090415414e-01 -2.276512528492663501e-01 2.569155498555310002e-01 -2.504282814078219177e-01 2.569155498555310002e-01 -2.504282814078219177e-01 -1.194652999705429763e-01 2.313732750587458864e-01
4.992083013973249717e-01 -4.673566354811986567e-01 -3.755782856183622620e-01 2.541610981978155159e-01 -3.755782856183622620e-01 2.541610981978155159e-01 -3.259167710664906403e-02 4.365699320255022053e-01
-8.190045732243411702e-02 5.988695536087929039e-02 2.675794757506579913e-01 2.788264097399831831e-01 2.675794757506579913e-01 2.788264097399831831e-01 9.170999538584254096e-02 -6.300819284810720011e-02
-3.119700714174138412e-01 4.997330141673057557e-01 2.009661068630560488e-01 -3.887233857094585243e-01 2.009661068630560488e-01 -3.887233857094585243e-01 6.237735596562414830e-01 -3.473252541787514303e-01
1.258692404776312612e-01 -4.417263167234537491e-01 -2.350867660571909212e-03 3.867123867838395679e-02 -2.350867660571909212e-03 3.867123867838395679e-02 -1.466972850770584258e-02 6.210053899111069864e-01
8.351675888389586966e-03 1.909825452546333180e-01 2.912479090271702376e-02 3.590046727457587572e-01 2.912479090271702376e-02 3.590046727457587572e-01 -1.154172452500237464e-02 -1.545779631528399478e-01
4.501295004136456335e-01 2.211219472259051688e-02 -5.847844728852669149e-02 1.382542782831974737e-02 -5.847844728852669149e-02 1.382542782831974737e-02 -4.700362027407034571e-01 -2.242398127097789684e-01
4.263165744773145249e-02 2.966116310355754182e-01 -2.396018266296946475e-01 2.115704835917247006e-01 -2.396018266296946475e-01 2.115704835917247006e-01 -6.792174834637457193e-02 -2.104506295867318022e-01
1.093866410446241444e-01 3.451647964507859045e-01 -4.639942484753373231e-01 -3.498764105599496688e-01 -4.639942484753373231e-01 -3.498764105599496688e-01 -1.848994764258298784e-01 -2.379914969808988867e-01
9.562111302037412663e-02 1.300027122182449979e-01 3.574512183871471072e-01 -3.187493395083360603e-01 3.574512183871471072e-01 -3.187493395083360603e-01 -1.204831210963260846e-01 -1.222454042894003390e-01
-3.317246946327556678e-01 -2.350823837903246449e-01 -4.765473695335034066e-01 3.805841060788893726e-01 -4.765473695335034066e-01 3.805841060788893726e-01 1.757594306799842299e-01 1.803048379296711412e-01
4.091283748867312609e-01 -1.315920405186529196e-01 -3.067377381471920739e-01 3.009294344888924222e-01 -3.067377381471920739e-01 3.009294344888924222e-01 -3.014522995158805396e-01 -1.847752149094200602e-02
-3.074917810401446294e-01 1.992859712643673120e-01 -5.925261071589571493e-02 2.085426553619844636e-01 -5.925261071589571493e-02 2.085426553619844636e-01 4.300493775209354164e-01 -2.541222683288253403e-01
-2.124200578800997663e-01 -3.625348187302421810e-01 -1.861394597766311554e-01 -1.576073095076878650e-01 -1.861394597766311554e-01 -1.576073095076878650e-01 5.840072352364072961e-02 4.488440325322268221e-01
-5.847025729736021749e-02 -1.582919081936996486e-01 4.136436609225421224e-01 -4.804086210749569652e-02 4.136436609225421224e-01 -4.804086210749569652e-02 3.995952009700873275e-02 1.799294654048827768e-01
2.630720727810837989e-01 2.367542185563070722e-01 1.281281684791431008e-01 -3.253355763209254681e-01 1.281281684791431008e-01 -3.253355763209254681e-01 -3.876389188116306506e-01 -2.499085740294353097e-01
-3.718521459972671250e-01 -1.758641762284509635e-01 5.600080103663418463e-02 1.087195556550213382e-01 5.600080103663418463e-02 1.087195556550213382e-01 2.410612033280850053e-01 6.851836622618974471e-02
-7.537446720435869718e-02 1.581111061964737274e-01 1.998616674623410194e-02 -7.933861933527674992e-02 1.998616674623410194e-02 -7.933861933527674992e-02 9.920954798166066457e-02 -1.387932946001420864e-01
4.855162416953693327e-01 -2.771085590220352390e-01 -1.286032497304723243e-01 -4.606465593336301900e-01 -1.286032497304723243e-01 -4.606465593336301900e-01 -2.164348294593733679e-01 1.181716915553077396e-01
-3.624622797640241201e-01 3.141954072403518872e-02 -4.057355900278012406e-01 -4.446144047285592871e-01 -4.057355900278012406e-01 -4.446144047285592871e-01 3.852390764839688786e-01 -1.618112574364595768e-01
2.340406775670077488e-01 4.237625976350212209e-02 -2.083138009166231042e-01 1.355930974373986686e-01 -2.083138009166231042e-01 1.355930974373986686e-01 -2.538762146626188931e-01 -9.535555112798238531e-02
-2.579773925358671560e-01 -1.738807149293306598e-01 1.062071109875891706e-01 2.871743134269690856e-01 1.062071109875891706e-01 2.871743134269690856e-01 1.682628056363848490e-01 1.375628828940609338e-01
1.365023424296673005e-01 -3.457824438746718299e-01 -4.388751510308178672e-01 -2.856319681556860335e-01 -4.388751510308178672e-01 -2.856319681556860335e-01 -4.210211530977196748e-02 4.467150528778262575e-01
-4.077376541532479193e-01 -2.606368713780282675e-03 -8.283035294506202462e-02 -1.386200799816512674e-01 -8.283035294506202462e-02 -1.386200799816512674e-01 4.056122248228175575e-01 -1.636368327427411562e-01
4.601446916211000548e-01 2.426779134370044000e-01 -2.941367863005872607e-02 -1.096329780226252826e-01 -2.941367863005872607e-02 -1.096329780226252826e-01 -6.834785989045448762e-01 -3.955184809939434887e-01
-1.237525858977093218e-01 -1.026136693015379242e-01 2.744038422684292877e-01 1.069868274682600484e-01 2.744038422684292877e-01 1.069868274682600484e-01 9.835517204867390284e-02 9.782853191269338944e-02
-2.241154834918535066e-01 -3.535633715671618882e-01 -3.648616028981892523e-01 2.077437756581832495e-01 -3.648616028981892523e-01 2.077437756581832495e-01 6.563743156428483716e-02 4.283426793403135591e-01
-4.957396223349401776e-01 2.785448947369330019e-01 9.588199640490990827e-02 -2.868652745313667873e-01 9.588199640490990827e-02 -2.868652745313667873e-01 7.719111041753659030e-01 -4.467154095057130347e-01
-1.829561180638038520e-01 2.852137653116322280e-01 -2.321800947827739048e-01 1.219977209157080411e-01 -2.321800947827739048e-01 1.219977209157080411e-01 2.873193247033579145e-01 -2.373398145253699520e-01
2.172422322752299850e-01 -2.078346241432139641e-01 1.501680066208771480e-01 3.794713356705036178e-01 1.501680066208771480e-01 3.794713356705036178e-01 -1.269413168893195609e-01 2.038356676520400035e-01
3.284531949961253527e-01 3.319439935347425763e-01 -1.641901258665403596e-01 -3.061598365732538518e-01 -1.641901258665403596e-01 -3.061598365732538518e-01 -5.465093254686441693e-01 -3.296386799941121160e-01
-3.350232844914978747e-01 -4.169330017197852012e-01 -1.752458347954459761e-01 -1.739423287990145006e-01 -1.752458347954459761e-01 -1.739423287990145006e-01 5.565875719337431971e-02 4.785255284913844664e-01
1.591583970705608975e-01 -3.443651998600163466e-01 4.760744478129420587e-01 2.551719765732257672e-01 4.760744478129420587e-01 2.551719765732257672e-01 -4.954117063735380411e-02 4.376211953765750118e-01
4.608778491357932161e-01 3.861938563573561467e-01 -2.176208437223459136e-01 -3.653805326089447636e-01 -2.176208437223459136e-01 -3.653805326089447636e-01 -8.168542368706648293e-01 -4.494565534932248863e-01
-2.227804173057047477e-01 1.303734331444929007e-01 2.580117022107475400e-02 -1.769368955675700850e-01 2.580117022107475400e-02 -1.769368955675700850e-01 2.808697129887198218e-01 -1.630073154095152965e-01
-2.832580097098270633e-01 4.564935079162260045e-01 -2.470778792628625098e-02 1.139588222854331923e-01 -2.470778792628625098e-02 1.139588222854331923e-01 5.418688947054417504e-01 -3.283422852113370149e-01
-8.511402156055680734e-02 -1.073944295323427944e-01 1.958171758510771632e-01 -3.621018943908490550e-01 1.958171758510771632e-01 -3.621018943908490550e-01 6.683247797915775612e-02 1.116835963607092086e-01
-1.392195062147788542e-01 2.822705914973476782e-01 1.781657600983213019e-01 1.457862348056433444e-01 1.781657600983213019e-01 1.457862348056433444e-01 2.178146509492074334e-01 -2.219759755837719950e-01
-2.880098258670221734e-01 4.384468324119419336e-01 -2.673498841662665937e-01 -3.995664538016366896e-01 -2.673498841662665937e-01 -3.995664538016366896e-01 5.405638175768439080e-01 -3.291608673558288900e-01
-2.236828137892066248e-01 -1.120105335892656040e-01 2.739336539890787625e-01 -3.255137203423981163e-01 2.739336539890787625e-01 -3.255137203423981163e-01 1.735731511346518818e-01 7.452289203956072305e-02
1.501283286286326790e-01 -1.985301868139840442e-01 5.411915740462369673e-02 4.259713332624631699e-01 5.411915740462369673e-02 4.259713332624631699e-01 -9.051831837120541402e-02 2.154059068335527072e-01
3.079129521391970048e-01 -2.864985477106573031e-01 -3.950087286419545762e-02 -3.931166753553189119e-01 -3.950087286419545762e-02 -3.931166753553189119e-01 -1.314797249208348728e-01 2.737695794558976381e-01
-4.784158559291328272e-01 -2.200718125056220220e-01 4.456896097834101012e-01 3.304748904230027096e-01 4.456896097834101012e-01 3.304748904230027096e-01 2.678441668376272400e-01 3.962168396072690557e-02
2.370880595522907308e-01 2.468470344834251540e-01 4.928482353336010036e-01 -4.855725723727487564e-01 4.928482353336010036e-01 -4.855725723727487564e-01 -3.541370283761160476e-01 -2.421243240324344181e-01
-1.227484733251182902e-02 -3.390598342423205569e-01 3.910711030146669653e-01 3.666496178362267377e-01 3.910711030146669653e-01 3.666496178362267377e-01 3.951031928689325776e-03 4.538707335617139793e-01
2.347369077925267611e-01 1.115829717156171519e-01 -4.743584325931846646e-01 1.672114937106413679e-01 -4.743584325931846646e-01 1.672114937106413679e-01 -2.871221912781766750e-01 -1.542336280187261432e-01
-7.229516697244942058e-02 4.096843374752062727e-01 -2.561660663602605137e-01 1.786984497519712445e-01 -2.561660663602605137e-01 1.786984497519712445e-01 1.315315621399841262e-01 -2.470696722702819259e-01
-1.923454099071484347e-01 -1.775650568687821007e-01 -5.668446467671672817e-02 -5.157353298263356312e-02 -5.668446467671672817e-02 -5.157353298263356312e-02 1.240377626099243985e-01 1.720976495772469639e-01
-3.308989366346166694e-01 -4.422912427715396388e-01 1.214940224110312439e-01 -1.985670484671018254e-01 1.214940224110312439e-01 -1.985670484671018254e-01 3.819153280280557228e-02 5.284186799380126143e-01
2.928148553566388701e-01 -3.581024449149017297e-01 -1.072089899045478578e-01 2.646269709210913312e-01 -1.072089899045478578e-01 2.646269709210913312e-01 -8.309942413540749584e-02 4.005992664514025914e-01
-3.342860752538825420e-01 -2.622330018718039835e-01 3.554743018864131576e-01 3.466174112624649251e-01 3.554743018864131576e-01 3.466174112624649251e-01 1.589643932583437724e-01 2.192519690338571026e-01
-1.433379512854265903e-01 4.512456088267534637e-01 3.058238658027854218e-01 -4.266516095141767995e-01 3.058238658027854218e-01 -4.266516095141767995e-01 2.726991934769703030e-01 -2.681687776200293860e-01
4.554683230029259455e-01 2.807304911647672263e-01 3.398481447022727586e-02 -1.540332750598797373e-01 3.398481447022727586e-02 -1.540332750598797373e-01 -7.111960150561345007e-01 -4.093722757542534452e-01
-2.234369275488657935e-01 -4.852813939192403003e-01 2.881840479602113536e-01 4.248095983130144582e-01 2.881840479602113536e-01 4.248095983130144582e-01 6.577360240973995076e-03 6.708553646109640667e-01
-4.892139704945752676e-02 3.139350789453603241e-01 3.207240566538416271e-01 -2.514089609104277478e-01 3.207240566538416271e-01 -2.514089609104277478e-01 7.963768233913505468e-02 -2.177731482422013976e-01
4.971412080072745709e-02 -4.993086473679514414e-01 -3.798317198962766206e-01 3.851927987878044357e-01 -3.798317198962766206e-01 3.851927987878044357e-01 -6.873997653112501327e-05 7.461462788973753923e-01
-4.363777143014481164e-01 -2.528056517180221618e-01 -2.618737252795931836e-01 4.369039750436676250e-02 -2.618737252795931836e-01 4.369039750436676250e-02 2.157402093830511625e-01 1.262908397196397803e-01
2.448236736818095727e-01 3.618908893343419919e-02 2.921084522507646497e-01 -3.489256696148514969e-01 2.921084522507646497e-01 -3.489256696148514969e-01 -2.625435650815717281e-01 -9.481806997065936327e-02
1.966959021894129078e-01 -3.474004982712449729e-01 1.890782878350388829e-01 1.409182846103932407e-01 1.890782878350388829e-01 1.409182846103932407e-01 -6.003139333238469155e-02 4.293983265322471876e-01
1.741113273466744493e-01 -3.396842588515801564e-01 1.945041492699467467e-01 3.697386648303876422e-01 1.945041492699467467e-01 3.697386648303876422e-01 -5.582557297183450562e-02 4.247549002527066242e-01
-3.076364256591492818e-01 -9.116826336149463916e-02 -3.549594854650549580e-01 -4.884607738972841506e-01 -3.549594854650549580e-01 -4.884607738972841506e-01 2.515430683109848853e-01 4.839745213508203636e-03
1.792299961209404824e-01 -4.902574970883695205e-01 -3.712312040655757484e-01 3.308610128292928110e-01 -3.712312040655757484e-01 3.308610128292928110e-01 -3.492297518119552580e-03 6.984865190302098625e-01
1.439879792316223206e-01 1.363238149667501675e-01 -4.310471339778519928e-01 3.488695701530470927e-01 -4.310471339778519928e-01 3.488695701530470927e-01 -1.832459605080382081e-01 -1.384721706028675392e-01
2.967609569319022977e-01 -1.447540832193993099e-01 -4.938653908058892039e-01 3.285502414658533210e-01 -4.938653908058892039e-01 3.285502414658533210e-01 -2.108462364199239769e-01 7.764076226894971178e-02
4.734755682697008305e-01 -4.190696174919765760e-01 3.108181284362256935e-01 7.965250004568513731e-02 3.108181284362256935e-01 7.965250004568513731e-02 -7.663711769654130146e-02 3.705098480485319867e-01
3.469065604599740338e-01 -4.554533804450350276e-01 4.431907720906342885e-01 1.771113773978622019e-01 4.431907720906342885e-01 1.771113773978622019e-01 -3.090702913986381750e-02 5.425470005136752150e-01
2.093943937252127352e-01 -2.916251602470602000e-01 2.534821959985360529e-01 -4.820829369365418060e-01 2.534821959985360529e-01 -4.820829369365418060e-01 -8.726504647531037329e-02 3.328243822126343288e-01
-3.028730527678269446e-02 -1.301019260515204889e-01 2.623727573915097810e-01 3.541891842905376953e-01 2.623727573915097810e-01 3.541891842905376953e-01 2.240643177394307725e-02 1.461111163529067725e-01
-3.509209501324435099e-01 4.550215718185226521e-01 -2.539961331942903744e-01 -3.488077382990064645e-01 -2.539961331942903744e-01 -3.488077382990064645e-01 6.702741547590711502e-01 -3.711224542401805881e-01
-2.871168137554169775e-03 1.806025158213098170e-02 -8.229784675882734213e-02 -2.646931897326264549e-01 -8.229784675882734213e-02 -2.646931897326264549e-01 2.974876175351823335e-03 -1.774232250139522182e-02
2.686475065195093048e-01 2.742315525552211364e-01 -1.291186895654603539e-01 -1.652234479840317682e-01 -1.291186895654603539e-01 -1.652234479840317682e-01 -4.159907521253771723e-01 -2.712000908975239488e-01
2.004314282099708411e-01 -2.842035236001749787e-01 4.624509185962646374e-01 4.563238155682922681e-01 4.624509185962646374e-01 4.563238155682922681e-01 -8.650479193499238662e-02 3.248024090126415131e-01
1.005489174641225336e-01 -2.576017574949666100e-01 -3.491247111277847592e-01 -2.854686311780184615e-01 -3.491247111277847592e-01 -2.854686311780184615e-01 -4.874576175817392498e-02 3.138503381562552930e-01
-2.130131368226850785e-02 -3.741918350487964950e-01 2.864177527141965607e-01 -6.177153016411118802e-02 2.864177527141965607e-01 -6.177153016411118802e-02 5.359758370832329311e-03 5.137576185013917884e-01
-4.609668485247746528e-01 1.643260602450324903e-02 -9.966108424638353558e-02 -3.694460394655895152e-01 -9.966108424638353558e-02 -3.694460394655895152e-01 4.761166217491036301e-01 -2.286530109226092566e-01
-1.417477129110333856e-02 3.713559196315916466e-01 -1.536312621955380209e-01 8.102481123095461868e-02 -1.536312621955380209e-01 8.102481123095461868e-02 2.470254174785366588e-02 -2.336516247273215663e-01
2.519535611422075716e-01 -4.428568559313249553e-01 -2.740380025496539362e-01 -2.606244441893331709e-01 -2.740380025496539362e-01 -2.606244441893331709e-01 -2.879483728592979741e-02 5.754984538044631837e-01
-1.564634702956416712e-01 3.566830458693316386e-01 -4.836590339695718832e-01 1.181309596938646678e-01 -4.836590339695718832e-01 1.181309596938646678e-01 2.680792046003119822e-01 -2.539410681956630333e-01
2.326219094520809438e-01 7.429285203179869512e-03 -4.550685149818405328e-01 -1.920716073455785988e-02 -4.550685149818405328e-01 -1.920716073455785988e-02 -2.360783384717365374e-01 -6.148704368168182721e-02
3.688851589766610761e-01 -3.549388314073063100e-01 -2.962526208452862519e-01 6.397832418814042299e-02 -2.962526208452862519e-01 6.397832418814042299e-02 -1.070218244753121106e-01 3.448441449348540466e-01
-3.505136966757695927e-01 3.852328174375586611e-01 -2.933805064724456235e-01 -3.013729653363337313e-01 -2.933805064724456235e-01 -3.013729653363337313e-01 6.205724545174906570e-01 -3.596883453639926342e-01
-2.930952016295722551e-01 -3.118796579333958929e-01 2.029754714335572086e-01 -1.107197925984604314e-01 2.029754714335572086e-01 -1.107197925984604314e-01 1.102743391772708637e-01 3.232437817477682995e-01
-6.159076855910650128e-02 4.169853749785908947e-01 7.476207378567067963e-02 -3.974243001262656172e-02 7.476207378567067963e-02 -3.974243001262656172e-02 1.129556680047837658e-01 -2.469019948042562584e-01
1.343798686338387727e-01 -3.966310273084606708e-01 1.611143269557696600e-01 2.240562542086212972e-01 1.611143269557696600e-01 2.240562542086212972e-01 -2.778141794220784222e-02 5.358892500381777779e-01
-4.473982574212114205e-01 -3.611862456045765724e-01 4.556667056701708685e-01 -3.506879708968602127e-01 4.556667056701708685e-01 -3.506879708968602127e-01 1.242100636452169171e-01 2.914765488749695432e-01
-1.720889007033236107e-01 -8.372713572333045917e-03 -4.484458881964150656e-01 -1.045217052320740470e-01 -4.484458881964150656e-01 -1.045217052320740470e-01 1.692071985541904189e-01 -2.117177384038099880e-02
-1.330990595979373303e-01 2.615112185509760323e-01 -7.652356614384092648e-02 1.744981557674550876e-01 -7.652356614384092648e-02 1.744981557674550876e-01 2.027128541248284788e-01 -2.108384607888149631e-01
-1.629657205697320199e-01 3.851404133120045481e-01 -2.397869661681779618e-01 9.310910788793191895e-02 -2.397869661681779618e-01 9.310910788793191895e-02 2.884950905215624695e-01 -2.633651014266747969e-01
2.929816823338567966e-01 2.599335792572645687e-01 -3.386417247559804222e-01 -4.290358389665753780e-01 -3.386417247559804222e-01 -4.290358389665753780e-01 -4.452932370255653360e-01 -2.782063798149488898e-01
-1.005511776142844482e-01 -3.947062827073651858e-01 3.935927554225107095e-01 1.672537909396858424e-01 3.935927554225107095e-01 1.672537909396858424e-01 2.117481453831995819e-02 5.403887929964122927e-01
1.645907555488578256e-01 7.209804193194169208e-02 -3.386278578784187587e-01 -3.260303739014747126e-01 -3.386278578784187587e-01 -3.260303739014747126e-01 -1.883240979392008518e-01 -9.399003109366554920e-02
-3.397975893808304892e-01 4.223280085419000018e-01 -2.204791519307918168e-01 -1.025330188172390855e-02 -2.204791519307918168e-01 -1.025330188172390855e-02 6.268096678419192713e-01 -3.594294634919563136e-01
2.471983676863187540e-02 -3.381718611032863420e-01 -3.933467370018616238e-01 -4.031424820347060400e-01 -3.933467370018616238e-01 -4.031424820347060400e-01 -8.000730356196496945e-03 4.519209984154789472e-01
2.844648673127480043e-01 -4.357056029151002985e-01 -1.142017725483871482e-01 1.485816947897554696e-01 -1.142017725483871482e-01 1.485816947897554696e-01 -3.657899427141825255e-02 5.446247145914520082e-01
-4.943580460810020893e-01 -1.544919332368602793e-01 -4.723810341815040115e-01 2.611473898009875061e-02 -4.723810341815040115e-01 2.611473898009875061e-02 3.416093855805003576e-01 -6.603018705290342183e-02
-3.931232557433586017e-01 -3.457824121058237221e-01 9.198664208149753829e-02 2.515696041200218280e-01 9.198664208149753829e-02 2.515696041200218280e-01 1.212530404916922766e-01 3.108019944212873087e-01
2.418472006834667676e-01 -2.544868566821620881e-01 4.560334517348374472e-02 1.799112539007186040e-01 4.560334517348374472e-02 1.799112539007186040e-01 -1.187533328848357633e-01 2.607603484277003503e-01
4.623842889477336460e-02 1.440869522905317002e-01 2.275664701252511080e-02 -1.030295674776819936e-01 2.275664701252511080e-02 -1.030295674776819936e-01 -5.956313749107407240e-02 -1.254638947768147439e-01
3.354685611475347606e-01 1.501946546552886952e-01 -4.265169773586248159e-01 -1.538998711992937141e-01 -4.265169773586248159e-01 -1.538998711992937141e-01 -4.362397305260559133e-01 -2.401753758866645438e-01
4.896022973054644511e-01 2.870929926848564406e-03 -8.870620622970493141e-02 4.806421220801341265e-01 -8.870620622970493141e-02 4.806421220801341265e-01 -4.924135250806405684e-01 -2.425730972149920950e-01
2.782136015438966270e-01 -6.452823117803219155e-02 -3.705409748201409226e-01 7.486798826551133157e-02 -3.705409748201409226e-01 7.486798826551133157e-02 -2.423083383493016274e-01 -8.710684287028327977e-03
-2.414105014073542055e-01 8.745372542190821274e-02 4.845160291807091291e-01 -2.570393013602003673e-01 4.845160291807091291e-01 -2.570393013602003673e-01 2.836349968154420753e-01 -1.380846015214878819e-01
-2.184661821515062607e-01 -3.179799232097100248e-01 -3.709423510846544536e-01 9.945085126781749718e-02 -3.709423510846544536e-01 9.945085126781749718e-02 7.953046250259729333e-02 3.713636820303080066e-01
-4.513074628836505342e-01 -2.612406440370592664e-01 -4.905863079436734164e-01 3.391871064179340367e-01 -4.905863079436734164e-01 3.391871064179340367e-01 2.155077583587383661e-01 1.258088920794791510e-01
3.765321564895721673e-01 -3.119553375173537146e-01 -3.856200864530329175e-01 2.972675650511826806e-01 -3.856200864530329175e-01 2.972675650511826806e-01 -1.416097245618891109e-01 2.674950052522321320e-01
-4.074181968550427690e-01 -2.660902527360647918e-01 1.919220329368640510e-01 9.752255853439495414e-02 1.919220329368640510e-01 9.752255853439495414e-02 1.905981749141825166e-01 1.709046882085932251e-01
3.453451587639734255e-01 1.192354646583524413e-01 -6.817434958241375131e-02 -1.780558086169151677e-01 -6.817434958241375131e-02 -1.780558086169151677e-01 -4.276999397094431443e-01 -2.242816473077732242e-01
1.096147983345592269e-01 -1.944842107543337528e-01 -2.110113395307211537e-01 -1.504105080978360709e-01 -2.110113395307211537e-01 -1.504105080978360709e-01 -6.697810325237479878e-02 2.202929149731437664e-01
2.749003758140171616e-01 4.590077781677198709e-01 -4.137953773355295128e-01 -2.178894740515981976e-01 -4.137953773355295128e-01 -2.178894740515981976e-01 -5.272631972537435985e-01 -3.238898543719410106e-01
-2.483876316597911638e-01 -1.263758486994723818e-01 4.517867210990098581e-01 3.504863572172710606e-01 4.517867210990098581e-01 3.504863572172710606e-01 1.856072361448750652e-01 8.065028827242423648e-02
4.213790806783380694e-01 2.695973691264704764e-01 -2.414128382478560875e-01 -1.876740128610341340e-01 -2.414128382478560875e-01 -1.876740128610341340e-01 -6.485844637899594867e-01 -3.744749573198774550e-01
-1.686427890375943317e-01 -3.127329898676873832e-01 3.812086071601255011e-01 9.193234379092607433e-02 3.812086071601255011e-01 9.193234379092607433e-02 6.316246176688927738e-02 3.820945225248918997e-01
3.329401087337757748e-01 -2.265797415768250334e-01 -1.073998223549739173e-01 2.468038043746979548e-01 -1.073998223549739173e-01 2.468038043746979548e-01 -1.820651411388578833e-01 1.670690048661874205e-01
-2.187068164433679796e-01 4.567816576873906520e-02 3.383324238937717165e-01 -4.207863473237077878e-01 3.383324238937717165e-01 -4.207863473237077878e-01 2.386870688758746806e-01 -9.142434249953571013e-02
2.778600665672813497e-01 4.315023915455653558e-01 -1.293620178557567391e-01 4.433762026242679122e-01 -1.293620178557567391e-01 4.433762026242679122e-01 -5.176546330448651423e-01 -3.225142942287969605e-01
3.264480494367361096e-02 -1.103145985573471544e-01 -2.075753264421132949e-01 -3.260686707812697760e-01 -2.075753264421132949e-01 -3.260686707812697760e-01 -2.544240783898509689e-02 1.214182259224053095e-01
1.806891118423470388e-03 -3.573353278736943750e-01 3.616513869045786533e-01 -8.817122922403886065e-02 3.616513869045786533e-01 -8.817122922403886065e-02 -5.155590579556362362e-04 4.850205995647812185e-01
-1.385349213714633931e-01 -6.839574002829484911e-02 1.399515992288863364e-01 -4.918088063355782191e-01 1.399515992288863364e-01 -4.918088063355782191e-01 1.195845244375376426e-01 5.388179284291540194e-02
-4.258123252677417092e-01 3.947035962579936719e-01 -4.105347560404730700e-01 3.018541916168369088e-01 -4.105347560404730700e-01 3.018541916168369088e-01 7.619516374960541016e-01 -4.202288037089214612e-01
9.985443754344636158e-02 -4.998150809700604436e-01 -4.351254062862940364e-01 3.748236220725406076e-01 -4.351254062862940364e-01 3.748236220725406076e-01 -3.692997145138265935e-05 7.396592874380505389e-01
-7.294650698627236363e-02 -4.380668024864856624e-01 4.350120957823405687e-01 -3.725590612190992079e-01 4.350120957823405687e-01 -3.725590612190992079e-01 9.035620850203512910e-03 6.246481330457209769e-01
3.020538609156231402e-02 1.184535124778690607e-01 -8.260032973722042371e-02 -1.214612025982937382e-01 -8.260032973722042371e-02 -1.214612025982937382e-01 -3.736125424815377183e-02 -1.053346432084647233e-01
2.149075175062504783e-01 3.142482445937637703e-01 4.360421664100501138e-01 -1.771345751816946201e-01 4.360421664100501138e-01 -1.771345751816946201e-01 -3.499761377589359901e-01 -2.616815264442011735e-01
-5.518763504562129718e-02 2.176529748301250233e-01 -3.778138402187155576e-01 -3.521964465146167900e-01 -3.778138402187155576e-01 -3.521964465146167900e-01 7.921114092865877421e-02 -1.733258324396506622e-01
-3.527699081883999277e-01 -9.879878209042902704e-03 -7.186898619535875277e-02 4.110210065110310174e-01 -7.186898619535875277e-02 4.110210065110310174e-01 3.457992607309666733e-01 -1.144691179207836945e-01
-3.668305542407498399e-01 2.499451441365526660e-01 -3.528771084046231632e-01 1.986250966072780066e-01 -3.528771084046231632e-01 1.986250966072780066e-01 5.502055857475413037e-01 -3.220372245836863323e-01
4.226031530779568168e-01 -1.169189540019137663e-01 2.560108074168890857e-01 4.598545401584106518e-01 2.560108074168890857e-01 4.598545401584106518e-01 -3.237825158463861208e-01 -4.800442918461558794e-02
9.259468732337294838e-02 -3.448055083178874769e-01 4.618572052271374684e-02 -1.892425890930188315e-01 4.618572052271374684e-02 -1.892425890930188315e-01 -2.874037086323003032e-02 4.551225707637310269e-01
4.095935277196136592e-01 1.688668017610364114e-01 1.269571277929371078e-01 -4.517388515107075841e-01 1.269571277929371078e-01 -4.517388515107075841e-01 -5.479270258156767603e-01 -3.081176629738331396e-01
-3.813701796264238331e-01 -3.721228367717795971e-01 1.079161752111910122e-01 1.943062596170870293e-01 1.079161752111910122e-01 1.943062596170870293e-01 9.753707342092787780e-02 3.651550285105653604e-01
-3.969539906813879249e-02 -3.523493858683413027e-02 2.122962876716165681e-01 1.615952789459929040e-01 2.122962876716165681e-01 1.615952789459929040e-01 3.689806917144730636e-02 3.490071477687330809e-02
-7.974316632746492051e-02 4.520162922399957317e-01 -2.116385025427246491e-01 -2.360469871093777705e-01 -2.116385025427246491e-01 -2.360469871093777705e-01 1.518335870771008733e-01 -2.540565363655322706e-01
-4.912008892997205001e-01 -4.705988085116737940e-01 -2.086604892210659479e-01 -7.893232611267497756e-02 -2.086604892210659479e-01 -7.893232611267497756e-02 2.888378281107439882e-02 4.507837334354445336e-01
3.231121116605417676e-01 -4.114708725515925369e-02 5.593848426585223965e-02 -2.765932339739421986e-01 5.593848426585223965e-02 -2.765932339739421986e-01 -2.965218671571516196e-01 -6.156126665699146461e-02
2.341258067376583707e-02 -2.229298172044845705e-01 4.833583349518395522e-01 -3.010064001869109385e-01 4.833583349518395522e-01 -3.010064001869109385e-01 -1.297385601399010484e-02 2.720793716695039111e-01
-3.631238812025491258e-01 1.991942549110867766e-01 4.738784965204611010e-01 4.447519584462217290e-01 4.738784965204611010e-01 4.447519584462217290e-01 5.077882631156767079e-01 -2.913748568211067536e-01
-1.296489170119647927e-01 -6.360218722704469307e-02 3.394960408794237550e-01 1.855544806855604634e-01 3.394960408794237550e-01 1.855544806855604634e-01 1.131570076248076678e-01 5.083858376473340823e-02
-3.651353686031031387e-01 -1.291622551101757610e-01 3.736028248447275102e-01 6.430271176355084606e-03 3.736028248447275102e-01 6.430271176355084606e-03 2.708119533445789706e-01 1.252130585039790134e-02
2.234651778309412196e-01 8.434863419659788253e-02 -2.584622578634976353e-01 -3.686322785048381512e-01 -2.584622578634976353e-01 -3.686322785048381512e-01 -2.611631429120207515e-01 -1.271706278087805786e-01
-1.047229737636519165e-01 -1.547331269153757738e-01 4.553552319137071924e-01 -6.634525335696939141e-02 4.553552319137071924e-01 -6.634525335696939141e-02 7.231474738299847882e-02 1.677085662464830318e-01
2.411188729132642816e-01 1.218826819177620813e-02 1.239761034526720707e-03 3.970223525821364730e-01 1.239761034526720707e-03 3.970223525821364730e-01 -2.469965158915956305e-01 -7.017802518522443800e-02
-3.877872148683004783e-01 -4.188187241846419440e-02 -8.409275295336038347e-02 -4.484734510014117825e-01 -8.409275295336038347e-02 -4.484734510014117825e-01 3.553047055510490382e-01 -1.067429603595727305e-01
3.618667195226829003e-01 2.409964745099502093e-01 4.384439199561147582e-01 -1.836684154366534649e-01 4.384439199561147582e-01 -1.836684154366534649e-01 -5.362839268175779717e-01 -3.138646964818331830e-01
-1.393088922830341136e-01 9.808523997231965996e-02 -2.889984079472198708e-01 -1.258235351261913770e-01 -2.889984079472198708e-01 -1.258235351261913770e-01 1.666371845427529752e-01 -1.078714931410181266e-01
1.301452844417436694e-01 2.908316312385733626e-01 -2.539499813937670103e-01 1.843892521911755233e-01 -2.539499813937670103e-01 1.843892521911755233e-01 -2.058460151861445375e-01 -2.231863885721062091e-01
-2.951509097022049222e-01 3.924831409031366292e-01 -1.973481362657467653e-01 1.678211618943217243e-01 -1.973481362657467653e-01 1.678211618943217243e-01 5.268344218628837616e-01 -3.255541845079843455e-01
-8.897089759405718556e-02 3.028860336216209204e-01 2.440329692502485326e-01 -4.231369349059929119e-01 2.440329692502485326e-01 -4.231369349059929119e-01 1.428669821540959894e-01 -2.190619048772754485e-01
7.486258758914909883e-02 2.337776649638684257e-01 -2.516053409768302940e-01 2.247789235163389909e-01 -2.516053409768302940e-01 2.247789235163389909e-01 -1.098649894286378020e-01 -1.847300753484527325e-01
4.552803950076347306e-01 4.000419619671502502e-02 1.708665890419770461e-01 -3.390518552197657742e-01 1.708665890419770461e-01 -3.390518552197657742e-01 -4.917066475004414072e-01 -2.456840985616776663e-01
4.418092681914485009e-01 -4.685379100893964921e-01 1.970396153973524855e-01 -7.414151605645047383e-02 1.970396153973524855e-01 -7.414151605645047383e-02 -2.780048583835459386e-02 4.928702538204726147e-01
-4.206421230691863578e-01 -4.954512113330395984e-01 1.757974900178633781e-01 1.621395094751725274e-01 1.757974900178633781e-01 1.621395094751725274e-01 3.826824244526572105e-03 5.639833184442633041e-01
3.187449926232988062e-01 8.998495851327314998e-02 -3.342673008134253720e-01 -3.882587027507994337e-01 -3.342673008134253720e-01 -3.882587027507994337e-01 -3.761095024983410195e-01 -1.834860360770644849e-01
-1.291251007105157500e-01 -6.515885672704335718e-02 -3.383359347763001956e-01 3.171854968792853224e-02 -3.383359347763001956e-01 3.171854968792853224e-02 1.122978128363926742e-01 5.273124170351788098e-02
-3.530696843064564661e-01 2.328919271953427961e-01 -1.672069605033010831e-02 3.928391661611855268e-01 -1.672069605033010831e-02 3.928391661611855268e-01 5.175238427312203182e-01 -3.033114794188427887e-01
-2.014205718656010280e-01 3.937160440017932750e-01 1.116855805023917458e-01 1.162662005092480744e-01 1.116855805023917458e-01 1.162662005092480744e-01 3.600255933366077188e-01 -2.792739674680370099e-01
-1.575398745988595417e-01 4.239125658053686241e-01 -4.264768571378088069e-01 -4.495250487164282882e-01 -4.264768571378088069e-01 -4.495250487164282882e-01 2.911061395145766451e-01 -2.690295144463020205e-01
2.799187922401146222e-01 4.561793268639441346e-01 9.570786223117500047e-02 1.974326495201748077e-01 9.570786223117500047e-02 1.974326495201748077e-01 -5.353051246814419795e-01 -3.264342788550674279e-01
3.719049073459854693e-01 -1.075225336436167467e-01 -2.066581109520704285e-02 8.003036702787746925e-02 -2.066581109520704285e-02 8.003036702787746925e-02 -2.919285915213156724e-01 -1.922963122326659668e-02
-2.696971209790351987e-01 -2.707950485897648862e-01 -1.307128447520482517e-01 6.161720435201467616e-03 -1.307128447520482517e-01 6.161720435201467616e-03 1.236318310189601366e-01 2.713884698661176431e-01
-1.407794401252704386e-02 9.955937668786218886e-02 -2.556517377625892040e-01 6.250367679090118589e-02 -2.556517377625892040e-01 6.250367679090118589e-02 1.688112667439467182e-02 -8.984549570900639270e-02
3.328734127375139185e-01 -2.396430351937840486e-01 -2.505111379986243447e-01 1.196610218523517233e-01 -2.505111379986243447e-01 1.196610218523517233e-01 -1.733318228100518277e-01 1.862671106031539847e-01
-4.279488666402384567e-01 -3.830331489443293824e-01 -1.851976265688488610e-01 4.390459208781737344e-01 -1.851976265688488610e-01 4.390459208781737344e-01 1.001116626875036553e-01 3.466073096758736094e-01
-3.709265992122465772e-01 -3.825840796880948247e-01 7.020654866341891065e-02 -3.151815760518117404e-01 7.020654866341891065e-02 -3.151815760518117404e-01 8.710537602934226298e-02 3.913681157157187229e-01
-3.352833412209871300e-01 4.923938664544834642e-01 3.158457723813050677e-01 -2.200680478369797521e-01 3.158457723813050677e-01 -2.200680478369797521e-01 6.654662627041465495e-01 -3.623570656327966821e-01
-3.936970383672311335e-02 -4.325473258803749221e-01 -3.757162976674180976e-01 -2.107032178783310172e-01 -3.757162976674180976e-01 -2.107032178783310172e-01 5.311183606169271598e-03 6.180945414264469306e-01
1.254700344138703905e-02 6.930229598254811219e-02 3.111696169807631751e-02 -2.616423677525427927e-01 3.111696169807631751e-02 -2.616423677525427927e-01 -1.428607573376514811e-02 -6.465691504945358936e-02
-4.024854730899708466e-01 -1.494369334146982142e-01 -2.400303061890577405e-01 4.684537923342346755e-01 -2.400303061890577405e-01 4.684537923342346755e-01 2.821930834049122816e-01 9.773774434629511898e-03
-7.874629140072664235e-02 -1.087439494667913342e-01 3.202301465530049684e-01 -4.899268496342152890e-01 3.202301465530049684e-01 -4.899268496342152890e-01 6.161992593517096051e-02 1.143682176030592496e-01
-2.659802855347526140e-01 4.973834006145133602e-01 -1.528654296643995325e-01 -3.672231113344424092e-01 -1.528654296643995325e-01 -3.672231113344424092e-01 5.305686433661416235e-01 -3.207386657008043929e-01
4.886343345619386103e-01 5.050907673094173767e-02 -4.755559274434989492e-01 6.416122011260350089e-02 -4.755559274434989492e-01 6.416122011260350089e-02 -5.379952727574618399e-01 -2.867214228115181340e-01
3.484008808376887201e-01 -3.684875240701582788e-01 3.738005394984175167e-01 -2.115950130966230969e-01 3.738005394984175167e-01 -2.115950130966230969e-01 -9.163812491020439932e-02 3.828874056970363871e-01
-7.762595635685964890e-02 -2.500384167208999919e-01 -6.582870466029921985e-02 4.751622790107171701e-01 -6.582870466029921985e-02 4.751622790107171701e-01 3.880701390902990822e-02 3.065318374568773430e-01
-6.280333156849771115e-02 9.273595841083648317e-02 3.635281512198559328e-01 -1.721507280684900776e-01 3.635281512198559328e-01 -1.721507280684900776e-01 7.445158585729406975e-02 -8.808025888456275099e-02
4.918087035831010256e-01 1.615317883985666336e-01 -3.739485628360845748e-01 -1.713000041026053744e-01 -3.739485628360845748e-01 -1.713000041026053744e-01 -6.506941824626186754e-01 -3.773150706554178613e-01
9.034585430633512715e-02 4.298267609560302294e-02 -4.270490779545658144e-01 -2.269702699809318380e-01 -4.270490779545658144e-01 -2.269702699809318380e-01 -9.811246749079462204e-02 -4.929753904160503325e-02
5.731762586797928272e-02 3.731883907118611621e-01 -4.239582224579321323e-01 1.823014385716484886e-01 -4.239582224579321323e-01 1.823014385716484886e-01 -1.000981709821707477e-01 -2.372041259848940709e-01
4.272083143456884002e-01 4.707668388963848205e-02 3.122388044415802533e-01 -1.905772893242625443e-01 3.122388044415802533e-01 -1.905772893242625443e-01 -4.674314158846429867e-01 -2.273674135696780452e-01
-4.110930292724558344e-01 -2.172538281930341819e-01 7.880175242726283891e-02 5.346214384512981699e-02 7.880175242726283891e-02 5.346214384512981699e-02 2.324699605666316615e-01 9.545557534115836629e-02
-1.482983232596700729e-01 -2.869398503376336951e-01 2.732961489681284828e-01 -4.532874266424905541e-01 2.732961489681284828e-01 -4.532874266424905541e-01 6.319292589676656080e-02 3.472819353677877308e-01
-2.621592698829267043e-01 -1.941844139624371302e-02 -1.766569460151623527e-01 -4.668919708885710396e-02 -1.766569460151623527e-01 -4.668919708885710396e-02 2.519778210455194123e-01 -4.893196552304614200e-02
-4.647266636865372558e-01 3.755001147069120249e-01 3.462628041807098711e-01 7.144949334257355567e-02 3.462628041807098711e-01 7.144949334257355567e-02 8.137364947298477702e-01 -4.504706505032278763e-01
-2.019867507991465194e-01 2.001386192546207310e-01 1.506905109556779809e-01 -6.439970718890264401e-02 1.506905109556779809e-01 -6.439970718890264401e-02 2.828374496244832059e-01 -2.008817998358712054e-01
-3.185957109426330591e-01 -4.897892943024085843e-01 -1.198945951174654745e-01 3.453437967411624454e-01 -1.198945951174654745e-01 3.453437967411624454e-01 6.506174081900240047e-03 6.281796200846181399e-01
4.613937134379235694e-01 -4.543014823971307514e-01 4.060840259830719168e-01 7.496921833222480736e-03 4.060840259830719168e-01 7.496921833222480736e-03 -4.217001747079229812e-02 4.478071605053245419e-01
9.852705939223938003e-04 1.747781952137192896e-01 3.322316766972577273e-02 -4.391608124051761264e-01 3.322316766972577273e-02 -4.391608124051761264e-01 -1.329678226328204378e-03 -1.442317484496975777e-01
1.324339984373901213e-02 1.366328285189140068e-01 -4.469046252660476837e-01 -4.758879105711277813e-02 -4.469046252660476837e-01 -4.758879105711277813e-02 -1.686236620345302195e-02 -1.181396863292561994e-01
-3.688893576520860806e-01 -1.954817048041167515e-01 -1.647548629539200560e-01 -3.296765052935035634e-01 -1.647548629539200560e-01 -3.296765052935035634e-01 2.246671166162353961e-01 9.761544352827190851e-02
-1.326443915360467907e-01 2.221971636246887760e-01 -9.208879943351511166e-02 -3.421633507243659889e-01 -9.208879943351511166e-02 -3.421633507243659889e-01 1.915908066761113360e-01 -1.904201187078001234e-01
-2.257414068055787482e-01 -4.369893522258777585e-01 -2.763863616110027177e-01 4.332835662415398525e-01 -2.763863616110027177e-01 4.332835662415398525e-01 2.844822454452233806e-02 5.769898634381082081e-01
3.078708464535515610e-01 3.001928057605164346e-01 1.643646079481696498e-01 -1.798064505213510245e-01 1.643646079481696498e-01 -1.798064505213510245e-01 -4.927120728710651099e-01 -3.048615432261715941e-01
-8.725075773600055040e-02 4.819213344991385428e-01 3.396858886664003707e-01 1.680787516070003651e-02 3.396858886664003707e-01 1.680787516070003651e-02 1.713467609443893869e-01 -2.572858565792142116e-01
3.269435283639895440e-01 -4.485132984404914813e-01 -1.396231466277693123e-01 4.155953273535647474e-01 -1.396231466277693123e-01 4.155953273535647474e-01 -3.366648774337888117e-02 5.427854065793660254e-01
-3.024671105328431420e-01 -2.463189531863693160e-01 4.713436153413455010e-01 4.509550098944593577e-01 4.713436153413455010e-01 4.509550098944593577e-01 1.534603464533315642e-01 2.155056269311109718e-01
4.462759271724278110e-01 -1.999281468030735809e-01 2.747339239157678970e-01 -3.866832562154707276e-01 2.747339239157678970e-01 -3.866832562154707276e-01 -2.678296890076139469e-01 4.073720751357484682e-02
2.123267228435931075e-01 -6.139861804197110917e-02 1.762221953481261094e-01 -3.584272617108563708e-01 1.762221953481261094e-01 -3.584272617108563708e-01 -1.862535881316386421e-01 2.008577110593496445e-02
2.535185187029176390e-01 -1.822711201044053819e-01 -3.910334997875476448e-01 1.613900880562642026e-01 -3.910334997875476448e-01 1.613900880562642026e-01 -1.611003099605367583e-01 1.512222420031983650e-01
-1.912663427021645823e-01 -4.551781838878610209e-02 4.817807971796761457e-01 -4.054929419655970424e-01 4.817807971796761457e-01 -4.054929419655970424e-01 1.738542894001556816e-01 1.100687632899875062e-02
4.196283793375943372e-02 -3.132749112510937461e-01 1.675118323277285937e-01 -4.344048477593099866e-01 1.675118323277285937e-01 -4.344048477593099866e-01 -1.567102927467440079e-02 4.096552015030194838e-01
8.070537061188576278e-02 -3.269262955987324304e-01 9.871299785223774936e-02 -3.340053120320817248e-01 9.871299785223774936e-02 -3.340053120320817248e-01 -2.793595491375252399e-02 4.272937415070403588e-01
-1.860053227873378345e-01 -4.845675845631093326e-01 -4.204987737235980072e-01 3.269785396753415174e-01 -4.204987737235980072e-01 3.269785396753415174e-01 5.741022829454295318e-03 6.847753484672136626e-01
