2.035291738013881302e-01 7.012915836058808416e-02 1.618978492941987035e-01 3.679244155358020185e-01 1.618978492941987035e-01 3.679244155358020185e-01 -2.320758331224225257e-01 -1.066351840964993025e-01
-2.142860821766623403e-01 -3.120508462043514175e-02 4.912998320306629640e-01 3.610826925838228618e-02 4.912998320306629640e-01 3.610826925838228618e-02 2.009124515220538088e-01 -1.373968308801962190e-02
-4.277374763650759748e-01 4.778647921830481149e-02 -2.936345660985519856e-01 -1.933681245148246575e-01 -2.936345660985519856e-01 -1.933681245148246575e-01 4.686176124154956546e-01 -2.284622803093872556e-01
-7.434889878024730780e-02 1.130625951652817207e-01 -5.019099117246739183e-02 2.812908956147245343e-01 -5.019099117246739183e-02 2.812908956147245343e-01 9.116105766779852848e-02 -1.058072034896088004e-01
4.805981690320743072e-01 2.203466348093554572e-01 2.076859606759310362e-01 -1.094440169266513996e-01 2.076859606759310362e-01 -1.094440169266513996e-01 -6.923945475155850460e-01 -4.027685954145302505e-01
6.445363267748116520e-02 -8.874513169431075266e-02 -2.178162838268626889e-01 -3.951244281279195913e-01 -2.178162838268626889e-01 -3.951244281279195913e-01 -5.301374043720157025e-02 9.246655932842764991e-02
-2.973648676944865565e-01 3.432341173942018431e-01 2.127633133975004309e-01 -4.416197998313873274e-01 2.127633133975004309e-01 -4.416197998313873274e-01 5.014964035088079752e-01 -3.138503225897846249e-01
4.170287574816973208e-01 7.487932201412828004e-02 -7.878322105836865763e-02 2.911958440705889606e-01 -7.878322105836865763e-02 2.911958440705889606e-01 -4.794824187229449475e-01 -2.431853937155610823e-01
3.017164924396672498e-01 -1.144985288765956177e-01 4.994242698136769354e-01 3.721912979060200133e-01 4.994242698136769354e-01 3.721912979060200133e-01 -2.326243033953704908e-01 3.657560018140443292e-02
2.066177648597785632e-01 -2.432421698954694289e-01 3.059745150764678900e-01 -1.322786346699708071e-01 3.059745150764678900e-01 -1.322786346699708071e-01 -1.061014579328897478e-01 2.597180223552750800e-01
2.148730318394043159e-02 4.801210231743340273e-01 3.477543453267875062e-01 1.033081032858059745e-01 3.477543453267875062e-01 1.033081032858059745e-01 -4.212031516380164431e-02 -2.500665304784832066e-01
4.233154819848048422e-01 -2.574881317995734165e-01 -2.189742064651979403e-01 -1.338047247224553038e-01 -2.189742064651979403e-01 -1.338047247224553038e-01 -2.053180567485980990e-01 1.445922725291802768e-01
-1.861473932220776284e-01 -3.875361368413487995e-02 2.541421385831365010e-01 1.662717257494396028e-01 2.541421385831365010e-01 1.662717257494396028e-01 1.717196248916033341e-01 5.604604254339257130e-03
3.858316044330558636e-01 -3.583774087995432733e-01 -3.172961155628140073e-01 -2.991206483926232007e-01 -3.172961155628140073e-01 -2.991206483926232007e-01 -1.092849431736779842e-01 3.379457489580321439e-01
-7.586773125353163394e-04 4.361818753885302602e-01 2.276083200450768063e-01 4.752232610115405542e-01 2.276083200450768063e-01 4.752232610115405542e-01 1.420519898528085131e-03 -2.459278225623394987e-01
-3.003666713517753051e-01 -4.907216439682359210e-01 -2.569454025352612137e-01 -4.193673859889949229e-01 -2.569454025352612137e-01 -4.193673859889949229e-01 5.573817833755267959e-03 6.413092385681786745e-01
3.957552492342386596e-02 1.826106710003283506e-01 3.623799493147277229e-01 -3.871750659255416283e-01 3.623799493147277229e-01 -3.871750659255416283e-01 -5.402935124633716918e-02 -1.508302360101027306e-01
-9.438981312543637259e-02 2.788105765500048516e-01 -4.411880312412790328e-01 -1.637685135365118949e-02 -4.411880312412790328e-01 -1.637685135365118949e-02 1.470235695613366367e-01 -2.099846757757135307e-01
-9.543202746154733074e-02 -3.528821021359848098e-01 -6.459890374919585732e-02 3.121923594699043125e-01 -6.459890374919585732e-02 3.121923594699043125e-01 2.807951853808762777e-02 4.683006082784749169e-01
4.191908277107188052e-01 1.102768422431018580e-01 -2.296390847720042316e-01 1.595955618190428860e-01 -2.296390847720042316e-01 1.595955618190428860e-01 -5.116449092651392805e-01 -2.738368103447894053e-01
-1.248772375042260796e-01 2.697313734212151148e-01 3.162364799431581774e-01 8.124501336450973277e-02 3.162364799431581774e-01 8.124501336450973277e-02 1.922438550663504442e-01 -2.125706840602070158e-01
4.368207853137723307e-01 2.821861842688065947e-01 -5.448660892817080992e-02 -1.674858237371679159e-01 -5.448660892817080992e-02 -1.674858237371679159e-01 -6.833503665477662636e-01 -3.933695401587584684e-01
-1.771249391746010371e-01 1.835488831150342559e-01 -1.948652302586240115e-02 -2.342736684029615990e-01 -1.948652302586240115e-02 -2.342736684029615990e-01 2.421471086892338365e-01 -1.812319346998638725e-01
2.553393239736134745e-01 2.259258494188520761e-02 1.139227665971795922e-01 1.776963164456052402e-01 1.139227665971795922e-01 1.776963164456052402e-01 -2.668768747053683055e-01 -8.728033041483085341e-02
-3.213820648411476188e-01 4.787445306016032687e-01 -4.112023264323236837e-01 3.949374569844144034e-02 -4.112023264323236837e-01 3.949374569844144034e-02 6.291018763934461688e-01 -3.528346366222134267e-01
2.431063070789671876e-01 -2.001959840374145649e-01 7.650421049942046636e-02 6.651233446370652391e-02 7.650421049942046636e-02 6.651233446370652391e-02 -1.457684943362157481e-01 1.811737395205502144e-01
4.171927061604334686e-01 -9.999694131252967466e-02 1.273003829302339351e-01 1.879085759420299206e-01 1.273003829302339351e-01 1.879085759420299206e-01 -3.337567170525528315e-01 -6.405342448907461184e-02
2.073137705949390508e-02 1.673253631700454269e-01 2.562098031386973451e-01 2.176143882874023161e-01 2.562098031386973451e-01 2.176143882874023161e-01 -2.766914745048383584e-02 -1.397573760048407276e-01
4.382614131149742409e-01 2.632040319587910515e-01 1.348419464365054887e-01 4.672590224267059167e-02 1.348419464365054887e-01 4.672590224267059167e-02 -6.689657550826114685e-01 -3.860007357449608545e-01
-2.989049248023190053e-01 2.032706986407313288e-01 3.896372612506384669e-01 -3.074995629254255736e-01 3.896372612506384669e-01 -3.074995629254255736e-01 4.204221505857642649e-01 -2.512958757859202752e-01
3.608319232256966824e-01 -2.891636721231901630e-01 -2.926009873852408738e-01 -2.262074041108439459e-01 -2.926009873852408738e-01 -2.262074041108439459e-01 -1.521529553472657226e-01 2.425796245802029072e-01
9.151183041520860595e-02 2.817562362357109995e-01 3.991041052627514185e-01 3.748585079275187359e-01 3.991041052627514185e-01 3.748585079275187359e-01 -1.430798882328682686e-01 -2.107440746839391310e-01
-2.568843246865915031e-01 -3.301628986447717740e-01 -4.762180044130041034e-01 2.175560127129799737e-01 -4.762180044130041034e-01 2.175560127129799737e-01 8.725697817673200296e-02 3.731808820166034324e-01
2.308818114469667337e-01 -4.423210816309636195e-01 -4.199421203707328631e-01 -4.565298446548623490e-01 -4.199421203707328631e-01 -4.565298446548623490e-01 -2.663402631068967352e-02 5.846626100291165695e-01
-1.043625248895184709e-01 3.970360132931571862e-02 -2.731612986649156749e-02 -4.461099495750595612e-01 -2.731612986649156749e-02 -4.461099495750595612e-01 1.126496610533869319e-01 -4.901876197211384178e-02
8.957780355997102539e-02 -2.498370109521717009e-01 3.841000710415007902e-01 -3.119410779053687355e-01 3.841000710415007902e-01 -3.119410779053687355e-01 -4.481810218180309197e-02 3.042313601030585124e-01
-2.552804523236508194e-01 -2.496642576297946059e-01 1.786743079642399978e-01 -3.658871837489602319e-01 1.786743079642399978e-01 -3.658871837489602319e-01 1.278116430900859135e-01 2.468283898290632994e-01
3.939427440668856750e-01 4.329069312668440972e-01 -3.264203718679987709e-01 -3.125409590543775096e-01 -3.264203718679987709e-01 -3.125409590543775096e-01 -7.350238329245561975e-01 -4.006894057309158264e-01
4.095408165834650838e-01 2.060461076170944095e-01 1.051815880058107888e-01 1.795949755829191474e-01 1.051815880058107888e-01 1.795949755829191474e-01 -5.783093989181637973e-01 -3.313147896007905269e-01
-3.578889145454614562e-01 -1.309089387460895537e-01 -3.586902031490353249e-01 3.506762111363037615e-01 -3.586902031490353249e-01 3.506762111363037615e-01 2.641871985611888851e-01 1.996161383518836596e-02
3.181227868615793541e-01 3.163046245172818072e-01 3.069753193858525409e-01 -4.589342084285119583e-02 3.069753193858525409e-01 -4.589342084285119583e-02 -5.193702041588655893e-01 -3.174581165468410293e-01
4.372678541513672634e-01 4.456485814705833937e-01 -1.054336418146359922e-01 3.554546546431747167e-02 -1.054336418146359922e-01 3.554546546431747167e-02 -8.270034520018527679e-01 -4.382490995779815823e-01
-2.813563445620012038e-01 -3.920369365072832180e-01 -4.268002098591294757e-02 -4.055381505770123685e-01 -4.268002098591294757e-02 -4.055381505770123685e-01 6.075218578405205960e-02 4.665685034680072674e-01
3.011564316956859555e-01 8.659780364028457633e-02 -1.841878058549354380e-01 -1.196057381061893521e-01 -1.841878058549354380e-01 -1.196057381061893521e-01 -3.533154027696695509e-01 -1.697938203966416482e-01
2.775255130659097791e-01 2.024998530848357570e-01 9.981183274629579216e-02 -3.554080806521203728e-01 9.981183274629579216e-02 -3.554080806521203728e-01 -3.899232643121905983e-01 -2.385140729879521582e-01
9.175169306764219268e-02 -9.295321050339244717e-02 -2.503900050631535645e-02 3.627375992605404997e-01 -2.503900050631535645e-02 3.627375992605404997e-01 -7.469446418812379640e-02 9.317513666550161777e-02
-2.772290965675335839e-01 2.746238279667729820e-01 -8.165873116722988101e-02 3.623254795864836453e-01 -8.165873116722988101e-02 3.623254795864836453e-01 4.294965280138260955e-01 -2.760615530633001580e-01
4.239249413012280421e-02 -3.136189906049478004e-01 9.969276709705399142e-02 -4.276916024750198053e-01 9.969276709705399142e-02 -4.276916024750198053e-01 -1.580231169349222836e-02 4.101787383144416266e-01
-4.771330500303231359e-01 1.638663654225596122e-01 3.325389350755181272e-01 1.676764577780599508e-01 3.325389350755181272e-01 1.676764577780599508e-01 6.335051674932218324e-01 -3.646701271369986452e-01
-1.309600035319778977e-01 -3.084832945621918121e-02 -2.326837378892502306e-01 3.011543719018672238e-02 -2.326837378892502306e-01 3.011543719018672238e-02 1.228802088628937333e-01 1.464942636136295703e-02
-3.612308430453272656e-01 -4.999384799133804735e-01 -4.415126129156803358e-01 -3.408115806055649344e-01 -4.415126129156803358e-01 -3.408115806055649344e-01 4.444590550756188918e-05 6.193892416442441373e-01
-5.013942320334718872e-02 -1.254208125170853672e-01 -2.749524444555366820e-01 -4.058989757301859624e-01 -2.749524444555366820e-01 -4.058989757301859624e-01 3.756236880874357087e-02 1.386372309703668981e-01
-4.216846449862342583e-01 -3.909675867489079693e-01 4.846413141708303396e-01 -3.423024337963301855e-01 4.846413141708303396e-01 -3.423024337963301855e-01 9.195458894755825785e-02 3.660053008200064295e-01
6.018562230205704022e-02 9.291198733110928032e-02 -2.434261059983440223e-01 4.229615927628826988e-03 -2.434261059983440223e-01 4.229615927628826988e-03 -7.136955385574433874e-02 -8.790165907317892824e-02
-2.814413243739217751e-01 4.318941460458349813e-01 4.968835728060574386e-01 -4.401113179530435904e-01 4.968835728060574386e-01 -4.401113179530435904e-01 5.245470452788894011e-01 -3.245708117225210021e-01
1.799837584932987289e-01 4.045031376388682487e-01 2.215506600753239796e-01 -1.613716190698901709e-01 2.215506600753239796e-01 -1.613716190698901709e-01 -3.255917485624499896e-01 -2.732745026005531375e-01
2.130764497238736288e-01 3.910259857008049345e-01 -1.087391395949379724e-01 -3.257009642823788242e-01 -1.087391395949379724e-01 -3.257009642823788242e-01 -3.797133072896849981e-01 -2.835262376344492852e-01
-3.005112948472509204e-01 -6.542919043675454738e-02 -3.838271841326471590e-01 4.240006003484407815e-01 -3.838271841326471590e-01 4.240006003484407815e-01 2.611868733693379907e-01 -2.059686893280773812e-02
-3.144576273143258049e-01 -4.000691043298080229e-01 -2.103760656379545235e-01 7.312773131078775801e-02 -2.103760656379545235e-01 7.312773131078775801e-02 6.284806469568798848e-02 4.612407931929074500e-01
1.858409594184329272e-01 2.280632388035496172e-01 -2.668926821414630002e-02 -3.520073966330922177e-01 -2.668926821414630002e-02 -3.520073966330922177e-01 -2.706079416330866017e-01 -2.105872601075483574e-01
-2.036209544046022613e-01 7.837500371015870826e-02 4.678197627314295559e-01 4.597926583084580576e-01 4.678197627314295559e-01 4.597926583084580576e-01 2.355385405184557968e-01 -1.136938555762324332e-01
1.668989729196366234e-01 -1.466233088249511152e-01 4.077357143018821573e-01 -1.060342850402173909e-02 4.077357143018821573e-01 -1.060342850402173909e-02 -1.179564136217105541e-01 1.402664363540984949e-01
1.747040432734930926e-01 -1.602234957503889667e-03 -3.676963134287745127e-01 -2.929290370151493850e-01 -3.676963134287745127e-01 -2.929290370151493850e-01 -1.741442094227929616e-01 -2.891670062174360803e-02
1.493426065197037689e-01 -4.176333153980918977e-01 5.180784217811951198e-02 -2.603652757853796018e-01 5.180784217811951198e-02 -2.603652757853796018e-01 -2.460171073767060401e-02 5.697476874063949204e-01
-2.724546563203075200e-01 9.452551581648660495e-02 2.183911949387834506e-01 1.085913551010443401e-01 2.183911949387834506e-01 1.085913551010443401e-01 3.239624901708688109e-01 -1.598219824267306244e-01
6.950850212114401128e-02 1.579425698668646127e-01 8.746517776066042860e-02 4.699023841591069006e-01 8.746517776066042860e-02 4.699023841591069006e-01 -9.146520502636379391e-02 -1.378281463578402977e-01
2.330535860956672867e-02 3.619670851406233680e-01 -2.242401572961858491e-01 -1.930311060438119064e-01 -2.242401572961858491e-01 -1.930311060438119064e-01 -4.017690405769032413e-02 -2.314900541553445990e-01
-1.139690678473082031e-01 3.151141120047569189e-01 2.210059788264789882e-01 -3.656430304738251813e-01 2.210059788264789882e-01 -3.656430304738251813e-01 1.857955910687370538e-01 -2.288061568461947637e-01
3.130714807282639622e-01 -1.017050393782192863e-03 -9.229966146927748305e-02 6.835643394416157648e-02 -9.229966146927748305e-02 6.835643394416157648e-02 -3.124346617827506445e-01 -9.699566726010207252e-02
2.640672278597744338e-02 -1.509965066351958152e-01 -2.423109336187549978e-01 2.596127562735306427e-02 -2.423109336187549978e-01 2.596127562735306427e-02 -1.843207700124420423e-02 1.730991366429330824e-01
-2.310184982637286666e-02 -3.422925710469414406e-01 -1.068137686401608999e-01 -2.648972228281475383e-01 -1.068137686401608999e-01 -2.648972228281475383e-01 7.286666680353853787e-03 4.589230797754665914e-01
2.153386979901510401e-01 -3.029224851856235912e-01 1.382023067310869102e-01 -4.488300916105673055e-01 1.382023067310869102e-01 -4.488300916105673055e-01 -8.487683088652503427e-02 3.483137623645644609e-01
-3.639202978943003597e-01 8.376144129259133209e-03 -1.165464486616942796e-01 -3.802909692694650401e-01 -1.165464486616942796e-01 -3.802909692694650401e-01 3.700167956277515269e-01 -1.407439675582613237e-01
-2.963799689672397264e-01 1.076759126728146221e-01 -4.963694651473481434e-01 -1.899626050540336175e-01 -4.963694651473481434e-01 -1.899626050540336175e-01 3.602059362802157438e-01 -1.839228965079129918e-01
4.455174169762406988e-01 -1.817541573151193468e-02 9.565524382062973174e-02 -3.804414112194841602e-01 9.565524382062973174e-02 -3.804414112194841602e-01 -4.293224884378956663e-01 -1.799800073606563078e-01
4.770669995397873731e-01 3.013916493107824390e-01 3.581336487021067327e-01 3.573547992409168428e-01 3.581336487021067327e-01 3.573547992409168428e-01 -7.646350191858729550e-01 -4.381476450864042471e-01
3.082776375457503271e-01 3.735261467151290704e-01 4.831802684983929064e-01 -3.329777490150827024e-01 4.831802684983929064e-01 -3.329777490150827024e-01 -5.385771536875649801e-01 -3.290394662460659481e-01
-3.906266073129921468e-01 -1.364919621768411195e-01 -1.729460579206426596e-01 -4.948508373489095558e-01 -1.729460579206426596e-01 -4.948508373489095558e-01 2.839918230917267694e-01 2.532871574866785158e-03
1.228254350977118214e-01 1.903410191877454860e-01 -5.297068395896131765e-02 1.091771695729061298e-01 -5.297068395896131765e-02 1.091771695729061298e-01 -1.695828720950653401e-01 -1.691974031092580155e-01
4.525111535091707049e-01 4.942348520982110527e-01 3.680005424491800126e-01 -3.342691848608053684e-01 3.680005424491800126e-01 -3.342691848608053684e-01 -8.998047195639624629e-01 -4.547331071198707497e-01
4.607473653042137851e-02 7.033101970937205571e-03 2.053986230331483753e-03 -4.055252498747995427e-01 2.053986230331483753e-03 -4.055252498747995427e-01 -4.672283317102641359e-02 -9.106518793951350055e-03
-1.328415833221671116e-01 4.880383953483654613e-01 1.500578690878873189e-01 -1.953146940318029046e-01 1.500578690878873189e-01 -1.953146940318029046e-01 2.625051696423403857e-01 -2.675038062736982969e-01
-4.581755759042881460e-01 1.583221858737171583e-02 -2.518042545252778819e-01 4.858483993964559655e-01 -2.518042545252778819e-01 4.858483993964559655e-01 4.726834476425113563e-01 -2.255064177971995154e-01
-4.831565914589752708e-01 -2.521142141179166796e-02 4.742643351988795608e-01 3.400226418419693974e-02 4.742643351988795608e-01 3.400226418419693974e-02 4.587944625886610783e-01 -2.075932546888605290e-01
5.372736204045081010e-02 -1.530737780112213509e-01 -4.902334664959607791e-01 3.977205516068375024e-01 -4.902334664959607791e-01 3.977205516068375024e-01 -3.727886146023383362e-02 1.736187300940243428e-01
7.269745583854558824e-02 -1.721705450866648501e-01 3.723347106665439998e-01 3.093943100325674544e-01 3.723347106665439998e-01 3.093943100325674544e-01 -4.766473464227330425e-02 1.965283215967068564e-01
-4.390880085269279753e-01 -1.181340181727046357e-01 4.537694367308346965e-01 -4.066591102158507720e-01 4.537694367308346965e-01 -4.066591102158507720e-01 3.353455469694544000e-01 -6.070861480981001868e-02
-9.166718248455141271e-02 -3.707299962482789590e-01 -2.568634449084391536e-01 2.289774795816029718e-01 -2.568634449084391536e-01 2.289774795816029718e-01 2.369963404737532309e-02 4.997678540218718490e-01
2.108269331707327554e-01 3.991442637198168164e-01 -3.102346277061325264e-01 3.166548122468021420e-01 -3.102346277061325264e-01 3.166548122468021420e-01 -3.791276551962110553e-01 -2.842761162095587268e-01
4.896734509956901515e-02 -2.722674428335429830e-01 3.334839455635640881e-02 -3.169294158700466379e-01 3.334839455635640881e-02 -3.169294158700466379e-01 -2.230291743435446061e-02 3.439992023745592764e-01
1.037619111162790819e-01 -4.406459866085021826e-02 4.023151786183000178e-01 -1.328629540771064654e-04 4.023151786183000178e-01 -1.328629540771064654e-04 -9.461745717703577696e-02 3.523975331748942230e-02
-4.062354154997310784e-01 -1.404912212106379510e-02 4.800847857239256555e-01 1.779712840170570853e-01 4.800847857239256555e-01 1.779712840170570853e-01 3.948209135752174248e-01 -1.507807128528027840e-01
-4.970080304470803068e-01 -7.053847705227578313e-02 3.399914833269785941e-01 6.989819204076175296e-02 3.399914833269785941e-01 6.989819204076175296e-02 4.268916513461039619e-01 -1.715028285317556911e-01
-1.899405121316486422e-01 -1.270642751443115115e-01 -9.204298271484090410e-02 3.194926458728107876e-01 -9.204298271484090410e-02 3.194926458728107876e-01 1.416712051425541574e-01 1.071322070134278492e-01
-8.149181948954753452e-02 -4.915932245192019545e-01 -9.350958442788437353e-02 8.902981363553552629e-02 -9.350958442788437353e-02 8.902981363553552629e-02 1.370166859940694093e-03 7.266162062686714052e-01
-7.269667657853606801e-02 1.654295069404354557e-02 -2.469262548547512814e-03 4.659951257503706090e-01 -2.469262548547512814e-03 4.659951257503706090e-01 7.510191165105517541e-02 -2.155408826194226551e-02
3.785590855326590454e-01 -1.201586932974870736e-01 -1.348117651455702504e-01 3.559835397163146897e-02 -1.348117651455702504e-01 3.559835397163146897e-02 -2.875847554256671379e-01 -8.710176366876432041e-03
3.154673463334394246e-01 1.740856831666198756e-01 3.773072117471485409e-01 8.543371558436474444e-02 3.773072117471485409e-01 8.543371558436474444e-02 -4.253040433398743714e-01 -2.432995046856933352e-01
-3.969459481538766266e-01 -2.880911845965430373e-01 2.400737895809333944e-01 2.329031453826760911e-01 2.400737895809333944e-01 2.329031453826760911e-01 1.682326913049800865e-01 2.135216294830023787e-01
-3.604071504313116625e-01 1.117153228984614222e-01 4.273584705668265205e-02 5.568240307333283123e-02 4.273584705668265205e-02 5.568240307333283123e-02 4.409331528020083435e-01 -2.291283236101720466e-01
-3.989087031093295765e-01 4.229948130350965618e-01 -4.964196657884943908e-01 -3.217316211244138913e-01 -4.964196657884943908e-01 -3.217316211244138913e-01 7.363813276889370485e-01 -4.031983545968674809e-01
-4.663865009974643705e-02 1.107437472227578157e-01 -1.412644437568160161e-01 -1.129989602777659030e-01 -1.412644437568160161e-01 -1.129989602777659030e-01 5.696852785466037516e-02 -1.006547333569463160e-01
5.297947492114463142e-02 -4.217112525716822935e-01 2.902356947031233814e-01 3.897217034019843096e-01 2.902356947031233814e-01 3.897217034019843096e-01 -8.295393461972770666e-03 5.967448083543392956e-01
