-1.010551960971495244e-01 5.184042594658200276e-02 -4.251477078828133083e-01 1.869401304572619882e-01 -4.251477078828133083e-01 1.869401304572619882e-01 1.115326849167327244e-01 -5.936514884249229768e-02
1.573462627480450848e-01 3.186467992954300499e-02 -4.823644489572774807e-01 -3.200729751086069941e-01 -4.823644489572774807e-01 -3.200729751086069941e-01 -1.673738393491975562e-01 -5.560716850330762323e-02
-4.183704375848614765e-01 4.126270364806201574e-01 -4.010536267010470501e-01 2.047918530241751300e-01 -4.010536267010470501e-01 2.047918530241751300e-01 7.636323452083447760e-01 -4.173997882907896084e-01
4.303418429877426954e-01 1.328999735463499698e-01 5.559976971295010895e-02 4.701899213555217338e-01 5.559976971295010895e-02 4.701899213555217338e-01 -5.447266820856596636e-01 -3.004316724038164077e-01
3.071614872922298067e-01 2.413912914073175209e-01 -8.043123284481501489e-02 4.442733542959305115e-01 -8.043123284481501489e-02 4.442733542959305115e-01 -4.554537034683572294e-01 -2.774697151155997021e-01
1.039841410962836221e-01 -2.429383439021237656e-02 -3.290901629093418990e-01 -1.082502044044535428e-01 -3.290901629093418990e-01 -1.082502044044535428e-01 -9.893179409028043936e-02 1.407132318005962189e-02
2.491846596104321243e-01 4.316266340797213497e-01 -2.382276732469433833e-01 3.478170805356806117e-01 -2.382276732469433833e-01 3.478170805356806117e-01 -4.642941313943359516e-01 -3.074180774178986164e-01
1.423495401552221651e-01 -7.569419573168889581e-02 2.472425294417746056e-02 -3.856195791924836858e-01 2.472425294417746056e-02 -3.856195791924836858e-01 -1.207994722455715819e-01 6.116041541675291959e-02
8.707759272181125887e-02 -5.421516602775922067e-02 4.470510671561334082e-02 -2.328393535705558515e-01 4.470510671561334082e-02 -2.328393535705558515e-01 -7.763574042839006817e-02 4.957194310095108108e-02
8.850006497307116859e-02 -2.950526165932016998e-01 -3.516492826360995139e-02 3.232352747901092727e-01 -3.516492826360995139e-02 3.232352747901092727e-01 -3.627571349512515725e-02 3.742764016514587566e-01
4.651575470143406443e-01 -4.310744167170506014e-01 -7.758186712276027297e-02 -2.081852873131347925e-01 -7.758186712276027297e-02 -2.081852873131347925e-01 -6.412251049285877524e-02 4.005280259205974414e-01
-3.388675466560593375e-01 2.516941198144495573e-02 3.896592977765644950e-02 3.347345486769017775e-01 3.896592977765644950e-02 3.347345486769017775e-01 3.559257404339151165e-01 -1.393671268586497980e-01
-9.231427132285641157e-02 4.048610107099664956e-01 4.325111841385632649e-01 4.243644659341255787e-01 4.325111841385632649e-01 4.243644659341255787e-01 1.670631697043078456e-01 -2.494704974067408487e-01
-1.974818874996057128e-01 -1.663476950562928769e-01 3.487781210777657348e-01 4.869451933269575150e-01 3.487781210777657348e-01 4.869451933269575150e-01 1.317805738977546048e-01 1.550201548164273635e-01
-2.251655959881959657e-01 3.063800562134763039e-01 1.540031985135530412e-01 -2.255235590139125224e-01 1.540031985135530412e-01 -2.255235590139125224e-01 3.631380919006047536e-01 -2.632108629848228798e-01
-4.644909682396697326e-01 -4.163591715071589539e-01 -7.975609216808654534e-02 2.757895540132138112e-01 -7.975609216808654534e-02 2.757895540132138112e-01 7.770081882201579360e-02 3.739622716290609272e-01
3.597068869881915321e-01 -8.319399913662173240e-02 -2.020755543544722199e-01 1.524898059621260238e-01 -2.020755543544722199e-01 1.524898059621260238e-01 -2.998559780971265520e-01 -3.927380391776963409e-02
-3.344348439967261832e-01 8.593789365841486561e-02 1.115802674854967647e-01 3.045942014064366710e-01 1.115802674854967647e-01 3.045942014064366710e-01 3.919160961148446254e-01 -1.903992369710844346e-01
3.898989854429452118e-01 4.767607918050952298e-01 2.140084796829212488e-01 -5.463080497272865266e-02 2.140084796829212488e-01 -5.463080497272865266e-02 -7.616760834905089705e-01 -4.014811580519118683e-01
4.132175423158179761e-01 2.052943963213393896e-01 4.608060488193044257e-01 1.545815272310986366e-01 4.608060488193044257e-01 1.545815272310986366e-01 -5.828800341140447649e-01 -3.338973444379210731e-01
-1.389515815361909157e-01 -7.506998299578604428e-02 2.750747937746078620e-02 2.571438619728658725e-01 2.750747937746078620e-02 2.571438619728658725e-01 1.180893958098720581e-01 6.139794333136493892e-02
1.991663706733698413e-01 -1.413610492727257473e-03 1.604108011341902618e-01 1.626314014962410015e-01 1.604108011341902618e-01 1.626314014962410015e-01 -1.986032833306052847e-01 -3.825163441984975182e-02
2.075262252919962691e-01 2.805424215485918804e-02 2.089705076418948426e-01 2.983802744631141035e-01 2.089705076418948426e-01 2.983802744631141035e-01 -2.191702072476473251e-01 -7.033433583592010874e-02
4.985157672628340864e-01 -1.442256439826098413e-01 3.815671575754097100e-01 2.850412970267176549e-01 3.815671575754097100e-01 2.850412970267176549e-01 -3.547182521248999354e-01 -8.349128984484380234e-02
7.097521685580576722e-02 -2.601579415577320864e-01 7.846731997665523650e-02 -1.486741416224105494e-01 7.846731997665523650e-02 -1.486741416224105494e-01 -3.404568421816561025e-02 3.228026147055597650e-01
8.616809495319921464e-02 -4.409729223738353410e-01 -1.881617527178059968e-01 1.181133803480993727e-01 -1.881617527178059968e-01 1.181133803480993727e-01 -1.017250165940243589e-02 6.280051000528923399e-01
-4.460378978548531492e-01 1.262507292301285888e-01 -4.437806544329923053e-01 4.398589956827378966e-01 -4.437806544329923053e-01 4.398589956827378966e-01 5.586631175917508019e-01 -3.092612889217657424e-01
-3.095966367277601661e-01 1.431235350719433086e-01 1.395944397099395662e-01 4.216812828985742057e-01 1.395944397099395662e-01 4.216812828985742057e-01 3.982177669174827295e-01 -2.184892662535942165e-01
-1.117068503465462603e-01 -2.236742116947444403e-01 -3.401756183211680495e-01 -1.018706884226228127e-02 -3.401756183211680495e-01 -1.018706884226228127e-02 6.173496696221321411e-02 2.612259442576641000e-01
-4.534343762673028744e-01 -1.303929554013140146e-01 -3.171268209553703699e-01 -1.735489816987799694e-01 -3.171268209553703699e-01 -1.735489816987799694e-01 3.351850794632127428e-01 -5.820745536131491371e-02
-2.954444536200493410e-01 6.828860085268062541e-02 3.944216451160382775e-01 4.706688753483119214e-01 3.944216451160382775e-01 4.706688753483119214e-01 3.357954303548450481e-01 -1.509126930211133755e-01
4.438229125111790019e-01 8.630718000365633635e-03 7.919396430217406913e-02 3.155128196368486293e-01 7.919396430217406913e-02 3.155128196368486293e-01 -4.514839333111488884e-01 -2.055350063770694513e-01
-4.770669075609185183e-01 2.379274286622641288e-01 -3.938873905492265015e-01 4.201339964367145630e-02 -3.938873905492265015e-01 4.201339964367145630e-02 7.040815127925732497e-01 -4.089108016421653113e-01
3.131705274833449515e-01 4.100306297374962661e-01 1.768423503224975102e-01 1.866707863693999325e-01 1.768423503224975102e-01 1.866707863693999325e-01 -5.699895446817846434e-01 -3.399812916987650091e-01
-2.815022186599011045e-01 1.422221935784737656e-01 2.508252761630369587e-02 -3.078577799957800121e-01 2.508252761630369587e-02 -3.078577799957800121e-01 3.615739447299377018e-01 -2.012385403426476815e-01
2.280698421857733083e-01 1.802856090229452146e-01 2.571194687264996004e-01 -4.043945963172941305e-01 2.571194687264996004e-01 -4.043945963172941305e-01 -3.103052629822316000e-01 -1.997985611168144882e-01
8.937387823374254303e-02 -2.303465903491459521e-01 -1.869594244867067712e-01 3.208911648950252271e-01 -1.869594244867067712e-01 3.208911648950252271e-01 -4.819994199889784947e-02 2.754184519240833739e-01
-2.578923277440651196e-01 -2.491303189628856218e-01 -3.453443511535203569e-04 -2.680843702625023139e-01 -3.453443511535203569e-04 -2.680843702625023139e-01 1.293947320061451522e-01 2.446877820801824366e-01
-2.536688038955000613e-01 2.934569246976078682e-01 -4.266742398824053817e-01 8.275562741067143957e-02 -4.266742398824053817e-01 8.275562741067143957e-02 4.025505380612880990e-01 -2.716878201144040661e-01
-1.158881120517085694e-02 2.664892895181451005e-01 2.185142907009550717e-01 2.071746514926205984e-01 2.185142907009550717e-01 2.071746514926205984e-01 1.776539933402265792e-02 -1.956070486354084537e-01
1.976648845204653782e-02 -3.940478297296450272e-01 -2.313207591193759960e-01 -8.126104331997385799e-02 -2.313207591193759960e-01 -8.126104331997385799e-02 -4.188604700236480197e-03 5.489308077785635120e-01
-4.868599184766482235e-01 1.470027864356598934e-01 1.048803381791163503e-01 4.881620417954063429e-01 1.048803381791163503e-01 4.881620417954063429e-01 6.299994477164592155e-01 -3.624255474349001860e-01
2.214887283519693106e-01 4.535867812462062165e-01 3.622725523387346769e-01 3.500830583777705396e-01 3.622725523387346769e-01 3.500830583777705396e-01 -4.224174471029394917e-01 -2.969030699118849759e-01
4.266826152438742970e-01 -4.853561968994992704e-01 -4.898113454742076822e-01 3.754391192115147380e-01 -4.898113454742076822e-01 3.754391192115147380e-01 -1.249651240807603259e-02 5.388687806168926953e-01
2.605315404167414250e-01 6.972585780467055461e-02 -3.612079810757349296e-01 2.405168067036688173e-01 -3.612079810757349296e-01 2.405168067036688173e-01 -2.968631106982004275e-01 -1.327408461099935932e-01
-3.656362721476413835e-01 -2.557246100712535775e-01 -3.881290694424880394e-01 6.853971513098366941e-02 -3.881290694424880394e-01 6.853971513098366941e-02 1.786318859019166982e-01 1.874298027573241820e-01
-3.142649721241552729e-02 -5.676778448291508461e-03 -1.066210515370169531e-01 -4.046960198830931166e-01 -1.066210515370169531e-01 -4.046960198830931166e-01 3.106969468825405978e-02 4.721379534800534961e-03
-2.010171385413742629e-01 1.619299135854519456e-01 -3.256469045434999821e-01 4.834676983180860033e-01 -3.256469045434999821e-01 4.834676983180860033e-01 2.661185142877733889e-01 -1.761165066590220651e-01
-4.057972678226773322e-01 2.548746057554170941e-01 1.710662745876099233e-01 -1.148287748130365493e-01 1.710662745876099233e-01 -1.148287748130365493e-01 6.126521051285378494e-01 -3.545849636687875006e-01
-2.218440661128835423e-01 3.200075392134118513e-01 4.022847857827490659e-01 3.204551347721781296e-01 4.022847857827490659e-01 3.204551347721781296e-01 3.638276134846462062e-01 -2.668175037294859830e-01
-1.165909339328847771e-01 -3.254712837330582254e-01 3.487807410082419679e-01 3.891141353870687380e-01 3.487807410082419679e-01 3.891141353870687380e-01 4.069693205534040403e-02 4.178093943925608178e-01
-4.804800411768167523e-01 -4.225474248486651430e-01 4.622121372617231660e-01 -4.307062396370203716e-01 4.622121372617231660e-01 -4.307062396370203716e-01 7.442883299592772950e-02 3.702326811256279049e-01
-2.916166860070051881e-01 2.615335028550882512e-01 -4.414364974702963407e-01 3.605106329237851570e-01 -4.414364974702963407e-01 3.605106329237851570e-01 4.441517527718141234e-01 -2.781740212971440807e-01
-1.364002031958939654e-01 -4.210554627131463112e-01 -1.759570048426604139e-01 -1.214306036296791680e-01 -1.759570048426604139e-01 -1.214306036296791680e-01 2.153610185426534096e-02 5.797381499618469158e-01
1.117438629026457075e-01 4.357969561592146546e-01 -3.574319637886389511e-01 4.124183612178122793e-02 -3.574319637886389511e-01 4.124183612178122793e-02 -2.091391335475368818e-01 -2.583646600579834751e-01
3.439536221560056672e-01 5.444552572457439510e-02 -2.548254962737193097e-01 3.125428658818228955e-01 -2.548254962737193097e-01 3.125428658818228955e-01 -3.814070937223163482e-01 -1.697853046473853933e-01
3.118302554393781456e-01 -6.564160374229366379e-02 -5.253626475462647161e-02 -3.837766600700182051e-01 -5.253626475462647161e-02 -3.837766600700182051e-01 -2.708921793145583901e-01 -2.728768432323384896e-02
8.311262884358872061e-02 -2.289982284672872348e-01 8.227544307826872849e-02 -3.665793531418167772e-01 8.227544307826872849e-02 -3.665793531418167772e-01 -4.504733930670676983e-02 2.745307080351510054e-01
3.861342928279523079e-01 1.896764767182459455e-01 2.358791623939706650e-01 -4.424365606685854990e-01 2.358791623939706650e-01 -4.424365606685854990e-01 -5.326154772353471900e-01 -3.027990029957414730e-01
-1.511724277769035396e-01 4.345488617196036074e-02 -1.003415445186774946e-01 -2.362641628128119287e-01 -1.003415445186774946e-01 -2.362641628128119287e-01 1.643107890596720300e-01 -6.441966195970544318e-02
3.056946096400230406e-01 -2.707182614180349001e-01 1.883830610260661675e-02 -1.511356898083753286e-01 1.883830610260661675e-02 -1.511356898083753286e-01 -1.401803831467992589e-01 2.505574441202723102e-01
-2.039200672663520342e-01 -1.454211093286906786e-01 -4.335069786141337866e-01 -4.850721772032992041e-01 -4.335069786141337866e-01 -4.850721772032992041e-01 1.446115024738437449e-01 1.249850145331641432e-01
1.436402193909941394e-01 -1.505931907348309062e-01 4.725580966526976567e-03 1.276165372258100117e-01 4.725580966526976567e-03 1.276165372258100117e-01 -1.003777414791122702e-01 1.526389872038351470e-01
-1.995041302265607719e-01 -3.242050433808846277e-01 4.231399319224408151e-01 -1.640050992373468519e-01 4.231399319224408151e-01 -1.640050992373468519e-01 7.014363983702517902e-02 3.895120555570293908e-01
-2.600993197020222691e-01 -2.666261670889380486e-02 1.997546552294899858e-01 4.598566006008374396e-01 1.997546552294899858e-01 4.598566006008374396e-01 2.462294627671041680e-01 -4.027814427079559612e-02
-1.571919638862326885e-01 -2.275538548049456100e-01 3.641442993023985553e-01 3.683373279166745062e-01 3.641442993023985553e-01 3.683373279166745062e-01 8.565268923288858749e-02 2.546252981311252217e-01
-3.757371603817162287e-01 -4.963979679421682834e-01 -1.016055811684245525e-01 -2.936484292620401559e-01 -1.016055811684245525e-01 -2.936484292620401559e-01 2.706834594027207608e-03 6.016304968275666409e-01
2.392507348926604660e-01 -1.770510689540645277e-01 -9.638606204597577332e-02 3.832113357862453329e-01 -9.638606204597577332e-02 3.832113357862453329e-01 -1.545315381710783975e-01 1.511572358251633275e-01
2.590991182893259692e-01 -3.666053361104062436e-01 -1.799059349738918456e-02 -2.057291444111272183e-01 -1.799059349738918456e-02 -2.057291444111272183e-01 -6.912487959658947245e-02 4.338724554767240393e-01
-4.724715365223040031e-01 -3.207676427223635773e-01 1.069316144298610993e-01 -1.266175477144846351e-01 1.069316144298610993e-01 -1.266175477144846351e-01 1.693643744749588897e-01 2.004301705162786218e-01
2.890101145562437024e-01 4.441883604194307722e-01 -3.021104299943032645e-01 -8.576846935613402501e-02 -3.021104299943032645e-01 -8.576846935613402501e-02 -5.457599724149831966e-01 -3.304119072031417303e-01
2.911535959625322079e-02 1.506493884680204509e-01 4.591679917979264447e-01 -2.194698544892805803e-01 4.591679917979264447e-01 -2.194698544892805803e-01 -3.788778183265734123e-02 -1.288018543866510379e-01
6.091458981015196450e-02 2.464423502866897042e-01 3.423844425760607102e-01 -3.502244890628393170e-01 3.423844425760607102e-01 -3.502244890628393170e-01 -9.093845916927895123e-02 -1.894191055236013055e-01
3.310878277385972401e-01 -4.765623660099742587e-01 -4.625826641014543217e-01 -3.168757168449914952e-01 -4.625826641014543217e-01 -3.168757168449914952e-01 -1.551983065017986663e-02 5.940549050303358669e-01
-3.115853444040648235e-01 9.224984586091800054e-02 4.972396725903323045e-01 1.520528253056152579e-02 4.972396725903323045e-01 1.520528253056152579e-02 3.690727443916568817e-01 -1.808252386469545725e-01
2.779935768965835496e-02 -4.675414656251978274e-01 -2.231075841101840540e-01 -4.419427291669134616e-01 -2.231075841101840540e-01 -4.419427291669134616e-01 -1.804652814334391925e-03 6.853636834161982438e-01
-1.435755582054411006e-01 1.210175512987259339e-01 3.927028347501280159e-01 8.015881620195186574e-02 3.927028347501280159e-01 8.015881620195186574e-02 1.783258831661814758e-01 -1.269862444903901710e-01
1.247544671623863621e-01 -1.770989427664447780e-01 2.651063152941108836e-01 2.938233863918966460e-01 2.651063152941108836e-01 2.938233863918966460e-01 -8.056669868268681589e-02 1.928993012184663236e-01
-2.884731049405415693e-01 1.263424068737182271e-01 -3.149281869975514292e-01 1.497827030604946819e-01 -3.149281869975514292e-01 1.497827030604946819e-01 3.613658777335870265e-01 -1.935967353731107843e-01
-4.065440524135577327e-02 1.618477816145171833e-01 1.214089099948892914e-01 -1.449892548894520239e-01 1.214089099948892914e-01 -1.449892548894520239e-01 5.381405584369783335e-02 -1.373058578665051210e-01
-1.400168048286923872e-01 -3.452540152862999534e-01 1.922047453417906615e-01 2.383601324221884532e-02 1.922047453417906615e-01 2.383601324221884532e-02 4.333407667936391150e-02 4.448496447231764517e-01
3.889993554420075883e-01 3.197729233389011716e-01 -3.495605083913039257e-01 4.356653058961553748e-01 -3.495605083913039257e-01 4.356653058961553748e-01 -6.377822775752857165e-01 -3.688386993724917517e-01
2.646026501940552667e-01 -3.386612021946143747e-01 4.942063474680236101e-02 -1.076031790056405368e-01 4.942063474680236101e-02 -1.076031790056405368e-01 -8.538134695685573039e-02 3.833380495767982898e-01
-1.012428766731736651e-01 2.266106273201105026e-01 -3.567199468854830302e-01 -4.699487953392743611e-01 -3.567199468854830302e-01 -4.699487953392743611e-01 1.471283002623746117e-01 -1.855083709827559380e-01
4.256518130836788316e-01 3.763806204159969582e-01 -3.111385162170565710e-02 -3.799177257005971198e-01 -3.111385162170565710e-02 -3.799177257005971198e-01 -7.460660000629368849e-01 -4.158977149726892364e-01
8.602310120508682711e-02 4.239591989883327861e-01 -2.829539598444194004e-01 3.179480853812930441e-01 -2.829539598444194004e-01 3.179480853812930441e-01 -1.589636713678886371e-01 -2.516177705224446060e-01
-3.034321702056382852e-01 1.885401626025023925e-01 1.510847190320572242e-01 -3.232392384264507479e-01 1.510847190320572242e-01 -3.232392384264507479e-01 4.178504716244407224e-01 -2.450638516040277992e-01
1.168995257350946559e-02 1.882414041462181498e-01 3.754940767880872166e-01 4.976782871612995818e-01 3.754940767880872166e-01 4.976782871612995818e-01 -1.609101874718970107e-02 -1.529432329024492110e-01
-2.210223279256537943e-01 -2.291611714837594738e-01 3.185357477754352518e-01 4.419024196457799203e-01 3.185357477754352518e-01 4.419024196457799203e-01 1.197228567426328605e-01 2.328251445578932433e-01
2.703293631175914813e-01 -1.316049837702383263e-01 3.215071054177641718e-01 4.251937166460419970e-01 3.215071054177641718e-01 4.251937166460419970e-01 -1.991759802261724999e-01 7.584689095984038787e-02
3.635855798511099524e-01 2.023209660799887288e-01 4.128825568271233815e-01 -1.635898583800922124e-01 4.128825568271233815e-01 -1.635898583800922124e-01 -5.107075513875688477e-01 -2.935816666401166453e-01
2.861273781970613550e-01 -7.502002298205712183e-02 -4.611571617099474718e-02 3.148678109217950549e-01 -4.611571617099474718e-02 3.148678109217950549e-01 -2.431968132207827649e-01 -1.220849723638672835e-03
-4.902916916668513814e-01 -4.347484098090449445e-01 2.577369170222534311e-01 -4.536392895407516113e-01 2.577369170222534311e-01 -4.536392895407516113e-01 6.398462507735097615e-02 3.833686467229953654e-01
4.220521803674396333e-01 8.589572798464106818e-02 6.903491206435519167e-02 3.952894288779313925e-01 6.903491206435519167e-02 3.952894288779313925e-01 -4.945571389277721441e-01 -2.566456948515394298e-01
2.659078564803155631e-01 -2.917988337275484456e-01 2.030829093300141608e-01 1.195870122090721965e-01 2.030829093300141608e-01 1.195870122090721965e-01 -1.107246516804187286e-01 3.062384049543498410e-01
3.713508804839094068e-01 6.284459741074255312e-02 4.583506440989603137e-01 -9.198911609452686822e-02 4.583506440989603137e-01 -9.198911609452686822e-02 -4.180256736481815505e-01 -1.967966304231990038e-01
2.384402961989700032e-01 2.552307097680160952e-01 3.463798002679616683e-01 3.663040275848649108e-01 3.463798002679616683e-01 3.663040275848649108e-01 -3.601548682712882310e-01 -2.469417694107833849e-01
-2.297961515286388590e-01 2.884872555979374198e-01 -3.663673778961401561e-01 -4.279634838954985421e-01 -3.663673778961401561e-01 -4.279634838954985421e-01 3.623826737315684610e-01 -2.580686302128809007e-01
-2.166095601321504915e-02 -2.021148731615700633e-01 4.468151972054211774e-01 -6.253306234901923055e-02 4.468151972054211774e-01 -6.253306234901923055e-02 1.290495325887643270e-02 2.424960980992811876e-01
-3.571242021206693096e-01 3.379508782022134783e-01 3.507189022138890167e-02 3.659940523894027464e-01 3.507189022138890167e-02 3.659940523894027464e-01 5.985050775885593088e-01 -3.512777778648908389e-01
-2.472837212473170121e-01 -3.825156920008175865e-01 -1.981406104923977285e-01 4.894326901856379530e-01 -1.981406104923977285e-01 4.894326901856379530e-01 5.810391374040752011e-02 4.676847078337611485e-01
-5.873970644530135399e-02 2.583285357930142911e-02 2.081414376187473714e-02 3.521424391729625070e-01 2.081414376187473714e-02 3.521424391729625070e-01 6.177453491708659317e-02 -2.861587036853198082e-02
3.389822105081446990e-01 -3.105828666018598527e-01 3.471941361154695649e-02 1.370794512766090323e-01 3.471941361154695649e-02 1.370794512766090323e-01 -1.284180771748353322e-01 2.921356445875004093e-01
