3.895200639461449121e-01 3.361857276979363096e-01 -2.342147752833589891e-02 -4.196375123681935770e-01 -2.342147752833589891e-02 -4.196375123681935770e-01 -6.514222362475077244e-01 -3.748907644067541733e-01
4.938520114212728851e-01 -5.429780291320507324e-02 -3.254362861162664045e-01 1.128277893009871358e-01 -3.254362861162664045e-01 1.128277893009871358e-01 -4.402218530523885343e-01 -1.866437548704307225e-01
1.257886201294436956e-01 4.885723617902970606e-01 3.405134753618568322e-01 -3.958203074714418124e-01 3.405134753618568322e-01 -3.958203074714418124e-01 -2.487023065754133122e-01 -2.656921860390176193e-01
2.974049390325935738e-01 -1.602608517501262764e-01 2.032941537203996063e-01 4.464566627870004689e-01 2.032941537203996063e-01 4.464566627870004689e-01 -2.020802013444779333e-01 9.749469459282152084e-02
1.542419346310835992e-01 1.803914838039583080e-01 -2.431465127148435545e-01 -9.349544889760452726e-02 -2.431465127148435545e-01 -9.349544889760452726e-02 -2.098897975368722302e-01 -1.716409707737040213e-01
4.567475933072475680e-01 3.317835829644307788e-01 -4.353493350552143371e-01 1.539239101965452772e-01 -4.353493350552143371e-01 1.539239101965452772e-01 -7.598302993429660868e-01 -4.303216010316782691e-01
3.614007965823308188e-01 4.127308102741941154e-01 1.186351410071623258e-01 -1.129354676067328977e-01 1.186351410071623258e-01 -1.129354676067328977e-01 -6.597232837966600094e-01 -3.729946242949445656e-01
-3.660457918283089862e-01 -3.678703816137507410e-02 -2.028292061021524928e-01 -3.370621586383084622e-01 -2.028292061021524928e-01 -3.370621586383084622e-01 3.391143108027114828e-01 -9.584919737715219545e-02
1.152545734642762554e-01 3.232138906409891543e-01 4.767732687444159456e-01 -1.977995918168484746e-02 4.767732687444159456e-01 -1.977995918168484746e-02 -1.897583316713891133e-01 -2.320302882421361179e-01
-2.537464110322101840e-01 4.006979568746575904e-01 -4.668630766211878669e-02 -6.777679988347062867e-02 -4.668630766211878669e-02 -6.777679988347062867e-02 4.570977479619775519e-01 -3.045263453428599942e-01
5.277996013144459209e-02 4.903937285006211289e-01 -1.432249785499692951e-01 -4.166102798060571377e-01 -1.432249785499692951e-01 -4.166102798060571377e-01 -1.045458830093910774e-01 -2.526934437393570931e-01
-3.019728881838303902e-01 9.480102257983791247e-03 -4.806139182701524293e-01 1.201356906993448215e-01 -4.806139182701524293e-01 1.201356906993448215e-01 3.076983559020732284e-01 -1.005778551172460955e-01
-1.587900408457478818e-01 1.438936007559868946e-01 1.736933743788346973e-01 6.353134326567366763e-02 1.736933743788346973e-01 6.353134326567366763e-02 2.044877823287176710e-01 -1.484025094892578167e-01
-1.315967699679877478e-01 4.864786207905855697e-01 -3.921204130657279796e-01 3.442225249535854070e-01 -3.921204130657279796e-01 3.442225249535854070e-01 2.596348002770330066e-01 -2.671348821702826948e-01
-2.884024165838602327e-01 -8.743672687308245983e-03 2.749964549109705780e-01 -3.242580069459277681e-02 2.749964549109705780e-01 -3.242580069459277681e-02 2.833590239181842385e-01 -7.435582939203942698e-02
3.465614853574680021e-01 6.254835339333797428e-03 2.877663456138178644e-01 3.896609520124899584e-01 2.877663456138178644e-01 3.896609520124899584e-01 -3.508968554091997927e-01 -1.263205755073861236e-01
4.645510800892551639e-01 -3.985118434539286492e-01 7.985285689047805224e-02 -4.146721181327218675e-01 7.985285689047805224e-02 -4.146721181327218675e-01 -9.429286547948972919e-02 3.415158268148836274e-01
1.529069507012145168e-01 2.115508048155300136e-01 -1.092379745565513760e-01 1.504586230029228977e-01 -1.092379745565513760e-01 1.504586230029228977e-01 -2.176021276666755266e-01 -1.901775973701751721e-01
7.027420975071907439e-02 4.013201122064953275e-01 3.705106007648173438e-01 -2.346341479241964567e-02 3.705106007648173438e-01 -2.346341479241964567e-02 -1.266791172354818085e-01 -2.452007443011494092e-01
4.403975501846133511e-01 1.895994928160810167e-01 -2.349637674728497494e-01 -1.601049459395051944e-01 -2.349637674728497494e-01 -1.601049459395051944e-01 -6.073958544895079470e-01 -3.476015273485748569e-01
8.361170216741875549e-06 -4.127443847938970789e-01 -2.211756834025025986e-01 1.812390540806411154e-01 -2.211756834025025986e-01 1.812390540806411154e-01 -1.459118102209514396e-06 5.831023119028805324e-01
6.086833512638833987e-03 -2.812531952022430115e-01 2.609607187295761577e-01 -2.643274548027856330e-01 2.609607187295761577e-01 -2.643274548027856330e-01 -2.662950764451305075e-03 3.603195054715034318e-01
3.248904812066794046e-01 3.927781993958104900e-01 -3.179144616348001939e-01 -1.848754078189103200e-01 -3.179144616348001939e-01 -1.848754078189103200e-01 -5.801102776250752768e-01 -3.440573102539031258e-01
-2.464517327750770370e-01 2.206473235416404055e-01 -1.762366490870185265e-01 -2.783459021905704267e-01 -1.762366490870185265e-01 -2.783459021905704267e-01 3.552095632131176961e-01 -2.327005387433890571e-01
-2.392799802805479770e-01 3.680902504100880268e-02 4.595108930694833393e-01 4.537998099991555900e-01 4.595108930694833393e-01 4.537998099991555900e-01 2.568953058524655608e-01 -9.270902967959862573e-02
-3.319468794095146169e-01 1.143392207659897908e-01 2.493386932244817666e-01 -1.109040616726032491e-01 2.493386932244817666e-01 -1.109040616726032491e-01 4.078559744642863971e-01 -2.114544941103309039e-01
-3.355809138298799787e-01 -6.926204473824304486e-02 4.789061753822561052e-01 -3.132468288293465131e-01 4.789061753822561052e-01 -3.132468288293465131e-01 2.890948732959087164e-01 -3.855527414733189717e-02
8.268488852903455033e-02 3.159795485724871122e-01 1.367722605778523004e-01 1.508013172746959230e-01 1.367722605778523004e-01 1.508013172746959230e-01 -1.349383560313760499e-01 -2.229732642474732407e-01
-6.325273697320099586e-02 4.389688839704706247e-01 -2.945939872656692105e-01 4.858998346319036710e-01 -2.945939872656692105e-01 4.858998346319036710e-01 1.187847036876085172e-01 -2.502761116107911077e-01
4.804850789987784587e-01 -1.392937064094625921e-01 -4.394528277729455867e-01 -1.966202545818590552e-01 -4.394528277729455867e-01 -1.966202545818590552e-01 -3.466279839424118991e-01 -7.216946808571422789e-02
1.575123876590439620e-01 -1.194337210442084629e-01 -4.600464788240561376e-01 2.888400763783033343e-01 -4.600464788240561376e-01 2.888400763783033343e-01 -1.198878065216890110e-01 1.088879825006213165e-01
-2.512657111073697269e-01 -3.703298519706835767e-01 4.342182304429377249e-01 -2.274116015558058645e-01 4.342182304429377249e-01 -2.274116015558058645e-01 6.516332390796816809e-02 4.443395936530197821e-01
-4.744490581503072457e-01 4.919252374110122394e-01 -4.749791799759904842e-01 3.698982156963921408e-01 -4.749791799759904842e-01 3.698982156963921408e-01 9.412359892903493508e-01 -4.750367069888450922e-01
2.290008018214769736e-01 3.919155777344646152e-01 -1.291453725820940202e-01 -3.638503610152753476e-01 -1.291453725820940202e-01 -3.638503610152753476e-01 -4.084987649165165435e-01 -2.907591248984048304e-01
-1.130996569876318025e-01 4.406689578647158267e-01 4.751069314166164181e-01 4.744129191001166257e-01 4.751069314166164181e-01 4.744129191001166257e-01 2.127786729468248705e-01 -2.592713598498611050e-01
3.550999869224471528e-01 4.459771445389442146e-01 1.054035416997008978e-01 4.404450253327685250e-01 1.054035416997008978e-01 4.404450253327685250e-01 -6.718329433094260006e-01 -3.731775318001560038e-01
-1.764714851799558115e-01 3.543546853419349274e-01 2.262129746825055632e-01 -3.132313932797856637e-01 2.262129746825055632e-01 -3.132313932797856637e-01 3.015384803854901374e-01 -2.599296273997725448e-01
-1.726058163534591738e-01 5.088286268506303500e-02 -3.336481841522087599e-01 -3.077514406805594849e-01 -3.336481841522087599e-01 -3.077514406805594849e-01 1.901711724577717089e-01 -7.808656480908013342e-02
4.634430408445728844e-01 -3.974501338432379072e-02 -3.370153895650563891e-01 -8.907394411555058511e-02 -3.370153895650563891e-01 -8.907394411555058511e-02 -4.266039411220943212e-01 -1.734547726340205931e-01
-2.678817485638360640e-01 1.748476010454057539e-01 2.332517022566393816e-02 -5.694621564953439297e-02 2.332517022566393816e-02 -5.694621564953439297e-02 3.615587107643066789e-01 -2.160365486676906754e-01
-2.791620849385381131e-01 -2.831905105590430960e-01 -3.932913721403957785e-01 -3.661893822732362747e-01 -3.932913721403957785e-01 -3.661893822732362747e-01 1.210499782135949776e-01 2.854559061625030481e-01
-1.884705966570153768e-01 -1.089980377575597847e-01 -1.000696493197851256e-01 -2.623027065000033131e-01 -1.000696493197851256e-01 -2.623027065000033131e-01 1.473847462357930072e-01 8.535744418830684688e-02
2.663842385283332614e-02 1.442743144075572248e-01 -2.987180620328564462e-01 2.584135395012860936e-01 -2.987180620328564462e-01 2.584135395012860936e-01 -3.432490452936422243e-02 -1.241688422351497484e-01
1.775848402279094351e-01 3.122540830404698653e-01 -3.208779873063554167e-01 4.359153970116604881e-01 -3.208779873063554167e-01 4.359153970116604881e-01 -2.884880231224178360e-01 -2.462878461437973399e-01
4.431707226672082500e-01 -2.446306975939304129e-01 -2.426413072764022072e-01 -1.900220172657232087e-01 -2.426413072764022072e-01 -1.900220172657232087e-01 -2.263443965886373921e-01 1.080745863698478471e-01
-2.333741073702053637e-01 -4.346008653559019219e-02 8.182728984183940124e-02 -4.920716175469881382e-01 8.182728984183940124e-02 -4.920716175469881382e-01 2.130891895672548664e-01 -9.114608333568967324e-03
-8.324655980466288963e-02 3.958538507864122202e-01 4.330973092437726546e-01 -1.683074347417190531e-01 4.330973092437726546e-01 -1.683074347417190531e-01 1.491535023314572161e-01 -2.460835693232924226e-01
-2.541888360958692861e-01 -3.863660753045184970e-01 -2.747795791481922878e-01 5.044108210170472617e-02 -2.747795791481922878e-01 5.044108210170472617e-02 5.776895011870020191e-02 4.710328550549626736e-01
1.196414637099646461e-01 -2.139377184116185715e-01 -4.963012733190830250e-02 -4.399472960239817487e-01 -4.963012733190830250e-02 -4.399472960239817487e-01 -6.844982016289205551e-02 2.453929859321247742e-01
-4.034690843393874404e-01 -2.569488424525057102e-02 -3.091395477129326164e-01 2.178439247690788783e-01 -3.091395477129326164e-01 2.178439247690788783e-01 3.827349015021118683e-01 -1.364321906960363207e-01
1.357812126574642342e-02 -4.360749039200052524e-01 -1.733063752576815553e-01 3.511911013000021953e-01 -1.733063752576815553e-01 3.511911013000021953e-01 -1.735965412997319407e-03 6.260518603717397657e-01
1.018171214054673923e-01 -1.776182039333795704e-01 4.362808605548839092e-01 2.420699676863024008e-01 4.362808605548839092e-01 2.420699676863024008e-01 -6.564797293805543776e-02 1.987997040906034907e-01
-1.594642564532489093e-02 -3.421867133319670407e-01 3.908615623178063325e-01 4.308318619285417261e-01 3.908615623178063325e-01 4.308318619285417261e-01 5.033115683392258913e-03 4.590241716220389567e-01
2.007523466071562401e-01 -7.262253058204548584e-02 -4.814615011791566479e-01 2.257803446771435851e-01 -4.814615011791566479e-01 2.257803446771435851e-01 -1.715940597453650407e-01 3.759505786190582566e-02
4.613901971756730891e-01 3.165558714646763416e-01 3.181094217496508447e-01 -2.106772934895763116e-01 3.181094217496508447e-01 -2.106772934895763116e-01 -7.535017490800811624e-01 -4.292291657557221196e-01
4.367810722341859409e-01 -5.025786002756071902e-02 -3.975630336306020807e-01 -1.477813439571794563e-01 -3.975630336306020807e-01 -1.477813439571794563e-01 -3.928777082521187625e-01 -1.379939925399345513e-01
-1.246185627462501611e-01 -4.831330384642162912e-02 -4.054435395433095835e-01 3.236828026438454131e-01 -4.054435395433095835e-01 3.236828026438454131e-01 1.125770937725222715e-01 3.511769299403719874e-02
2.442558911563786905e-01 -1.189945148935249719e-01 -3.585119877003496436e-01 3.932223228030616857e-01 -3.585119877003496436e-01 3.932223228030616857e-01 -1.861256686003008587e-01 7.349326910367359744e-02
-3.295228665162293069e-01 3.986993194285377573e-01 2.592627558464896120e-01 2.471283469880256600e-01 2.592627558464896120e-01 2.471283469880256600e-01 5.922839517485523064e-01 -3.483234916728312758e-01
-3.242758067432693903e-01 -1.647839074947992088e-01 -8.980386250011263005e-02 3.390379458764325449e-01 -8.980386250011263005e-02 3.390379458764325449e-01 2.174049376609007989e-01 8.678284482505554953e-02
-3.799602078225859936e-01 -4.124935551506538900e-01 4.945513275148214483e-01 2.638919794739624791e-01 4.945513275148214483e-01 2.638919794739624791e-01 6.649793394154640547e-02 4.382747286628966843e-01
4.379131190646037286e-01 -3.629293064431641236e-01 8.558968593287219484e-02 -4.256021159461946812e-01 8.558968593287219484e-02 -4.256021159461946812e-01 -1.200501098956449630e-01 3.028790880695904075e-01
4.643668363057484871e-01 -4.869980422411279708e-01 2.382068609150509442e-01 -1.803871741649893945e-01 2.382068609150509442e-01 -1.803871741649893945e-01 -1.207535598053677273e-02 5.085285767272096358e-01
3.131817161798929883e-01 -2.148146795095858819e-01 3.895819112284482078e-01 2.896722189696708805e-01 3.895819112284482078e-01 2.896722189696708805e-01 -1.786296562010013800e-01 1.628772386930089355e-01
3.006773534326545594e-03 8.658448549203923150e-02 2.914470323613471692e-02 -4.420094507883985946e-01 2.914470323613471692e-02 -4.420094507883985946e-01 -3.527453413248034155e-03 -7.909665305120480716e-02
-4.966645552009227860e-01 -3.449124313993801039e-03 -4.491152934097930594e-02 1.883531773265177955e-01 -4.491152934097930594e-02 1.883531773265177955e-01 4.932384396144379735e-01 -2.432146596204032840e-01
1.293597228295821910e-01 -2.049791969079273191e-01 -3.260979459958813775e-01 -1.038241422954997439e-01 -3.260979459958813775e-01 -1.038241422954997439e-01 -7.632761863390252755e-02 2.302617301823998153e-01
1.622020192683257811e-01 -1.991182866170109200e-01 -2.807191686074710368e-01 -2.660288306206078923e-01 -2.807191686074710368e-01 -2.660288306206078923e-01 -9.760724294326894590e-02 2.124568836275826933e-01
2.089911722935778871e-01 6.557901650510167268e-02 3.111398698335536839e-01 -4.189785047388699946e-01 3.111398698335536839e-01 -4.189785047388699946e-01 -2.364020433681000566e-01 -1.049557191959692437e-01
3.486845142673233866e-01 1.043469372958427677e-01 4.224811374351783444e-01 -4.020895139764132376e-01 4.224811374351783444e-01 -4.020895139764132376e-01 -4.214528365598909643e-01 -2.150395444626594932e-01
-3.930543156900170310e-01 4.536915489132353763e-01 1.745451027902100716e-02 8.923124807753268772e-02 1.745451027902100716e-02 8.923124807753268772e-02 7.497051582748882614e-01 -4.023472224404922581e-01
-3.872237847619285356e-01 -3.650531679176446387e-01 -4.174141652060864294e-01 3.401712679043807919e-01 -4.174141652060864294e-01 3.401712679043807919e-01 1.045092461211241663e-01 3.483747238390003664e-01
9.187906853578364785e-02 1.218425942287253427e-01 6.312738690512698092e-02 4.028208593905713286e-02 6.312738690512698092e-02 4.028208593905713286e-02 -1.142686366672211185e-01 -1.154387396953427541e-01
-1.131101146792375944e-01 4.661141753860624792e-01 2.577139778984488538e-01 3.443565152028081888e-01 2.577139778984488538e-01 3.443565152028081888e-01 2.185545703423091846e-01 -2.616456489329836987e-01
2.623352442240588500e-01 4.476249676938953703e-01 4.849930426685167273e-01 -3.646044045643971332e-01 4.849930426685167273e-01 -3.646044045643971332e-01 -4.971908546655878780e-01 -3.160766363530310707e-01
2.573324981095792552e-02 1.310114149919070492e-01 -4.255368275834837677e-01 3.466656687751333843e-01 -4.255368275834837677e-01 3.466656687751333843e-01 -3.247594875110557111e-02 -1.145096242795585334e-01
-6.761090455515261777e-02 3.401458554502245768e-02 -4.115580310343186499e-01 2.977385598370726472e-01 -4.115580310343186499e-01 2.977385598370726472e-01 7.221041834868779929e-02 -3.742882792998876440e-02
-5.864508064515328023e-02 2.455532583314522510e-01 1.910556395190344814e-01 -1.119529342092159263e-01 1.910556395190344814e-01 -1.119529342092159263e-01 8.744606192020962232e-02 -1.886961011381358411e-01
-1.069871187287441128e-02 2.680937337729781822e-01 3.461625000071701930e-01 -1.150190459124079689e-01 3.461625000071701930e-01 -1.150190459124079689e-01 1.643522709799479647e-02 -1.963339461203804648e-01
-4.582022901846899421e-01 -1.658570201888429629e-01 4.489179993614693664e-01 7.062776434051698526e-02 4.489179993614693664e-01 7.062776434051698526e-02 3.062101571972175584e-01 -1.658376739572958725e-02
-1.913910738597852657e-01 -4.596886595176455925e-01 -4.582122177353551429e-01 6.274297206326195919e-02 -4.582122177353551429e-01 6.274297206326195919e-02 1.543046148729049216e-02 6.343717800535737528e-01
-4.109498037022456529e-01 3.134368490482173364e-01 -2.914501413851795508e-01 -2.597573800522029464e-01 -2.914501413851795508e-01 -2.597573800522029464e-01 6.685634268810762837e-01 -3.840739318698566107e-01
-3.378165523560610062e-01 4.098260960467660086e-01 -4.419839196371451173e-01 -2.740851616557428150e-01 -4.419839196371451173e-01 -2.740851616557428150e-01 6.147086300201858311e-01 -3.559886900915682495e-01
-2.259407474639463231e-01 3.268086103496061767e-01 -2.459433018861006959e-01 -8.795810929543490531e-02 -2.459433018861006959e-01 -8.795810929543490531e-02 3.736195108640335549e-01 -2.710539639155322145e-01
1.923992458812310291e-01 1.475791280051264032e-03 1.635825751903960956e-01 -2.287932937505996467e-01 1.635825751903960956e-01 -2.287932937505996467e-01 -1.929671281399509553e-01 -3.849108313581538210e-02
1.089301489343915685e-01 -2.568177305664165466e-01 -1.543667786944533660e-01 -7.766647344331545355e-02 -1.543667786944533660e-01 -7.766647344331545355e-02 -5.297976165520716652e-02 3.109072999528323389e-01
4.705803133771735425e-01 1.779434434790585495e-01 -1.568308020994757523e-01 -2.141536725835710975e-01 -1.568308020994757523e-01 -2.141536725835710975e-01 -6.380536761687509717e-01 -3.677254057400324849e-01
4.790778009037666152e-02 -1.756049359832199119e-01 6.628623411616652028e-02 -2.921721829780810076e-02 6.628623411616652028e-02 -2.921721829780810076e-02 -3.108209477863911954e-02 2.041468741317027935e-01
-3.654200546550664397e-01 1.477694778943420273e-01 3.441509411190785128e-01 -4.916952748564041853e-01 3.441509411190785128e-01 -4.916952748564041853e-01 4.734159160320686177e-01 -2.594654756412873020e-01
6.997665199255020951e-02 -3.058900389812149179e-01 -1.606092223891797399e-02 -3.510073262082276102e-01 -1.606092223891797399e-02 -3.510073262082276102e-01 -2.716633038099802028e-02 3.945620231050576132e-01
4.831383610430722841e-01 4.292290834384104858e-02 9.116422321607320356e-02 -3.241332570413699710e-01 9.116422321607320356e-02 -3.241332570413699710e-01 -5.246137682199630836e-01 -2.745032081945333324e-01
4.985032604111037102e-01 4.320506005232922497e-01 -3.602778919299227667e-01 5.864633122777385132e-02 -3.602778919299227667e-01 5.864633122777385132e-02 -9.292605264579767432e-01 -4.938883797512554352e-01
3.440920891688767913e-01 2.250322462207532404e-02 -1.285326915306812534e-01 -4.043949325350248980e-02 -1.285326915306812534e-01 -4.043949325350248980e-02 -3.595784523153696122e-01 -1.403961953322860057e-01
4.032961504890154592e-01 -6.647702086110984787e-02 -2.067241674128127427e-01 1.322126751580831039e-01 -2.067241674128127427e-01 1.322126751580831039e-01 -3.496762972704883232e-01 -9.175156983558033219e-02
-1.048492415324961957e-01 -2.439785835527592539e-01 -6.749797039589078285e-02 -3.686723902509730921e-01 -6.749797039589078285e-02 -3.686723902509730921e-01 5.368730266113707489e-02 2.925107693352302363e-01
-2.197317122298012571e-01 -1.558149334002710829e-01 3.543417343178004719e-01 2.728828749859857350e-02 3.543417343178004719e-01 2.728828749859857350e-02 1.512567480157732125e-01 1.318112015113618030e-01
-5.542905824929078573e-02 -3.874645316922584737e-01 5.387291569962149307e-02 -2.680116584603987606e-01 5.387291569962149307e-02 -2.680116584603987606e-01 1.247547005588204444e-02 5.345209145133563711e-01
-4.122124451150055435e-01 1.844813301525406457e-01 -4.166320041149109699e-01 -2.255489636784426821e-01 -4.166320041149109699e-01 -2.255489636784426821e-01 5.643034454755002649e-01 -3.203670688853814119e-01
1.440206047122061239e-02 1.004095494951700029e-01 -4.092064960143293462e-01 -3.394506468759029838e-01 -4.092064960143293462e-01 -3.394506468759029838e-01 -1.729426927865552674e-02 -9.053489121116370386e-02
-1.821015098046563363e-01 -1.008177826924707698e-01 -3.073536581737617013e-01 3.067608930522425226e-02 -3.073536581737617013e-01 3.067608930522425226e-02 1.453833689177429778e-01 7.782104812636167490e-02
-2.914975054744775029e-01 3.021410944492819439e-03 -1.511453310110149051e-01 4.226361758764536347e-01 -1.511453310110149051e-01 4.226361758764536347e-01 2.932589729811433954e-01 -8.798307771824034895e-02
-1.287649011056235526e-01 2.202579498312028372e-01 -1.767684343070009545e-01 3.955472445492468347e-01 -1.767684343070009545e-01 3.955472445492468347e-01 1.854878873611079948e-01 -1.883247851240991699e-01
3.063352144105170316e-01 -3.956411087712260466e-01 2.003775126869206114e-01 1.474684213712845748e-01 2.003775126869206114e-01 1.474684213712845748e-01 -6.393760664042058561e-02 4.583317321330137029e-01
7.670966045295124491e-02 -3.460366096054725560e-01 1.317201622209832612e-01 -4.456360124317553240e-01 1.317201622209832612e-01 -4.456360124317553240e-01 -2.362095879869875042e-02 4.598935727859156941e-01
4.729106898748248744e-01 -1.861317958974253450e-01 -2.238447973239906519e-01 3.512209482986310416e-01 -2.238447973239906519e-01 3.512209482986310416e-01 -2.968632578638418229e-01 -2.867679256456645565e-03
-1.424817676447679426e-01 6.666347189739441070e-02 6.665445186917606790e-02 -4.613517331914623876e-01 6.665445186917606790e-02 -4.613517331914623876e-01 1.614784262713240826e-01 -8.252050752315735760e-02
-2.162441925347453608e-01 2.987126238028706693e-01 4.047349421426053029e-01 -9.969843845784687186e-02 4.047349421426053029e-01 -9.969843845784687186e-02 3.454339328031191814e-01 -2.562449429886793362e-01
-3.894168522038389257e-01 3.421465667798018195e-02 4.949487819054583237e-01 2.588867438570384705e-01 4.949487819054583237e-01 2.588867438570384705e-01 4.160643800093871136e-01 -1.846894987267346522e-01
-4.977282038262675901e-02 -2.564492616998652608e-01 -4.284580126728059213e-01 7.330474750129623018e-02 -4.284580126728059213e-01 7.330474750129623018e-02 2.424441430293748298e-02 3.197381518774300435e-01
1.933338285892228781e-01 -4.297423264967051848e-01 4.314150208726028612e-01 -3.355181506208784192e-01 4.314150208726028612e-01 -3.355181506208784192e-01 -2.716637001232716231e-02 5.770428244025389564e-01
-3.978620517688065128e-01 -3.376903999827970404e-01 -4.387811711055252806e-01 -4.729180057141973981e-01 -4.387811711055252806e-01 -4.729180057141973981e-01 1.291536609692373605e-01 2.934309939856540317e-01
-3.155601343530847203e-01 3.125176994222678140e-01 3.321709215829121709e-01 3.207180142960941449e-01 3.321709215829121709e-01 3.207180142960941449e-01 5.127963887879002369e-01 -3.144285853630177652e-01
-1.992469299966458385e-01 -1.969537719059494263e-01 -2.762624341536648043e-01 -2.056460991797786075e-01 -2.762624341536648043e-01 -2.056460991797786075e-01 1.207620611896057239e-01 1.960452210608418788e-01
1.626352006348812385e-01 1.252204719376199815e-01 3.807517152847169628e-01 1.701617172448443016e-01 3.807517152847169628e-01 1.701617172448443016e-01 -2.033657137892199152e-01 -1.359905138308877826e-01
-3.133728544135198080e-01 1.411773094303422349e-01 2.845627794160681123e-01 3.829783494176839387e-01 2.845627794160681123e-01 3.829783494176839387e-01 4.018551272827339815e-01 -2.194488226156287025e-01
-4.511319137706486515e-01 -5.798466484961184442e-02 -3.890688588060452480e-01 3.632552803412234521e-01 -3.890688588060452480e-01 3.632552803412234521e-01 3.988144481247385409e-01 -1.421731174150343002e-01
4.139154771651319953e-01 -3.869486464105139634e-01 -1.433820215679915133e-02 1.796608722146830761e-02 -1.433820215679915133e-02 1.796608722146830761e-02 -9.358740993031233746e-02 3.653518791326040294e-01
-4.179050777249752047e-01 -2.223469274125100537e-01 -2.743283985293791805e-01 2.190453708521489240e-01 -2.743283985293791805e-01 2.190453708521489240e-01 2.320652577605063493e-01 9.714042955397650392e-02
-4.722557020139124262e-01 4.155751306731022554e-01 -4.243492934770062286e-01 -1.652509171415744715e-01 -4.243492934770062286e-01 -1.652509171415744715e-01 8.647711521650109923e-01 -4.658978895237895212e-01
-8.026453869317928813e-02 -5.739890408697523316e-02 3.364316822527514406e-01 1.545350357774698535e-01 3.364316822527514406e-01 1.545350357774698535e-01 7.105034557710906973e-02 5.425114210573214052e-02
-2.331727248971333655e-01 -2.667356411774486347e-01 -2.051775487020679467e-01 -3.957827311445907270e-01 -2.051775487020679467e-01 -3.957827311445907270e-01 1.087817723360739453e-01 2.835140238158390114e-01
-4.203545229909390057e-01 3.509320488288052431e-01 2.242438157483649386e-01 -5.535065882824041772e-03 2.242438157483649386e-01 -5.535065882824041772e-03 7.153862709662697217e-01 -4.044766709325621767e-01
3.539752926394887922e-01 -2.594357555884373445e-01 -4.071695362623163339e-01 -1.540128826934572537e-01 -4.071695362623163339e-01 -1.540128826934572537e-01 -1.703075976283607851e-01 2.014441590669689974e-01
-3.188497705913535540e-01 -1.192828283891843588e-01 4.602641195016774489e-01 6.068057547610439251e-02 4.602641195016774489e-01 6.068057547610439251e-02 2.427831656565950791e-01 3.184604533154916650e-02
-6.400509785799624041e-02 -3.029797409402721353e-01 1.276310734226936416e-01 1.101197106678578619e-01 1.276310734226936416e-01 1.101197106678578619e-01 2.522060192225130532e-02 3.906798118086948768e-01
4.542886365563276740e-01 4.116280842532149542e-01 4.053251013139050896e-01 -2.762631134918474007e-01 4.053251013139050896e-01 -2.762631134918474007e-01 -8.282845588837000061e-01 -4.485685698114503239e-01
4.334523058390271633e-02 7.874770447052481526e-02 3.031589867972328545e-01 1.973423663143769602e-02 3.031589867972328545e-01 1.973423663143769602e-02 -5.017190540035856849e-02 -7.442531252551939924e-02
4.038461648748865596e-01 -3.974299599887556322e-01 -3.672468014845375883e-01 -3.753964485501282144e-02 -3.672468014845375883e-01 -3.753964485501282144e-02 -8.284503457920938674e-02 3.922888082012654931e-01
3.125055814922135244e-01 3.935934929285727080e-01 7.831656269773323853e-02 3.860556741253849955e-01 7.831656269773323853e-02 3.860556741253849955e-01 -5.585059082506036443e-01 -3.363373937166448391e-01
1.966211158111946800e-01 8.143752908845980354e-02 -1.332680739667382319e-01 6.791893546623206657e-02 -1.332680739667382319e-01 6.791893546623206657e-02 -2.286457914877538522e-01 -1.134653211272652895e-01
-2.920249836169723778e-01 4.032549715047770711e-01 -1.807204986216695008e-01 1.464220734822493375e-01 -1.807204986216695008e-01 1.464220734822493375e-01 5.275460365112627503e-01 -3.259189905179514790e-01
2.130072935469810025e-01 -5.958774893863050259e-02 2.570037251649800458e-01 -3.911501643028792996e-01 2.570037251649800458e-01 -3.911501643028792996e-01 -1.876220432870316646e-01 1.776634165799403225e-02
-2.759986819872978225e-01 -3.730515436720229783e-01 2.837014145265061016e-01 -3.796409427816423987e-01 2.837014145265061016e-01 -3.796409427816423987e-01 7.007521325368740173e-02 4.360437254493766956e-01
4.000439379152620489e-03 -4.169715011076328137e-01 2.653961069359148661e-01 -2.566688020059610942e-01 2.653961069359148661e-01 -2.566688020059610942e-01 -6.643009531219108699e-04 5.908207303283592449e-01
-4.905496258621007133e-01 -2.235053719051304233e-01 4.228900617161985842e-01 8.000538695964587443e-02 4.228900617161985842e-01 8.000538695964587443e-02 2.712686727296378941e-01 3.282108774213410296e-02
-4.207618292992003628e-01 4.413393459469506785e-01 -4.607706945581956370e-01 -2.960322069892574737e-01 -4.607706945581956370e-01 -2.960322069892574737e-01 7.921593303839036260e-01 -4.235994446612778574e-01
1.409386397788642276e-01 -2.758895718811148479e-01 4.777412921273238577e-01 3.708098829491840442e-01 4.777412921273238577e-01 3.708098829491840442e-01 -6.317163779866920292e-02 3.321409275711432185e-01
-3.377014014976861267e-01 -3.630376515132434090e-01 2.800699914779801736e-01 -4.140960526600638847e-01 2.800699914779801736e-01 -4.140960526600638847e-01 9.250475407278438422e-02 3.807917513559931910e-01
-4.124374909988771654e-01 -3.073221709775386667e-02 -9.676170692750951652e-03 -1.787570327831832229e-01 -9.676170692750951652e-03 -1.787570327831832229e-01 3.870872539736163742e-01 -1.384279977159515451e-01
2.316932617519518178e-02 -5.026105569080940860e-02 -2.607306032287964870e-01 -1.116135165418163933e-02 -2.607306032287964870e-01 -1.116135165418163933e-02 -2.084029658877515484e-02 5.225041173455147181e-02
4.247882362767179121e-01 -4.077044319236212688e-01 3.025280225021714786e-01 -2.335030973358522832e-01 3.025280225021714786e-01 -2.335030973358522832e-01 -7.841214315864536433e-02 3.934822900546992575e-01
-2.095732570650116200e-01 -2.135527209319099118e-02 3.752321536374092492e-02 -1.733308655899125084e-01 3.752321536374092492e-02 -1.733308655899125084e-01 2.006222692088524551e-01 -2.210963033747222889e-02
-2.929501617466857555e-01 -2.840838071904084883e-01 4.671928129805215102e-01 -3.853643364178788167e-01 4.671928129805215102e-01 -3.853643364178788167e-01 1.265053672145968477e-01 2.789676194307963430e-01
4.147663899350051420e-02 2.928425281034132688e-01 -2.273613263788086813e-01 -1.635928270951658714e-02 -2.273613263788086813e-01 -1.635928270951658714e-02 -6.576888663367910781e-02 -2.088060934196120377e-01
3.765618684233270619e-01 -3.397876016751427697e-01 3.823524553851979091e-01 -1.095681792025982038e-01 3.823524553851979091e-01 -1.095681792025982038e-01 -1.206597601155811050e-01 3.134443751768211661e-01
-2.405195955957228904e-01 4.414564868631499772e-01 3.517730994059979910e-01 2.870737877217088840e-01 3.517730994059979910e-01 2.870737877217088840e-01 4.528774669825896826e-01 -3.044223329351255503e-01
-4.915516364211802713e-01 -4.879488020391440362e-01 2.087192638539780987e-01 1.265752270866683515e-01 2.087192638539780987e-01 1.265752270866683515e-01 1.184757215698867272e-02 4.844198241822396112e-01
-4.552330379469751165e-01 4.303874086023284917e-02 -4.493579203020318102e-01 2.063933109768123497e-02 -4.493579203020318102e-01 2.063933109768123497e-02 4.944183514494079335e-01 -2.484235264838306756e-01
1.365634181845816197e-01 -1.663282303541607776e-01 -1.167631021045664186e-01 -4.561650578894684838e-01 -1.167631021045664186e-01 -4.561650578894684838e-01 -9.113471482906826404e-02 1.753437433806506185e-01
1.530205132311011074e-01 -2.928528182417611259e-02 1.958544411747162872e-01 7.477673755852798365e-02 1.958544411747162872e-01 7.477673755852798365e-02 -1.440580155213953828e-01 6.727632086187942950e-03
4.888620933197065366e-01 -5.376277480013258447e-02 3.468417761533425514e-01 -3.942150047159710402e-01 3.468417761533425514e-01 -3.942150047159710402e-01 -4.362969280567689512e-01 -1.823329355305831068e-01
4.331863793300605447e-02 4.143371626793040940e-01 -1.474335551222731855e-01 -4.505943853443631353e-01 -1.474335551222731855e-01 -4.505943853443631353e-01 -7.921568099759365711e-02 -2.445383826945388417e-01
4.738676214571739820e-01 1.244473303634984207e-01 9.718067012656383952e-02 -9.849407712331570419e-02 9.718067012656383952e-02 -9.849407712331570419e-02 -5.918107423292662261e-01 -3.335107149943762339e-01
-1.749431963898701037e-01 -1.234532649966906259e-01 -1.448645635539882459e-01 4.678882977127910570e-01 -1.448645635539882459e-01 4.678882977127910570e-01 1.317485788232966581e-01 1.080888516719290815e-01
6.285739891572017513e-02 4.088287728057496961e-01 -4.331540843419399156e-01 4.150141675927142559e-01 -4.331540843419399156e-01 4.150141675927142559e-01 -1.142532254366708522e-01 -2.456388599303443721e-01
2.481850276686758949e-01 -3.281950049731112706e-01 4.848298418897138973e-01 -1.563455710161709700e-01 4.848298418897138973e-01 -1.563455710161709700e-01 -8.527885488873021558e-02 3.743111583035103607e-01
-3.738398913709785054e-01 -1.017398974275905976e-01 1.134315483437879912e-01 -3.043814863166481866e-01 1.134315483437879912e-01 -3.043814863166481866e-01 2.977710269661285603e-01 -2.766536022409774032e-02
-4.265016152855634068e-01 -3.455858547263601643e-02 3.310791968302008170e-01 -2.578135820526984423e-01 3.310791968302008170e-01 -2.578135820526984423e-01 3.970230302334364914e-01 -1.461507465386892302e-01
-2.796983448803490591e-01 4.575816821532360246e-01 9.482388969283950253e-02 -2.587531902067753409e-01 9.482388969283950253e-02 -2.587531902067753409e-01 5.356680231720012397e-01 -3.264318504398575627e-01
2.079711706189207865e-01 -1.127708814947503413e-01 -2.417856889997038738e-02 3.009014216724624768e-01 -2.417856889997038738e-02 3.009014216724624768e-01 -1.610649861465391353e-01 8.223614539924910261e-02
3.362491954172746045e-01 3.027722584149070695e-01 3.075714190297947903e-01 1.725199085044654135e-01 3.075714190297947903e-01 1.725199085044654135e-01 -5.398630519906418845e-01 -3.241647393680083256e-01
2.757979112215489526e-01 -4.320218389730895447e-01 4.493265061054368958e-01 -4.957486798945811568e-01 4.493265061054368958e-01 -4.957486798945811568e-01 -3.749646963980801662e-02 5.426002204886102298e-01
2.196875377244112970e-01 4.197103875078359581e-01 -3.210439819955164253e-01 6.306320177590363230e-02 -3.210439819955164253e-01 6.306320177590363230e-02 -4.040978209023212697e-01 -2.918161923572727412e-01
4.515101483457323317e-01 -4.109738079514880793e-01 -1.841719758037496657e-01 -2.878127504105334467e-01 -1.841719758037496657e-01 -2.878127504105334467e-01 -8.039245835695857378e-02 3.760118647144494730e-01
3.806220661656807280e-01 -2.813282385969417820e-01 2.462805298929433562e-01 2.100618468868742372e-02 2.462805298929433562e-01 2.100618468868742372e-02 -1.664625952746415505e-01 2.156006591767677394e-01
2.780081598084682692e-01 4.916711272492545470e-01 4.005556371818462802e-01 3.572438680408259737e-01 4.005556371818462802e-01 3.572438680408259737e-01 -5.513853304435092362e-01 -3.272191667987927044e-01
-4.657245203903548347e-01 4.720334777264444392e-01 4.700233373007056681e-01 -1.159557405066907743e-01 4.700233373007056681e-01 -1.159557405066907743e-01 9.053996504350340091e-01 -4.661172025247487527e-01
3.508505040045016843e-01 -5.531817775774039436e-02 -1.757375802867963133e-01 -4.229300148626236044e-02 -1.757375802867963133e-01 -4.229300148626236044e-02 -3.120336829106740151e-01 -6.471779761203549919e-02
-2.791187781392558964e-01 -8.616494874778812818e-02 -3.868552145255201857e-01 1.922364682577953898e-01 -3.868552145255201857e-01 1.922364682577953898e-01 2.310182677134274276e-01 1.568205483054593841e-02
7.615435405606885144e-02 3.621554198393550639e-02 -1.674894462026658148e-01 8.446352052733852034e-02 -1.674894462026658148e-01 8.446352052733852034e-02 -8.167029646922295549e-02 -4.070346214444239830e-02
-7.579368153385945828e-02 1.834748925206054482e-01 -4.236632597956953017e-01 2.845663007045816650e-01 -4.236632597956953017e-01 2.845663007045816650e-01 1.036061566801911860e-01 -1.555565384956138497e-01
-4.477772726158397720e-01 3.046885442904179175e-02 -2.387203133751257811e-01 -4.990981838102123147e-01 -2.387203133751257811e-01 -4.990981838102123147e-01 4.750637936877705192e-01 -2.300449892101037452e-01
3.389025945590006250e-01 -4.245002892376459336e-01 -2.733931598465979551e-01 -4.671130605915077005e-01 -2.733931598465979551e-01 -4.671130605915077005e-01 -5.117409573163178571e-02 4.898458162016686712e-01
3.332124901226042324e-01 -3.801193529767363799e-01 -4.812133590858614918e-01 2.076261992723557048e-01 -4.812133590858614918e-01 2.076261992723557048e-01 -7.989145782426126940e-02 4.135795119104824780e-01
1.684270460160577354e-01 4.061733781533665155e-01 7.597434264429159256e-04 8.450529076175006260e-02 7.597434264429159256e-04 8.450529076175006260e-02 -3.052482105215270636e-01 -2.695642348625441054e-01
5.895079469727670940e-02 1.504323300302244926e-01 -4.835363720553831346e-01 4.427800644336163938e-01 -4.835363720553831346e-01 4.427800644336163938e-01 -7.668700550416618356e-02 -1.312776403073425691e-01
6.714412762770927134e-02 -2.713158790977454604e-02 1.298960406438772752e-01 -2.227726107463250393e-01 1.298960406438772752e-01 -2.227726107463250393e-01 -6.350067402499663671e-02 2.335937709739425994e-02
-5.037499494225450292e-02 1.335751503771460680e-01 5.808641222981703045e-02 2.775239656833028423e-02 5.808641222981703045e-02 2.775239656833028423e-02 6.383268999157373780e-02 -1.182704696943010503e-01
4.019151566713086154e-02 -3.605829067438391933e-01 1.171837122570895673e-01 4.068291643585986161e-01 1.171837122570895673e-01 4.068291643585986161e-01 -1.120676857574166158e-02 4.889875814480542093e-01
5.686016624325329616e-02 2.334519729310137182e-01 8.147518427927569196e-02 2.719885705374369689e-01 8.147518427927569196e-02 2.719885705374369689e-01 -8.340840222459910969e-02 -1.821852277708413681e-01
3.160191519243940039e-01 9.957921171262029691e-02 3.725120571151360194e-01 1.225012179661792988e-01 3.725120571151360194e-01 1.225012179661792988e-01 -3.789570279938379027e-01 -1.895312966903266449e-01
9.208457766637634379e-02 2.980387872206990973e-02 -1.568444635502629358e-01 2.672052847800763242e-01 -1.568444635502629358e-01 2.672052847800763242e-01 -9.757353283625976037e-02 -3.739517697918495753e-02
-5.542573523624227949e-02 -3.810520588890069504e-01 4.626562838855122761e-01 -2.329148607301325669e-01 4.626562838855122761e-01 -2.329148607301325669e-01 1.318555418182807554e-02 5.231807183460801536e-01
-2.306112024036988117e-01 4.673533021650559949e-01 -1.655123284882923373e-01 -6.789721058533415565e-02 -1.655123284882923373e-01 -6.789721058533415565e-02 4.461650163229442523e-01 -3.021157197945535944e-01
-3.147560250869018139e-01 9.850467178276289815e-02 3.769214190538994202e-02 4.499749325465696170e-02 3.769214190538994202e-02 4.499749325465696170e-02 3.767659029725665132e-01 -1.878728567482394196e-01
-2.926201265487371472e-03 1.820678611558009807e-01 -9.781610792237493968e-03 4.841831489925074727e-01 -9.781610792237493968e-03 4.841831489925074727e-01 3.991735676924739080e-03 -1.489277177437990929e-01
-2.003453263254768579e-01 -5.371503254618814616e-02 -4.233143778176684524e-01 3.119199687401313925e-01 -4.233143778176684524e-01 3.119199687401313925e-01 1.788222148773775111e-01 1.646208748716439241e-02
1.404067252149148182e-01 3.152703162348695631e-01 -4.674339952425388134e-02 3.125309070001862644e-01 -4.674339952425388134e-02 3.125309070001862644e-01 -2.289388705349320596e-01 -2.355889924216114928e-01
3.816522357485485628e-01 1.756232219129830741e-01 -2.484360517727302042e-01 -3.073631999492465461e-01 -2.484360517727302042e-01 -3.073631999492465461e-01 -5.157062263334555308e-01 -2.904381348897518422e-01
1.793260135812208000e-01 -4.191102115474620859e-01 1.649415914488057133e-01 -2.177282892738722220e-01 1.649415914488057133e-01 -2.177282892738722220e-01 -2.901128660524376901e-02 5.626057618238883284e-01
-1.130287749770317873e-01 -2.258825117956546613e-01 -4.954718746506855398e-01 -4.045337032646429964e-01 -4.954718746506855398e-01 -4.045337032646429964e-01 6.196632778303622774e-02 2.641299169579602313e-01
2.306802005261155974e-01 -1.898250511999846069e-01 4.873342434505040233e-01 1.002635703372664056e-01 4.873342434505040233e-01 1.002635703372664056e-01 -1.431024387747303894e-01 1.726452463482924804e-01
-2.796937929294402991e-01 -1.025896707255705698e-01 -7.432799224135755445e-03 -7.180492350667511126e-02 -7.432799224135755445e-03 -7.180492350667511126e-02 2.223064046882058942e-01 3.488569346189493436e-02
1.233847142958386378e-01 9.395606423746971636e-02 -4.894115676110055713e-02 1.602779435893117999e-01 -4.894115676110055713e-02 1.602779435893117999e-01 -1.465701985804419571e-01 -1.003521099523399102e-01
-4.371945619441606201e-01 1.733429161633879279e-01 -4.901768096933893926e-01 -4.090868864184704634e-01 -4.901768096933893926e-01 -4.090868864184704634e-01 5.887637225405121244e-01 -3.344342345729071075e-01
-4.727976341051504106e-01 -1.411384032550683232e-01 -3.974154805799912094e-02 2.477634593522842765e-01 -3.974154805799912094e-02 2.477634593522842765e-01 3.393378278244004731e-01 -6.247915068696910379e-02
9.374037019561598516e-02 3.531998120617397818e-01 -7.345393379513187604e-02 -1.510967443387888354e-01 -7.345393379513187604e-02 -1.510967443387888354e-01 -1.599585324669949293e-01 -2.372369618257026136e-01
-4.812418532292351836e-01 3.819108131958838248e-01 -6.353598219966050120e-02 -3.055791056246267567e-01 -6.353598219966050120e-02 -3.055791056246267567e-01 8.488247882505779440e-01 -4.676486652594512572e-01
4.095299099914621044e-01 2.609386716147177321e-02 1.255413817104741314e-01 -2.895604658669321818e-01 1.255413817104741314e-01 -2.895604658669321818e-01 -4.309023481313954962e-01 -1.931277244356462974e-01
3.560417349765632178e-02 -3.188785516844196977e-01 7.535459321037496494e-03 7.751557577211809491e-02 7.535459321037496494e-03 7.751557577211809491e-02 -1.289735893994942845e-02 4.192944252383216108e-01
1.017637200942210773e-01 3.880904844629406991e-02 9.904036450234665612e-02 -2.062172056967174205e-01 9.904036450234665612e-02 -2.062172056967174205e-01 -1.096624263806445509e-01 -4.765876093240224709e-02
-2.550058615858302735e-01 -3.520108479404027157e-01 4.727510194643017583e-01 5.088747325502052110e-02 4.727510194643017583e-01 5.088747325502052110e-02 7.547620245262812166e-02 4.108944955649924125e-01
-1.693016444824835265e-02 2.533868293420831197e-01 2.155395748580899440e-01 2.900386574989354260e-01 2.155395748580899440e-01 2.900386574989354260e-01 2.550992582781176979e-02 -1.894685745262938981e-01
-1.131073488814406947e-01 -3.019043718505661777e-01 -4.788844583171985025e-01 8.307555157142554325e-02 -4.788844583171985025e-01 8.307555157142554325e-02 4.481214264997231134e-02 3.802573492220631679e-01
-3.307745534158220702e-01 -2.617260921807875729e-01 4.561787972184321305e-01 4.743507549737538964e-01 4.561787972184321305e-01 4.743507549737538964e-01 1.576298908990854952e-01 2.208148343215771692e-01
2.862285167515534745e-01 -3.281436580495544764e-01 2.163218078301123448e-01 -4.097166344860483367e-01 2.163218078301123448e-01 -4.097166344860483367e-01 -9.838037170164759537e-02 3.538951545659030917e-01
4.671131315122962757e-01 2.189916241768496974e-01 3.831293534666796452e-01 1.397822289784612648e-01 3.831293534666796452e-01 1.397822289784612648e-01 -6.717008582007205630e-01 -3.892289703484589358e-01
1.263439592010263679e-01 3.016017808841441328e-01 3.581534369975184484e-01 -1.971044048583167063e-01 3.581534369975184484e-01 -1.971044048583167063e-01 -2.025550853989927513e-01 -2.266009426782474578e-01
-2.961239193280940096e-01 -1.279246311077932852e-01 2.998744622693800821e-01 -1.676348161923939539e-01 2.998744622693800821e-01 -1.676348161923939539e-01 2.203608330436132856e-01 5.659996675362674590e-02
-7.245403670388994577e-02 1.249123981609252532e-01 -2.538035909890656860e-01 -9.586839414928205461e-02 -2.538035909890656860e-01 -9.586839414928205461e-02 9.055485166613513881e-02 -1.145588783813003553e-01
-3.030356796499614758e-01 -4.457055107148872874e-01 -7.674831220573841151e-02 2.482167790943914376e-01 -7.674831220573841151e-02 2.482167790943914376e-01 3.290633492352335043e-02 5.525282898555917699e-01
2.771029994696446730e-01 3.240401408913062831e-02 -2.890133002597866652e-01 3.378589320032542309e-01 -2.890133002597866652e-01 3.378589320032542309e-01 -2.950614984675541397e-01 -1.081400662751159508e-01
3.051315402557015499e-01 -3.787612063061051026e-01 4.708656283837974188e-01 -1.270600596035688090e-01 4.708656283837974188e-01 -1.270600596035688090e-01 -7.398755971712275836e-02 4.291160008497442169e-01
3.031758724580767561e-01 4.249360588910812142e-01 3.312495028531043939e-01 2.037183910465463210e-01 3.312495028531043939e-01 2.037183910465463210e-01 -5.608365932444772106e-01 -3.362810143859127909e-01
-9.736207686685260931e-02 -8.023103985605939403e-02 2.608453487966738704e-01 1.751560429436733735e-01 2.608453487966738704e-01 1.751560429436733735e-01 8.173915552770627535e-02 7.718868560061706297e-02
-4.347134956131218919e-01 -3.669022555683709719e-02 2.081286399706053780e-01 -3.522325364975490425e-01 2.081286399706053780e-01 -3.522325364975490425e-01 4.028140231998287857e-01 -1.509394250599310761e-01
2.902438025940452526e-01 -4.828592378216909342e-01 -9.320054925001630686e-02 -2.298080876985253429e-02 -9.320054925001630686e-02 -2.298080876985253429e-02 -9.949999987985236327e-03 6.317708164271841342e-01
3.812352971212314978e-01 -5.652746264674535226e-02 -3.728132545746641879e-01 -4.762497226757447244e-01 -3.728132545746641879e-01 -4.762497226757447244e-01 -3.381347690859489163e-01 -8.561753509108910309e-02
2.022642408197249386e-01 3.304730511913849256e-01 -2.807218336712689055e-01 -4.919130084143759074e-01 -2.807218336712689055e-01 -4.919130084143759074e-01 -3.359500024409320940e-01 -2.621714367420208691e-01
4.885097007841643357e-01 -2.720472050506766992e-01 -3.461836134761753225e-01 -1.335127996834797326e-01 -3.461836134761753225e-01 -1.335127996834797326e-01 -2.227143033072158107e-01 1.074151590663278699e-01
-3.728400282987225367e-01 -2.095417289369332359e-01 1.706971739440269475e-01 -1.400663876152108411e-01 1.706971739440269475e-01 -1.400663876152108411e-01 2.165889400055036607e-01 1.144397784010202090e-01
-8.553994486708849099e-02 -3.180484222695825203e-01 -2.210799480313268006e-01 2.297843407317143871e-01 -2.210799480313268006e-01 2.297843407317143871e-01 3.112825585507935505e-02 4.118861390098886299e-01
6.337611033903511881e-02 4.571495206696137847e-01 -4.201142342622254944e-01 7.675945154155128236e-02 -4.201142342622254944e-01 7.675945154155128236e-02 -1.213208272658240355e-01 -2.521803677828616808e-01
-2.859014253032099440e-02 -3.988900016233499768e-01 -1.906643906577600855e-01 4.636931178737602188e-01 -1.906643906577600855e-01 4.636931178737602188e-01 5.781498529657896901e-03 5.571858387685220126e-01
3.929058830787157675e-01 -3.945755417283470790e-01 -4.144653187098714664e-01 4.421235515722158338e-01 -4.144653187098714664e-01 4.421235515722158338e-01 -8.284377975063800248e-02 3.958903669007001747e-01
1.235631845621307789e-01 1.196329894539212013e-01 -3.538689181621026414e-01 9.275881318452394719e-02 -3.538689181621026414e-01 9.275881318452394719e-02 -1.531276508733593889e-01 -1.205887978673743782e-01
-3.686053945205561844e-01 2.599185932484052719e-01 4.227803485581097531e-01 -1.281313921245517129e-01 4.227803485581097531e-01 -1.281313921245517129e-01 5.602201857356690073e-01 -3.282308550018301907e-01
1.536118514130061508e-01 3.013751894047731472e-01 -2.862678441343666780e-01 2.595833152800487431e-01 -2.862678441343666780e-01 2.595833152800487431e-01 -2.462014530418313307e-01 -2.341447855105417419e-01
5.696873266665847257e-02 -9.943711126579823922e-02 -3.449791999042928214e-01 9.803732477067284012e-02 -3.449791999042928214e-01 9.803732477067284012e-02 -4.563912024896640829e-02 1.060794138610397785e-01
5.061920577141054700e-03 -2.188265375013057623e-01 -3.897063750176998909e-01 -2.998002495869056538e-01 -3.897063750176998909e-01 -2.998002495869056538e-01 -2.846555471136278173e-03 2.666859679761868773e-01
2.698596569927019795e-01 4.518259480303292719e-01 -4.402200649696186296e-01 -2.244935590003654946e-01 -4.402200649696186296e-01 -2.244935590003654946e-01 -5.137188477044360990e-01 -3.205034951890422534e-01
-1.509983593161405846e-01 -4.392181714954548344e-01 -8.720278041662565816e-02 2.542368644442035697e-01 -8.720278041662565816e-02 2.542368644442035697e-01 1.835591276084269641e-02 6.093302691510993352e-01
-2.528227610026466676e-01 -1.663534232248079503e-01 6.792868369498850090e-02 -2.622907939719845150e-01 6.792868369498850090e-02 -2.622907939719845150e-01 1.687068974787711562e-01 1.301075361624186300e-01
-5.353189166644845010e-02 -2.670772954393346721e-01 -1.361163027891327815e-01 3.828383474715544299e-01 -1.361163027891327815e-01 3.828383474715544299e-01 2.493758597439543062e-02 3.355419137531359675e-01
-4.637997195674259387e-03 1.635888616183324151e-01 -4.235997663903985355e-01 -3.502603872236222937e-01 -4.235997663903985355e-01 -3.502603872236222937e-01 6.155446558532999546e-03 -1.368490569907375720e-01
-3.052056715041407964e-01 -1.352585257295810806e-01 -3.861800962862815823e-03 -3.832819720795154206e-01 -3.861800962862815823e-03 -3.832819720795154206e-01 2.226423331602269962e-01 6.040289259382732034e-02
3.223124686177458731e-01 -4.334093387171371603e-01 6.781170453177831625e-03 3.601785291132568734e-01 6.781170453177831625e-03 3.601785291132568734e-01 -4.292600084993536402e-02 5.173676661778978669e-01
-1.854183765396677508e-02 -3.224179260417969761e-01 -3.293265200793231706e-01 -4.082664718337635223e-01 -3.293265200793231706e-01 -4.082664718337635223e-01 6.585395971175442981e-03 4.260274453313045995e-01
1.614813267154413534e-01 -1.759668044622609839e-01 4.118584240014496745e-01 2.216842213124454730e-01 4.118584240014496745e-01 2.216842213124454730e-01 -1.046506206305562459e-01 1.808549018571414535e-01
1.084421578050496215e-01 4.887424438770977542e-01 4.073682661518651660e-01 -1.183803473332089018e-01 4.073682661518651660e-01 -1.183803473332089018e-01 -2.144427282549413172e-01 -2.616329690195550173e-01
4.949502599677931824e-01 -1.554359984585736987e-01 8.854978509336153270e-02 -3.264526025871585801e-01 8.854978509336153270e-02 -3.264526025871585801e-01 -3.410840842769440884e-01 -6.537941176679862298e-02
9.125735265354584236e-02 2.816743571026431026e-01 3.301312363540420680e-02 1.861244012684947213e-01 3.301312363540420680e-02 1.861244012684947213e-01 -1.426670649326992613e-01 -2.106618180667894080e-01
7.920196006823609913e-02 -1.410798663479073678e-01 -4.254842209628461047e-01 4.238636184531243689e-01 -4.254842209628461047e-01 4.238636184531243689e-01 -5.685435618639800986e-02 1.547104445580003151e-01
7.617486671961382072e-03 4.882552417240599851e-01 -1.482908774929204698e-01 1.634310960720660733e-01 -1.482908774929204698e-01 1.634310960720660733e-01 -1.505604226465800249e-02 -2.499200867562372530e-01
4.638896996429120456e-02 1.117843348998258657e-01 2.200092019711090696e-01 -5.728172495052463731e-02 2.200092019711090696e-01 -5.728172495052463731e-02 -5.676009027258378803e-02 -1.014405339051773491e-01
-9.372495695204918764e-02 -2.685252741036489033e-01 2.636850541506520207e-01 3.335651920874527221e-01 2.636850541506520207e-01 3.335651920874527221e-01 4.338991744024578434e-02 3.318467293804251983e-01
2.775879083055335927e-01 -2.113116483359777087e-01 3.487979759362573873e-01 -1.480709631063702458e-01 3.487979759362573873e-01 -1.480709631063702458e-01 -1.602727913811765048e-01 1.789092142210043090e-01
-2.457733098494632173e-01 -2.164533363415318545e-01 -3.619974134412332623e-01 3.616054301954563233e-02 -3.619974134412332623e-01 3.616054301954563233e-02 1.393764040482284305e-01 2.029008633205519052e-01
-2.991576562245545912e-01 4.031454513461755207e-01 -3.464551964589794864e-01 -1.389722189499574823e-01 -3.464551964589794864e-01 -1.389722189499574823e-01 5.403657529091787648e-01 -3.301144996828327405e-01
4.167146119578825081e-01 1.342387758439178569e-01 -3.997824147025207386e-01 4.341984517753436634e-01 -3.997824147025207386e-01 4.341984517753436634e-01 -5.285931307288813663e-01 -2.898697947230528538e-01
1.784215098218826512e-01 -9.954579394123752589e-02 -1.582653660377674187e-01 -3.882126020592291393e-01 -1.582653660377674187e-01 -3.882126020592291393e-01 -1.428992881190554176e-01 7.762092386550867307e-02
-3.148198058504673158e-01 -1.324837916424100870e-01 -3.881893296101004420e-01 3.102125430800808381e-01 -3.881893296101004420e-01 3.102125430800808381e-01 2.314027627240727025e-01 5.092423653463368227e-02
2.483739993410363223e-01 2.231258901913889536e-01 4.743510099518712941e-01 -1.210733165975842462e-01 4.743510099518712941e-01 -1.210733165975842462e-01 -3.592113387477646747e-01 -2.350303708663503133e-01
-1.275794848636209178e-01 1.329369814435787944e-01 -3.819438034688358297e-01 -4.135594310004098162e-04 -3.819438034688358297e-01 -4.135594310004098162e-04 1.614995480874139577e-01 -1.315412653663152742e-01
3.411229480199079456e-01 -3.418605041825041324e-01 -1.037642629015556039e-01 -2.150858257471012225e-01 -1.037642629015556039e-01 -2.150858257471012225e-01 -1.078900220232921758e-01 3.423642428366272528e-01
2.487778782768544916e-01 -3.784014899665396614e-01 -4.586019947596451374e-01 -3.710333861944234979e-01 -4.586019947596451374e-01 -3.710333861944234979e-01 -6.050203865550213278e-02 4.596987448555034383e-01
3.331612447339762362e-01 4.026319203789856527e-01 -1.733803311078981890e-01 -5.295595450769241541e-02 -1.733803311078981890e-01 -5.295595450769241541e-02 -6.014439482601643405e-01 -3.515158720636082368e-01
-4.047119477391962761e-01 4.329852707799103362e-01 -2.219896770585668699e-01 -4.783723916675779453e-01 -2.219896770585668699e-01 -4.783723916675779453e-01 7.551805722986379976e-01 -4.093007867104120345e-01
3.482014089963038073e-01 2.310953818190946141e-01 -3.093998754722826483e-01 1.937724724984379865e-01 -3.093998754722826483e-01 1.937724724984379865e-01 -5.091368841201988626e-01 -2.989345275479927677e-01
-8.533174289336309393e-02 4.553948002739871548e-02 2.737530777368020196e-01 -1.268640776536271719e-01 2.737530777368020196e-01 -1.268640776536271719e-01 9.310366929575394912e-02 -5.074714213145189307e-02
2.055030249067997250e-01 -3.941373490844973793e-01 -5.169337564862119816e-02 -3.563722122251865576e-01 -5.169337564862119816e-02 -3.563722122251865576e-01 -4.351018997557676293e-02 5.072501057820075765e-01
3.002583511325868093e-01 -1.991431309892379709e-01 -2.054963173168808943e-01 -4.426849063470428280e-01 -2.054963173168808943e-01 -4.426849063470428280e-01 -1.806695748321681116e-01 1.486460401845749735e-01
-2.853642536000463581e-01 -4.472501689360731669e-01 2.063106382787371906e-02 -5.446238711550288603e-02 2.063106382787371906e-02 -5.446238711550288603e-02 3.010583233817204496e-02 5.658501253167076417e-01
-2.167412561788791825e-01 -7.488515767942849344e-03 1.518393007874765388e-01 4.313160302649947653e-01 1.518393007874765388e-01 4.313160302649947653e-01 2.134951155499606179e-01 -3.943217849364895333e-02
1.433114272482352014e-01 -5.735648607196963678e-02 -4.487135498029261038e-01 4.396715925214863541e-01 -4.487135498029261038e-01 4.396715925214863541e-01 -1.268717474864002048e-01 4.010808738656747308e-02
-2.704259712556548179e-01 3.555429798971551092e-01 4.126258822700575868e-01 -4.948671630995147286e-01 4.126258822700575868e-01 -4.948671630995147286e-01 4.627220825792907055e-01 -3.022623752725704938e-01
-2.811792136706272593e-01 2.395346252398133924e-01 -2.829665822274106679e-01 -3.177688818578372487e-02 -2.829665822274106679e-01 -3.177688818578372487e-02 4.158835288142654907e-01 -2.612195387514678058e-01
-1.428650663004392696e-01 -2.303877939843087530e-01 -3.146311151258739391e-01 -4.960110696562716193e-01 -3.146311151258739391e-01 -4.960110696562716193e-01 7.703633137567884870e-02 2.630559024322361439e-01
-3.578765004095341151e-02 -4.137335613808766910e-01 -4.743187482885680151e-02 4.218291191745139335e-01 -4.743187482885680151e-02 4.218291191745139335e-01 6.174546231161145288e-03 5.836282652983265651e-01
7.200881296698580236e-02 -2.861200405455608387e-01 -3.102196937977139690e-01 4.283781856612265404e-01 -3.102196937977139690e-01 4.283781856612265404e-01 -3.080248399548243116e-02 3.627994490024398777e-01
1.211338327692949024e-01 -2.612345048835333916e-01 1.929346471147287412e-01 -3.801470083471092387e-02 1.929346471147287412e-01 -3.801470083471092387e-02 -5.784515911303192426e-02 3.148045659838987209e-01
-2.226364699362459731e-02 3.714989029295775458e-01 2.080392172175308252e-01 -3.016949644416500043e-02 2.080392172175308252e-01 -3.016949644416500043e-02 3.880548786031044750e-02 -2.339831380291546026e-01
1.438419341481950164e-01 2.274746734599567555e-01 4.727938174864260157e-01 -3.600998762279014054e-01 4.727938174864260157e-01 -3.600998762279014054e-01 -2.092827281486135393e-01 -1.964204484137364592e-01
4.411158736336222574e-01 -1.807110675894318952e-02 4.830781213557580056e-01 2.554242297164609488e-01 4.830781213557580056e-01 2.554242297164609488e-01 -4.251729695426268996e-01 -1.761855423131174769e-01
-1.192074162837919449e-01 -5.955521304844269004e-02 -4.037085229942337650e-01 2.724262302324831353e-02 -4.037085229942337650e-01 2.724262302324831353e-02 1.050085701363207003e-01 4.889162835263081985e-02
-4.328556292630453273e-01 1.248875697828197850e-01 9.520582826388079845e-02 3.629115111312869457e-01 9.520582826388079845e-02 3.629115111312869457e-01 5.409722044739951885e-01 -2.966546604812680399e-01
-1.271071159882738444e-01 2.476308375644231674e-01 2.061830349266727813e-01 -3.304531249925627412e-01 2.061830349266727813e-01 -3.304531249925627412e-01 1.900583991734229317e-01 -2.024660247864219498e-01
-4.489428512452398046e-01 -2.233265836495402779e-01 -2.683650795503071951e-01 2.628648510106790237e-02 -2.683650795503071951e-01 2.628648510106790237e-02 2.484211048002734623e-01 7.165166292990987618e-02
-3.655732401768609918e-01 -1.586269086234147752e-01 -4.466989782148519383e-01 -1.674119398591270569e-01 -4.466989782148519383e-01 -1.674119398591270569e-01 2.495937342474598142e-01 5.014561082942706194e-02
2.936374544415770727e-01 -1.498946225739044014e-01 -4.869351387586506874e-02 1.599716391664057769e-01 -4.869351387586506874e-02 1.599716391664057769e-01 -2.056081036274125806e-01 8.614006579954841536e-02
-6.490757360933496756e-02 -2.354844038633967518e-01 -3.767475975005852851e-01 3.741692284726741979e-01 -3.767475975005852851e-01 3.741692284726741979e-01 3.433813105410739308e-02 2.867243152144448581e-01
5.246090121703961273e-03 4.297370841390666385e-01 -3.688621606133659636e-01 3.852233178475236164e-01 -3.688621606133659636e-01 3.852233178475236164e-01 -9.754969065767605391e-03 -2.450906441162844507e-01
-2.037950461874699082e-01 -3.548443695024503519e-01 -2.193403941479249442e-01 -2.004707421210562002e-01 -2.193403941479249442e-01 -2.004707421210562002e-01 5.916399684323889185e-02 4.392264752194888766e-01
-4.020396041137414000e-01 1.323109198339633696e-01 7.850529008344742099e-02 4.728728227187880551e-01 7.850529008344742099e-02 4.728728227187880551e-01 5.084280637736846575e-01 -2.764405836025878305e-01
2.367470562871129003e-01 8.326447943455883571e-02 4.072002945028561083e-01 7.941690872275619650e-02 4.072002945028561083e-01 7.941690872275619650e-02 -2.761722970859342152e-01 -1.323806745596641798e-01
1.216451687086950173e-03 4.093094685462463911e-01 2.086797565914606523e-01 -8.204367583523708429e-02 2.086797565914606523e-01 -8.204367583523708429e-02 -2.212262074194439217e-03 -2.417767072593427491e-01
-4.869826633054493703e-01 -3.766239798828163732e-02 5.144568996359510926e-03 3.491528100977481230e-02 5.144568996359510926e-03 3.491528100977481230e-02 4.503007935478429702e-01 -1.980712601495593084e-01
-3.982551890366179403e-01 1.957269476972889333e-01 4.266612943989904760e-01 7.651063275106306794e-02 4.266612943989904760e-01 7.651063275106306794e-02 5.541537341461060251e-01 -3.160251052369839608e-01
4.785835876003030620e-01 3.821899512654824971e-02 -3.477394147840094929e-01 4.434712722573022070e-01 -3.477394147840094929e-01 4.434712722573022070e-01 -5.151655552045869557e-01 -2.658005538584420901e-01
2.046274991204591887e-01 -2.998036562078266742e-01 -2.849504220234395646e-01 -3.796669379904565877e-01 -2.849504220234395646e-01 -3.796669379904565877e-01 -8.193135432650418271e-02 3.478134750871139103e-01
-2.401125912074542068e-02 -2.453734897694083150e-01 2.649501817329513731e-01 2.994765065743996146e-01 2.649501817329513731e-01 2.994765065743996146e-01 1.222780623231574382e-02 3.050050986864626390e-01
4.966247787870914365e-02 -4.276746768864884141e-01 8.222768420304571446e-02 3.413980731773891275e-01 8.222768420304571446e-02 3.413980731773891275e-01 -7.183709518390521409e-03 6.081139444273974126e-01
-1.336575983249795874e-01 -3.498721036401035711e-01 -3.306388324725924033e-01 -3.697855535139159544e-01 -3.306388324725924033e-01 -3.697855535139159544e-01 4.013146813809040370e-02 4.544182389556533641e-01
2.157305877709652098e-01 4.800861831735325769e-01 -4.334080262899762115e-01 -3.409082272859230711e-01 -4.334080262899762115e-01 -3.409082272859230711e-01 -4.228691367244561405e-01 -2.961431263994079854e-01
-3.742186174469124271e-01 -2.203398892766594841e-02 1.627363461417664636e-01 -2.329917298461169350e-01 1.627363461417664636e-01 -2.329917298461169350e-01 3.577275597002089746e-01 -1.175200880481481469e-01
-3.450644833066479622e-01 6.941144318033709570e-02 1.602197691937965462e-01 4.228702439294811377e-01 1.602197691937965462e-01 4.228702439294811377e-01 3.929673308598314874e-01 -1.836629923756438743e-01
-7.041138094358623256e-02 -1.320666860136747722e-01 2.956853436169737392e-01 -3.236680449903520662e-01 2.956853436169737392e-01 -3.236680449903520662e-01 5.181338546585453897e-02 1.445505330019265233e-01
-3.272497685884889762e-03 -4.894878127055107830e-01 -5.405070722119464932e-02 -3.649895849600236497e-01 -5.405070722119464932e-02 -3.649895849600236497e-01 6.880221718960893157e-05 7.290754222516317995e-01
1.290094571685603819e-01 -4.713212476165900000e-01 4.820499721840054708e-01 -7.528948623286435549e-02 4.820499721840054708e-01 -7.528948623286435549e-02 -7.399660554510564814e-03 6.768215260325223248e-01
-2.524491243774594773e-01 2.755212317418915813e-01 3.836965141073493957e-01 -4.234032138598067263e-01 3.836965141073493957e-01 -4.234032138598067263e-01 3.915593117787387056e-01 -2.633398430002684698e-01
3.578395184395138928e-01 -8.297347863583415251e-02 1.068531894491114853e-01 3.658369185220874398e-01 1.068531894491114853e-01 3.658369185220874398e-01 -2.984571391629174952e-01 -3.819104416425782300e-02
-4.694105168056806887e-01 1.127589268331601335e-01 2.311387540894749293e-02 3.499081452524877012e-01 2.311387540894749293e-02 3.499081452524877012e-01 5.752709690440959145e-01 -3.203905845403703934e-01
3.792869554171544033e-01 -3.013739357005332797e-01 3.617310473093796608e-01 -2.638944142699684026e-01 3.617310473093796608e-01 -2.638944142699684026e-01 -1.506725503892733520e-01 2.483415902705479739e-01
-4.041266853072278398e-01 -6.425325400652981411e-02 -2.218369224562868336e-01 3.663134550023940950e-01 -2.218369224562868336e-01 3.663134550023940950e-01 3.521937761835033376e-01 -9.493664312044969300e-02
4.404504935420885392e-01 -2.099174570167228193e-02 4.622424982296733376e-01 -1.742495663300069886e-02 4.622424982296733376e-01 -1.742495663300069886e-02 -4.219588440328653767e-01 -1.725642381721934071e-01
3.320168996345008727e-01 4.213247498180932027e-01 -3.787146826039624603e-01 -3.320680578863539623e-01 -3.787146826039624603e-01 -3.320680578863539623e-01 -6.117907739822709967e-01 -3.540454266517205628e-01
-1.136242749054391377e-01 -3.154957354308096651e-01 -4.704915097945705504e-01 -4.243732222807178323e-01 -4.704915097945705504e-01 -4.243732222807178323e-01 4.192832655727112001e-02 4.021228186580503294e-01
-2.779141258419859373e-02 -3.737673517726315398e-01 -4.410269007676287378e-01 -3.434837306526862255e-01 -4.410269007676287378e-01 -3.434837306526862255e-01 7.016367216965604253e-03 5.126970224103324369e-01
-1.123609508332805706e-01 -3.514087020590961341e-01 -4.531474693944410603e-01 2.935848805458568522e-01 -4.531474693944410603e-01 2.935848805458568522e-01 3.339171904438248406e-02 4.622717946697958435e-01
5.097790532441925926e-02 -3.034827816942285983e-01 -3.769026538850426267e-01 -1.084274807874812119e-01 -3.769026538850426267e-01 -1.084274807874812119e-01 -2.003607229881969320e-02 3.929858336478299630e-01
3.551196608041905511e-01 -6.779701472007293450e-02 4.842164375946953481e-01 3.260994010532997089e-01 4.842164375946953481e-01 3.260994010532997089e-01 -3.069675550623325311e-01 -5.371652356465664302e-02
-2.825975736949740691e-01 2.949981810298437646e-01 1.152140783059646401e-01 -3.728849239558574835e-01 1.152140783059646401e-01 -3.728849239558574835e-01 4.493291141019032375e-01 -2.878356428772135822e-01
2.388708492176713216e-01 -5.078789095305347168e-03 4.648365327076297016e-01 -1.920463813702663058e-01 4.648365327076297016e-01 -1.920463813702663058e-01 -2.364444998892852590e-01 -5.195469941199153119e-02
3.852636744104891431e-01 4.243194361012293525e-01 -3.547395844501697315e-01 -4.099619567094020534e-01 -3.547395844501697315e-01 -4.099619567094020534e-01 -7.122134045627819265e-01 -3.927005510682354816e-01
-1.467861082144814588e-01 1.726223918786632394e-01 2.599896313102090240e-03 -1.157434849960566892e-01 2.599896313102090240e-03 -1.157434849960566892e-01 1.974632464035696311e-01 -1.643700632655059057e-01
3.451131155747015899e-01 2.289064751309809465e-01 -4.783815434814628897e-01 2.158897918750206646e-01 -4.783815434814628897e-01 2.158897918750206646e-01 -5.031103691900531416e-01 -2.956113633157678722e-01
-5.198528347591035992e-02 4.407954115625158931e-01 -3.211446579144099367e-01 -3.790509025540119703e-01 -3.211446579144099367e-01 -3.790509025540119703e-01 9.781503232582627883e-02 -2.491972864060188753e-01
-1.124765741267185204e-01 7.985072535648263248e-02 -4.629153470880020826e-02 4.196718349112371627e-02 -4.629153470880020826e-02 4.196718349112371627e-02 1.304392461859798513e-01 -8.612556674380941746e-02
-1.272285743807728409e-01 -1.216633231991433028e-01 -1.130171740241026068e-01 -1.776429334417398698e-01 -1.130171740241026068e-01 -1.776429334417398698e-01 9.627047205066441293e-02 1.202781772720386555e-01
4.120187774422990890e-01 -1.605644570726234566e-01 -1.971329139259099250e-01 1.337567260936559643e-01 -1.971329139259099250e-01 1.337567260936559643e-01 -2.797076348348014330e-01 1.658592898260299875e-02
-4.343363337936224644e-01 -5.518312836114869224e-02 1.557249640502378352e-01 4.059793416903645369e-02 1.557249640502378352e-01 4.059793416903645369e-02 3.864002584743340685e-01 -1.304197448364133316e-01
-4.975175737319035285e-01 -4.980760575337651597e-01 -1.773604466037542737e-01 1.905418307460400307e-01 -1.773604466037542737e-01 1.905418307460400307e-01 1.914390375601870975e-03 4.986320804500636306e-01
-2.797101133921789939e-01 -4.920660626639438151e-01 2.954197769653921224e-02 2.188892199036824859e-01 2.954197769653921224e-02 2.188892199036824859e-01 4.438405023829417040e-03 6.559573251556745088e-01
3.261508194397967353e-01 2.019773406356792922e-01 -3.413716828806844239e-01 -2.503865540669742984e-01 -3.413716828806844239e-01 -2.503865540669742984e-01 -4.579009697529922152e-01 -2.675568515266689706e-01
-4.897499606004090955e-01 -5.771494452106984419e-02 3.560614939178770033e-01 -1.933581295475205186e-01 3.560614939178770033e-01 -1.933581295475205186e-01 4.332181769899116075e-01 -1.788090645659622391e-01
-1.116658178852408811e-01 -4.884991053004559269e-01 -9.239584339688267089e-02 3.099009625530303458e-01 -9.239584339688267089e-02 3.099009625530303458e-01 2.568513626073243294e-03 7.146612262958220718e-01
2.133215621574106047e-01 3.635941806630227369e-01 -3.681640789915112677e-01 3.271442874149221858e-01 -3.681640789915112677e-01 3.271442874149221858e-01 -3.684465193781701897e-01 -2.768995413322858923e-01
8.555544987757857101e-02 -3.199200754128438406e-01 7.927310018238664657e-02 -2.623338300064101958e-01 7.927310018238664657e-02 -2.623338300064101958e-01 -3.081363792394913731e-02 4.149491950612486657e-01
2.985856540990808883e-01 2.464716071236887629e-01 -4.435888456905474619e-01 1.421611014312088583e-01 -4.435888456905474619e-01 1.421611014312088583e-01 -4.457714261588374693e-01 -2.748767468393307767e-01
8.978199147176380013e-02 -2.033636213720579899e-02 8.949721381170527845e-02 3.334223111377021542e-02 8.949721381170527845e-02 3.334223111377021542e-02 -8.613031328782518037e-02 1.268912376954550725e-02
3.752688098046625953e-01 -2.091442209456504386e-01 -4.288805078765356438e-02 -2.374859280709862297e-02 -4.288805078765356438e-02 -2.374859280709862297e-02 -2.182982040610673413e-01 1.120588464884054725e-01
9.701654887125477078e-02 -2.973494941962843141e-01 -3.503772611630528999e-01 -2.665347201270533706e-01 -3.503772611630528999e-01 -2.665347201270533706e-01 -3.932090540018136349e-02 3.763540051401818576e-01
-6.491635014117236313e-02 -1.741091502479655828e-01 2.187416581258435633e-01 4.502328431730447944e-01 2.187416581258435633e-01 4.502328431730447944e-01 4.231128902061452590e-02 2.002090139323829399e-01
2.857978625217290070e-01 1.333846356842829373e-01 -3.077672803135284019e-01 -4.548517722513812922e-01 -3.077672803135284019e-01 -4.548517722513812922e-01 -3.620399500653442293e-01 -1.972735928696431607e-01
9.674530897859578982e-02 -1.906027194617623266e-01 -9.439943287699481544e-02 2.241085486329086329e-02 -9.439943287699481544e-02 2.241085486329086329e-02 -5.986547100561816909e-02 2.175724613186176271e-01
4.259015965084992361e-01 -2.719218069450546338e-01 -4.431271352105294881e-01 2.202843796946674093e-02 -4.431271352105294881e-01 2.202843796946674093e-02 -1.942777331017498665e-01 1.644711061288297027e-01
-2.069767681805602111e-01 2.628614787935029673e-01 -3.588179496672561086e-01 -2.352968466562711525e-01 -3.588179496672561086e-01 -2.352968466562711525e-01 3.157892069002444235e-01 -2.366047043264651040e-01
2.853351478166734623e-01 -3.598158168326126560e-01 -4.456041631152943827e-01 1.297991080040872269e-02 -4.456041631152943827e-01 1.297991080040872269e-02 -7.999894925125219936e-02 4.078670922959700129e-01
-6.333012027297002522e-02 -4.026091007400559585e-01 5.483473572410613173e-02 -3.891133628935636857e-01 5.483473572410613173e-02 -3.891133628935636857e-01 1.233555472724992552e-02 5.606924846049836653e-01
-4.015313705785823473e-01 1.682635046582717786e-01 2.304973148993376686e-01 4.369770497018804489e-01 2.304973148993376686e-01 4.369770497018804489e-01 5.366575218661654434e-01 -3.011783392171023532e-01
-1.537620905448535691e-01 3.577763335707875303e-01 -2.220924761433763495e-01 3.907850423645667925e-01 -2.220924761433763495e-01 3.907850423645667925e-01 2.637869645394879115e-01 -2.534152091961558440e-01
-2.939023648294163404e-01 -1.949469720356500346e-01 2.568297787825465361e-01 -1.440393295621996694e-01 2.568297787825465361e-01 -1.440393295621996694e-01 1.793116126341930405e-01 1.465726938891952214e-01
-2.487170782927906609e-01 -3.585642959197613555e-01 4.777073190895146926e-01 1.925287134562103653e-02 4.777073190895146926e-01 1.925287134562103653e-02 7.035495017024137598e-02 4.252724651936933831e-01
-2.739879993957641258e-01 -2.570409098960680927e-01 -4.265920182875204691e-01 1.547869520518219133e-01 -4.265920182875204691e-01 1.547869520518219133e-01 1.331357500651829950e-01 2.480415154433734393e-01
-1.207894330583625386e-01 -4.376796329509002881e-02 4.237278685548937496e-01 1.591260211157542459e-01 4.237278685548937496e-01 1.591260211157542459e-01 1.102160181132962463e-01 3.109351076752973203e-02
-1.583863473288903423e-01 -3.310524415820609301e-01 2.172544240447256136e-01 9.104651344006697844e-02 2.172544240447256136e-01 9.104651344006697844e-02 5.351797333590337102e-02 4.155619256393169314e-01
1.941525454251833427e-01 -1.174722001638975888e-01 3.015171578227175964e-01 4.650563182919886795e-02 3.015171578227175964e-01 4.650563182919886795e-02 -1.485374920681486466e-01 9.357670708016652128e-02
-6.467760738172312340e-02 3.461077117521705881e-01 -5.427007803172401168e-03 -6.361268288658805670e-02 -5.427007803172401168e-03 -6.361268288658805670e-02 1.094484447667100901e-01 -2.305003565144713162e-01
-1.827166425089526980e-01 -4.254220909194581512e-01 2.894837855239513758e-01 2.362912007735751274e-01 2.894837855239513758e-01 2.362912007735751274e-01 2.725325030506908774e-02 5.730206749119974852e-01
4.537422269448666556e-01 3.754213432262467620e-01 4.795599539218002860e-01 1.887414660944438660e-01 4.795599539218002860e-01 1.887414660944438660e-01 -7.944312595810874011e-01 -4.403621667893342639e-01
1.144872533820318061e-02 -4.250968109721149357e-01 6.963130089047253612e-02 1.810475523454919689e-01 6.963130089047253612e-02 1.810475523454919689e-01 -1.715092076271540825e-03 6.056730363589073463e-01
1.981993545703530923e-01 4.552651256131351465e-01 2.248740856147610767e-01 -3.839465489696989309e-01 2.248740856147610767e-01 -3.839465489696989309e-01 -3.786658626801813199e-01 -2.872817751656959739e-01
-3.602365009522343620e-01 1.383619375735661849e-01 8.552633366785900026e-02 -1.489194847762889129e-01 8.552633366785900026e-02 -1.489194847762889129e-01 4.599225414651803012e-01 -2.489882484227639026e-01
-1.343394358511343922e-01 -3.082899612683299706e-01 4.700764270058823691e-01 -3.933650218154780553e-01 4.700764270058823691e-01 -3.933650218154780553e-01 5.150843690042335166e-02 3.852855774623573093e-01
-3.221251541769976079e-02 -4.737837541122669194e-03 6.019172436099706758e-02 -8.868528213610649136e-02 6.019172436099706758e-02 -8.868528213610649136e-02 3.190728008801981680e-02 3.722638496153195687e-03
-3.440554875389856271e-01 -2.010658830375352535e-01 2.509283014593133299e-02 -3.955936069627929985e-01 2.509283014593133299e-02 -3.955936069627929985e-01 2.056998467071139147e-01 1.231191938535099589e-01
1.995206197905481371e-01 -3.022738392489843218e-02 4.742208642138580066e-01 4.506695760686705299e-01 4.742208642138580066e-01 4.506695760686705299e-01 -1.874586470398629523e-01 -8.667399057762828485e-03
2.407019109377186439e-01 3.983439647098155900e-01 -2.007912842791700347e-01 -1.668646869923391396e-01 -2.007912842791700347e-01 -1.668646869923391396e-01 -4.324662179700381470e-01 -2.976034604181502230e-01
3.262498284341579513e-01 -3.017474252475740304e-01 3.367095439764890008e-01 1.788311444062752331e-01 3.367095439764890008e-01 1.788311444062752331e-01 -1.293597369992181001e-01 2.863599833377968307e-01
4.341367486942813159e-01 -7.089615019633110915e-02 -9.727573672830647222e-02 -2.470764668940582665e-01 -9.727573672830647222e-02 -2.470764668940582665e-01 -3.725795004119280551e-01 -1.125523022578497068e-01
2.923302193062579102e-01 4.137639863570067300e-01 2.072908114399099055e-01 2.897513845283142819e-01 2.072908114399099055e-01 2.897513845283142819e-01 -5.342416530518084850e-01 -3.280203070706103619e-01
-3.244009290911781251e-01 -1.316942358806313385e-01 -2.489406918969123694e-01 -4.462452675122129397e-01 -2.489406918969123694e-01 -4.462452675122129397e-01 2.389574641399189736e-01 4.380164484959513105e-02
4.261612869249199465e-01 9.940007790515925645e-02 2.700354300209137914e-01 -1.177076139898014517e-01 2.700354300209137914e-01 -1.177076139898014517e-01 -5.108822171659198608e-01 -2.711331448911115105e-01
-1.626317057035416846e-01 3.208176492808416658e-01 -2.985362905014239399e-01 -5.850702225045578686e-03 -2.985362905014239399e-01 -5.850702225045578686e-03 2.669819487482294473e-01 -2.443427568907999281e-01
-4.039092998229690812e-01 -1.994365614565697387e-01 -2.859010440767401073e-01 1.447877834177091483e-01 -2.859010440767401073e-01 1.447877834177091483e-01 2.428007360289218264e-01 7.606878101870873099e-02
-4.740737681721086672e-01 3.189155413922887261e-01 -1.815074880924607559e-01 3.134910891003128697e-02 -1.815074880924607559e-01 3.134910891003128697e-02 7.764527530450895387e-01 -4.419543565196543677e-01
1.680993356251909709e-01 1.574379737614736152e-01 4.555219019503373712e-01 3.218348050466827148e-01 4.555219019503373712e-01 3.218348050466827148e-01 -2.210297732081508981e-01 -1.609086448169857464e-01
-7.187767240261055957e-02 -3.972507245129052178e-01 2.617781810034895962e-01 -1.691980119387940240e-01 2.617781810034895962e-01 -1.691980119387940240e-01 1.477075752613396520e-02 5.498924628489163524e-01
4.520107050830011186e-01 -2.858530976799104062e-01 3.038763880498134284e-01 -2.695668742291357223e-02 3.038763880498134284e-01 -2.695668742291357223e-02 -1.935933846180885043e-01 1.632514136234790025e-01
3.410170007333723774e-02 -1.312241582392130734e-01 1.168999775150803000e-01 1.586863933237013802e-01 1.168999775150803000e-01 1.586863933237013802e-01 -2.515176630003766040e-02 1.472810119969112652e-01
1.192709663506636986e-01 2.093619334838240365e-01 -2.648924561805371392e-01 1.952079310379957189e-01 -2.648924561805371392e-01 1.952079310379957189e-01 -1.692125665979818394e-01 -1.797550777059600258e-01
-8.566905263377733171e-02 -3.216457150406851762e-01 4.099279438019557409e-01 -3.662348086849793738e-01 4.099279438019557409e-01 -3.662348086849793738e-01 3.055888525127852667e-02 4.177624944655499162e-01
-3.385334371083232874e-01 5.054544081481970874e-02 4.206489383923579517e-01 1.589043675704103764e-01 4.206489383923579517e-01 1.589043675704103764e-01 3.727560807267157883e-01 -1.625954872680303587e-01
-1.491280986983595236e-01 8.417800012396670084e-02 4.989014321048791389e-01 2.064805401275744412e-01 4.989014321048791389e-01 2.064805401275744412e-01 1.742347089197943677e-01 -9.933125424048382113e-02
4.297904230651626856e-01 3.377738135504521066e-01 2.004471816280890550e-01 2.861348931544553942e-01 2.004471816280890550e-01 2.861348931544553942e-01 -7.201343235175270419e-01 -4.084024721885680664e-01
4.820787088866881342e-01 1.453939109129911422e-01 -8.658354759545394685e-02 -2.469324223975739585e-01 -8.658354759545394685e-02 -2.469324223975739585e-01 -6.222613265925299730e-01 -3.566544031442725471e-01
-3.216901722222798021e-01 4.531483167760261832e-01 1.360091011696337171e-01 4.826268848231727304e-01 1.360091011696337171e-01 4.826268848231727304e-01 6.132368923541119399e-01 -3.512894866834804786e-01
2.413134504488367860e-02 -1.219508389046719543e-02 -1.727474439698689634e-01 3.139605523036432810e-01 -1.727474439698689634e-01 3.139605523036432810e-01 -2.354277749045934759e-02 1.176148214788749584e-02
3.673815371565234411e-01 -4.263390028740779991e-01 1.371711710463979772e-01 -3.107913918387078533e-01 1.371711710463979772e-01 -3.107913918387078533e-01 -5.412338070520694711e-02 4.731347544022510565e-01
4.831534453572127186e-01 -4.944276827335342128e-01 2.626648292081757985e-01 -4.629319931897669660e-01 2.626648292081757985e-01 -4.629319931897669660e-01 -5.384568571832837325e-03 5.054491644262414374e-01
4.420816014810213801e-02 -1.964142022509413055e-01 1.635207170549483058e-01 3.049258102060067310e-01 1.635207170549483058e-01 3.049258102060067310e-01 -2.684193913115946392e-02 2.330383796731347323e-01
-4.083635878876971104e-01 -3.390455303877417670e-01 -3.129511570586590574e-01 -1.680625907950075160e-01 -3.129511570586590574e-01 -1.680625907950075160e-01 1.314558893948462037e-01 2.872365821511339568e-01
-1.151301027777170694e-01 -2.039576577218760178e-02 -3.054405836978310029e-01 3.797232965344042865e-01 -3.054405836978310029e-01 3.797232965344042865e-01 1.104337695585526635e-01 7.556812468013845985e-03
-4.564988139402843537e-01 -1.368413464203119823e-01 -2.427633636038012410e-01 -2.068571190484636002e-02 -2.427633636038012410e-01 -2.068571190484636002e-02 3.315629892625563402e-01 -5.282426661845054938e-02
-3.826109524346832380e-02 4.422592926414501413e-01 2.630792691990626597e-01 4.609389179517933144e-01 2.630792691990626597e-01 4.609389179517933144e-01 7.210374507959523005e-02 -2.481299221229640584e-01
-2.103245093379837449e-01 2.820653268312545148e-02 -4.627808859895677918e-01 1.479139146198304999e-02 -4.627808859895677918e-01 1.479139146198304999e-02 2.221895596313920584e-01 -7.164732342538483734e-02
-4.342893239410182682e-01 -3.186644811810168676e-01 3.189385422102166689e-01 4.869024113144417854e-01 3.189385422102166689e-01 4.869024113144417854e-01 1.575041597487799594e-01 2.316043158582368200e-01
3.946109457432667167e-02 4.004915752987145972e-01 1.639109688369074780e-01 -4.610884299200139758e-01 1.639109688369074780e-01 -4.610884299200139758e-01 -7.106876643249396275e-02 -2.416552513984725759e-01
-7.880899769373006514e-03 -2.568175235272714962e-01 2.656756461096179134e-01 -2.784060825534948602e-01 2.656756461096179134e-01 -2.784060825534948602e-01 3.832993445498965659e-03 3.227106553367772301e-01
3.634347309606855703e-02 -3.202942906308998694e-01 -6.567649324340163464e-02 2.065376131774172563e-01 -6.567649324340163464e-02 2.065376131774172563e-01 -1.306225922733161154e-02 4.215618752049665741e-01
-1.762494177438534981e-01 -2.414675552067873099e-01 3.834646552185980717e-01 -4.259994644374531791e-02 3.834646552185980717e-01 -4.259994644374531791e-02 9.113238572539737736e-02 2.687102781692828346e-01
2.778752509221438238e-03 3.162209207933815991e-01 2.921599611029503940e-01 4.802879987469439449e-01 2.921599611029503940e-01 4.802879987469439449e-01 -4.536151863467284204e-03 -2.162329715114749695e-01
2.336697980969766331e-01 4.861605088352760617e-03 -4.323581386387501668e-01 1.353642824857832494e-01 -4.323581386387501668e-01 1.353642824857832494e-01 -2.359418186558218666e-01 -5.943954442699948826e-02
-1.993882161416337118e-01 -5.930537569571858736e-02 -1.080506164108520073e-01 -3.866402168855134214e-01 -1.080506164108520073e-01 -3.866402168855134214e-01 1.757386300064762430e-01 2.306684254598607986e-02
1.424524189027922549e-01 -2.999041083856635037e-02 -3.841710842322836328e-01 -4.617638242129584736e-02 -3.841710842322836328e-01 -4.617638242129584736e-02 -1.339080057671076518e-01 1.059714392957574261e-02
-1.764586824653011643e-01 -2.572808796564212130e-01 -3.109532187922682267e-01 4.902543488546655670e-01 -3.109532187922682267e-01 4.902543488546655670e-01 8.565979236992957158e-02 2.923366640758131574e-01
-4.718236881792314819e-02 -2.286440609878793717e-01 -3.446817449456439642e-01 3.845081321091281534e-01 -3.446817449456439642e-01 3.845081321091281534e-01 2.560643199080747320e-02 2.786959916856379671e-01
-3.127134552981022386e-01 -2.643499698817808330e-01 -1.957861747034674860e-01 -4.530551776936594388e-01 -1.957861747034674860e-01 -4.530551776936594388e-01 1.473818703187403378e-01 2.364411713338011034e-01
2.417550388834489583e-01 -3.903873335724347138e-01 -2.993241969335379560e-01 -8.973728758156462870e-02 -2.993241969335379560e-01 -8.973728758156462870e-02 -5.299882886862913867e-02 4.843441049606921900e-01
-1.622803792938430911e-01 -3.688183033718926973e-01 -9.208266372366014085e-02 -6.637773769755184183e-02 -9.208266372366014085e-02 -6.637773769755184183e-02 4.257643097043821434e-02 4.785103227702606210e-01
4.351535633514883594e-01 -4.624485776888116462e-01 2.406628813443978387e-02 1.748232400910252338e-01 2.406628813443978387e-02 1.748232400910252338e-01 -3.268127045526036945e-02 4.869486409977187291e-01
-2.143962660890976757e-01 -5.016612481249160815e-02 -2.779045205874149937e-01 3.500726193974900147e-01 -2.779045205874149937e-01 3.500726193974900147e-01 1.928854064011820135e-01 6.717005978246926023e-03
-4.953364772649501147e-01 -2.389835707964256262e-01 -3.447312283173765701e-01 -3.165969033287718837e-02 -3.447312283173765701e-01 -3.165969033287718837e-02 2.585819170999495986e-01 5.073849219778536757e-02
-2.345565284213309010e-01 2.239434568998367459e-01 -3.019865118262570203e-01 -5.478630046320753788e-02 -3.019865118262570203e-01 -5.478630046320753788e-02 3.396113280475261953e-01 -2.288095500366543189e-01
-2.034872492053709792e-01 4.822646644021353346e-01 7.577373184420221897e-02 3.289197449972225407e-02 7.577373184420221897e-02 3.289197449972225407e-02 3.997566691016548046e-01 -2.910925184603998517e-01
-2.402552472528629579e-01 4.892276317622744619e-01 -2.972391118807127253e-01 -3.285087844072610563e-01 -2.972391118807127253e-01 -3.285087844072610563e-01 4.753342585168186529e-01 -3.076065399150851309e-01
3.759400724240312686e-01 -1.937457870138709071e-01 1.382620192617469712e-01 1.745834937517920515e-01 1.382620192617469712e-01 1.745834937517920515e-01 -2.302664620203401236e-01 8.995227894530927193e-02
-8.552075047461082935e-02 4.893351845665071531e-01 3.955238779970862151e-01 4.907615633336184224e-01 3.955238779970862151e-01 4.907615633336184224e-01 1.692173749101306135e-01 -2.572000604735101836e-01
8.000417887780664206e-02 -4.052793730872139566e-02 -7.014572389506279482e-02 -7.213927354422033922e-02 -7.014572389506279482e-02 -7.213927354422033922e-02 -7.351937018581568284e-02 3.576978237330896704e-02
