-4.175414466882915177e-01 -3.001622721733555599e-01 -3.077923041578777275e-01 -4.999449603341266091e-02 -3.077923041578777275e-01 -4.999449603341266091e-02 1.668810679592763191e-01 2.159188021070757579e-01
2.938510558157122476e-01 1.305329283258616080e-01 4.803685416606306990e-02 -4.398290083935575412e-01 4.803685416606306990e-02 -4.398290083935575412e-01 -3.705655334302545012e-01 -1.998425259525459241e-01
3.009341902380651135e-01 -1.823364275647021415e-02 3.341849941901836596e-01 -7.525039040641723354e-03 3.341849941901836596e-01 -7.525039040641723354e-03 -2.899599372020480459e-01 -7.199527836959916660e-02
3.434105854744221586e-01 -2.330623170356443952e-01 4.971048493244067945e-01 2.787833910366251944e-01 4.971048493244067945e-01 2.787833910366251944e-01 -1.833384519839501015e-01 1.694495304417822090e-01
-7.424880163422276080e-02 -2.382156908208494794e-01 -1.721664476607831507e-02 -4.420772747549301940e-01 -1.721664476607831507e-02 -4.420772747549301940e-01 3.887434248638957368e-02 2.894495216299858842e-01
4.644330161070074903e-01 4.306081615600149126e-01 -1.692190895206122647e-01 2.150910206582840045e-01 -1.692190895206122647e-01 2.150910206582840045e-01 -8.644103105742300119e-01 -4.608827992081708791e-01
-2.119814115649590880e-01 -4.251628178599555774e-01 1.127397434639266782e-01 4.483446867874826269e-01 1.127397434639266782e-01 4.483446867874826269e-01 3.172818301518112727e-02 5.609901207015007829e-01
-3.794517729824529173e-01 -2.011359233018649162e-01 -4.412440014235896601e-01 -5.301356665001955015e-02 -4.412440014235896601e-01 -5.301356665001955015e-02 2.268090075677423045e-01 9.760793492483162137e-02
4.353508011543965051e-01 6.764159015963577826e-02 7.856633737362561654e-02 -1.618528533168569483e-01 7.856633737362561654e-02 -1.618528533168569483e-01 -4.942464420891060639e-01 -2.525965255060865222e-01
-4.431200443776051046e-02 -1.006813898830360987e-01 -3.439108457019113274e-03 -4.745325261637506342e-01 -3.439108457019113274e-03 -4.745325261637506342e-01 3.538921604716652874e-02 1.088545784145239226e-01
3.168674964457434129e-01 -3.629536346491673005e-01 9.105105244997890868e-02 9.138990560886472991e-02 9.105105244997890868e-02 9.138990560886472991e-02 -8.685107737141406492e-02 3.942839652504153136e-01
3.514950269822718631e-01 -2.026563948116881786e-01 3.979033741261548407e-01 -3.523120159449590894e-01 3.979033741261548407e-01 -3.523120159449590894e-01 -2.090295970573433082e-01 1.201772551764909991e-01
6.127513219160130031e-02 -8.896326582665614602e-02 -3.948477224082880266e-01 -4.994240790275029651e-01 -3.948477224082880266e-01 -4.994240790275029651e-01 -5.037266044415145833e-02 9.312308666810222013e-02
4.816813887375006598e-01 4.298655110286183634e-01 4.251458115373275559e-01 9.469741415713583965e-02 4.251458115373275559e-01 9.469741415713583965e-02 -8.957978213827413327e-01 -4.770981137128104121e-01
3.674132881310577803e-01 2.537972804061306986e-01 1.738545692107781315e-01 -4.481956409264337138e-01 1.738545692107781315e-01 -4.481956409264337138e-01 -5.539102747565308738e-01 -3.243767451598582596e-01
2.418836875490091298e-01 1.969436883259886306e-01 -9.244978248238810981e-02 1.466829559157678542e-02 -9.244978248238810981e-02 1.466829559157678542e-02 -3.371586186925948914e-01 -2.166645902568511417e-01
-3.829669644653581617e-01 -3.710093861797779669e-01 1.777208057298999000e-01 4.175723625144603934e-01 1.777208057298999000e-01 4.175723625144603934e-01 9.879828763850739826e-02 3.619936549414626836e-01
3.024430049042982072e-01 3.329081205343464855e-01 3.709076478206752014e-01 1.763923631175222662e-01 3.709076478206752014e-01 1.763923631175222662e-01 -5.038144695671983309e-01 -3.135520750321768579e-01
-3.587629366551864374e-01 -3.848854505854507613e-01 -3.939058446839356353e-01 -3.100028774475491744e-01 -3.939058446839356353e-01 -3.100028774475491744e-01 8.259766759940451175e-02 4.043114159403629060e-01
1.429903579097956401e-01 1.592964329067135809e-01 4.762868289812604017e-01 -1.292894793887068294e-01 4.762868289812604017e-01 -1.292894793887068294e-01 -1.885460658199650807e-01 -1.543673218250819490e-01
-9.584334532727190048e-02 -3.230469880168599373e-01 -2.397203330145041278e-01 -4.144427194384938673e-01 -2.397203330145041278e-01 -4.144427194384938673e-01 3.391953726840195305e-02 4.182203976401024925e-01
4.099187123849237224e-01 4.666673309768876177e-02 4.826741634972173678e-01 5.503359332438984008e-02 4.826741634972173678e-01 5.503359332438984008e-02 -4.481778466701547003e-01 -2.125222998829916776e-01
2.253456535848412656e-01 -1.721252288382866258e-01 3.218802317175435412e-01 2.915137960097160530e-01 3.218802317175435412e-01 2.915137960097160530e-01 -1.477703092028331278e-01 1.509716596513398790e-01
3.592736902127691145e-01 -3.145813642737451676e-01 -2.224169829409189392e-01 2.183838691042720992e-01 -2.224169829409189392e-01 2.183838691042720992e-01 -1.332320749831775175e-01 2.844652145429751311e-01
8.707442100081275171e-02 -1.449691852334182851e-01 7.856553232036211920e-02 3.484786494761255016e-01 7.856553232036211920e-02 3.484786494761255016e-01 -6.182820526649381032e-02 1.584032951080326379e-01
2.171773909182960205e-01 -3.596175475431463431e-01 -2.928014474156204194e-01 3.126732192090420082e-02 -2.928014474156204194e-01 3.126732192090420082e-02 -6.097578951058241215e-02 4.417763089180151148e-01
-3.743416583333759595e-01 -3.280274062827761572e-01 -4.293815931074128622e-01 -2.515542076822768758e-01 -4.293815931074128622e-01 -2.515542076822768758e-01 1.287530118399949630e-01 2.954977083915996672e-01
-3.359394906246023771e-01 3.846185403986100981e-01 1.935823042648874281e-01 2.560350876976016377e-01 1.935823042648874281e-01 2.560350876976016377e-01 5.943566037171765792e-01 -3.495424601413701371e-01
2.767581808503110086e-01 1.120843819413364084e-02 -4.055168442008142415e-01 3.682285774869793471e-01 -4.055168442008142415e-01 3.682285774869793471e-01 -2.829622347798741444e-01 -8.767789977495538123e-02
3.951742725416745872e-01 -2.490939356786918690e-01 -2.728684198267445904e-01 4.868160288785038370e-01 -2.728684198267445904e-01 4.868160288785038370e-01 -1.983032428889351106e-01 1.549790187917504392e-01
4.942074384219375949e-01 -3.455294756469480255e-01 -2.303150751538546315e-01 4.760125546035477440e-01 -2.303150751538546315e-01 4.760125546035477440e-01 -1.526809643044306775e-01 2.206791019962296430e-01
-2.901114453210806854e-01 -1.652178633280558806e-01 -3.526929898926545182e-01 -2.172976373881019274e-02 -3.526929898926545182e-01 -2.172976373881019274e-02 1.942482590751545557e-01 1.083501549844576445e-01
9.900591313911655256e-02 -3.216295683646671622e-01 4.970112678863569666e-02 1.322514036972688434e-02 4.970112678863569666e-02 1.322514036972688434e-02 -3.531945492214898230e-02 4.152729767745989564e-01
-3.196823684966557666e-01 -2.981104122312625559e-01 -8.509538993099585724e-03 -1.418718548775077526e-02 -8.509538993099585724e-03 -1.418718548775077526e-02 1.290810831854468932e-01 2.847834133843242244e-01
3.644364849323109556e-01 1.907339157039765754e-01 1.693650083971939280e-01 -3.261364621689432086e-01 1.693650083971939280e-01 -3.261364621689432086e-01 -5.034572805253767491e-01 -2.871684406540234713e-01
-2.788407125671621412e-01 -2.101539361360291736e-01 -1.974210311681787733e-01 1.639321652789147432e-01 -1.974210311681787733e-01 1.639321652789147432e-01 1.616417659652336081e-01 1.765664700245326846e-01
4.730725048792661092e-01 -2.073137083780096646e-05 -8.657542635784309937e-02 2.467951923453226559e-01 -8.657542635784309937e-02 2.467951923453226559e-01 -4.730528899962024858e-01 -2.237768630721157226e-01
-9.925152577168383505e-02 -2.975829006787834574e-01 -2.504672114665462690e-02 2.534086901623193722e-01 -2.504672114665462690e-02 2.534086901623193722e-01 4.018041189981842037e-02 3.762876180871749243e-01
2.408424171063430208e-01 3.123942448131967753e-01 -1.528182199634157135e-01 -2.744246653621519316e-01 -1.528182199634157135e-01 -2.744246653621519316e-01 -3.913179871281849964e-01 -2.728091504984149762e-01
-3.923433200640320528e-01 1.139946359618442262e-01 -4.464027959636225340e-01 3.190232034639099989e-01 -4.464027959636225340e-01 3.190232034639099989e-01 4.817933879495533978e-01 -2.549331397326383142e-01
-3.936004888001612967e-01 4.423487077332656225e-01 -3.467325521493299645e-01 4.129723204177111473e-01 -3.467325521493299645e-01 4.129723204177111473e-01 7.418178239680273123e-01 -4.015976732837014396e-01
-4.973762480718898482e-01 2.600866565919889295e-01 -2.994743553189267438e-01 -1.926302161288603321e-01 -2.994743553189267438e-01 -1.926302161288603321e-01 7.560980989304608713e-01 -4.398247198008598535e-01
-4.748153332553030070e-01 1.778956492411005730e-01 3.426041632550632654e-01 -2.223194139362726363e-01 3.426041632550632654e-01 -2.223194139362726363e-01 6.437504972134663328e-01 -3.716983879165323135e-01
3.369085929071825580e-01 1.845416199730627316e-01 -1.728348826648447023e-01 -2.130206204284549321e-01 -1.728348826648447023e-01 -2.130206204284549321e-01 -4.612559079430557096e-01 -2.639934104454780828e-01
-2.830312115971016507e-01 -1.028582585583113218e-01 -1.937893196624111969e-01 2.921382600814005359e-01 -1.937893196624111969e-01 2.921382600814005359e-01 2.248070165120480413e-01 3.333141317383640778e-02
4.052586309138748177e-01 -1.307964552948525094e-01 1.714758013602694087e-01 3.129062873922238142e-01 1.714758013602694087e-01 3.129062873922238142e-01 -2.992458461115152790e-01 -1.633038991763735570e-02
8.301111427520446728e-02 -2.966646015721068341e-01 -2.539535811957127631e-01 -4.374900786944647679e-01 -2.539535811957127631e-01 -4.374900786944647679e-01 -3.375819599018414080e-02 3.777836423048326897e-01
3.961400203846054957e-01 2.919198876562469902e-01 -3.851179678679715890e-01 1.307465458340244524e-01 -3.851179678679715890e-01 1.307465458340244524e-01 -6.274223208782403471e-01 -3.636295825973268059e-01
-2.389112672665583137e-02 4.534081378010608177e-01 2.001684769515148510e-01 2.309607940102921253e-01 2.001684769515148510e-01 2.309607940102921253e-01 4.555598928486018218e-02 -2.483999843131041996e-01
-3.203603691597782799e-01 2.147378696793013075e-01 -2.123722355107062754e-01 3.847495122881964269e-01 -2.123722355107062754e-01 3.847495122881964269e-01 4.579473755658689527e-01 -2.712562831330861401e-01
-1.587034087800790472e-01 3.809640200007836652e-01 3.294123634658551181e-01 -1.992653494822625992e-01 3.294123634658551181e-01 -1.992653494822625992e-01 2.796239859734522271e-01 -2.610172074240430518e-01
8.246074024183691620e-02 -4.450298241812228328e-01 4.233550840466384635e-01 2.947502255073344291e-01 4.233550840466384635e-01 2.947502255073344291e-01 -9.065762778480576656e-03 6.362815949107611946e-01
-2.338831711294500071e-01 1.379845263966391622e-01 2.173884221678920037e-01 2.819897983191196333e-01 2.173884221678920037e-01 2.819897983191196333e-01 2.984276883303325634e-01 -1.736461346093019498e-01
-3.756643167994563326e-01 2.169492978982745512e-02 2.450178433298244585e-02 -3.900044577543708701e-01 2.450178433298244585e-02 -3.900044577543708701e-01 3.919643387544717306e-01 -1.623479387276441921e-01
9.505206420624023878e-02 -3.262830009727368807e-01 -4.462014262378654061e-01 9.616963871175765455e-02 -4.462014262378654061e-01 9.616963871175765455e-02 -3.302431869050957702e-02 4.237087027866446864e-01
-7.123523755777660948e-02 -3.609489489784537541e-01 1.908742783120849218e-01 2.464803056581293950e-01 1.908742783120849218e-01 2.464803056581293950e-01 1.981066930435672335e-02 4.861586336771913097e-01
4.847472944513141480e-01 -1.206766415610924792e-01 -4.997903426311932629e-01 4.324501413206374156e-01 -4.997903426311932629e-01 4.324501413206374156e-01 -3.677519434508929597e-01 -9.974044609831217434e-02
4.223193499622098779e-01 -2.207618202522132478e-01 3.599585654366487253e-01 8.875401931096205121e-02 3.599585654366487253e-01 8.875401931096205121e-02 -2.358553731114320373e-01 9.114396818078024376e-02
7.301626885235568132e-02 3.080412824547543726e-01 -2.085041516214334312e-01 2.270362586121181803e-01 -2.085041516214334312e-01 2.270362586121181803e-01 -1.180003190470372415e-01 -2.184832262755040944e-01
-2.666305469636041092e-01 6.358607939371130335e-02 2.201652345790257037e-01 -3.914212641807364168e-01 2.201652345790257037e-01 -3.914212641807364168e-01 3.005385292196369185e-01 -1.306347384751586627e-01
6.347263980701289832e-02 -2.336251707270389222e-01 4.761908192864050537e-01 4.038990366058481385e-02 4.761908192864050537e-01 4.038990366058481385e-02 -3.381502718419442804e-02 2.841771151202062140e-01
-8.679906518381919067e-02 8.434761099429566311e-02 -1.758190738838046885e-01 1.752837663890456366e-01 -1.758190738838046885e-01 1.752837663890456366e-01 1.014416527534057755e-01 -8.476716923063552789e-02
-4.595077178954556363e-01 4.762647099236695380e-01 -1.875982132267220992e-01 1.450987879150308357e-01 -1.875982132267220992e-01 1.450987879150308357e-01 8.972023378377886882e-01 -4.605839788104820753e-01
3.293857531324988486e-01 3.076806678220460611e-01 -2.413565254509845159e-01 2.877268675687908450e-01 -2.413565254509845159e-01 2.877268675687908450e-01 -5.320770101222485060e-01 -3.215082488372892899e-01
3.457685535303015589e-01 3.576694270182315671e-01 1.362746020216010212e-01 3.289330938643471036e-01 1.362746020216010212e-01 3.289330938643471036e-01 -5.931102343745129346e-01 -3.492979006051185054e-01
-2.919849552141274840e-01 -4.065065494678887781e-03 3.374672883754040731e-01 4.400719592555475401e-01 3.374672883754040731e-01 4.400719592555475401e-01 2.896110792813148538e-01 -8.117362381924111969e-02
-1.617938829957712432e-01 -9.253068265963437788e-02 -2.369499515305544257e-01 3.506199290478221320e-01 -2.369499515305544257e-01 3.506199290478221320e-01 1.318520861082677909e-01 7.491534931824302135e-02
4.237684651434702188e-01 -3.880743473147636458e-01 4.584179688557655785e-01 -2.472178590794830155e-01 4.584179688557655785e-01 -2.472178590794830155e-01 -9.486112409720748317e-02 3.590963343084909165e-01
5.004118571510496327e-02 3.750482689617645748e-01 -1.422363774451058660e-01 -2.338123695484795039e-02 -1.422363774451058660e-01 -2.338123695484795039e-02 -8.757690587359355516e-02 -2.368911851783221112e-01
2.384472518792136730e-01 -2.575542141097908466e-01 4.458459243789422155e-01 -1.189282165706914141e-01 4.458459243789422155e-01 -1.189282165706914141e-01 -1.156210627504332261e-01 2.670312953867536865e-01
-4.510609119342464668e-01 6.844568624783342603e-02 -2.855835706299501009e-01 -6.257609777226891268e-03 -2.855835706299501009e-01 -6.257609777226891268e-03 5.128072592480725778e-01 -2.672168205568506427e-01
5.298646535120343781e-02 -6.696153944492999610e-02 -2.711025824853239286e-01 -2.122276070477063792e-01 -2.711025824853239286e-01 -2.122276070477063792e-01 -4.589035477187938805e-02 6.863782169935063460e-02
-4.028696086296793544e-01 2.070927597038058066e-01 -3.865855462149351274e-01 3.075492638763988040e-02 -3.865855462149351274e-01 3.075492638763988040e-02 5.697323667335043584e-01 -3.265092701394985975e-01
4.577732917946212288e-01 -3.733875230633499909e-01 -2.271662963309882821e-01 1.712760463138418565e-02 -2.271662963309882821e-01 1.712760463138418565e-02 -1.159196206991216505e-01 3.032493787622502768e-01
-2.830488396764399006e-01 1.341937853738366382e-01 1.609093568247607076e-01 3.609371097850174737e-01 1.609093568247607076e-01 3.609371097850174737e-01 3.590156301601472588e-01 -1.963024589830562883e-01
-4.576255637401507315e-01 -2.325703306248767532e-01 2.211334112264304874e-01 -1.371219545848827437e-01 2.211334112264304874e-01 -1.371219545848827437e-01 2.447653064172657933e-01 7.723813272335047775e-02
7.425399468541604708e-02 -7.517595023086320882e-02 3.903604961925373207e-01 1.973934452307277709e-01 3.903604961925373207e-01 1.973934452307277709e-01 -6.308976546758880699e-02 7.531371799723463045e-02
7.016714605702101260e-02 -2.154747484399547330e-01 1.625348801171735413e-01 -7.403958367091967308e-02 1.625348801171735413e-01 -7.403958367091967308e-02 -3.992864976624868611e-02 2.569806872694291866e-01
-7.611506322877603647e-02 -6.191868647451836960e-02 1.636912754913331103e-01 -4.430751200171235693e-01 1.636912754913331103e-01 -4.430751200171235693e-01 6.668917375667458847e-02 5.995910735892749643e-02
-2.338019548058405395e-01 -4.830280331796756865e-01 4.474177739731303172e-01 -4.060720167697948746e-01 4.474177739731303172e-01 -4.060720167697948746e-01 7.936158038983370799e-03 6.616807599460692302e-01
2.832566713374955469e-01 2.965823902199709039e-01 -1.092779341144165528e-01 -4.054932910998688689e-01 -1.092779341144165528e-01 -4.054932910998688689e-01 -4.512745525995498497e-01 -2.888556178885777759e-01
3.932254890164316175e-01 2.051137213384778279e-01 -2.330152099443698610e-01 -2.952667856454443962e-01 -2.330152099443698610e-01 -2.952667856454443962e-01 -5.545373757710376772e-01 -3.176683678693708601e-01
3.173946012193051835e-01 -4.464269659625107467e-01 -1.509515899924858129e-01 1.897193243235199001e-01 -1.509515899924858129e-01 1.897193243235199001e-01 -3.400758354887434276e-02 5.449846690178417052e-01
-1.635259049649185892e-01 -3.705879630868755825e-01 3.065760177909576667e-01 -2.842148926563325961e-01 3.065760177909576667e-01 -2.842148926563325961e-01 4.232444089914423613e-02 4.811826798771594582e-01
-1.027840200372991397e-01 3.530013809515862855e-01 -2.687198864502724494e-01 2.037993728026388229e-02 -2.687198864502724494e-01 2.037993728026388229e-02 1.753498220631433679e-01 -2.389559607728872492e-01
2.723546273649747329e-01 6.006113119756628649e-03 4.378061102165711205e-01 1.567889730831765194e-01 4.378061102165711205e-01 1.567889730831765194e-01 -2.756262127662611472e-01 -8.014708277206356035e-02
2.731830457519313082e-02 8.625144970763587438e-02 -1.517713201895301012e-01 -1.402932063471784563e-01 -1.517713201895301012e-01 -1.402932063471784563e-01 -3.203079132152342884e-02 -7.955842689583005056e-02
2.268484761855706910e-01 9.150514256231490062e-02 -4.077482968001426844e-01 -1.497614031945265767e-01 -4.077482968001426844e-01 -1.497614031945265767e-01 -2.683640804923797529e-01 -1.345921825946807537e-01
-2.211650949449149861e-01 -4.016768954789290413e-01 -1.719070791822335798e-01 1.986736866433025384e-02 -1.719070791822335798e-01 1.986736866433025384e-02 4.349127749336292870e-02 5.141072246185263150e-01
3.160858319603274680e-01 -1.072327925822745831e-01 1.398281136652679280e-01 -1.789258368395281185e-01 1.398281136652679280e-01 -1.789258368395281185e-01 -2.482962990467324771e-01 1.882141122121533394e-02
-3.474586169716433748e-01 -4.232746487135606861e-01 -4.064705027175967711e-01 -4.551299484143891405e-01 -4.064705027175967711e-01 -4.551299484143891405e-01 5.331776888929939950e-02 4.817085864493017011e-01
-4.613424225312704463e-01 -6.424104282219067485e-03 1.608751669810352114e-01 4.888190278477085871e-01 1.608751669810352114e-01 4.888190278477085871e-01 4.554149988669655147e-01 -2.063714574289733650e-01
1.149501149592423443e-01 1.803286579980633020e-01 1.318130981579676009e-01 -9.829670054998018713e-02 1.318130981579676009e-01 -9.829670054998018713e-02 -1.564077148938888828e-01 -1.610237620318238361e-01
7.503148382401780836e-02 -3.090218776251780763e-01 -3.684868143927769735e-01 9.057207315946391724e-03 -3.684868143927769735e-01 9.057207315946391724e-03 -2.865874379941549255e-02 3.988866749113347820e-01
2.981736219282160594e-02 -1.986400884747753226e-01 4.745817720453021638e-01 -8.574343428165542846e-03 4.745817720453021638e-01 -8.574343428165542846e-03 -1.797151526468859783e-02 2.372088981359039839e-01
3.182832997280956588e-01 4.365293268329153431e-01 1.802119758396876215e-01 7.435808807240418261e-02 1.802119758396876215e-01 7.435808807240418261e-02 -5.961632888730248325e-01 -3.472757325335218970e-01
2.358821063486902236e-01 2.256760677631201029e-01 -3.630495475536629213e-01 -2.872790186293394665e-02 -3.630495475536629213e-01 -2.872790186293394665e-02 -3.423479987815992720e-01 -2.303867482975905379e-01
-3.479450231088802026e-01 -6.658643042737077966e-02 -2.066487083307594341e-01 6.124401619116692785e-02 -2.066487083307594341e-01 6.124401619116692785e-02 3.016081889613014821e-01 -5.004555596180930432e-02
-2.954767421548671891e-01 1.719723853329816476e-01 2.921115455931305727e-01 -1.197739012771099620e-01 2.921115455931305727e-01 -1.197739012771099620e-01 3.971044224724489258e-01 -2.297043891703199892e-01
-3.573277664941387766e-02 1.056286063412505971e-01 -2.479231639025137879e-01 -5.373147803736633144e-02 -2.479231639025137879e-01 -5.373147803736633144e-02 4.328158344577541505e-02 -9.574803519073260549e-02
2.089873799772214991e-01 2.508926511918163627e-02 -4.546389064788280976e-01 4.051241667204497077e-04 -4.546389064788280976e-01 4.051241667204497077e-04 -2.194740595428448238e-01 -6.813551888470462115e-02
4.381683194805112702e-01 -1.254695587390675104e-01 5.499590905184292833e-02 1.616815929507560146e-01 5.499590905184292833e-02 1.616815929507560146e-01 -3.282147480831942854e-01 -5.077930728713156427e-02
-4.363303174147769026e-01 1.360482206126293336e-01 1.794671625752090049e-01 -2.717725330456510768e-01 1.794671625752090049e-01 -2.717725330456510768e-01 5.550542439820251861e-01 -3.079232481760466600e-01
