-4.216690913669111085e-01 -6.022161688092064757e-02 7.119542747278673200e-02 -4.579692319194824668e-01 7.119542747278673200e-02 -4.579692319194824668e-01 3.708819024252630325e-01 -1.139565625935233806e-01
-2.311716987417596902e-01 2.518630636281118385e-01 4.951675732757100379e-01 2.833581075456166332e-01 4.951675732757100379e-01 2.833581075456166332e-01 3.476189232801887297e-01 -2.418684151071244237e-01
1.533158921740503944e-01 -4.723386591415621449e-01 3.389129035757489916e-01 2.361529685049014171e-01 3.389129035757489916e-01 2.361529685049014171e-01 -8.481846304883827736e-03 6.719367052680859098e-01
4.207996703472000055e-01 -8.608449396563933043e-02 -1.252459649523740559e-01 -3.361847285492229886e-01 -1.252459649523740559e-01 -3.361847285492229886e-01 -3.483510169817068958e-01 -8.357732849735266534e-02
3.699565431352531686e-01 8.218170928866319613e-02 -1.493174023521841587e-01 -4.828295895243972513e-02 -1.493174023521841587e-01 -4.828295895243972513e-02 -4.307638652900134812e-01 -2.122957197556432918e-01
4.656015630530149219e-01 -4.376342733649618566e-03 -3.983835123931456224e-02 6.830157478448950492e-02 -3.983835123931456224e-02 6.830157478448950492e-02 -4.615262990185289849e-01 -2.123893204080386510e-01
4.331743865118548031e-01 -2.229738929585530771e-01 -2.231567738143880320e-02 -4.616217338441308549e-01 -2.231567738143880320e-02 -4.616217338441308549e-01 -2.400012279308923746e-01 8.505120076972358389e-02
3.997274088109544765e-01 -4.134430641875804779e-01 2.386394023492758310e-01 2.145408646923179230e-01 2.386394023492758310e-01 2.145408646923179230e-01 -6.919835933382911808e-02 4.245962301576763354e-01
-3.152570219700089327e-01 -3.859040995816016562e-01 4.680964676495056320e-01 2.884217492943256245e-01 4.680964676495056320e-01 2.884217492943256245e-01 7.193906756978191153e-02 4.354390837540896841e-01
3.319583886612909041e-03 4.235006141703396843e-01 -8.271060446558708978e-02 2.370547685507208291e-01 -8.271060446558708978e-02 2.370547685507208291e-01 -6.131275516153969658e-03 -2.441588636048650229e-01
9.194501106922314815e-02 2.460319184418540139e-01 4.353359370779501525e-01 3.617855381598351627e-01 4.353359370779501525e-01 3.617855381598351627e-01 -1.371878259982600989e-01 -1.939540986101944697e-01
8.684087946666174673e-02 -3.236664359967812432e-01 8.947305199413158050e-02 4.815720080134737735e-01 8.947305199413158050e-02 4.815720080134737735e-01 -3.062592355506080916e-02 4.208850594410964430e-01
-1.007324900998483042e-01 -2.194790403607966844e-01 2.917640032431678687e-02 -1.335347224927388998e-01 2.917640032431678687e-02 -1.335347224927388998e-01 5.651514957931198790e-02 2.575030549567768889e-01
-3.371697559710225001e-01 -7.985087405231194868e-02 3.638806309239375203e-01 4.684714425362336288e-01 3.638806309239375203e-01 4.684714425362336288e-01 2.833231565344407343e-01 -2.745640820232872481e-02
2.723685844218962648e-01 4.148914075688292513e-03 -1.596871988097398054e-01 -1.288153315199236371e-01 -1.596871988097398054e-01 -1.288153315199236371e-01 -2.746286521292628513e-01 -7.831634636766848789e-02
-4.605776882425018925e-01 -2.553631425937862298e-01 -4.457229400385361862e-01 4.582139616468124954e-01 -4.457229400385361862e-01 4.582139616468124954e-01 2.253485564861290313e-01 1.084416702823533529e-01
-4.203338946101021767e-01 -4.519573713307657448e-01 4.247169745933778717e-01 1.662680984379671933e-02 4.247169745933778717e-01 1.662680984379671933e-02 4.038789043169238591e-02 4.795422538728849604e-01
-2.493572448609554515e-01 3.404089924556721325e-01 4.479343785139565659e-01 2.589411734990146874e-01 4.479343785139565659e-01 2.589411734990146874e-01 4.191241418302358301e-01 -2.867097458756328043e-01
1.030481766016063672e-01 -3.868926296072495719e-01 -2.761285227642154005e-01 -7.280639134644106836e-02 -2.761285227642154005e-01 -7.280639134644106836e-02 -2.331101655835089714e-02 5.259596097507461820e-01
-3.264811323649930985e-01 4.317155112272751394e-01 1.101722097881983053e-01 -4.828444010107814099e-01 1.101722097881983053e-01 -4.828444010107814099e-01 6.083750702950184719e-01 -3.519271583833757377e-01
-4.431687985879162461e-01 -3.825454972427625444e-01 4.337123253610222218e-01 4.856745637040300601e-01 4.337123253610222218e-01 4.856745637040300601e-01 1.041043417513320413e-01 3.324879706616178932e-01
4.082469303665603455e-02 8.212923388360515720e-02 1.402962456789583756e-01 -4.060114386319269020e-02 1.402962456789583756e-01 -4.060114386319269020e-02 -4.753049456192385419e-02 -7.705067838683443693e-02
4.351028741172144887e-01 9.047451255115690483e-02 2.779344873799447502e-01 -2.218589074032673025e-02 2.779344873799447502e-01 -2.218589074032673025e-02 -5.138343150079391908e-01 -2.716033861948480288e-01
1.960214862457457796e-01 -4.562265353888466102e-01 -9.381196797485269467e-02 -2.151124041688217137e-01 -9.381196797485269467e-02 -2.151124041688217137e-01 -1.716107918240769581e-02 6.259447639117660112e-01
4.617179609714254784e-01 1.705831355515391445e-01 -2.322803669794001324e-01 -6.205896455989434735e-02 -2.322803669794001324e-01 -6.205896455989434735e-02 -6.192405560173632750e-01 -3.546680049005551671e-01
-3.354362091430519444e-01 -1.924370419527364762e-01 1.686950250424280595e-01 -4.034819728863657806e-01 1.686950250424280595e-01 -4.034819728863657806e-01 2.063355054403951949e-01 1.169516066639944563e-01
4.666123172928160479e-01 -2.983679283749957056e-01 1.957053924860141514e-02 4.341211642012723360e-01 1.957053924860141514e-02 4.341211642012723360e-01 -1.881680163629886327e-01 1.696642944084106319e-01
-3.724078450479605396e-01 2.213625533575391824e-01 3.348138520798793483e-01 2.161366281357854913e-01 3.348138520798793483e-01 2.161366281357854913e-01 5.372821479883512774e-01 -3.110487763818355900e-01
-3.673656822555387835e-01 -7.108977609056588154e-02 -4.421557636079638254e-01 9.181466053783782222e-03 -4.421557636079638254e-01 9.181466053783782222e-03 3.151337940657303327e-01 -5.881401214390480359e-02
4.453893286742516278e-01 -3.738351019679090337e-01 -1.209722637131844802e-01 1.042752325160273275e-01 -1.209722637131844802e-01 1.042752325160273275e-01 -1.123849984735368346e-01 3.152161313343654347e-01
-1.082628148158848447e-03 1.733877037246260855e-01 -2.495278895490096183e-01 -2.427158440665647676e-01 -2.495278895490096183e-01 -2.427158440665647676e-01 1.458056965352662500e-03 -1.433255800054345497e-01
1.521132931754831663e-01 2.111561501180115874e-01 3.134662369461546083e-01 3.188364322948696872e-01 3.134662369461546083e-01 3.188364322948696872e-01 -2.163526079128980095e-01 -1.897076843460418216e-01
-1.963462602128004386e-01 -1.418820849136946949e-01 -2.095717078007836021e-01 -8.848253981018394665e-02 -2.095717078007836021e-01 -8.848253981018394665e-02 1.406302266848025451e-01 1.234607570335988225e-01
-4.288097056792771200e-01 -2.827491466343805548e-01 2.112287526884729649e-01 -2.453400260784555087e-03 2.112287526884729649e-01 -2.453400260784555087e-03 1.863185489805661288e-01 1.788184628721027347e-01
2.425485752222045210e-01 3.159873933222046016e-02 1.984050624654072337e-01 1.229382469998818728e-01 1.984050624654072337e-01 1.229382469998818728e-01 -2.578770336299003318e-01 -8.943007034715624859e-02
-2.089815022036725090e-01 4.153343596641595470e-01 4.386252323968068412e-01 -3.462585237027338003e-01 4.386252323968068412e-01 -3.462585237027338003e-01 3.825758990025054374e-01 -2.865049976098256734e-01
4.138481640926123806e-01 -2.557004054996923070e-01 4.532038586164506277e-01 -1.743086201428889481e-01 4.532038586164506277e-01 -1.743086201428889481e-01 -2.022058773450439995e-01 1.498127999495735552e-01
-4.070415517735954669e-01 3.451744224969298669e-01 -1.945423649954769463e-01 3.302647677768505430e-01 -1.945423649954769463e-01 3.302647677768505430e-01 6.880422169050054437e-01 -3.917118654210974271e-01
-4.961129313413944475e-01 -3.467407665516544224e-01 -7.975583806740194071e-02 2.240397336633248582e-01 -7.975583806740194071e-02 2.240397336633248582e-01 1.520677751223876162e-01 2.208418850963321800e-01
8.626870029438260534e-02 -3.500660143435487814e-01 4.859260406682812672e-01 -1.041765141377437587e-01 4.859260406682812672e-01 -1.041765141377437587e-01 -2.586922014507730266e-02 4.651699400914444671e-01
9.903967139721869817e-02 -3.272860452805650411e-01 3.163423013368165115e-01 -3.647366604506754317e-01 3.163423013368165115e-01 -3.647366604506754317e-01 -3.421106664225390115e-02 4.245933442054880547e-01
-4.175527033050974168e-02 -1.578024155569205389e-01 1.037923601213353031e-02 4.380588322687616332e-01 1.037923601213353031e-02 4.380588322687616332e-01 2.857710528973643471e-02 1.809605153121456311e-01
-2.483971689659070226e-02 3.674587510331677187e-01 -4.203066408738476145e-02 -5.008226908428059510e-02 -4.203066408738476145e-02 -5.008226908428059510e-02 4.309485959026808366e-02 -2.330498288578149724e-01
3.413234965408010746e-01 4.967014400738831714e-01 -8.608345534620165385e-02 8.750630331117181804e-02 -8.608345534620165385e-02 8.750630331117181804e-02 -6.803952410665390360e-01 -3.664908487932520553e-01
3.071774143576966321e-02 4.733777564755258238e-01 -1.300252560342104458e-01 -2.514729686231587102e-02 -1.300252560342104458e-01 -2.514729686231587102e-02 -5.979993248548954449e-02 -2.502348357886383656e-01
-3.309723710222387538e-01 -1.433402784787741746e-01 2.487449289800022223e-01 -4.382043300794842278e-01 2.487449289800022223e-01 -4.382043300794842278e-01 2.360890273600230183e-01 5.434400353306423348e-02
3.803733819800643179e-01 -4.222500052332920362e-01 -2.878708232442973580e-01 -1.112638351923678215e-01 -2.878708232442973580e-01 -1.112638351923678215e-01 -5.914805691669000609e-02 4.558611624338552715e-01
4.939147012278790605e-01 -4.324541017034584378e-01 -2.492615571866422242e-01 1.140005757933577613e-01 -2.492615571866422242e-01 1.140005757933577613e-01 -6.672382435261003941e-02 3.755189196945785679e-01
4.685052507178072423e-01 1.483397350990078856e-02 4.487962753647894987e-01 1.162674543594454102e-01 4.487962753647894987e-01 1.162674543594454102e-01 -4.824048396746020151e-01 -2.341110966899637713e-01
-2.652555731683881035e-02 -3.348040326463919136e-02 -4.658963190510048147e-01 -1.901096405733250227e-01 -4.658963190510048147e-01 -1.901096405733250227e-01 2.474938460526468140e-02 3.389773547643315510e-02
3.657150341901540536e-01 -3.544897660287311680e-01 2.049382597077302748e-01 -2.367678049882180336e-01 2.049382597077302748e-01 -2.367678049882180336e-01 -1.064305603836397940e-01 3.464052740151302157e-01
-4.022691203441367547e-01 -6.789007861425333523e-02 -1.564245209760043442e-01 1.781604526459005244e-01 -1.564245209760043442e-01 1.781604526459005244e-01 3.476489559356367720e-01 -8.932130379394273567e-02
2.646597349887024331e-01 2.880366208560187768e-01 -2.241566677437851762e-01 -3.210340035415027993e-01 -2.241566677437851762e-01 -3.210340035415027993e-01 -4.171231264742930045e-01 -2.751163012261550467e-01
-9.381047752750848456e-02 -3.972034405547579805e-01 2.349337983341268643e-01 -1.245006695654096163e-01 2.349337983341268643e-01 -1.245006695654096163e-01 1.928678865948613153e-02 5.461736080493559964e-01
1.541643526502889383e-02 3.703092576602008412e-01 2.452294141627621160e-01 4.094256101209026166e-01 2.452294141627621160e-01 4.094256101209026166e-01 -2.683413266254767657e-02 -2.334179778276326556e-01
2.840654404306419689e-02 -1.142609640364316004e-01 3.130052559757406927e-01 -5.651074963791369310e-02 3.130052559757406927e-01 -5.651074963791369310e-02 -2.191502582845646085e-02 1.265096001944957804e-01
2.728868930536355597e-01 -3.539580258485166553e-01 2.204071231453446078e-01 -3.267845867286697237e-01 2.204071231453446078e-01 -3.267845867286697237e-01 -7.970588116323529260e-02 4.047770535106295364e-01
-4.428527383491116520e-01 3.524805663215161422e-01 3.706127630309976606e-01 6.176068273418600096e-02 3.706127630309976606e-01 6.176068273418600096e-02 7.550467063697698933e-01 -4.243565645504861483e-01
4.322773435409096310e-01 -4.590631552831963003e-01 4.633941614823831046e-01 -8.074400583533747344e-02 4.633941614823831046e-01 -8.074400583533747344e-02 -3.539214097425325001e-02 4.829384340829746547e-01
1.500659237024757342e-01 2.759528373384900757e-01 -1.696108640646281085e-01 -4.675811275827345126e-01 -1.696108640646281085e-01 -4.675811275827345126e-01 -2.328881585695148360e-01 -2.223226503600041759e-01
4.254786361604153688e-01 4.411402783232782898e-01 -1.114145837132547445e-01 3.899137572515591899e-01 -1.114145837132547445e-01 3.899137572515591899e-01 -8.008701641132442983e-01 -4.275676029930659539e-01
-3.599225547686087934e-01 4.741563183607080401e-01 -1.316990652919785010e-01 -3.422196373218334697e-01 -1.316990652919785010e-01 -3.422196373218334697e-01 7.012416616967365179e-01 -3.788763495504890999e-01
4.911570533257683113e-01 -2.464083899342106587e-01 -4.796691027288935150e-01 -1.337420268598366047e-01 -4.796691027288935150e-01 -1.337420268598366047e-01 -2.491066158961006693e-01 6.589023353252904114e-02
-4.275203669730789358e-01 -1.489834775782760135e-01 -4.388446008915994900e-01 -3.792838198478748479e-01 -4.388446008915994900e-01 -3.792838198478748479e-01 3.001334249586988800e-01 -1.159411000720339535e-02
-2.705946100180478542e-01 -8.029922540128864306e-02 1.651003135442088432e-01 -1.568675525324846332e-01 1.651003135442088432e-01 -1.568675525324846332e-01 2.271375348536218142e-01 1.352574803051619090e-02
-4.216292654233974035e-01 -4.970555706013950470e-01 -2.408137965337713293e-01 2.481163888610751211e-01 -2.408137965337713293e-01 2.481163888610751211e-01 2.482915208849745259e-03 5.663485734057998044e-01
-3.708413047005909569e-01 -5.004356719765867823e-02 4.967162864983228898e-01 6.956905014891900940e-02 4.967162864983228898e-01 6.956905014891900940e-02 3.337248611976880719e-01 -8.497534745651127985e-02
-2.047034283011813782e-01 1.720185763977167825e-01 -3.386634114819992991e-01 -1.456522648413459686e-01 -3.386634114819992991e-01 -1.456522648413459686e-01 2.751290129413839769e-01 -1.843316793300765477e-01
-1.493117270981831890e-01 3.872823929811917143e-01 -3.614117232204794306e-01 -9.900845546187775348e-02 -3.614117232204794306e-01 -9.900845546187775348e-02 2.649633330396612418e-01 -2.595887329169958013e-01
-2.472309729018300484e-01 3.983364019741345574e-01 4.382677832253060179e-01 1.801507063316620805e-02 4.382677832253060179e-01 1.801507063316620805e-02 4.441931653063895258e-01 -3.007876667984206720e-01
-3.490683923516446630e-02 1.764943463947795665e-01 -4.076643418089497262e-01 -4.864854173680582816e-01 -4.076643418089497262e-01 -4.864854173680582816e-01 4.722855878620046965e-02 -1.465625795108487506e-01
-2.986333888146882609e-01 2.032959249448790251e-01 1.569365404478594295e-01 -2.133997181235403051e-01 1.569365404478594295e-01 -2.133997181235403051e-01 4.200552908116997330e-01 -2.511485927606298962e-01
-1.335805446725267798e-01 -4.308729724889150958e-01 1.086094801496961804e-02 -4.668012823931653177e-01 1.086094801496961804e-02 -4.668012823931653177e-01 1.846805197304693391e-02 5.986807289953395284e-01
-4.879898743705912700e-01 -3.635371698558549358e-01 4.842700486538458193e-01 4.925872401742182882e-01 4.842700486538458193e-01 4.925872401742182882e-01 1.331849586765933569e-01 2.575623262344342024e-01
2.599568696076388630e-01 5.284930562082934546e-02 4.667620986299003683e-01 2.473627462932189713e-01 4.667620986299003683e-01 2.473627462932189713e-01 -2.874339497078952643e-01 -1.176338305724284883e-01
-3.983565679484165623e-01 -4.016733014998341567e-02 -2.135521138596018220e-01 -8.710286294060187728e-02 -2.135521138596018220e-01 -8.710286294060187728e-02 3.663547283840198343e-01 -1.169072106662802368e-01
4.691310570839594130e-01 2.878817311107315646e-01 4.663129692211741562e-01 -4.701976327867564143e-01 4.663129692211741562e-01 -4.701976327867564143e-01 -7.392395787462346934e-01 -4.250897887241331663e-01
-4.812873655722704758e-02 3.209117578349458544e-01 1.616648513214227201e-01 4.920616854927154504e-01 1.616648513214227201e-01 4.920616854927154504e-01 7.901889145913655599e-02 -2.202437768008258800e-01
-4.576156466050707028e-01 -2.113760396580325329e-01 1.463462010631452204e-01 -2.284878034771377076e-01 1.463462010631452204e-01 -2.284878034771377076e-01 2.641576804752114871e-01 4.664378978176972335e-02
-4.282668032652330314e-01 -1.653644353675670642e-01 -1.969305477008085337e-01 -4.822420097122104288e-02 -1.969305477008085337e-01 -4.822420097122104288e-02 2.866266070479766559e-01 9.297377072979506885e-03
2.558340308597274460e-01 -2.949853457953492963e-01 4.085596451747025570e-01 -4.174405845879184396e-01 4.085596451747025570e-01 -4.174405845879184396e-01 -1.048994507409779231e-01 3.165506486834150923e-01
-2.543796040087401567e-01 3.033390138595871699e-01 -3.169576385472789859e-01 -4.006912557090286375e-01 -3.169576385472789859e-01 -4.006912557090286375e-01 4.087061204607471687e-01 -2.760334394659237911e-01
3.981350678596518033e-01 -8.607368024973127696e-02 -1.439805360733216189e-01 3.984072067466662981e-01 -1.439805360733216189e-01 3.984072067466662981e-01 -3.295971668053383485e-01 -6.502917357814527732e-02
-4.037887064808686199e-01 3.765309559556544450e-01 3.020335479790496880e-01 -1.133618080906173553e-02 3.020335479790496880e-01 -1.133618080906173553e-02 7.078666017915458131e-01 -3.978007146442685271e-01
-3.459886653188906092e-01 -1.039685368809628585e-01 3.904993463832451273e-01 9.941279602240160607e-02 3.904993463832451273e-01 9.941279602240160607e-02 2.740447946976862226e-01 -4.930162987016303844e-03
3.133641454655881065e-01 -2.298963211366141790e-01 -4.902068173653355565e-01 -3.610123540107701423e-01 -4.902068173653355565e-01 -3.610123540107701423e-01 -1.692816170282730737e-01 1.845515519453851672e-01
-4.760955779454834058e-01 2.436307583175478797e-03 3.643246405143307776e-01 -1.670392173937064184e-01 3.643246405143307776e-01 -1.670392173937064184e-01 4.784154084792132111e-01 -2.290973713277794921e-01
-9.871150026405484113e-02 7.496947153170374634e-02 -4.803877013056913059e-01 2.070894683741592024e-01 -4.803877013056913059e-01 2.070894683741592024e-01 1.135121982818504960e-01 -7.909301015434130888e-02
2.177736874735560768e-01 8.221445676220384691e-02 -1.072914066189051274e-01 -1.321962612596147002e-01 -1.072914066189051274e-01 -1.321962612596147002e-01 -2.535819782990368365e-01 -1.228806188173296315e-01
-9.519370405766380827e-02 1.825987913939274288e-01 -1.473016899161504467e-01 -1.326622485819991537e-01 -1.473016899161504467e-01 -1.326622485819991537e-01 1.299582146761450452e-01 -1.583183140676224787e-01
-1.884414785289699745e-01 -1.578278988872684474e-01 -3.659075703090997056e-02 -1.933157057049608163e-01 -3.659075703090997056e-02 -1.933157057049608163e-01 1.289588332900946932e-01 1.472273537242540231e-01
2.652292638228666011e-01 -4.034009628808806758e-01 2.893091715657339913e-01 -1.736372278893679733e-01 2.893091715657339913e-01 -1.736372278893679733e-01 -5.124178300220355586e-02 4.957867373460825844e-01
-2.293983891325257485e-02 4.320753044927537756e-01 3.805097718108578775e-01 -2.838033864405277162e-01 3.805097718108578775e-01 -2.838033864405277162e-01 4.276331468016923015e-02 -2.459124719496138534e-01
-3.322803827685437694e-01 -2.895589854555591369e-01 4.577595946200344601e-01 -4.282235121343223039e-01 4.577595946200344601e-01 -4.282235121343223039e-01 1.398508417260549974e-01 2.629931387408018795e-01
-1.573449972667438912e-01 -9.286175315671152397e-02 -4.663166237565806727e-01 1.268794906780550402e-01 -4.663166237565806727e-01 1.268794906780550402e-01 1.281223326734882428e-01 7.672761019117790848e-02
2.799301053613983958e-01 -1.985022824393061214e-01 -1.080267915967365600e-01 -2.898489534672255008e-02 -1.080267915967365600e-01 -2.898489534672255008e-02 -1.687965756859723387e-01 1.595445746852765800e-01
3.172564608803590813e-01 4.112288802044002933e-01 -4.295616049635453404e-01 1.561508820113534091e-01 -4.295616049635453404e-01 1.561508820113534091e-01 -5.781864991712415414e-01 -3.427713502605660989e-01
1.859688543643086556e-01 -1.188361858624652490e-01 3.437048136304872159e-01 -2.433554349204355427e-01 3.437048136304872159e-01 -2.433554349204355427e-01 -1.417691956805752218e-01 9.837381013923018891e-02
4.400056276176091963e-01 4.710098011942602803e-01 1.971137587921654166e-01 -2.101078352496786872e-01 1.971137587921654166e-01 -2.101078352496786872e-01 -8.544995539946609320e-01 -4.427645207083698575e-01
3.153957701031741001e-01 4.082398416593965296e-01 1.737894986213261994e-01 -2.758336206492036924e-01 1.737894986213261994e-01 -2.758336206492036924e-01 -5.729100085971006173e-01 -3.410545651402816514e-01
1.234512639946268031e-01 1.482280222665307567e-01 1.914217075886723851e-01 -2.588248271409224754e-01 1.914217075886723851e-01 -2.588248271409224754e-01 -1.600491374110806220e-01 -1.414966902633546519e-01
6.740410189910428507e-02 3.693939831526271700e-01 -3.773859598654907277e-01 1.971754061500397004e-01 -3.773859598654907277e-01 1.971754061500397004e-01 -1.172014412617756740e-01 -2.374853813160885951e-01
2.806962434491587777e-01 -2.152597476645834451e-01 -3.201928212308891020e-01 -8.935550723561780373e-03 -3.201928212308891020e-01 -8.935550723561780373e-03 -1.598510383786339584e-01 1.828061255427341769e-01
-1.144192756447827142e-01 -1.374142812102512323e-01 -3.935760484648659352e-01 4.984026145206849057e-01 -3.935760484648659352e-01 4.984026145206849057e-01 8.297359060613188064e-02 1.432051952517044702e-01
4.198007246232732248e-01 3.456336779510260637e-01 2.924023450342418950e-01 3.532384136960218246e-01 2.924023450342418950e-01 3.532384136960218246e-01 -7.099952615393687605e-01 -4.024036870112977504e-01
4.219918453011972659e-01 2.370270318110557772e-01 -7.539421784687028172e-03 -5.185388888605690916e-02 -7.539421784687028172e-03 -5.185388888605690916e-02 -6.220387943816232390e-01 -3.589223355026061046e-01
-2.717875206454545278e-01 -3.468391944656010750e-01 1.329496903599903801e-01 2.293150415983644663e-01 1.329496903599903801e-01 2.293150415983644663e-01 8.325439119250979680e-02 3.932681649045447481e-01
1.830213508992105664e-01 -9.474263641104185840e-02 4.426171626481519850e-01 2.367028189174414932e-01 4.426171626481519850e-01 2.367028189174414932e-01 -1.483415002918073433e-01 7.022198868018476869e-02
3.218465055048731482e-01 -1.772054539375259585e-01 -7.359919177800688939e-02 2.889856404985100546e-01 -7.359919177800688939e-02 2.889856404985100546e-01 -2.077805932924781662e-01 1.050220537370322449e-01
2.181617935879924808e-01 1.289845615076595786e-01 -1.901918660506830561e-01 4.056809852363622015e-01 -1.901918660506830561e-01 4.056809852363622015e-01 -2.744408001553360066e-01 -1.599421125818661915e-01
-8.960131932923165454e-02 4.919042428877085094e-01 -1.813485549977474909e-01 1.310927369493719574e-02 -1.813485549977474909e-01 1.310927369493719574e-02 1.777518576220026569e-01 -2.579628551423177041e-01
3.070794822453757345e-01 6.278102490467774022e-02 3.901173646050426491e-02 2.755301027334066122e-01 3.901173646050426491e-02 2.755301027334066122e-01 -3.456370114905006896e-01 -1.531373762326840027e-01
-1.539799939270680706e-02 -1.099384719427284329e-01 -2.183747323149231034e-01 -3.648255269069010653e-01 -2.183747323149231034e-01 -3.648255269069010653e-01 1.201233434428831265e-02 1.217878411705327207e-01
-7.366142389263707901e-02 4.619448484613394301e-01 1.292012705104930159e-01 3.732068451188397251e-01 1.292012705104930159e-01 3.732068451188397251e-01 1.417164544876985399e-01 -2.539778108112603627e-01
1.115088735479918824e-01 -1.955612275130732547e-01 2.075290517712083949e-01 3.469365194376364814e-01 2.075290517712083949e-01 3.469365194376364814e-01 -6.789524916870116888e-02 2.213711923395512149e-01
5.152187229400095880e-02 2.409975673688160569e-01 -3.235990300763785799e-01 -4.666852808250522289e-01 -3.235990300763785799e-01 -4.666852808250522289e-01 -7.635516407228302993e-02 -1.855722432158083690e-01
2.747702399200641077e-01 -3.176631014955789700e-01 3.500513221276363440e-01 1.683547600254367005e-01 3.500513221276363440e-01 1.683547600254367005e-01 -1.002015066966802925e-01 3.430742628016398843e-01
-1.702340676284086474e-01 -1.178139582744008873e-02 -3.248333305688462236e-01 4.466279557014153356e-01 -3.248333305688462236e-01 4.466279557014153356e-01 1.662228777603176610e-01 -1.705944066623069771e-02
-2.272713451008259167e-01 -4.659525497867146315e-01 4.898673963473753057e-01 -4.145793408533821056e-01 4.898673963473753057e-01 -4.145793408533821056e-01 1.547601961445352337e-02 6.314120641355167596e-01
-3.785754951232107590e-01 -3.009222981309828127e-01 6.921101225109671518e-02 -2.990761456465858004e-01 6.921101225109671518e-02 -2.990761456465858004e-01 1.507318791061082464e-01 2.481571221356307366e-01
-2.501009861198855155e-01 -4.661467964338343872e-01 -6.786128073047770215e-02 4.019505437568908768e-01 -6.786128073047770215e-02 4.019505437568908768e-01 1.693343919043049928e-02 6.208891290012218400e-01
-2.997691902245270823e-01 -1.360622502885949769e-01 -1.833271389839347121e-01 -6.225958469100356663e-02 -1.833271389839347121e-01 -6.225958469100356663e-02 2.181946490462489952e-01 6.471361883432254214e-02
-3.327569685435545210e-01 4.516981752335076372e-01 4.459223568357505441e-01 1.900693497692362843e-02 4.459223568357505441e-01 1.900693497692362843e-02 6.333683995182690651e-01 -3.583941338385231989e-01
1.694029462121012797e-01 -1.052014641478958845e-01 1.600133174943304537e-01 -1.301400511684484007e-01 1.600133174943304537e-01 -1.301400511684484007e-01 -1.337600702671406516e-01 8.757145402141683355e-02
3.488176972685786970e-01 -8.603795407812309115e-03 3.618342450924033615e-01 -2.806599620974725706e-02 3.618342450924033615e-01 -2.806599620974725706e-02 -3.428153850647325807e-01 -1.129959652245220159e-01
2.800447843497628764e-01 3.037093182760725041e-01 -1.961311335977716785e-01 4.597571913785686304e-01 -1.961311335977716785e-01 4.597571913785686304e-01 -4.501492054330353265e-01 -2.898950495098610025e-01
4.362624562662403838e-01 -4.661596149751013884e-01 -3.512494107866018789e-01 2.407307089440507974e-01 -3.512494107866018789e-01 2.407307089440507974e-01 -2.952657898391514157e-02 4.931394708613828781e-01
-2.427176832718179744e-01 4.723334424284509891e-01 -1.656111180516735004e-01 3.123735436879755412e-01 -1.656111180516735004e-01 3.123735436879755412e-01 4.720050410278904263e-01 -3.081464353649787102e-01
-4.503600133078413670e-01 2.585819477390588483e-01 1.277568571379489315e-01 2.665346725708681586e-01 1.277568571379489315e-01 2.665346725708681586e-01 6.832699521577014767e-01 -3.945414656291725275e-01
-1.658037782050529874e-01 -4.638744628653675983e-01 4.380234264729093718e-01 1.297935268984361512e-01 4.380234264729093718e-01 1.297935268984361512e-01 1.197950109321799239e-02 6.515630872969304654e-01
5.636718028973675132e-02 -4.021050522820528439e-01 3.825800161408505762e-01 -1.888088015390604335e-01 3.825800161408505762e-01 -1.888088015390604335e-01 -1.103612433494376155e-02 5.606162663389896439e-01
-3.555697560148485259e-01 4.000244915916351118e-01 2.345076031591903920e-01 -8.578604783915710907e-02 2.345076031591903920e-01 -8.578604783915710907e-02 6.400429777652516528e-01 -3.664347491109478661e-01
3.094783498903616037e-01 3.460747259362296768e-01 1.227462306299980099e-01 -2.434422790836132666e-02 1.227462306299980099e-01 -2.434422790836132666e-02 -5.236836201333685548e-01 -3.220838590552542735e-01
3.879452010333056533e-01 -3.941265171447354554e-01 3.658778177046103641e-01 9.984729761440824802e-04 3.658778177046103641e-01 9.984729761440824802e-04 -8.214621918076370211e-02 3.989607496566029976e-01
4.484521320074918993e-02 3.971567287302255611e-01 4.098201226670760144e-01 -4.491027342508109310e-01 4.098201226670760144e-01 -4.491027342508109310e-01 -8.046636954878734482e-02 -2.414343547015522229e-01
-3.285801776549232001e-01 -5.215728866468627434e-02 -1.846016056347005163e-01 -1.098698243562898913e-01 -1.846016056347005163e-01 -1.098698243562898913e-01 2.943044753040397477e-01 -5.308726172220319672e-02
-4.572431588858456575e-01 -2.295558290746572139e-01 4.771534656026628074e-01 1.572117256440263011e-01 4.771534656026628074e-01 1.572117256440263011e-01 2.473174940323346338e-01 7.318040138890374857e-02
-1.095796739034593514e-01 -4.906205776714177569e-01 -1.663473533448002195e-01 4.761209117135929425e-01 -1.663473533448002195e-01 4.761209117135929425e-01 2.055588080337733548e-03 7.193214239732649284e-01
2.892197289772628910e-01 -3.094449369753804469e-02 4.181950495115304145e-01 4.931544411002183326e-01 4.181950495115304145e-01 4.931544411002183326e-01 -2.713202128161817384e-01 -5.174599624194638203e-02
-3.375371070432855447e-01 2.529562734841250826e-02 -2.071740038878349122e-01 2.148818682631925547e-01 -2.071740038878349122e-01 2.148818682631925547e-01 3.546135327953419125e-01 -1.385870572166131576e-01
4.845633049818427462e-01 -2.563735369645143702e-01 1.550136877831713722e-01 -1.324037560755140230e-01 1.550136877831713722e-01 -1.324037560755140230e-01 -2.361048882190233122e-01 8.729933088528324392e-02
-4.209704949078962866e-01 -3.252003050245646509e-01 1.658444357435031602e-01 3.583252259487287317e-01 1.658444357435031602e-01 3.583252259487287317e-01 1.471710282071166387e-01 2.537393858296353999e-01
-3.329837545464841009e-01 -1.991098680134061327e-01 -1.582045301795632630e-01 3.949349530198991154e-01 -1.582045301795632630e-01 3.949349530198991154e-01 2.003830517097663633e-01 1.278764267618489603e-01
-2.579765944331035010e-01 4.421655314089314448e-01 -5.699035796317153402e-02 -2.107772498050355381e-01 -5.699035796317153402e-02 -2.107772498050355381e-01 4.861133103702627301e-01 -3.132070975180906713e-01
-2.907928722384314213e-01 1.806121348512459424e-01 -3.068034186726997792e-02 2.805730894296211142e-01 -3.068034186726997792e-02 2.805730894296211142e-01 3.958343151474488231e-01 -2.325518861403980120e-01
4.475496408939312332e-01 3.746449333774379831e-01 1.213663221512800705e-01 -1.027485469946465280e-03 1.213663221512800705e-01 -1.027485469946465280e-03 -7.828940516855376064e-01 -4.345867883363398465e-01
-2.377524002545661208e-01 -5.344877046264118192e-02 6.816187846303911613e-02 -4.111798645951603159e-01 6.816187846303911613e-02 -4.111798645951603159e-01 2.123372533182695254e-01 -2.206623001981267151e-04
3.615519219185254762e-01 4.310639350696423566e-01 3.270095174780760505e-01 -4.716361985467075746e-01 3.270095174780760505e-01 -4.716361985467075746e-01 -6.732559103069087891e-01 -3.759676111948970778e-01
-4.143963248819892975e-01 -2.031180544804065402e-01 -3.310754743218425888e-01 8.176515796558236904e-02 -3.310754743218425888e-01 8.176515796558236904e-02 2.460535742942689952e-01 7.265068446061273555e-02
3.120136902857684191e-01 3.889865605569701179e-01 8.372405315080744259e-02 -4.492052643354607078e-01 8.372405315080744259e-02 -4.492052643354607078e-01 -5.547519547476660318e-01 -3.350285591887721681e-01
4.007191200468985803e-01 3.989354243552256651e-01 2.603533938104826140e-01 3.405503313865956283e-01 2.603533938104826140e-01 3.405503313865956283e-01 -7.204412244532227838e-01 -4.003617647209024022e-01
1.621318071483643930e-01 -4.948499902392609062e-01 -3.706647984082876990e-01 -2.033979985163125725e-02 -3.706647984082876990e-01 -2.033979985163125725e-02 -1.669960778680701363e-03 7.134397801898630931e-01
7.723048223613659946e-02 -2.176394283301391619e-01 -1.635552840069975922e-01 -2.539330752122581636e-02 -1.635552840069975922e-01 -2.539330752122581636e-02 -4.361368622906912351e-02 2.590418017075827306e-01
-4.423223078232322303e-01 3.570517243331762236e-01 -1.587921460135316432e-01 -8.090814685371960913e-02 -1.587921460135316432e-01 -8.090814685371960913e-02 7.581861932618623179e-01 -4.252148144819519748e-01
-1.756726456250768953e-01 -2.643803623959732896e-01 1.401469894622816570e-01 1.204536286723977279e-01 1.401469894622816570e-01 1.204536286723977279e-01 8.278385019824245628e-02 3.034164599956856168e-01
-3.146585754964994486e-01 -9.505498214936525248e-02 3.368135926262568747e-01 -1.984105936264145553e-01 3.368135926262568747e-01 -1.984105936264145553e-01 2.548388449425705304e-01 5.080412647295154405e-03
-2.629831745401485232e-01 1.000269751987267197e-01 2.296863421464068189e-01 -2.230061900625771587e-01 2.296863421464068189e-01 -2.230061900625771587e-01 3.155939974949682481e-01 -1.591817295225342321e-01
-4.305513828810896282e-01 -1.644402798312811775e-01 5.278132504004495740e-02 3.580668774911911489e-01 5.278132504004495740e-02 3.580668774911911489e-01 2.889514031156666940e-01 6.106392161452589562e-03
-1.489692734405780872e-01 -2.043303452401261655e-01 -1.695468245654850881e-01 -2.366367207301330877e-01 -1.695468245654850881e-01 -2.366367207301330877e-01 8.809138729600993201e-02 2.238893907966615915e-01
-6.488386927647993296e-02 -2.161122856328363540e-01 -2.309190713387274663e-01 -4.102513319111246171e-01 -2.309190713387274663e-01 -4.102513319111246171e-01 3.683946669639544258e-02 2.586068891419976423e-01
2.984463416580114270e-01 2.735936536540112263e-01 -4.462226909103602646e-01 -1.707476582298038670e-01 -4.462226909103602646e-01 -1.707476582298038670e-01 -4.617523917257888022e-01 -2.878103851833106464e-01
4.624854610291890822e-01 3.036879731787510694e-01 -4.749977428529326140e-01 -4.761985927360489201e-01 -4.749977428529326140e-01 -4.761985927360489201e-01 -7.433880055983784763e-01 -4.253543897887148151e-01
9.001002771770072464e-03 -2.632260832840321862e-01 3.994156629259774105e-01 1.950342476755125842e-01 3.994156629259774105e-01 1.950342476755125842e-01 -4.262405361286565261e-03 3.324330361541870116e-01
-3.649117470490625958e-01 -1.575731012021526212e-01 9.701035701312521464e-02 -2.467512034329937265e-01 9.701035701312521464e-02 -2.467512034329937265e-01 2.499111957538300843e-01 4.924180029021740790e-02
-2.746504605486350670e-01 4.481159757070461991e-01 3.818856337431716375e-01 -4.241697185638886314e-01 3.818856337431716375e-01 -4.241697185638886314e-01 5.208009787629175324e-01 -3.227409235027455248e-01
-4.849958436500997339e-01 -3.489641299643209127e-02 7.488673280663304954e-02 -4.228174872891270475e-01 7.488673280663304954e-02 -4.228174872891270475e-01 4.511466131269659674e-01 -1.991067957214223416e-01
-3.908460237116627711e-01 -1.142553531385470666e-01 -4.198159412382707067e-01 4.130715521606452834e-01 -4.198159412382707067e-01 4.130715521606452834e-01 3.015335227877168345e-01 -2.545097539185647850e-02
1.840462123134094519e-01 3.822608392846064129e-01 -8.805610261409879680e-02 3.018407251266236324e-01 -8.805610261409879680e-02 3.018407251266236324e-01 -3.247535314855629629e-01 -2.700104983009473103e-01
-1.350612407244592417e-01 3.573459520846179460e-01 3.771149644732428863e-01 -1.031294909861933951e-01 3.771149644732428863e-01 -1.031294909861933951e-01 2.315884160372825851e-01 -2.478913613593861920e-01
1.020371552059446962e-01 1.479804042569469180e-01 -2.059116860467151700e-01 -3.814357544762463359e-01 -2.059116860467151700e-01 -3.814357544762463359e-01 -1.322361541591537681e-01 -1.364937852554195252e-01
6.117528717914821890e-02 -2.514214263706732178e-01 -2.651857783648958744e-02 -3.920182696304158609e-01 -2.651857783648958744e-02 -3.920182696304158609e-01 -3.041373125671421179e-02 3.108917442474858350e-01
4.697427120239980880e-01 1.364023123688818950e-01 1.505641354680553601e-01 -3.978297059131873370e-01 1.505641354680553601e-01 -3.978297059131873370e-01 -5.978906963010043318e-01 -3.384549370489646769e-01
-2.394825532642691490e-01 -1.982952704659821652e-01 1.822652230495934722e-01 3.080214271848727980e-01 1.822652230495934722e-01 3.080214271848727980e-01 1.445060379214246904e-01 1.802643914371856726e-01
-4.428017969498574402e-01 2.579729186471818592e-01 3.019637655828099065e-01 1.704057361889352862e-01 3.019637655828099065e-01 1.704057361889352862e-01 6.712635408326004249e-01 -3.874963232738591334e-01
-4.638729476130116769e-01 1.635104607881547878e-01 9.107988966086000282e-02 4.121196105989729519e-01 9.107988966086000282e-02 4.121196105989729519e-01 6.155691064357379227e-01 -3.519529015281839812e-01
-1.791023295554985406e-01 -9.820093997510015438e-02 -4.797805662283793904e-02 -2.940186320566174905e-01 -4.797805662283793904e-02 -2.940186320566174905e-01 1.439262953273383050e-01 7.576672013488697233e-02
-4.708410390948570834e-01 -4.117075187160383898e-01 3.517159178815333354e-01 7.931904597095196241e-02 3.517159178815333354e-01 7.931904597095196241e-02 8.314344726400740848e-02 3.595193155874307767e-01
2.738116106450123599e-01 -4.458950100545274742e-01 -3.482496221122610702e-02 4.870174892101024611e-01 -3.482496221122610702e-02 4.870174892101024611e-01 -2.962914888180406825e-02 5.697445719220387561e-01
1.739414257284876975e-02 1.744224999145695953e-01 -2.156595566496944949e-01 -4.524602263342051289e-01 -2.156595566496944949e-01 -4.524602263342051289e-01 -2.346200223570222079e-02 -1.443018476339661404e-01
4.960667286203040982e-01 1.242874598958799703e-01 3.514002819274674172e-01 5.068274681647944035e-02 3.514002819274674172e-01 5.068274681647944035e-02 -6.193764758984569019e-01 -3.549222864525604093e-01
-5.489448252371631476e-03 -3.957117503277419734e-01 1.779220747282024284e-01 -4.106921428415567510e-01 1.779220747282024284e-01 -4.106921428415567510e-01 1.144969899812546543e-03 5.522694056330716972e-01
1.783747232389688575e-01 1.926258617614576840e-01 -4.525555420514200122e-01 -4.020809961434257396e-01 -4.525555420514200122e-01 -4.020809961434257396e-01 -2.470938927997046175e-01 -1.873386810326922169e-01
1.265742980151152164e-02 -4.641171952007483448e-01 1.436757421934692358e-01 -6.363683072449999312e-02 1.436757421934692358e-01 -6.363683072449999312e-02 -9.083681656557370671e-04 6.793617555525777174e-01
3.756659420813518446e-01 -4.588404179615004352e-01 -1.728470004666271542e-01 -1.170177703055730323e-02 -1.728470004666271542e-01 -1.170177703055730323e-02 -3.092450632433524360e-02 5.282500470767153011e-01
4.027199837468352639e-01 1.550271484205558714e-01 -2.768584711805168741e-01 -2.796175389939463685e-01 -2.768584711805168741e-01 -2.796175389939463685e-01 -5.275850451313242040e-01 -2.931771169821980605e-01
2.434196294659989324e-01 6.092532166501152258e-02 7.701378164490413347e-02 -2.662959096008339355e-01 7.701378164490413347e-02 -2.662959096008339355e-01 -2.730804679155867110e-01 -1.164665428543906200e-01
-3.882587238244052941e-01 -4.801938514093541110e-01 4.438899192383692904e-01 -2.276454985431120015e-02 4.438899192383692904e-01 -2.276454985431120015e-02 1.537981995136145086e-02 5.600351497149471669e-01
1.656275378248543984e-01 -2.653919676164820940e-01 -3.192341345736655622e-01 2.244463807819307988e-02 -3.192341345736655622e-01 2.244463807819307988e-02 -7.771510151523156051e-02 3.083923828059064176e-01
-1.367092019694919891e-01 -3.411206223154036321e-01 9.933950999733931475e-03 -2.130392764783698434e-01 9.933950999733931475e-03 -2.130392764783698434e-01 4.344054586534136508e-02 4.387944953811165338e-01
2.358077421638622440e-01 -9.018097665166890931e-02 6.396165099220474382e-03 -2.096964731237992430e-01 6.396165099220474382e-03 -2.096964731237992430e-01 -1.932769971831382050e-01 4.270829393709922595e-02
-1.577325807805671776e-01 -1.953196930510241458e-01 3.915031896891433272e-01 2.753946650164709187e-01 3.915031896891433272e-01 2.753946650164709187e-01 9.611602225615467621e-02 2.085899085048722734e-01
-4.738761271489102533e-01 -1.440854145042580470e-03 2.523649863222190426e-01 2.457053542337487295e-01 2.523649863222190426e-01 2.457053542337487295e-01 4.725105543848318046e-01 -2.231156536759402731e-01
-3.584447400991985777e-01 3.788298701730072882e-01 -1.013644274877717466e-01 8.150969459371049108e-02 -1.013644274877717466e-01 8.150969459371049108e-02 6.300238888111520108e-01 -3.638004313424917369e-01
1.169898372733321201e-01 2.221004272770344956e-01 4.361002769281652203e-01 -8.388025424129963437e-02 4.361002769281652203e-01 -8.388025424129963437e-02 -1.689568229642877117e-01 -1.864584495056339497e-01
-2.433493451797537066e-01 -4.544930207615056617e-01 -2.874642258329113131e-01 1.439965710118075171e-01 -2.874642258329113131e-01 1.439965710118075171e-01 2.214818719759248378e-02 6.018380228830091383e-01
2.710361133392682476e-01 -7.743984459653829866e-02 2.942306236679670395e-02 -3.234015177741120795e-01 2.942306236679670395e-02 -3.234015177741120795e-01 -2.290581243451829119e-01 9.976199393617643518e-03
-5.257141517319674495e-02 4.525895231110724781e-01 -4.164195708880624736e-01 1.703381986943215409e-01 -4.164195708880624736e-01 1.703381986943215409e-01 1.001579586182193837e-01 -2.505160003744770769e-01
-3.000750361631250307e-01 -2.138074000670179275e-01 1.439753241650068016e-01 2.129134723023160536e-01 1.439753241650068016e-01 2.129134723023160536e-01 1.717585095490167524e-01 1.694759770621349915e-01
3.672957198561003223e-01 1.465376114632676030e-01 -8.382408314930389626e-02 2.940160111476963767e-02 -8.382408314930389626e-02 2.940160111476963767e-02 -4.749409948328891518e-01 -2.599704857145189729e-01
1.394894283138792268e-01 2.939454702179936652e-01 -1.268074271855514912e-01 2.127110065461028654e-01 -1.268074271855514912e-01 2.127110065461028654e-01 -2.214939995062039091e-01 -2.269988313676491176e-01
-4.858824472023857144e-01 3.556249495892858103e-01 3.816996318575249791e-01 -2.458628004923083532e-01 3.816996318575249791e-01 -2.458628004923083532e-01 8.314662887877202202e-01 -4.652375973182829028e-01
-1.754172566921184950e-01 -1.597245034457503987e-01 -2.913029734223938627e-01 2.643475591775954481e-01 -2.913029734223938627e-01 2.643475591775954481e-01 1.193803882501897617e-01 1.544652065013533415e-01
-1.356711994318540171e-01 3.122909096065455969e-01 -6.044661172083243272e-03 2.848975320017163027e-01 -6.044661172083243272e-03 2.848975320017163027e-01 2.204089639878235030e-01 -2.331719717389398594e-01
1.427248852452113193e-01 5.936611317317153080e-02 2.887624424201740148e-02 -4.675210942968638372e-01 2.887624424201740148e-02 -4.675210942968638372e-01 -1.596709286254015814e-01 -7.621217064814045372e-02
-4.055557466428427738e-02 9.247201775986080285e-02 2.976724524238675285e-01 1.213119132869231453e-01 2.976724524238675285e-01 1.213119132869231453e-01 4.805608630551839316e-02 -8.556569832763112615e-02
-3.750196748264218449e-01 2.268076168347649135e-01 2.620557478862622913e-01 -4.961643692372049719e-01 2.620557478862622913e-01 -4.961643692372049719e-01 5.451343122534803021e-01 -3.160056782874145487e-01
-1.083261889863164074e-01 4.516334410590199244e-01 4.960474100705142275e-01 -2.118864024325817219e-03 4.960474100705142275e-01 -2.118864024325817219e-03 2.061736479637159558e-01 -2.593952391965078652e-01
3.585361195870657713e-01 4.703103794247777136e-01 2.148489616089711562e-01 -1.459593053453703826e-01 2.148489616089711562e-01 -1.459593053453703826e-01 -6.957826364680265163e-01 -3.776666754786500713e-01
-4.154575404779865533e-01 -9.970302450262436000e-02 3.494659079004611701e-01 -4.139375370142129862e-01 3.494659079004611701e-01 -4.139375370142129862e-01 3.326127938018330621e-01 -6.296125034242255891e-02
-5.075802709160193160e-04 -1.328395228193650635e-01 3.709337611397440782e-01 -2.196288158763549658e-01 3.709337611397440782e-01 -2.196288158763549658e-01 3.727268289540031868e-04 1.504856040045102483e-01
-4.985553868287404544e-01 4.839638450510221901e-01 2.563490141819125823e-01 3.416178171980122080e-02 2.563490141819125823e-01 3.416178171980122080e-02 9.811209507898144278e-01 -4.983003154704074289e-01
-4.524630103077079690e-01 -4.940345329524306051e-01 -4.140191028968752684e-01 -1.850937629334252765e-01 -4.140191028968752684e-01 -1.850937629334252765e-01 5.398306356469373402e-03 5.333818770052438651e-01
-2.948050455087017907e-01 4.956472787043713080e-01 -3.127255573370150143e-01 4.507739558071628405e-01 -3.127255573370150143e-01 4.507739558071628405e-01 5.870436826181145706e-01 -3.368910686747103034e-01
1.774958221035816130e-01 -1.813745382703724207e-01 4.662479731475404066e-01 -3.472349562462416772e-01 4.662479731475404066e-01 -3.472349562462416772e-01 -1.131093765456670508e-01 1.827664945389369244e-01
-2.808797229953492458e-01 -1.096779745092189007e-01 3.500264372752551756e-01 2.177439396585847398e-01 3.500264372752551756e-01 2.177439396585847398e-01 2.192670847976684878e-01 4.281381381171964207e-02
-1.272130216721117923e-01 -4.302386861360165682e-01 1.423688097574226097e-01 -1.646443871376110923e-01 1.423688097574226097e-01 -1.646443871376110923e-01 1.774909506490783551e-02 5.991608603011131517e-01
-1.776604076450599701e-01 -5.932431646209401777e-02 -8.763694794035870039e-02 1.108063477263032670e-01 -8.763694794035870039e-02 1.108063477263032670e-01 1.565812431532196403e-01 3.128047054117981396e-02
-2.397171457940499018e-01 3.567602646578915682e-02 4.656088283209627310e-01 2.632202656950061170e-01 4.656088283209627310e-01 2.632202656950061170e-01 2.568214562693538205e-01 -9.186755758904724400e-02
4.221787585605100146e-01 2.592224587445561834e-01 -1.798254453761488625e-01 2.738660960972406633e-01 -1.798254453761488625e-01 2.738660960972406633e-01 -6.410551902080695585e-01 -3.702610798066764408e-01
-1.349802126005440472e-01 3.760185791539054634e-01 1.608114737413394169e-01 1.008310416675114451e-01 1.608114737413394169e-01 1.008310416675114451e-01 2.364903481124413509e-01 -2.528482650786716412e-01
9.715305817654673604e-03 5.918803316193765873e-03 -2.576368479619443042e-01 -4.269091179008964732e-01 -2.576368479619443042e-01 -4.269091179008964732e-01 -9.830311786237415014e-03 -5.978158250628534329e-03
-4.773397815331315019e-02 2.410376405388523491e-01 2.264387456274081778e-01 4.668907761433228609e-01 2.264387456274081778e-01 4.668907761433228609e-01 7.074534908852860016e-02 -1.852170290526563290e-01
3.960905447485095765e-01 4.010806363793596452e-01 -1.648721405241471150e-02 2.622684867456137603e-02 -1.648721405241471150e-02 2.622684867456137603e-02 -7.138190402516684241e-01 -3.971026791400585898e-01
1.781169710862006150e-01 -1.609701331580145611e-01 -1.449247935873523296e-01 1.647567440696743324e-01 -1.449247935873523296e-01 1.647567440696743324e-01 -1.207739459793047282e-01 1.551558615380010664e-01
3.740560234987376775e-01 -3.216699011133039576e-02 -4.137687288716647149e-01 -1.538855427364922424e-01 -4.137687288716647149e-01 -1.538855427364922424e-01 -3.499915106808027532e-01 -1.067162033515353659e-01
4.408788806763205281e-01 3.975474578588954477e-01 -3.017286502659255465e-01 -4.391241761883357686e-01 -3.017286502659255465e-01 -4.391241761883357686e-01 -7.914194371494136515e-01 -4.338776640352304814e-01
-2.905798482056008991e-01 -4.496341122615303831e-01 1.674182002970238115e-01 -5.804693735006172250e-02 1.674182002970238115e-01 -5.804693735006172250e-02 2.927062402756969162e-02 5.673682989875548088e-01
-1.913296510934955341e-01 -2.259459600402452528e-01 3.396377977065511145e-01 2.155552020098402410e-01 3.396377977065511145e-01 2.155552020098402410e-01 1.048693276925255213e-01 2.403905015111946208e-01
-1.849950182028872181e-01 2.166995976063906815e-01 4.502760772194791539e-02 -3.468862345653200840e-02 4.502760772194791539e-02 -3.468862345653200840e-02 2.651717102103923751e-01 -2.039640387635056062e-01
1.993890857347482282e-01 -7.074009110853773930e-02 1.604793255998656631e-01 1.199100347743551342e-01 1.604793255998656631e-01 1.199100347743551342e-01 -1.711794815528999703e-01 3.598824408844317896e-02
4.410353975379160962e-01 2.656930886880163323e-01 4.321301815781664057e-01 -4.114810855142353452e-01 4.321301815781664057e-01 -4.114810855142353452e-01 -6.753955115231082829e-01 -3.896124931928658941e-01
5.499234590716151061e-02 -3.952153702694984894e-01 -7.998929218373274086e-02 1.507752235392351148e-01 -7.998929218373274086e-02 1.507752235392351148e-01 -1.152470520778715868e-02 5.483864010583823223e-01
2.917995013694747453e-01 -5.424762259781357177e-02 -1.979401950471111338e-01 4.521580395307780442e-01 -1.979401950471111338e-01 4.521580395307780442e-01 -2.601406429204318194e-01 -2.795652184414569585e-02
9.790905863836818490e-02 -9.969296407130490145e-02 3.538179843707554006e-01 2.914770504561029485e-01 3.538179843707554006e-01 2.914770504561029485e-01 -7.838737010818794260e-02 1.000454673931759769e-01
-1.163660489251349128e-01 1.015736344330223639e-01 -2.873677856909828687e-01 -2.569036816514569388e-01 -2.873677856909828687e-01 -2.569036816514569388e-01 1.400054939530085973e-01 -1.047974885635359898e-01
2.527034890007584522e-01 2.311712936624412684e-01 7.986274511158530931e-02 -1.842841511789914399e-01 7.986274511158530931e-02 -1.842841511789914399e-01 -3.695390739313941242e-01 -2.415901800020310575e-01
-2.671003670985683254e-02 2.750987741667987319e-01 3.563063349736776964e-01 -3.949897212535400381e-01 3.563063349736776964e-01 -3.949897212535400381e-01 4.140583342352045088e-02 -2.001328646797652933e-01
9.089601234752442416e-02 1.620134393776331283e-01 2.797818195901304872e-01 -4.587468732955050088e-01 2.797818195901304872e-01 -4.587468732955050088e-01 -1.203487635197929007e-01 -1.440271698993444427e-01
-7.882194072998804923e-02 3.773878250358242425e-04 -2.878853565276019433e-01 1.241855461684461259e-01 -2.878853565276019433e-01 1.241855461684461259e-01 7.888143361154242861e-02 -6.590143743907088403e-03
1.657523438415871020e-01 5.145559866808002702e-02 8.409629106802329890e-02 -4.010605227214606439e-01 8.409629106802329890e-02 -4.010605227214606439e-01 -1.828101160075997211e-01 -7.628175952276922134e-02
-1.072756033378606810e-01 -7.954229488644481982e-02 2.503998043506872051e-02 -1.753253998830650584e-02 2.503998043506872051e-02 -1.753253998830650584e-02 9.020970798821788261e-02 7.436121649074493856e-02
-2.900042619575450287e-01 -3.727180176474010898e-01 -6.944575513322570615e-02 -1.676783124588874241e-01 -6.944575513322570615e-02 -1.676783124588874241e-01 7.382463470531744343e-02 4.275342663728690651e-01
3.997000161562014320e-02 1.090447631844140286e-01 -2.197822346847315700e-01 4.506859938925589226e-02 -2.197822346847315700e-01 4.506859938925589226e-02 -4.868704033693203176e-02 -9.875160383562177346e-02
-2.826183429827371363e-01 -4.388857131730228289e-01 -1.245626685353631302e-01 4.084724658558748223e-01 -1.245626685353631302e-01 4.084724658558748223e-01 3.454403695122401641e-02 5.516332546101077039e-01
-4.984694242930312047e-01 2.581688340723229391e-01 -1.105119256058206823e-01 -2.124338306111361874e-01 -1.105119256058206823e-01 -2.124338306111361874e-01 7.558479644738990144e-01 -4.399894541410862558e-01
-1.489011427328190695e-01 -1.476718056757420072e-03 4.723652008412303482e-01 1.731636744949294204e-02 4.723652008412303482e-01 1.731636744949294204e-02 1.484613727205283396e-01 -2.069265155416278451e-02
3.278123360964413369e-01 3.509360509849660525e-01 -3.445862861778222763e-01 3.308934580816684790e-01 -3.445862861778222763e-01 3.308934580816684790e-01 -5.578946694841244724e-01 -3.352408668010495862e-01
3.304189119093419169e-01 -2.740049236750582429e-01 -1.402561104552583204e-01 -2.904541966951867948e-01 -1.402561104552583204e-01 -2.904541966951867948e-01 -1.493460944323118655e-01 2.399069645258792849e-01
2.175535009543265730e-01 2.425636194872448081e-01 1.991748234047717725e-01 -1.984306963962154668e-01 1.991748234047717725e-01 -1.984306963962154668e-01 -3.230946302015330063e-01 -2.310560357659760811e-01
-1.878584631937145755e-01 2.561100522010076874e-01 -2.241179718949438682e-01 3.479664463416166642e-01 -2.241179718949438682e-01 3.479664463416166642e-01 2.840833448236012027e-01 -2.258084955561090179e-01
-2.650547115741713755e-01 3.566996193364668777e-02 -4.540286864670882716e-01 7.315922368986149671e-02 -4.540286864670882716e-01 7.315922368986149671e-02 2.839636945185401440e-01 -1.046516158769660587e-01
1.706534957643146555e-01 -3.790942557177419125e-01 4.730270078226592734e-01 1.921145946807476523e-01 4.730270078226592734e-01 1.921145946807476523e-01 -4.126597583950727954e-02 4.936840948193496614e-01
2.483358272644883291e-01 -3.097979768401257772e-01 4.737129405945070815e-01 3.768254037302219972e-01 4.737129405945070815e-01 3.768254037302219972e-01 -9.446795353757347913e-02 3.441020801912231253e-01
-4.955684994047422354e-01 1.942001785004503489e-01 2.148622365745163076e-01 -4.814973595504457027e-02 2.148622365745163076e-01 -4.814973595504457027e-02 6.880474814919447235e-01 -4.020746067731115758e-01
-2.185574061295113557e-01 -4.918354642854120273e-01 -4.924405919229768447e-01 -4.122908620679538449e-01 -4.924405919229768447e-01 -4.122908620679538449e-01 3.568839496064207806e-03 6.859702484401986045e-01
4.709420683125342677e-01 -1.353677205614015611e-01 3.142973054505557862e-01 -2.239075492088304919e-01 3.142973054505557862e-01 -2.239075492088304919e-01 -3.434413597046550581e-01 -6.809429137509642738e-02
-2.355236957626877237e-01 -1.027793582084211010e-01 4.925389922690199818e-01 4.520456449140177746e-01 4.925389922690199818e-01 4.520456449140177746e-01 1.871097471759587683e-01 5.787154341644094868e-02
-1.300107536339287773e-01 3.185178477720660428e-01 2.963727810632625914e-01 4.248286570102123294e-01 2.963727810632625914e-01 4.248286570102123294e-01 2.128322445033353771e-01 -2.339670244831791313e-01
2.912429604745681022e-02 3.801423227550131401e-01 3.668421903478661372e-01 -4.608777973623544577e-01 3.668421903478661372e-01 -4.608777973623544577e-01 -5.126705114362656995e-02 -2.364823618256964577e-01
4.246908436497370820e-01 -1.855844800111248194e-01 -2.169668097611929802e-01 -1.129251186864959067e-01 -2.169668097611929802e-01 -1.129251186864959067e-01 -2.670587848812923104e-01 3.966376655219899794e-02
1.345032297852499781e-01 -1.254281966007564364e-02 -9.893319787581733582e-02 -4.127690057856219230e-01 -9.893319787581733582e-02 -4.127690057856219230e-01 -1.311291302754617749e-01 -5.390976837562930918e-03
-1.286674342321751929e-01 3.394577827386691116e-02 -3.101035840129857668e-01 -8.757726574773028183e-02 -3.101035840129857668e-01 -8.757726574773028183e-02 1.374028666192007309e-01 -4.934877104313950547e-02
7.375168656287245383e-02 1.255933546889487218e-01 -2.783878957880786542e-01 -8.872003389073812585e-02 -2.783878957880786542e-01 -8.872003389073812585e-02 -9.227713002167048373e-02 -1.152589752177928251e-01
-3.539087513470502433e-01 -1.458588334611321535e-03 -2.651025285778016993e-01 7.608095991389896007e-03 -2.651025285778016993e-01 7.608095991389896007e-03 3.528763369945869255e-01 -1.237906884654870476e-01
-3.846116512970023660e-01 7.648022771663720576e-02 -2.733717891284042079e-01 9.483903050213349228e-02 -2.733717891284042079e-01 9.483903050213349228e-02 4.434420246443355751e-01 -2.185571247984554599e-01
1.235820536184045748e-01 -3.750049839098450466e-01 -1.921048527285806884e-02 3.218221947774274616e-01 -1.921048527285806884e-02 3.218221947774274616e-01 -3.089428156097374922e-02 5.003611978905260216e-01
-2.317357446070553717e-01 -4.338852636733764312e-01 3.788747867398994940e-01 -7.720693093432995369e-02 3.788747867398994940e-01 -7.720693093432995369e-02 3.064229530429848913e-02 5.684402303777054133e-01
2.612766711569551870e-01 -4.425128268124300934e-02 4.097955029103057534e-01 -2.023255976192243066e-01 4.097955029103057534e-01 -2.023255976192243066e-01 -2.381530154901939922e-01 -2.205604019068141408e-02
3.294242301078947888e-01 3.716615192230761089e-01 1.781854780028524488e-01 -2.899059900494052044e-01 1.781854780028524488e-01 -2.899059900494052044e-01 -5.742928497694795853e-01 -3.420495577340503801e-01
-4.839499091587147195e-01 -3.433201568936513626e-01 7.516228842847627600e-02 5.425157284742132546e-02 7.516228842847627600e-02 5.425157284742132546e-02 1.516503916766381854e-01 2.269813724484044948e-01
4.176298978365624581e-01 -2.290148246180576663e-01 -4.743357331765553075e-01 4.058012893108325914e-01 -4.743357331765553075e-01 4.058012893108325914e-01 -2.263430222199670772e-01 1.070478829459197839e-01
3.706401565678568710e-01 1.699423205716924512e-01 1.625921391383269299e-01 2.922006809574458908e-01 1.625921391383269299e-01 2.922006809574458908e-01 -4.966150531762508757e-01 -2.784360539110460331e-01
-2.992800336959222651e-01 -4.327536983373221346e-01 7.295062202695479225e-02 -3.168011289592299606e-01 7.295062202695479225e-02 -3.168011289592299606e-01 4.025095085506474879e-02 5.304609231929198199e-01
-1.193491272923097313e-02 3.686338516643511420e-01 -2.277223295633483691e-01 2.614349182288235873e-01 -2.277223295633483691e-01 2.614349182288235873e-01 2.073413842653958755e-02 -2.328853772133106514e-01
-2.305174628327307795e-01 -3.375699390421337265e-01 4.566791376165555416e-01 -3.038837336111125387e-01 4.566791376165555416e-01 -3.038837336111125387e-01 7.488593107954627515e-02 3.983851021162042039e-01
-5.612541087457090239e-02 1.090897387810815244e-01 -2.074974461698859685e-01 -1.246536798150561509e-01 -2.074974461698859685e-01 -1.246536798150561509e-01 6.837082369714653218e-02 -1.003392294195963180e-01
2.083029421730151487e-01 2.544200229048418915e-01 4.710337800117430085e-01 -2.535743962597492018e-01 4.710337800117430085e-01 -2.535743962597492018e-01 -3.142958208106240714e-01 -2.330805905678761114e-01
3.099071090557381503e-01 -2.441064002422050905e-01 1.161942774045421345e-02 -1.262304983010945625e-01 1.161942774045421345e-02 -1.262304983010945625e-01 -1.586064914536087223e-01 2.076519186381275417e-01
-2.611496618326432095e-01 4.943100264489024287e-01 -3.323111141473130692e-01 4.747661002430053623e-01 -3.323111141473130692e-01 4.747661002430053623e-01 5.193274543278747490e-01 -3.181667700762916828e-01
-8.001817990262660718e-02 -2.579862074122911686e-01 -9.822505595932773392e-02 3.836087828279245437e-01 -9.822505595932773392e-02 3.836087828279245437e-01 3.873100638840049070e-02 3.181401815123397481e-01
-3.876607593918405259e-01 1.414891062879845007e-01 -1.704211118247866974e-01 2.320307588704275670e-01 -1.704211118247866974e-01 2.320307588704275670e-01 4.973603081703863449e-01 -2.717508034620703672e-01
4.985434027271720137e-01 4.690022504173835260e-01 3.154355514074091982e-01 2.795761166891976846e-01 3.154355514074091982e-01 2.795761166891976846e-01 -9.661793583467392921e-01 -4.975846639236006230e-01
-1.672245300607666518e-02 -1.599482014562193521e-01 -7.072863064713075243e-02 3.663031381667765096e-01 -7.072863064713075243e-02 3.663031381667765096e-01 1.137300044156044215e-02 1.852519881707582472e-01
3.686534699556087702e-02 -3.749404556652403686e-01 -2.571335349771838308e-01 -3.948203882433685141e-01 -2.571335349771838308e-01 -3.948203882433685141e-01 -9.220726994015285283e-03 5.141617471505953718e-01
1.365662142278737390e-01 -3.376858607294219716e-02 -5.862411851483539937e-02 -2.276245743309406322e-01 -5.862411851483539937e-02 -2.276245743309406322e-01 -1.273429183082541161e-01 1.625857260977439656e-02
2.691979877499107721e-01 -1.841943167804371839e-01 -4.589051862389813552e-01 2.357262745041479590e-01 -4.589051862389813552e-01 2.357262745041479590e-01 -1.700285088853841498e-01 1.456543065060481035e-01
4.755243364597250277e-02 -4.177742826388620712e-01 -1.315641961992031206e-02 2.885547857306594022e-01 -1.315641961992031206e-02 2.885547857306594022e-01 -7.820065937615999774e-03 5.900483999276232572e-01
-7.043598662987293757e-02 -1.732554828362670163e-01 -2.361248437735931072e-01 -2.943696996096778484e-02 -2.361248437735931072e-01 -2.943696996096778484e-02 4.602914488465796594e-02 1.983117169565714044e-01
-3.969173265634093895e-01 -4.095345665028512494e-01 4.238486071146426726e-01 -2.097396129356621230e-02 4.238486071146426726e-01 -2.097396129356621230e-02 7.181459602017636890e-02 4.197097635372853963e-01
-6.812462757639248245e-03 -4.133846327968730971e-01 4.281380315341097864e-01 3.332108880553534824e-01 4.281380315341097864e-01 3.332108880553534824e-01 1.180127926621099728e-03 5.842250777806544670e-01
-2.710322568805531018e-01 3.954224436848312596e-01 -2.415521182403710387e-01 9.614858574712303874e-02 -2.415521182403710387e-01 9.614858574712303874e-02 4.853767315467995558e-01 -3.125220189849138297e-01
-4.456367856935685712e-01 -1.425103017478622780e-01 9.495912579029497369e-02 1.006912588457328228e-01 9.495912579029497369e-02 1.006912588457328228e-01 3.186211200952927536e-01 -3.577265691116651714e-02
-3.045751767868128956e-01 1.514467630424698452e-02 1.852031733533527902e-01 -1.393767603602295013e-01 1.852031733533527902e-01 -1.393767603602295013e-01 3.138005617123030833e-01 -1.076813533986048926e-01
-3.257212932581993181e-01 -1.544186083854801605e-01 3.868591836153453256e-01 -1.356021145663768301e-01 3.868591836153453256e-01 -1.356021145663768301e-01 2.251264356052992688e-01 7.216935411939455480e-02
-4.464718904498869989e-01 -3.396301985614718077e-01 -3.258595473537309051e-01 1.451734025261446348e-01 -3.258595473537309051e-01 1.451734025261446348e-01 1.432012168386653794e-01 2.556417213744807126e-01
-2.701638883301669125e-01 1.801120511368797805e-01 3.224704952550130344e-01 -4.888007784224499552e-01 3.224704952550130344e-01 -4.888007784224499552e-01 3.674834324706894861e-01 -2.206602267298206910e-01
-9.749165685464000752e-02 2.451355205576088991e-01 2.334669589470429463e-01 4.453235887081395949e-01 2.334669589470429463e-01 4.453235887081395949e-01 1.452889929608119357e-01 -1.945487202748218680e-01
-2.453687820039291978e-01 -4.824044680760746218e-01 3.239320625623833827e-01 -3.040125182702467788e-01 3.239320625623833827e-01 -3.040125182702467788e-01 8.634788473769638983e-03 6.549126997137433293e-01
2.605956534456344009e-02 1.007105661073729452e-01 -4.954076855611877495e-01 -2.066120937267135194e-02 -4.954076855611877495e-01 -2.066120937267135194e-02 -3.130851250128956209e-02 -9.124704892765297948e-02
3.499728064514989745e-01 6.061310538203135145e-02 -4.433637648062728198e-01 1.201688650119038249e-01 -4.433637648062728198e-01 1.201688650119038249e-01 -3.923986836480788942e-01 -1.794201220935164875e-01
-3.015694594572748688e-01 -3.627175185387738754e-01 3.032246394601074702e-01 3.800250478190322356e-01 3.032246394601074702e-01 3.800250478190322356e-01 8.280040745443065231e-02 4.033373779163467177e-01
3.387899276190960984e-01 -1.317859917265440384e-01 4.234715546093518190e-01 -2.740982920830236091e-01 4.234715546093518190e-01 -2.740982920830236091e-01 -2.494943944226027943e-01 3.437492428574040471e-02
3.671300327291778798e-01 4.296743621349224940e-01 3.029528968222370278e-01 -2.054832789890931322e-01 3.029528968222370278e-01 -2.054832789890931322e-01 -6.826227579961432479e-01 -3.798387655905972049e-01
-8.622626605816008372e-02 2.007553473427388102e-01 -1.451144288888179812e-01 -1.337145105765561448e-01 -1.451144288888179812e-01 -1.337145105765561448e-01 1.208470340433067669e-01 -1.678876068143677069e-01
-3.321278651594007369e-01 -9.005012009776902637e-02 1.528752479280113263e-01 1.675541479240459930e-01 1.528752479280113263e-01 1.675541479240459930e-01 2.723115568685613996e-01 -1.214977458794942733e-02
4.179413986516765656e-01 -4.878212199276236172e-01 3.781960964073020071e-01 -3.182675345786769583e-01 3.781960964073020071e-01 -3.182675345786769583e-01 -1.018003275464030022e-02 5.511157498323788761e-01
1.290826229475894316e-02 4.130020780535239577e-01 2.359994993434966215e-01 1.196802760797287535e-01 2.359994993434966215e-01 1.196802760797287535e-01 -2.357054059834973181e-02 -2.425979848124651395e-01
3.601293168804773348e-01 -2.594874654984812290e-01 -3.530057244810469452e-02 1.381844682445297900e-01 -3.530057244810469452e-02 1.381844682445297900e-01 -1.732312295024483750e-01 1.971280853725074500e-01
2.992245236761097438e-01 2.607584968894403055e-01 3.725309720419945902e-01 -1.915696187867482747e-01 3.725309720419945902e-01 -1.915696187867482747e-01 -4.552751977285919849e-01 -2.822988187585948050e-01
1.567535314830237336e-02 -4.825071998079589752e-01 3.212265405683516484e-01 1.748881636219095093e-01 3.212265405683516484e-01 1.748881636219095093e-01 -5.484116411258697921e-04 7.150746809781526325e-01
3.004197540719200088e-01 1.448404950347714770e-02 1.605992281065216076e-02 -4.229057600304493292e-01 1.605992281065216076e-02 -4.229057600304493292e-01 -3.091223432515202707e-01 -1.045262904500908752e-01
-2.765830587241069338e-02 2.377391709279333964e-01 4.423400588410991707e-01 -4.168347088845818504e-01 4.423400588410991707e-01 -4.168347088845818504e-01 4.080923128716691661e-02 -1.819842394181641065e-01
2.403370816092278428e-01 2.373766356421411761e-01 1.356645641709021133e-01 -1.213661623143929003e-01 1.356645641709021133e-01 -1.213661623143929003e-01 -3.544378973141262823e-01 -2.387908812897999722e-01
4.283659924741071157e-01 1.662931923237463971e-01 -4.248058145894244575e-01 -3.845969348402782373e-01 -4.248058145894244575e-01 -3.845969348402782373e-01 -5.708346892170055309e-01 -3.221371900188506610e-01
9.229209907537594404e-02 1.529450335619364498e-01 -2.940767782722488732e-01 -3.728351231829889478e-01 -2.940767782722488732e-01 -3.728351231829889478e-01 -1.205233354565458243e-01 -1.380706818224135823e-01
2.164335552866722967e-01 -4.042704140853896622e-01 2.899835066091950297e-01 8.744169614915475730e-02 2.899835066091950297e-01 8.744169614915475730e-02 -4.143818925124012620e-02 5.208614979361330111e-01
2.445137283483996837e-01 -4.313100022058646843e-04 2.955724000540730367e-01 1.600274181566262444e-01 2.955724000540730367e-01 1.600274181566262444e-01 -2.443028059149730535e-01 -5.935546732031113382e-02
6.910503764257558412e-02 1.796493114856542173e-01 -1.633360110738295568e-01 4.574080725040452489e-01 -1.633360110738295568e-01 4.574080725040452489e-01 -9.393438250793342825e-02 -1.521509425959663986e-01
2.980337227620271090e-01 -2.449165185648525256e-01 4.227496973329869512e-02 3.384411765232662184e-01 4.227496973329869512e-02 3.384411765232662184e-01 -1.520469591744308679e-01 2.160765197273874505e-01
1.286087835235114607e-01 1.865824250903330705e-01 3.180962791933252820e-01 7.114783461431040124e-02 3.180962791933252820e-01 7.114783461431040124e-02 -1.766010609589803437e-01 -1.683096429371407632e-01
3.638092279224773851e-01 -3.985104048439821467e-01 4.638335785301904712e-01 -3.712467294052117506e-01 4.638335785301904712e-01 -3.712467294052117506e-01 -7.384570251175132105e-02 4.249637932913475913e-01
2.288781293548347584e-02 3.258385009623434581e-01 -4.834828465335176961e-01 -2.780890096468108252e-01 -4.834828465335176961e-01 -2.780890096468108252e-01 -3.780327424989241708e-02 -2.201916242339260477e-01
4.364948375724903018e-01 -3.294484915988143969e-01 3.878379849739932439e-03 3.063731345921294480e-01 3.878379849739932439e-03 3.063731345921294480e-01 -1.488897059146374602e-01 2.474570569881137938e-01
3.914335415047048850e-01 1.159002347453252924e-02 -2.526375221418108996e-02 -1.587259499204314306e-01 -2.526375221418108996e-02 -1.587259499204314306e-01 -4.005069893742227438e-01 -1.646759122453078372e-01
-6.597832844024387189e-02 4.314399127573798065e-01 4.740499529691171166e-01 2.501314140774120176e-01 4.740499529691171166e-01 2.501314140774120176e-01 1.229096969725169963e-01 -2.496526542610530142e-01
-1.301458576693814706e-01 4.628278031931037928e-01 1.951526574709784301e-01 -2.827048718221941703e-01 1.951526574709784301e-01 -2.827048718221941703e-01 2.506161004689858585e-01 -2.655561720530482672e-01
4.282627623271035855e-01 9.673852100157087630e-02 4.845724749462779757e-01 9.053606057246466055e-02 4.845724749462779757e-01 9.053606057246466055e-02 -5.111217747822460744e-01 -2.707891731520407075e-01
-1.514022797895195893e-01 -1.312798087502573541e-01 2.666118906160755975e-01 4.840987015379832892e-01 2.666118906160755975e-01 4.840987015379832892e-01 1.116501551192774222e-01 1.255915466102975331e-01
1.216203340783854614e-01 -1.470355639803169190e-01 -2.214123052071208519e-01 -1.173498671812156502e-01 -2.214123052071208519e-01 -1.173498671812156502e-01 -8.585530525300552607e-02 1.538635153939887090e-01
-3.785084135376972636e-01 3.346280992758841055e-01 -3.928498031357604559e-01 2.409053577244479882e-02 -3.928498031357604559e-01 2.409053577244479882e-02 6.318275155017971656e-01 -3.659207535697175939e-01
3.279349143368132102e-01 -1.040386426998626268e-01 1.611970153359373326e-01 2.559661967584128117e-01 1.611970153359373326e-01 2.559661967584128117e-01 -2.596991075738176447e-01 7.321373833599292835e-03
-1.743736374862421279e-01 -1.318209853156110389e-01 4.970025741854904311e-01 3.199399995239626815e-01 4.970025741854904311e-01 3.199399995239626815e-01 1.284014280732349023e-01 1.187915920350061938e-01
1.779012177239420733e-01 -4.098190438506676969e-01 4.925875783148390141e-01 8.342306448490688364e-02 4.925875783148390141e-01 8.342306448490688364e-02 -3.208660382895128782e-02 5.461218492856817486e-01
2.654860836738596186e-01 1.255575194917911697e-01 -4.278885863092232178e-01 2.133151610535798381e-01 -4.278885863092232178e-01 2.133151610535798381e-01 -3.321536319252194613e-01 -1.802756894153432210e-01
4.450384171904426811e-01 2.450287495747649480e-01 3.733893687423824881e-01 2.812694678747340582e-01 3.733893687423824881e-01 2.812694678747340582e-01 -6.631328309442561242e-01 -3.830488542319665513e-01
-3.414531628347808878e-01 3.133945796819735952e-01 4.363004179740621602e-01 3.772677840916616177e-02 4.363004179740621602e-01 3.772677840916616177e-02 5.554723037301542155e-01 -3.317686795178080850e-01
2.049647480974103875e-02 1.393972811928555489e-01 -2.154034092345000762e-01 -1.372437838615284678e-01 -2.154034092345000762e-01 -1.372437838615284678e-01 -2.621078053477254172e-02 -1.203857846685218586e-01
-2.894494173411720217e-01 -2.885887006138844191e-01 4.443262641133398638e-01 -4.011366604590259621e-01 4.443262641133398638e-01 -4.011366604590259621e-01 1.223857548533024697e-01 2.880911735367506221e-01
-2.373226643125907476e-01 1.131520003976994593e-01 3.258998515665657569e-01 -3.264152251175510555e-01 3.258998515665657569e-01 -3.264152251175510555e-01 2.910297327259534494e-01 -1.566706722001251217e-01
-1.431150750461185339e-02 5.135450750565362377e-02 -4.407777835634630881e-01 -3.308506676936566748e-01 -4.407777835634630881e-01 -3.308506676936566748e-01 1.578142834373746917e-02 -4.892204131155995089e-02
4.633904733310290069e-02 1.031061091865740353e-01 7.477299688654603926e-02 -2.608293837771797907e-01 7.477299688654603926e-02 -2.608293837771797907e-01 -5.589472508096036268e-02 -9.462254674271985966e-02
1.122942199379403094e-01 -2.262689486756752633e-01 -1.163069707572729206e-01 -2.560510466178264055e-01 -1.163069707572729206e-01 -2.560510466178264055e-01 -6.147682976251470088e-02 2.648565939790001322e-01
2.361484085983349690e-01 2.460970820224422928e-01 3.708931550410892175e-01 1.066586088835287383e-01 3.708931550410892175e-01 1.066586088835287383e-01 -3.523792771589222550e-01 -2.412993791260077681e-01
-3.905533516581700670e-01 -1.069237670497609205e-01 -6.061929540740107480e-02 2.935876466667530771e-01 -6.061929540740107480e-02 2.935876466667530771e-01 3.070344804717670129e-01 -3.417546148155778396e-02
-2.802379626628652698e-01 1.416160927041709705e-02 -2.939038593754483841e-02 -1.471949025911689635e-01 -2.939038593754483841e-02 -1.471949025911689635e-01 2.881752037228037522e-01 -9.249437381072260489e-02
1.956778106391275918e-01 1.040736411748279799e-01 -4.502043404902317247e-01 -2.619958699605587915e-01 -4.502043404902317247e-01 -2.619958699605587915e-01 -2.364076151397925818e-01 -1.315321239639634099e-01
-2.612265194270080304e-02 1.479175171269755396e-01 3.651652979657393772e-01 4.087611533555590704e-02 3.651652979657393772e-01 4.087611533555590704e-02 3.385064757497373983e-02 -1.267203181984859206e-01
-1.384615539117770577e-01 -3.429053923862140918e-01 1.512883220778427074e-01 7.680953017183711484e-02 1.512883220778427074e-01 7.680953017183711484e-02 4.350312696273135604e-02 4.413178986020935834e-01
-4.498237527811518310e-01 -1.237066577901878572e-01 -4.322073909052382978e-01 4.729992955045617675e-01 -4.322073909052382978e-01 4.729992955045617675e-01 3.385313666787598263e-01 -6.333141359431229689e-02
-5.400185248038746888e-02 -4.896756258627157354e-01 3.311246549235500325e-01 2.997366246254270505e-01 3.311246549235500325e-01 2.997366246254270505e-01 1.115070658227905465e-03 7.265416443554445491e-01
-4.720793656055306542e-01 4.035293671930828552e-02 4.836186734643598273e-01 2.105899151358422428e-01 4.836186734643598273e-01 2.105899151358422428e-01 5.101789431390729712e-01 -2.615835046479560444e-01
4.873587145179246738e-01 1.844390215609567063e-01 -3.797233499442165261e-01 -1.972993911147651325e-01 -3.797233499442165261e-01 -1.972993911147651325e-01 -6.671346434277080073e-01 -3.879397855031576636e-01
2.689382819374911415e-01 2.734292382674907707e-01 -2.783692766284123765e-01 -4.135670251197886005e-01 -2.783692766284123765e-01 -4.135670251197886005e-01 -4.160094610797628878e-01 -2.709934894194400146e-01
5.252079680374921455e-02 -2.533099751697545088e-01 -1.114888463497045734e-01 2.929145690187296980e-01 -1.114888463497045734e-01 2.929145690187296980e-01 -2.591271333524234471e-02 3.147174845933554677e-01
-2.010013434997545145e-01 -1.904598006868585269e-02 -3.440314997813328501e-01 -9.479257791167372549e-02 -3.440314997813328501e-01 -9.479257791167372549e-02 1.933448083356037184e-01 -2.099281066324367589e-02
-3.453487108554859075e-01 -2.056989283040575600e-01 1.497660139656137313e-01 2.499650848056498287e-01 1.497660139656137313e-01 2.499650848056498287e-01 2.032729914271633187e-01 1.287452453199493529e-01
9.000546140569865017e-02 6.376507221605598463e-02 4.734582380783943778e-01 -4.147109750010474771e-01 4.734582380783943778e-01 -4.147109750010474771e-01 -1.014838708984462795e-01 -6.780007086418986251e-02
-4.788180487978378475e-01 -1.767012788630057951e-01 -1.958238709655930609e-01 -4.740397175743340519e-01 -1.958238709655930609e-01 -4.740397175743340519e-01 3.096025256673037296e-01 -2.134210303974107270e-02
2.629128415038006761e-01 -4.745018700075975815e-01 -2.678255191782399347e-01 1.188317655650585891e-01 -2.678255191782399347e-01 1.188317655650585891e-01 -1.340757161867159319e-02 6.305307324207020114e-01
9.365742509130081661e-02 -1.766106302086709601e-01 -2.743386247324780536e-01 -3.182353627232621385e-01 -2.743386247324780536e-01 -3.182353627232621385e-01 -6.057563135310875535e-02 1.990302316366422408e-01
4.088484088644342984e-01 -2.222527208113238562e-01 3.299537774329711626e-01 -4.255173278085242483e-01 3.299537774329711626e-01 -4.255173278085242483e-01 -2.271130663254321003e-01 1.044919712883805030e-01
-8.153600049877696154e-02 4.633358511795530044e-01 -3.601761905878810843e-01 -1.118215082295319629e-01 -3.601761905878810843e-01 -1.118215082295319629e-01 1.570931048845315425e-01 -2.553038595686086820e-01
3.846040559206438392e-01 -2.819518963459214378e-01 2.362078745128093349e-01 3.406024218153883565e-01 2.362078745128093349e-01 3.406024218153883565e-01 -1.677243701023271583e-01 2.135284883683729318e-01
-3.147622752207313024e-02 3.638255441748284857e-01 1.190769102883326713e-02 9.673456882470277129e-02 1.190769102883326713e-02 9.673456882470277129e-02 5.437993873565107050e-02 -2.324472704797397316e-01
-1.284475586043295481e-01 -4.545290708233287180e-01 5.773957681794328334e-02 4.585518066924640923e-01 5.773957681794328334e-02 4.585518066924640923e-01 1.168125968042760254e-02 6.446269717354345952e-01
-3.211040750790015164e-01 -1.857229533563521384e-01 4.580116631223924983e-01 2.556783695280995250e-01 4.580116631223924983e-01 2.556783695280995250e-01 2.018312807621375216e-01 1.171081417274168479e-01
-1.911068214035812618e-01 -3.015815505786828554e-01 -2.224463547453559009e-01 2.534107502201445872e-01 -2.224463547453559009e-01 2.534107502201445872e-01 7.583823835347035247e-02 3.560111650411452167e-01
2.605102739289496538e-01 -4.195858977918150989e-01 1.039725395271292596e-01 -4.819888866454590248e-01 1.039725395271292596e-01 -4.819888866454590248e-01 -4.189739958800961506e-02 5.277726205950422633e-01
-4.762395640222898408e-01 -3.898709170181280381e-02 -3.220749121812287452e-01 1.499457208157565224e-01 -3.220749121812287452e-01 1.499457208157565224e-01 4.391051729131530967e-01 -1.862970373189623274e-01
-1.313671755361728311e-01 -3.187657910682636375e-01 3.414776496312762477e-01 3.656449479382373191e-02 3.414776496312762477e-01 3.656449479382373191e-02 4.761645227578965855e-02 4.031200858152879096e-01
-1.955256408458568851e-01 -4.270874663674650851e-02 4.231172552946260712e-01 -6.555498787157487683e-02 4.231172552946260712e-01 -6.555498787157487683e-02 1.788243307341104982e-01 6.302507447845294430e-03
3.441824595779682250e-01 2.378958393482437650e-01 -4.669277124402279044e-01 2.152847506943262879e-01 -4.669277124402279044e-01 2.152847506943262879e-01 -5.079416097984557066e-01 -2.997629744501780769e-01
-3.404642494978237233e-01 -2.340374155205050544e-01 -4.454275800335545377e-01 -1.664523343725656801e-01 -4.454275800335545377e-01 -1.664523343725656801e-01 1.811015034386255773e-01 1.728950221979062285e-01
1.078523073725283776e-01 8.500789289310306529e-03 -2.484937128563344810e-01 4.635220013621845769e-01 -2.484937128563344810e-01 4.635220013621845769e-01 -1.096859668512079611e-01 -2.006064607634739164e-02
3.787914938951232324e-01 -5.114237639674812375e-02 -3.543429263703069543e-01 1.088977400047064226e-02 -3.543429263703069543e-01 1.088977400047064226e-02 -3.400468995817814144e-01 -8.972507678704438883e-02
3.481624102751216254e-01 1.944467212337529505e-01 -5.502706701255999366e-02 3.349663105642267658e-01 -5.502706701255999366e-02 3.349663105642267658e-01 -4.835604885447978285e-01 -2.778542577637782562e-01
-2.358137946030448573e-01 1.824778357187084588e-03 6.843318358086492026e-03 -3.995463611216810706e-01 6.843318358086492026e-03 -3.995463611216810706e-01 2.366744104204804577e-01 -5.742959426622125385e-02
3.815016608189064629e-01 3.889629307552272541e-01 8.843644288159335787e-02 3.812190145467889701e-01 8.843644288159335787e-02 3.812190145467889701e-01 -6.782816689791234532e-01 -3.832142864611154942e-01
-4.481927591745793471e-02 3.821929600268383354e-01 4.751887571568635948e-01 -3.955063793214499412e-01 4.751887571568635948e-01 -3.955063793214499412e-01 7.907849937576361121e-02 -2.381302688265271028e-01
3.238491084564107947e-01 -1.271476006185975338e-01 4.167705660041187699e-02 -3.359412300494452053e-01 4.167705660041187699e-02 -3.359412300494452053e-01 -2.414958342510016009e-01 3.843586791365180555e-02
4.746066357195467544e-01 -1.257729206542399503e-01 -3.128164926615120134e-01 8.009157292953750229e-02 -3.128164926615120134e-01 8.009157292953750229e-02 -3.552213102468861350e-01 -8.365971044488884623e-02
4.692806819035585386e-01 -4.815626583850454168e-01 2.437626902222052028e-01 -4.530384899819575040e-01 2.437626902222052028e-01 -4.530384899819575040e-01 -1.730457649110950236e-02 4.932408939280484850e-01
-2.409124165950117247e-01 -1.210227955035888536e-01 -4.628535189328321087e-01 -2.044626092877739332e-01 -4.628535189328321087e-01 -2.044626092877739332e-01 1.826006283393047103e-01 7.763052006544385319e-02
-4.007094426075636928e-01 1.065395892189547888e-01 1.274450167145904089e-01 -4.797558123933500784e-01 1.274450167145904089e-01 -4.797558123933500784e-01 4.860922814306960493e-01 -2.557569625428754989e-01
-4.174159642805392867e-01 -3.421166726647552059e-01 2.312911773177529495e-01 -3.139004949154983182e-01 2.312911773177529495e-01 -3.139004949154983182e-01 1.318060426469224722e-01 2.849244031437060398e-01
2.502574818609022422e-01 4.318835108733959371e-01 -1.954351319723882652e-01 7.213022309086147832e-02 -1.954351319723882652e-01 7.213022309086147832e-02 -4.664216416377455765e-01 -3.079889511364250487e-01
-1.275238321699662114e-01 -1.250271424370320572e-01 -4.851852634596484082e-01 -4.114185910359380305e-02 -4.851852634596484082e-01 -4.114185910359380305e-02 9.563595151230513958e-02 1.243966010116882570e-01
3.476747615796040858e-01 1.230129542568680900e-01 -1.397340181225315003e-01 -9.437225200783483370e-02 -1.397340181225315003e-01 -9.437225200783483370e-02 -4.332117606645228269e-01 -2.287585071813003079e-01
-1.887376601764834128e-02 -1.754530298022592971e-01 -3.483640419422084911e-02 3.042894772412374493e-03 -3.483640419422084911e-02 3.042894772412374493e-03 1.225084715449769462e-02 2.058805764253628379e-01
3.051263631992860992e-01 -2.627205898608123702e-01 -2.198435564371559181e-01 -3.141719824347640744e-01 -2.198435564371559181e-01 -3.141719824347640744e-01 -1.448004069556842743e-01 2.386406006784028977e-01
4.785829739077140932e-01 -3.058880165683114383e-01 -3.271372171894751935e-01 -2.968966009245861404e-01 -3.271372171894751935e-01 -2.968966009245861404e-01 -1.857973806037248599e-01 1.704138323340552708e-01
2.698532438293518299e-01 2.493083023549423904e-01 -3.859999356677883409e-01 -3.139432134126467488e-01 -3.859999356677883409e-01 -3.139432134126467488e-01 -4.044065520374918732e-01 -2.599744459370626481e-01
2.596996443042732805e-01 -3.353885396848500511e-01 4.171333889887796076e-02 3.686787712132911787e-01 4.171333889887796076e-02 3.686787712132911787e-01 -8.549907538450288169e-02 3.804301069850202222e-01
-3.640856714772766622e-04 -1.331698220734224281e-01 1.604376948764343336e-01 2.601690359093086213e-01 1.604376948764343336e-01 2.601690359093086213e-01 2.671152232970537598e-04 1.509038910261132349e-01
-9.158922265369606741e-02 -2.932924388110876857e-01 2.869254185723231210e-01 4.636508524265843256e-01 2.869254185723231210e-01 4.636508524265843256e-01 3.786436969186758594e-02 3.709243077685350221e-01
-2.796004633263611261e-01 -3.365788913686251771e-02 2.240924093520996196e-01 4.150689394586458691e-01 2.240924093520996196e-01 4.150689394586458691e-01 2.607789405318530207e-01 -4.338567645430396746e-02
-3.657705637413067867e-01 -2.098377947539775690e-02 -2.694660820690096825e-01 2.010973116106773428e-01 -2.694660820690096825e-01 2.010973116106773428e-01 3.504200660450277893e-01 -1.123640068231634703e-01
3.500659465396038783e-01 -1.206275803927648882e-01 -2.958458607085822090e-01 2.520583174641308766e-01 -2.958458607085822090e-01 2.520583174641308766e-01 -2.656107303216530546e-01 1.263242661750904605e-02
1.302029281971096575e-01 -1.579051300997398322e-01 -3.382079433901155063e-01 1.561411741454979962e-01 -3.382079433901155063e-01 1.561411741454979962e-01 -8.908350756444628760e-02 1.658863577004539014e-01
-9.010017141191806189e-02 4.497983320473660784e-01 -2.389017550627159370e-02 3.957303232477855648e-01 -2.389017550627159370e-02 3.957303232477855648e-01 1.711539850484430914e-01 -2.555978334232305027e-01
-2.675964106535820841e-01 2.070171868652852520e-01 -1.912538108687067417e-02 2.504904667204023161e-01 -1.912538108687067417e-02 2.504904667204023161e-01 3.783905229510864943e-01 -2.357689102023493577e-01
-3.424922106607697359e-02 -4.032863526255400233e-01 1.131920241163595353e-01 -3.066849831450756403e-01 1.131920241163595353e-01 -3.066849831450756403e-01 6.624734178068990287e-03 5.647532256959184593e-01
2.330307213348730144e-01 -2.260503596652411185e-01 2.991029791012723704e-01 3.169883373747290900e-01 2.991029791012723704e-01 3.169883373747290900e-01 -1.276773645932757772e-01 2.228458076841747515e-01
4.115296281895143293e-01 2.704006984180137296e-01 -4.488489990992265977e-01 3.807767445523863037e-01 -4.488489990992265977e-01 3.807767445523863037e-01 -6.340854259538146742e-01 -3.666407955908640437e-01
-1.882712894245328616e-01 4.769718809837859563e-01 -4.329665559710275113e-01 1.591532860820376039e-01 -4.329665559710275113e-01 1.591532860820376039e-01 3.678715115286572690e-01 -2.849157841561512639e-01
-3.931773482794760355e-01 -2.885625960872877371e-01 7.135209975425915729e-02 1.229942664628915772e-01 7.135209975425915729e-02 1.229942664628915772e-01 1.662647955949934364e-01 2.172425407478424941e-01
1.768918456511554549e-01 -5.877496474698606921e-02 3.395896532306422744e-01 2.547639327298900636e-01 3.395896532306422744e-01 2.547639327298900636e-01 -1.560982216668035383e-01 3.093873617012331961e-02
3.727652054919554647e-01 -3.549612059736898528e-01 2.114024015908553267e-01 2.158686714476431012e-01 2.114024015908553267e-01 2.158686714476431012e-01 -1.081308317190458057e-01 3.420047652945263916e-01
-9.675756598983775714e-02 -2.257152299613967017e-01 2.952895842101843638e-01 -2.398662272209840518e-01 2.952895842101843638e-01 -2.398662272209840518e-01 5.307825347403526822e-02 2.673005684216450684e-01
