-9.389220394161068572e-02 4.551719455343342657e-01 4.345004734794316592e-01 -4.651924344941084088e-01 4.345004734794316592e-01 -4.651924344941084088e-01 1.793663982188295480e-01 -2.568061914938363222e-01
3.442284208225688813e-01 3.256222194058876473e-01 -2.043715958495764262e-01 1.314005804605525851e-01 -2.043715958495764262e-01 1.314005804605525851e-01 -5.684052655642264362e-01 -3.380855953370711653e-01
2.221986519363564616e-01 -4.186051459053216073e-01 1.405625351849559834e-01 7.434844719747490949e-02 1.405625351849559834e-01 7.434844719747490949e-02 -3.617165370878791530e-02 5.444631731614031356e-01
-3.365112492353815599e-01 -1.171973387818848744e-01 -2.879443404245802807e-01 3.297725081524496282e-01 -2.879443404245802807e-01 3.297725081524496282e-01 2.576348034742729221e-01 1.769273413748369272e-02
3.282680274546608823e-01 -1.960585145448814348e-01 2.414546485230247841e-01 2.454282550486397430e-02 2.414546485230247841e-01 2.454282550486397430e-02 -1.995485437839825404e-01 1.267375578214529341e-01
-1.531060676207240956e-02 3.520192846804747200e-01 -1.681250993188562193e-01 -4.740865163580534336e-01 -1.681250993188562193e-01 -4.740865163580534336e-01 2.608986444288994774e-02 -2.283361225729444444e-01
-2.461244429838722603e-01 8.569483982276859813e-03 -1.849675678130979772e-02 3.804921176790851955e-01 -1.849675678130979772e-02 3.804921176790851955e-01 2.503427619274664617e-01 -6.907328936067574920e-02
-2.236495405673609715e-01 2.644574726250745744e-01 2.689240874322209596e-01 4.988300942221709500e-01 2.689240874322209596e-01 4.988300942221709500e-01 3.419411250717677153e-01 -2.445388347938241558e-01
-1.438138351580855456e-01 -4.919975795827782328e-01 -2.472950976031342840e-01 1.431573618378165769e-01 -2.472950976031342840e-01 1.431573618378165769e-01 2.301717541496051123e-03 7.133767787152134332e-01
4.482698557051432164e-01 2.567829471598486180e-01 9.416089926181159253e-02 -2.583309343601273289e-01 9.416089926181159253e-02 -2.583309343601273289e-01 -6.784859650469167169e-01 -3.917913287416609491e-01
1.870935869883600944e-01 3.970499069241777423e-01 -1.825165067367795491e-01 7.698217484894043228e-02 -1.825165067367795491e-01 7.698217484894043228e-02 -3.356645695880379199e-01 -2.744052886278506298e-01
-2.439363956923152887e-01 -4.024006596139891867e-01 -2.234680453129533895e-01 -2.463394581261564298e-01 -2.234680453129533895e-01 -2.463394581261564298e-01 4.761606263142179052e-02 5.048219853284049430e-01
2.256608282894519979e-01 8.153162446921746742e-02 -4.139055598047858275e-01 -4.812961763665430936e-01 -4.139055598047858275e-01 -4.812961763665430936e-01 -2.624578161084683003e-01 -1.258070281049095129e-01
-2.087219530628198205e-01 1.078727648424177010e-01 2.786886610314049939e-01 -1.977204394125767761e-01 2.786886610314049939e-01 -1.977204394125767761e-01 2.537527813832112233e-01 -1.398010851380281083e-01
-3.665462380571937739e-01 -9.238805842320518824e-02 9.934128250231799573e-02 -4.561864142735416738e-02 9.934128250231799573e-02 -4.561864142735416738e-02 2.988172475443255927e-01 -3.343253287146619179e-02
3.762676552066274160e-01 1.960872789431041818e-01 3.239099798854643275e-01 6.545969786873784280e-02 3.239099798854643275e-01 6.545969786873784280e-02 -5.238302565341668160e-01 -2.992144063344869265e-01
2.465107171849849621e-01 -4.239807868841074523e-01 -1.508724509341616837e-01 4.836833564793505680e-01 -1.508724509341616837e-01 4.836833564793505680e-01 -3.747910149007377401e-02 5.429729608439187727e-01
-4.112617204054644926e-01 3.859245566373525893e-02 -4.041634631143598000e-02 -1.330390316947860363e-01 -4.041634631143598000e-02 -1.330390316947860363e-01 4.430049198273432465e-01 -2.062392807004403417e-01
1.418718394230870095e-01 -2.319665842023227453e-01 3.211839249691882392e-01 -4.018580637467826788e-01 3.211839249691882392e-01 -4.018580637467826788e-01 -7.605278745213915614e-02 2.656474615675258333e-01
1.656652200229913330e-02 -9.259943392454794697e-02 -1.676792749031267293e-01 2.105663658595148258e-01 -1.676792749031267293e-01 2.105663658595148258e-01 -1.349842088327619580e-02 1.008996394364420068e-01
2.240705674116882928e-01 -2.490215873844053851e-01 -1.351994602235875309e-01 -1.362899254098047797e-01 -1.351994602235875309e-01 -1.362899254098047797e-01 -1.124737506457222230e-01 2.608257191876585113e-01
2.845282146717309502e-01 -2.163548264999989312e-01 3.397192453784405597e-01 3.830894200844247033e-01 3.397192453784405597e-01 3.830894200844247033e-01 -1.614101096324173645e-01 1.822079325055609433e-01
2.286001530059152964e-01 2.620740006677906297e-01 4.430293595101133519e-01 -1.110734765832650517e-01 4.430293595101133519e-01 -1.110734765832650517e-01 -3.484204663089738863e-01 -2.456492487960973969e-01
4.982120606646823768e-01 -2.238191458277875023e-01 2.347686028603631625e-01 -4.902270863022057945e-01 2.347686028603631625e-01 -4.902270863022057945e-01 -2.751932649465402836e-01 2.569889847511874770e-02
-2.383699525997543534e-01 -2.049378046969969613e-01 -4.693678817325978025e-01 2.768425550556280479e-01 -4.693678817325978025e-01 2.768425550556280479e-01 1.406679230167126038e-01 1.901170741886122895e-01
1.150498823115198022e-02 2.483491792793229846e-01 -5.433587453952970492e-02 -2.433272952503607867e-01 -5.433587453952970492e-02 -2.433272952503607867e-01 -1.721949700080170967e-02 -1.868042291848086012e-01
-3.448591025792475673e-01 1.729480971123092958e-01 4.566198595185616549e-01 -4.350625008910362634e-01 4.566198595185616549e-01 -4.350625008910362634e-01 4.641445537051266390e-01 -2.619648534493045355e-01
-2.483858568295219671e-01 3.487099316957508188e-01 3.480761026148635473e-01 3.800247574641882897e-01 3.480761026148635473e-01 3.800247574641882897e-01 4.216150871679482659e-01 -2.888068491054314180e-01
2.096286061692020919e-01 -4.452403826738707826e-01 4.818370999320111814e-01 -2.231451807823910949e-01 4.818370999320111814e-01 -2.231451807823910949e-01 -2.295836450887070446e-02 5.995352285130032266e-01
3.397331329753590090e-01 2.384302065445048635e-01 -4.623434970371488317e-01 3.055860360663791297e-01 -4.623434970371488317e-01 3.055860360663791297e-01 -5.017384151060121367e-01 -2.969998447929025898e-01
-9.632206742840376812e-03 -3.581245723846626650e-01 6.042921430055114840e-02 -3.122131506774477039e-01 6.042921430055114840e-02 -3.122131506774477039e-01 2.733146901039627992e-03 4.862850023236233166e-01
-4.930784488697026458e-02 -1.803975159349469060e-01 -1.243413349701822934e-01 -4.938410810626612246e-01 -1.243413349701822934e-01 -4.938410810626612246e-01 3.151781941954004407e-02 2.105095161230488010e-01
-4.586244986990982708e-01 3.991417461944063438e-01 4.776359275215227296e-01 2.653055099029941744e-01 4.776359275215227296e-01 2.653055099029941744e-01 8.247368652156829016e-01 -4.501640434462856333e-01
3.688592371439024520e-01 -3.822340263245521674e-01 -2.891372881994740407e-01 2.463334276921576027e-01 -2.891372881994740407e-01 2.463334276921576027e-01 -8.687813442286917986e-02 3.922797403784489267e-01
2.244061088576461138e-01 4.085396490104532541e-01 -1.337878477850186210e-01 4.157473623361205295e-01 -1.337878477850186210e-01 4.157473623361205295e-01 -4.077636947546547375e-01 -2.919931058894986720e-01
3.595936901531983088e-01 4.106084294916902966e-01 -4.044460401557566920e-01 3.223443461936496002e-01 -4.044460401557566920e-01 3.223443461936496002e-01 -6.548980908910508880e-01 -3.713167691200522924e-01
-2.867804541644918270e-01 -4.825351629076087834e-01 -2.313606111898248718e-01 -1.065933349555827636e-01 -2.313606111898248718e-01 -1.065933349555827636e-01 1.001714782652962654e-02 6.331323174590891556e-01
-3.166438460392733134e-01 3.630791382941283008e-01 -2.697482292829092021e-01 2.999817041191227274e-01 -2.697482292829092021e-01 2.999817041191227274e-01 5.465773955714292587e-01 -3.315160028642645806e-01
-3.024169664616740416e-01 1.645369991169628454e-01 3.164570799367490972e-01 -4.387779785007933642e-01 3.164570799367490972e-01 -4.387779785007933642e-01 4.019345267489921047e-01 -2.289205966424286975e-01
3.519084618044272528e-01 1.710883248599923689e-01 -3.084179805411657593e-01 -3.650471468053486657e-01 -3.084179805411657593e-01 -3.650471468053486657e-01 -4.723233202727794011e-01 -2.656566754461521240e-01
-3.205936544604609528e-01 2.336559236477835366e-01 2.372625138596369254e-01 -3.824693157695138179e-01 2.372625138596369254e-01 -3.824693157695138179e-01 4.704108673576156696e-01 -2.818411242723981025e-01
1.701770037575367489e-01 -1.403752955635549915e-01 4.376622737194111323e-01 -1.424187339784013240e-01 4.376622737194111323e-01 -1.424187339784013240e-01 -1.223997093563678890e-01 1.311203065602177253e-01
-1.803065599572485356e-01 -3.593234799019474623e-01 1.447288146405185660e-01 8.725088710142259174e-02 1.447288146405185660e-01 8.725088710142259174e-02 5.072979881127318014e-02 4.559263875471758487e-01
3.414765515419284636e-01 -2.378210467201938849e-01 -1.141913485221722757e-01 -7.816703972456096050e-02 -1.141913485221722757e-01 -7.816703972456096050e-02 -1.790559297057211230e-01 1.777736617303151967e-01
7.415225171591410813e-02 -1.689626442230355297e-01 5.028207866500311596e-02 -7.128819074615966311e-02 5.028207866500311596e-02 -7.128819074615966311e-02 -4.909433066588816952e-02 1.920124629313353370e-01
-4.406879614262921852e-01 1.548643141825711833e-01 2.118985026416583262e-01 3.264872371559640607e-01 2.118985026416583262e-01 3.264872371559640607e-01 5.771816392558883901e-01 -3.250872377213942510e-01
-1.845964244112290320e-01 -2.550893304893084856e-01 -1.783840379644668905e-01 -3.380162533274300163e-02 -1.783840379644668905e-01 -3.380162533274300163e-02 9.041926778366772555e-02 2.860840571133815291e-01
-4.372237601687357644e-01 -2.893957700537223010e-01 -3.936264928438083510e-01 1.465883270997393462e-01 -3.936264928438083510e-01 1.465883270997393462e-01 1.841623466491051908e-01 1.819810653226210384e-01
4.514993108296668778e-01 4.870734158994842744e-01 4.885572497369237155e-01 -4.987707381106917248e-01 4.885572497369237155e-01 -4.987707381106917248e-01 -8.913259340338046677e-01 -4.536845311031564298e-01
2.364066438114389435e-01 2.756379611937281870e-01 1.362016825688256993e-01 1.716392764146927874e-01 1.362016825688256993e-01 1.716392764146927874e-01 -3.667319344371128276e-01 -2.555497767808815324e-01
7.885860022615709397e-02 5.540563847666846176e-02 -5.129202316688719065e-02 -2.564050414962161240e-01 -5.129202316688719065e-02 -2.564050414962161240e-01 -8.759702241597026873e-02 -5.855453253129003915e-02
4.765530204076779963e-01 3.049581931466689433e-01 3.896719875191774207e-01 2.735588495235947715e-01 3.896719875191774207e-01 2.735588495235947715e-01 -7.672105164919043041e-01 -4.390614748390686550e-01
-7.788409910335147845e-02 3.737883400994208571e-01 5.986659448053266441e-02 4.658875509734983211e-03 5.986659448053266441e-02 4.658875509734983211e-03 1.361084353513125622e-01 -2.401365497982812236e-01
-9.752749096322699263e-02 -6.699988545941781837e-04 -3.686633645560746242e-01 -2.593817783129823695e-01 -3.686633645560746242e-01 -2.593817783129823695e-01 9.739680434875337689e-02 -8.841163740522985787e-03
1.443995503487522925e-01 3.469706332512899616e-01 -4.879224819991887507e-01 2.438578095140535584e-01 -4.879224819991887507e-01 2.438578095140535584e-01 -2.446043572001685151e-01 -2.474332430534106342e-01
-2.232003254423088334e-01 3.018293843998101078e-01 3.459781012867901850e-02 3.981372732636243583e-01 3.459781012867901850e-02 3.981372732636243583e-01 3.579371590944875337e-01 -2.605467923901943483e-01
-2.395196977389703052e-01 -2.036297967335748416e-01 4.231726042735851623e-01 2.803651955236694526e-01 4.231726042735851623e-01 2.803651955236694526e-01 1.419730030104227048e-01 1.877252052463641574e-01
-3.804133245763402504e-01 -3.814429480161648511e-01 1.386384391337890376e-01 -4.334346105762710843e-01 1.386384391337890376e-01 -4.334346105762710843e-01 9.020136459428146347e-02 3.822273730922035040e-01
4.670782627648562002e-02 -1.551162648099871921e-01 8.663638216629709898e-02 -9.304140006095396043e-02 8.663638216629709898e-02 -9.304140006095396043e-02 -3.221753917768117870e-02 1.769956993831149072e-01
3.207847197282468477e-01 -3.466133254482200998e-01 -1.940301379700442030e-01 8.385639756881435591e-02 -1.940301379700442030e-01 8.385639756881435591e-02 -9.840820281228104816e-02 3.638512864153639614e-01
-4.664877158788603984e-01 -2.941644642160979872e-01 1.062742607817164231e-01 -2.380197430796648916e-03 1.062742607817164231e-01 -2.380197430796648916e-03 1.920394978690677656e-01 1.630864071577655949e-01
4.382320761379537855e-01 2.978094140709688364e-01 -4.954331739471080631e-01 1.030455053987616720e-01 -4.954331739471080631e-01 1.030455053987616720e-01 -6.992513517814502588e-01 -4.011663195178564179e-01
-4.450225087137940072e-01 -2.718326630941094724e-01 -4.305245110907833794e-01 4.877945443308878692e-01 -4.305245110907833794e-01 4.877945443308878692e-01 2.030792013528096851e-01 1.476806265570262400e-01
4.011279868302427554e-01 -3.366709136101023736e-01 -9.268461066622368794e-02 4.409957202671298537e-01 -9.268461066622368794e-02 4.409957202671298537e-01 -1.310317352288048465e-01 2.891145558626799783e-01
-2.947909698601480777e-03 4.328669186391773671e-01 -3.165631778216264625e-01 -1.110412184571476502e-01 -3.165631778216264625e-01 -1.110412184571476502e-01 5.500014873921818710e-03 -2.455018395585922830e-01
-3.834133177961879246e-01 4.052122277574611298e-01 -4.759297279337394437e-01 -3.035058864308999294e-01 -4.759297279337394437e-01 -3.035058864308999294e-01 6.941408471083334586e-01 -3.880210504967771534e-01
1.338941364741130791e-01 3.995603204373897599e-01 6.720537427074457781e-02 -1.538630432282923621e-01 6.720537427074457781e-02 -1.538630432282923621e-01 -2.408917046226815017e-01 -2.578395105515086105e-01
4.587226003159737830e-01 5.192863989510354550e-03 1.145781010905226882e-01 8.347160819130672316e-02 1.145781010905226882e-01 8.347160819130672316e-02 -4.634867684606845395e-01 -2.155923221937454115e-01
-3.660537945466466603e-01 -1.160684914434977344e-01 1.681347902421513885e-01 3.231531458440031201e-01 1.681347902421513885e-01 3.231531458440031201e-01 2.810791711062520237e-01 -4.454994352531563284e-03
-2.294365916134867289e-01 -3.852569332265032287e-01 -1.311743358663156611e-01 7.494574108385387845e-04 -1.311743358663156611e-01 7.494574108385387845e-04 5.265251630357964396e-02 4.810386882543796760e-01
4.576472954696684248e-01 4.950966530620900530e-01 2.907697670068825069e-01 2.022802733358224359e-01 2.907697670068825069e-01 2.022802733358224359e-01 -9.108065840095689314e-01 -4.594170042395084863e-01
8.721369097573528073e-02 -1.889982482502940986e-01 4.448253511750750455e-01 4.086805236684427634e-01 4.448253511750750455e-01 4.086805236684427634e-01 -5.424722134002237656e-02 2.171123581983628315e-01
-1.674794360482099176e-01 4.503657921056588576e-01 -3.797638087510616378e-01 -5.919315576180439464e-02 -3.797638087510616378e-01 -5.919315576180439464e-02 3.183334538027321470e-01 -2.755858069057277593e-01
-3.073345252487841295e-01 -3.891603071641502876e-01 1.538099515830010366e-01 -2.065067531566111558e-01 1.538099515830010366e-01 -2.065067531566111558e-01 6.812972875285386309e-02 4.461515414263505508e-01
-4.958549726224764642e-01 2.529053945401469328e-01 -5.510887228383476444e-02 -4.569009014960042636e-01 -5.510887228383476444e-02 -4.569009014960042636e-01 7.466637675940388519e-01 -4.348164098270764777e-01
-4.406640273019974963e-01 -4.763216317305868364e-01 -4.975082341363508132e-01 -2.912392551193969670e-01 -4.975082341363508132e-01 -2.912392551193969670e-01 2.086841024307889425e-02 5.090191436270600223e-01
-3.576722865998865908e-01 -3.583164308483169913e-01 -4.062084054924197662e-01 -1.860147589250649158e-01 -4.062084054924197662e-01 -1.860147589250649158e-01 1.013525723042312254e-01 3.587776308626022814e-01
1.832298304876416317e-01 9.158925485004631994e-03 -4.040544721720010779e-01 3.561749614831984934e-01 -4.040544721720010779e-01 3.561749614831984934e-01 -1.865862072157743190e-01 -4.264821034949465434e-02
4.848783928562218071e-01 4.321179835201571784e-01 -1.353935543455110357e-01 -1.247192934078639182e-01 -1.353935543455110357e-01 -1.247192934078639182e-01 -9.039277396032721068e-01 -4.804990876974629121e-01
2.104503354427769146e-01 -3.991785522946241782e-01 3.340362578523193848e-01 -3.773139173766731913e-01 3.340362578523193848e-01 -3.773139173766731913e-01 -4.243581497884546527e-02 5.142327252186789099e-01
-2.669436260443297515e-01 -4.728202743116864948e-01 1.516357830088416181e-01 8.048893655132816072e-02 1.516357830088416181e-01 8.048893655132816072e-02 1.451090906025725991e-02 6.251203866261699771e-01
-1.791456014124899188e-01 -2.661966307052772152e-01 4.271150770691540810e-01 -3.524342306851168116e-01 4.271150770691540810e-01 -3.524342306851168116e-01 8.376969040913918862e-02 3.049641303986762586e-01
-3.531881063246848917e-01 -4.196648545113729201e-01 -3.156369872847875069e-01 1.307767122653938907e-01 -3.156369872847875069e-01 1.307767122653938907e-01 5.674683581289252654e-02 4.710416061742078164e-01
-1.985779028648602118e-01 2.569328851347534304e-01 -2.230142985478588136e-01 3.216671282688667866e-01 -2.230142985478588136e-01 3.216671282688667866e-01 3.006202898790149014e-01 -2.303515611772908867e-01
-3.800603793095841398e-01 -2.552066025410227867e-01 -4.112998011245978525e-01 -2.146706075841261496e-01 -4.112998011245978525e-01 -2.146706075841261496e-01 1.860725429814813481e-01 1.758911206006093797e-01
3.056623217095042477e-01 -3.653104145223755594e-01 4.421152990503963709e-01 3.958193985620827027e-01 4.421152990503963709e-01 3.958193985620827027e-01 -8.233906281436281782e-02 4.053326585680409599e-01
1.150240343223760675e-01 -3.302277841168658190e-01 2.965408167845434706e-01 3.056565556481027901e-02 2.965408167845434706e-01 3.056565556481027901e-02 -3.905577037345493718e-02 4.260476450478060118e-01
6.679677132505124071e-02 -3.241359031709705185e-01 -2.106364817862518279e-01 -2.068970180251641366e-01 -2.106364817862518279e-01 -2.068970180251641366e-01 -2.349430772035070170e-02 4.247381782359800906e-01
1.803641199926875327e-02 1.244523396561190154e-01 -1.928326266499973407e-01 -1.904843286325080820e-01 -1.928326266499973407e-01 -1.904843286325080820e-01 -2.252575934389014489e-02 -1.092892669680443629e-01
-2.390509760625674218e-01 2.494208723728945643e-01 4.628578859436869308e-01 -5.399783068431363020e-03 4.628578859436869308e-01 -5.399783068431363020e-03 3.582995820448024449e-01 -2.443554699541049813e-01
-3.714059802378668618e-01 4.367381859551759948e-01 -4.197494094765339412e-01 -1.063760480986428725e-01 -4.197494094765339412e-01 -1.063760480986428725e-01 6.958203283618467072e-01 -3.839403450402089080e-01
-4.067323903682000807e-01 -2.456518201862102346e-01 -4.496907568798075294e-01 4.685099459055708238e-03 -4.496907568798075294e-01 4.685099459055708238e-03 2.069032863229269825e-01 1.405653995723785132e-01
-2.500356058514391355e-01 4.714791215938985980e-01 1.482445180145481878e-01 -3.369145909949713413e-01 1.482445180145481878e-01 -3.369145909949713413e-01 4.858087414795086989e-01 -3.117043636884405666e-01
-7.160274978546987690e-02 -3.390001666893307508e-01 -2.706704859205034674e-01 -2.825235668180459125e-02 -2.706704859205034674e-01 -2.825235668180459125e-02 2.305606156009241958e-02 4.487943259278841523e-01
4.341811650828181213e-01 2.407688885353057584e-01 5.175378431027111148e-02 3.774491159179456101e-01 5.175378431027111148e-02 3.774491159179456101e-01 -6.432557981627265997e-01 -3.713125149614526777e-01
2.637594244638766794e-01 4.267164240510346040e-01 -2.222125064697807462e-01 1.948718026281350824e-01 -2.222125064697807462e-01 1.948718026281350824e-01 -4.888603812978455365e-01 -3.141985514896477039e-01
-4.856935484596991426e-01 6.031687462453250159e-02 3.048548513798664539e-01 4.459870816032895924e-01 3.048548513798664539e-01 4.459870816032895924e-01 5.442845821964751307e-01 -2.925769722754349988e-01
-1.444059038123256533e-01 1.988618331549940610e-01 4.535127881925650195e-01 4.164228075954566899e-01 4.535127881925650195e-01 4.164228075954566899e-01 2.018395493133713081e-01 -1.801688695250840133e-01
3.639153775960537462e-01 2.372440819010126489e-01 1.872482900064412759e-01 4.721507706438996532e-01 1.872482900064412759e-01 4.721507706438996532e-01 -5.365889168909259155e-01 -3.133937295548366309e-01
8.815689112626101664e-02 4.912979888293679265e-01 4.223375523885196658e-01 -2.085855476466852432e-01 4.223375523885196658e-01 -2.085855476466852432e-01 -1.747794977498242086e-01 -2.576959124546336355e-01
-3.925450304003020863e-01 -1.884668918807499427e-01 2.298238763106897897e-01 2.943293711758266928e-01 2.298238763106897897e-01 2.943293711758266928e-01 2.445815467947432265e-01 6.989506032396614055e-02
-5.225357808804131921e-02 -4.259462186518178095e-01 -2.979640323568670812e-01 3.888273467775158476e-01 -2.979640323568670812e-01 3.888273467775158476e-01 7.739150092783954327e-03 6.046459634125969096e-01
-1.676739348274336461e-02 3.386459118934503909e-01 2.133391048509882815e-01 -4.164995030242569785e-01 2.133391048509882815e-01 -4.164995030242569785e-01 2.812381199482321195e-02 -2.242460037355089586e-01
-4.750002030381582641e-01 4.736726101704987757e-01 1.253733688771806465e-01 -1.414632323464866115e-01 1.253733688771806465e-01 -1.414632323464866115e-01 9.249893750473608955e-01 -4.749320614310570399e-01
1.038665567071056506e-01 3.239840622533821657e-01 -3.574136102605829368e-01 7.100504977689137132e-02 -3.574136102605829368e-01 7.100504977689137132e-02 -1.711687746555843881e-01 -2.298066512613691492e-01
-1.078032150364214292e-01 3.063947027447426752e-01 -1.492696682223612070e-01 -2.435755844263810532e-01 -1.492696682223612070e-01 -2.435755844263810532e-01 1.738638830884452480e-01 -2.241385220468923856e-01
-1.984544599058387648e-01 8.591578778039321573e-02 1.255837044886065623e-01 3.406149662799377031e-01 1.255837044886065623e-01 3.406149662799377031e-01 2.325552024285239550e-01 -1.179184378469858296e-01
-1.451473420931026492e-02 -3.952515979039250560e-02 -2.970714942233569911e-01 -1.198742084274079245e-01 -2.970714942233569911e-01 -1.198742084274079245e-01 1.336733983143413573e-02 4.087672053768164754e-02
-2.304519099835403706e-01 -1.624545977447704459e-01 4.031430293658353481e-01 4.669093068615566278e-01 4.031430293658353481e-01 4.669093068615566278e-01 1.555759653117601560e-01 1.357380112581238196e-01
1.183366282592215324e-01 2.436733056667478303e-01 -2.749935315352435294e-01 1.500267544723764557e-01 -2.749935315352435294e-01 1.500267544723764557e-01 -1.760075830379847217e-01 -1.983001833599487007e-01
2.450554657868728725e-01 2.928965061067193565e-01 -3.268824924716831060e-01 -2.277674557333599914e-01 -3.268824924716831060e-01 -2.277674557333599914e-01 -3.886072452495323848e-01 -2.671603241292170861e-01
1.453550958955938111e-01 -4.442161023731879821e-01 3.314060861072075648e-01 -2.174759230021569012e-01 3.314060861072075648e-01 -2.174759230021569012e-01 -1.621694757795050235e-02 6.204159440779972723e-01
-2.465700305967055694e-02 4.762960380374151592e-01 -1.451816854734390150e-01 -5.995223282489903216e-02 -1.451816854734390150e-01 -5.995223282489903216e-02 4.814506879406557638e-02 -2.500460899871609355e-01
3.572732053921001683e-02 3.528752132119852281e-01 8.129826622301861150e-02 2.988940332550387158e-01 8.129826622301861150e-02 2.988940332550387158e-01 -6.094189224474336197e-02 -2.296307385454926520e-01
7.472422496702391115e-02 -5.652201482061480764e-02 2.681790417998586307e-02 1.241962449902236365e-01 2.681790417998586307e-02 1.241962449902236365e-01 -6.627709746493375131e-02 5.413304318307420732e-02
-2.450143061067849848e-01 -4.727844282763016270e-01 -4.133664548826654350e-01 2.741688745084472911e-01 -4.133664548826654350e-01 2.741688745084472911e-01 1.333640884236278468e-02 6.362775336998616194e-01
1.681377348269420535e-01 -1.009114416721758056e-01 -4.418828869883965060e-01 2.877760728713292249e-01 -4.418828869883965060e-01 2.877760728713292249e-01 -1.342036923851805952e-01 8.282426285979765934e-02
-2.161406164423026466e-01 -4.145393037465155972e-01 2.420165872199016022e-01 -1.021549073085663561e-01 2.420165872199016022e-01 -1.021549073085663561e-01 3.694305513963300203e-02 5.396653720211028737e-01
-4.473886489265461730e-01 -4.259972850556581481e-02 -1.965110897092556819e-01 3.493987069216465402e-01 -1.965110897092556819e-01 3.493987069216465402e-01 4.092713789650606615e-01 -1.557421378140066426e-01
4.383926066665844168e-01 3.306649171612483507e-01 -1.015729547223289675e-01 1.299850635501431650e-02 -1.015729547223289675e-01 1.299850635501431650e-02 -7.283147166016041840e-01 -4.135137072999157115e-01
1.225194321960901833e-01 -3.652772821624632460e-01 -4.635196443018123613e-01 -5.457894737474733304e-02 -4.635196443018123613e-01 -5.457894737474733304e-02 -3.301230178673814075e-02 4.836937637608066942e-01
3.237594325705213105e-01 2.178855568018995825e-01 -2.860268099786503759e-01 4.341286052613285706e-01 -2.860268099786503759e-01 4.341286052613285706e-01 -4.648444410415115136e-01 -2.752316111174116786e-01
3.198581969218413645e-01 -5.426667419496844502e-02 2.146996176512543375e-01 3.011276034144204639e-01 2.146996176512543375e-01 3.011276034144204639e-01 -2.851429157999461061e-01 -4.509772001494015414e-02
3.900536399235916551e-01 8.812810651796898487e-02 -2.089793536266708607e-01 3.504242360658420541e-01 -2.089793536266708607e-01 3.504242360658420541e-01 -4.588030173774072518e-01 -2.325033853771693859e-01
3.928601514360016145e-01 -4.946049565547991911e-01 3.882177088082624516e-01 -2.023688230474932626e-01 3.882177088082624516e-01 -2.023688230474932626e-01 -4.238995169770776172e-03 5.848999210170559016e-01
-2.287429898955661844e-02 -2.827876751848091841e-01 1.926174223065180158e-01 -1.257399481587462287e-01 1.926174223065180158e-01 -1.257399481587462287e-01 9.937159324078726624e-03 3.622333108669746893e-01
2.750349283063583394e-01 7.039608936980346066e-02 1.441972846662786800e-01 -1.093946338451796674e-01 1.441972846662786800e-01 -1.093946338451796674e-01 -3.137576950921021068e-01 -1.410846917597257666e-01
4.672223045515403461e-01 -2.823442945433716211e-01 -2.346961329125474283e-01 -3.287119347904829958e-01 -2.346961329125474283e-01 -3.287119347904829958e-01 -2.033872006044743497e-01 1.437659133341134821e-01
1.396173082269855925e-01 4.885079047206996039e-01 -3.087936488298164139e-01 -1.068837088600484986e-01 -3.087936488298164139e-01 -1.068837088600484986e-01 -2.760256256364032046e-01 -2.693609245026405974e-01
4.583870531915311686e-01 -3.841937997871924804e-01 -2.143017687474635391e-01 4.076152813923956675e-01 -2.143017687474635391e-01 4.076152813923956675e-01 -1.061681257137146450e-01 3.216799850484982071e-01
4.008385160678107351e-02 3.397412834156294803e-01 -4.825836284908300300e-01 -3.869884373843823777e-02 -4.825836284908300300e-01 -3.869884373843823777e-02 -6.732012998503995871e-02 -2.259238589183648616e-01
-3.600965496592539727e-01 2.193345544429081695e-01 4.345250605754189532e-01 1.332978125663841773e-01 4.345250605754189532e-01 1.332978125663841773e-01 5.180597822111360218e-01 -3.008964327467387179e-01
-4.568072943498990846e-02 3.802855574938392991e-01 -1.755178490830362481e-01 4.491264639087365618e-01 -1.755178490830362481e-01 4.491264639087365618e-01 8.042417275481064665e-02 -2.377551812971518963e-01
-3.607283945090276056e-01 4.144941973055159545e-01 -3.948659636104915327e-01 2.527731572699923879e-01 -3.948659636104915327e-01 2.527731572699923879e-01 6.597680471636813149e-01 -3.728137323106326395e-01
1.764406534395972503e-01 -2.162238237967194499e-01 6.099955988849281585e-02 2.884201599296021268e-01 6.099955988849281585e-02 2.884201599296021268e-01 -1.001393079197942099e-01 2.318452615878021650e-01
-1.536908465072271968e-01 -1.779254382374901855e-01 -1.802812044218244925e-01 -3.203643429528858499e-01 -1.802812044218244925e-01 -3.203643429528858499e-01 9.899982407144872210e-02 1.859620235093850660e-01
-5.632055935406943270e-02 1.851474432324751174e-02 1.690170235247555608e-01 1.449460626685503684e-01 1.690170235247555608e-01 1.449460626685503684e-01 5.840608086723519943e-02 -2.134395397184754573e-02
-2.463659025286040194e-01 -4.039412892735985139e-01 2.776341132588496796e-01 1.136375601721704154e-01 2.776341132588496796e-01 1.136375601721704154e-01 4.733118192768800969e-02 5.064136965248818845e-01
-4.806141910190022681e-01 -2.936851856173772202e-02 1.019644987593234520e-01 4.402362181156695975e-01 1.019644987593234520e-01 4.402362181156695975e-01 4.523843374390499883e-01 -2.007589721646011460e-01
3.301449879373625773e-01 -1.357433791543442014e-01 -2.163616774294579992e-01 1.083449673059221352e-01 -2.163616774294579992e-01 1.083449673059221352e-01 -2.405149953903869819e-01 4.517393107842296307e-02
-6.143442156536327303e-02 -2.918779180725472600e-02 3.811379921519106873e-01 3.816603460084171395e-01 3.811379921519106873e-01 3.816603460084171395e-01 5.784815135246538370e-02 2.626553084476759836e-02
-2.523880474100366200e-01 -3.079616671165267272e-01 -4.726860952039756425e-01 -4.574998541915153982e-02 -4.726860952039756425e-01 -4.574998541915153982e-02 9.693635972867689632e-02 3.391023290542662383e-01
3.828247555627051213e-01 -2.020896387235383562e-01 -1.820365804825458955e-01 1.522348405211807476e-01 -1.820365804825458955e-01 1.522348405211807476e-01 -2.280949224705172140e-01 9.637506733130367376e-02
4.932072529695583629e-01 -3.648799642878326477e-01 1.101203117865111603e-01 3.126513444301938227e-01 1.101203117865111603e-01 3.126513444301938227e-01 -1.332843632694933889e-01 2.547639582447447371e-01
-2.152879122371279541e-01 -3.242486545089527938e-01 -1.667287510895854030e-01 -2.696380552921018303e-01 -1.667287510895854030e-01 -2.696380552921018303e-01 7.567428048726745904e-02 3.830369593043977394e-01
4.101012164545891903e-01 -1.743284339894856094e-01 3.300417096787233717e-02 -4.847440349033864671e-01 3.300417096787233717e-02 -4.847440349033864671e-01 -2.671166107711659965e-01 3.653582914917824498e-02
-8.116229458102763861e-02 1.119427784258237857e-01 -2.296122959239075279e-01 3.767888552780934708e-01 -2.296122959239075279e-01 3.767888552780934708e-01 9.933336009865846583e-02 -1.059989108457882190e-01
-8.957104065094911860e-02 -4.125831534617152574e-02 1.759099488364241903e-01 -1.358672249765983109e-01 1.759099488364241903e-01 -1.358672249765983109e-01 8.217994016882590458e-02 3.493759260808167871e-02
-4.774575463928515395e-01 -9.147824508209612127e-02 -3.893454766015166379e-01 2.584343489898039969e-01 -3.893454766015166379e-01 2.584343489898039969e-01 3.901035895024084210e-01 -1.281191942020858121e-01
4.787138056264708119e-01 -3.918966691485130660e-01 -1.256073947474481978e-01 1.138092975539179985e-01 -1.256073947474481978e-01 1.138092975539179985e-01 -1.035011138256255459e-01 3.163127607408336983e-01
9.883254736012847541e-02 -2.257728940136438656e-01 -3.741538071903202090e-01 -2.358757437223981679e-01 -3.741538071903202090e-01 -2.358757437223981679e-01 -5.420512687965502868e-02 2.669784212672479118e-01
-1.148484889190692915e-02 1.608164262025699731e-01 -4.934166591822901626e-01 -4.412347454303842120e-01 -4.934166591822901626e-01 -4.412347454303842120e-01 1.517875360045296482e-02 -1.350864050200732691e-01
4.113431546481360890e-03 4.722026056190680166e-01 -4.468626004257021389e-01 1.288339371806423994e-02 -4.468626004257021389e-01 1.288339371806423994e-02 -7.998177735049703807e-03 -2.492442251847185319e-01
4.158900638418643325e-01 -4.022512665146730226e-01 3.659771811769566563e-01 -4.301749419648849271e-01 3.659771811769566563e-01 -4.301749419648849271e-01 -8.130545401934802241e-02 3.910928027249415129e-01
1.699554335835234964e-01 -2.864946195179930433e-01 1.779750889103194345e-01 2.623631511311388387e-01 1.779750889103194345e-01 2.623631511311388387e-01 -7.257279902446929498e-02 3.396889371261891943e-01
4.330299295778589075e-01 -4.115443808913716861e-01 1.178163252283976892e-01 3.259376905882179765e-01 1.178163252283976892e-01 3.259376905882179765e-01 -7.660786102675043452e-02 3.933982384244286701e-01
3.062270065025709531e-01 -8.917797512171932173e-02 -1.049549355874056511e-01 1.732025073012227745e-01 -1.049549355874056511e-01 1.732025073012227745e-01 -2.516095977676012230e-01 3.355706857003676324e-03
-4.372764869456272629e-01 -4.358261672861387659e-01 -4.475562469286431533e-02 3.922555273940817600e-01 -4.475562469286431533e-02 3.922555273940817600e-01 5.612341624590722056e-02 4.345598893419548303e-01
-4.223176438496174523e-01 -4.784257004448377870e-02 -4.840723609877320976e-01 -1.725242621667000265e-02 -4.840723609877320976e-01 -1.725242621667000265e-02 3.819081209358241025e-01 -1.282207107537472190e-01
4.820465071093771314e-02 4.723224430723174105e-01 4.579282894873363263e-01 -3.164123046692995933e-01 4.579282894873363263e-01 -3.164123046692995933e-01 -9.374092749341336739e-02 -2.515576411926784273e-01
7.959509439593137614e-02 2.165240531414230896e-01 1.023785357299427101e-01 -2.291404424767727876e-01 1.023785357299427101e-01 -2.291404424767727876e-01 -1.140635992934938420e-01 -1.759767666045304879e-01
-1.147483881540579675e-01 -1.169553031582676317e-01 -1.951449145140207175e-01 2.304446840273106645e-01 -1.951449145140207175e-01 2.304446840273106645e-01 8.790752310709713802e-02 1.174666535111555665e-01
2.057506845566873244e-01 -4.479284893988427774e-01 -2.984380508066074578e-01 2.345308347291145123e-01 -2.984380508066074578e-01 2.345308347291145123e-01 -2.142749790417780575e-02 6.062350768184265881e-01
-1.690132330752162071e-01 -1.399606479656070324e-01 -1.466599167467445008e-01 -2.213971865980316478e-01 -1.466599167467445008e-01 -2.213971865980316478e-01 1.217028298432773492e-01 1.309841579900222486e-01
2.856273777645776946e-01 3.978090863321137594e-01 -3.385575326277023844e-02 1.008412462134108400e-01 -3.385575326277023844e-02 1.008412462134108400e-01 -5.128777101245060033e-01 -3.211400160923914004e-01
3.281566850989471318e-01 -4.820672601983304606e-01 1.941076088873316952e-02 -1.219588764611794218e-01 1.941076088873316952e-02 -1.219588764611794218e-01 -1.176949689611567207e-02 6.067692935783257635e-01
3.376605185409028431e-01 2.211472368280775758e-02 2.757964231330541915e-01 -4.743275864768840000e-01 2.757964231330541915e-01 -4.743275864768840000e-01 -3.525950566731541613e-01 -1.356402884605522052e-01
-2.874903526468497450e-02 1.674734866489830942e-01 3.081714844375412765e-01 2.262718247043286057e-01 3.081714844375412765e-01 2.262718247043286057e-01 3.837843761182770097e-02 -1.402526249472660913e-01
4.090941756538136742e-01 3.916441345974950305e-01 -2.897734611883727718e-01 6.954921876052289065e-04 -2.897734611883727718e-01 6.954921876052289065e-04 -7.295328444394406642e-01 -4.056170509867476071e-01
3.345106676047255867e-01 -1.830451579440135479e-01 -9.624282731409272706e-02 -1.734132347367939309e-01 -9.624282731409272706e-02 -1.734132347367939309e-01 -2.120495516333967823e-01 1.046533010494032079e-01
7.058599006376331531e-02 3.674636358857771290e-01 4.114238472145582692e-01 3.093018811281099678e-01 4.114238472145582692e-01 3.093018811281099678e-01 -1.224615591666189246e-01 -2.374164941806638229e-01
-1.337388650969727477e-01 1.802081310433238936e-01 1.315987952045420961e-01 -2.270193794136765586e-02 1.315987952045420961e-01 -2.270193794136765586e-02 1.819405269509341005e-01 -1.656192445866223606e-01
-8.753398580820315189e-02 -2.082138082733254736e-01 -2.567034414687606736e-01 -1.309735143214216802e-01 -2.567034414687606736e-01 -1.309735143214216802e-01 5.108241673126474175e-02 2.439045995575359060e-01
-1.426767383376220666e-01 1.900267237438106882e-01 4.573956304631865422e-02 -4.070069324157872259e-01 4.573956304631865422e-02 -4.070069324157872259e-01 1.969015246191246071e-01 -1.742732196696664126e-01
-4.735976019410610416e-01 -1.273239168954068967e-01 3.781867996564880485e-03 -2.473770709790157341e-01 3.781867996564880485e-03 -2.473770709790157341e-01 3.529969985182457304e-01 -8.075939185532834963e-02
-1.852736535542017782e-01 -9.166216774486080077e-02 -9.782266735308575711e-02 9.126780899695063898e-02 -9.782266735308575711e-02 9.126780899695063898e-02 1.513084841326248486e-01 6.573779403922541675e-02
-4.950071925483401358e-02 -3.512693033204019599e-01 1.301063277929570550e-02 5.888209703940938677e-02 1.301063277929570550e-02 5.888209703940938677e-02 1.472455292182531239e-02 4.722091055688566463e-01
7.432015158502502938e-02 -2.096847953326512748e-01 -2.577930302130044815e-01 -2.258093271438177396e-01 -2.577930302130044815e-01 -2.258093271438177396e-01 -4.315254003662984117e-02 2.481290237947260113e-01
2.860058588119632761e-01 -3.122851914619412250e-01 -4.829026772056032035e-01 3.636061145012244866e-01 -4.829026772056032035e-01 3.636061145012244866e-01 -1.073750700553015025e-01 3.280078809935938478e-01
1.940825647924045994e-01 3.728510114572528567e-01 -3.584993765451589542e-01 -3.001282345330161805e-01 -3.584993765451589542e-01 -3.001282345330161805e-01 -3.388103259705363413e-01 -2.715011766689542916e-01
-3.754408879585013903e-02 1.615191711521626328e-01 -4.078015465983458876e-01 3.627653264405530376e-01 -4.078015465983458876e-01 3.627653264405530376e-01 4.967226900378796106e-02 -1.368402871059917203e-01
1.079963208342926695e-01 -3.637409751074924813e-01 3.992114156951871440e-01 2.704787882882953021e-02 3.992114156951871440e-01 2.704787882882953021e-02 -2.943094673771823322e-02 4.843852667658984923e-01
1.560278241145095501e-01 2.018074630862862762e-01 -4.377201265855780177e-01 -2.233870673854015942e-01 -4.377201265855780177e-01 -2.233870673854015942e-01 -2.190029828253544641e-01 -1.854258928268718021e-01
1.482252410665105824e-01 -2.250382622206593686e-01 2.806548310044142402e-01 -4.046599378656045021e-01 2.806548310044142402e-01 -4.046599378656045021e-01 -8.151253973281887000e-02 2.537097595947284123e-01
2.051149610228079068e-01 -4.036984239261647289e-01 -3.590238862142483001e-01 4.943109385924044918e-01 -3.590238862142483001e-01 4.943109385924044918e-01 -3.950578804563939506e-02 5.245986941712461604e-01
1.294018608563840544e-02 -4.517482417333417155e-01 4.179871769955323391e-02 -4.061273401815901352e-02 4.179871769955323391e-02 -4.061273401815901352e-02 -1.248773461859599074e-03 6.556572672265765789e-01
-1.645921507266707717e-01 -6.931480033826153964e-02 4.185932792476633191e-01 -3.162403337794229552e-01 4.185932792476633191e-01 -3.162403337794229552e-01 1.417748065969423044e-01 4.702876580336348700e-02
-2.443859443991649449e-01 -2.088080238335422445e-01 1.852141987104602983e-01 2.277799906974753430e-02 1.852141987104602983e-01 2.277799906974753430e-02 1.423264521937978033e-01 1.926843248309396683e-01
-1.321753410658877970e-01 1.312304992714221630e-01 -3.025738878592723058e-01 1.600514684549156907e-01 -3.025738878592723058e-01 1.600514684549156907e-01 1.668662130647817210e-01 -1.314793761182792009e-01
4.792036713311920160e-01 3.671747603343890054e-01 -4.943503741611966484e-01 1.050804848773962963e-01 -4.943503741611966484e-01 1.050804848773962963e-01 -8.311066576759715829e-01 -4.619936143250661376e-01
4.150255612218098911e-01 -4.143776296373715695e-01 2.326530084481990279e-01 3.515510855925724210e-01 2.326530084481990279e-01 3.515510855925724210e-01 -7.107094462578306127e-02 4.138402331137799872e-01
-3.927536813580828623e-01 1.187399081582816152e-01 -7.612075777813553934e-02 2.405475005868318306e-02 -7.612075777813553934e-02 2.405475005868318306e-02 4.860247534646544021e-01 -2.588961965891709571e-01
-9.674370126508013978e-02 -7.982374726033858447e-02 -1.267400460840739651e-02 4.773289602984385205e-01 -1.267400460840739651e-02 4.773289602984385205e-01 8.129881174745323680e-02 7.683623415255393108e-02
-1.817432162342088597e-01 -3.113987799667272682e-01 2.092755394080552112e-01 3.682787817765720284e-02 2.092755394080552112e-01 3.682787817765720284e-02 6.855398462908537938e-02 3.753373834843390933e-01
4.206482040295659308e-01 -2.199586602238972066e-01 4.225836612757910560e-01 -2.788407409516515667e-01 4.225836612757910560e-01 -2.788407409516515667e-01 -2.355977732617021703e-01 9.139556087808972662e-02
2.347350437136509482e-01 8.221518313377318421e-02 2.071405525847180851e-02 -1.862062539714259835e-01 2.071405525847180851e-02 -1.862062539714259835e-01 -2.733326129273150884e-01 -1.305563875433029541e-01
-3.847833990649023317e-01 2.328446068270432212e-01 -1.737896557192923908e-01 -9.132480191165426309e-02 -1.737896557192923908e-01 -9.132480191165426309e-02 5.639728776025831891e-01 -3.266862600945427131e-01
4.100838077037501916e-01 -9.388226313132896905e-02 3.074466257550956261e-01 -5.018381636799484902e-02 3.074466257550956261e-01 -5.018381636799484902e-02 -3.330846158222686149e-01 -6.547258687881732375e-02
-3.532592854014970918e-02 3.820602412800975234e-01 3.985520279803703714e-01 -2.514937650787065770e-01 3.985520279803703714e-01 -2.514937650787065770e-01 6.231919410313586927e-02 -2.373381345403149378e-01
-1.016270811887167724e-01 3.090218313962835861e-01 -3.514598232675975042e-01 9.765793868487637752e-03 -3.514598232675975042e-01 9.765793868487637752e-03 1.644370546855088988e-01 -2.238554027477084873e-01
-2.608004349922727894e-01 -4.889588697196997069e-01 -1.786686912871051636e-01 -3.398330306019129443e-01 -1.786686912871051636e-01 -3.398330306019129443e-01 5.759063159817334743e-03 6.600227791051072046e-01
-7.893801819108814399e-02 4.789769674513310038e-01 -1.733793268604880700e-01 1.230554618890532526e-01 -1.733793268604880700e-01 1.230554618890532526e-01 1.545570033306589430e-01 -2.557892428183942135e-01
1.713094319392803877e-01 1.472600227419933461e-01 4.956704408174295029e-01 3.276261280030569045e-01 4.956704408174295029e-01 3.276261280030569045e-01 -2.217634936258731648e-01 -1.549214299153798824e-01
2.173321455555130566e-01 -2.198967616185901752e-01 -2.736021302092748186e-01 4.423354956419739414e-01 -2.736021302092748186e-01 4.423354956419739414e-01 -1.217508755489582623e-01 2.210180858971705353e-01
-3.191753739140607005e-01 2.819976291590514661e-01 -8.265648560857097316e-03 -2.263014729608519016e-01 -8.265648560857097316e-03 -2.263014729608519016e-01 4.991887713734984855e-01 -3.043478856209059780e-01
-4.680469900283992235e-01 3.766397311656635161e-01 -2.306426937897171348e-01 -2.840286580419045803e-01 -2.306426937897171348e-01 -2.840286580419045803e-01 8.206171750227877482e-01 -4.538502289477646667e-01
1.341559357906373373e-01 -7.784254934542222948e-02 2.531963041590238328e-01 -3.592243706419215865e-01 2.531963041590238328e-01 -3.592243706419215865e-01 -1.132698556871093720e-01 6.590419672615512037e-02
1.622105870913468362e-01 3.529504603029159915e-01 3.233525534159754633e-01 -4.223189955561668096e-01 3.233525534159754633e-01 -4.223189955561668096e-01 -2.767151898511410746e-01 -2.546887074393951456e-01
8.425150101450895601e-02 -1.352440598432410601e-01 -1.034720286322831084e-01 6.239552908453016578e-02 -1.034720286322831084e-01 6.239552908453016578e-02 -6.146247092433068659e-02 1.464367001429254245e-01
-1.261915658996470846e-01 -2.538015285099789464e-01 -1.354975121996601084e-01 -2.163279700075607659e-01 -1.354975121996601084e-01 -2.163279700075607659e-01 6.213634127885074576e-02 3.022924330797756021e-01
-4.931951177982074608e-02 2.100535327269343888e-01 -1.177158888929671354e-01 6.004248789526589469e-02 -1.177158888929671354e-01 6.004248789526589469e-02 7.003898714325874908e-02 -1.683634603580689837e-01
3.446780856346233213e-01 2.531556474726359696e-03 2.654422055560656801e-03 3.119614661224520136e-01 2.654422055560656801e-03 3.119614661224520136e-01 -3.464232297133925664e-01 -1.213281304132903665e-01
-8.080226084890052007e-02 4.774395460016939152e-01 4.685752087320230741e-01 2.146349774081758310e-01 4.685752087320230741e-01 2.146349774081758310e-01 1.579586503201195480e-01 -2.560200312736841122e-01
3.192313392054056953e-01 -1.981880035061673873e-01 -3.983390385660064981e-01 4.550305592659901199e-01 -3.983390385660064981e-01 4.550305592659901199e-01 -1.926956956579667923e-01 1.355578403090512141e-01
1.086272093391302818e-01 3.225559646841330563e-01 2.431978878604715844e-01 1.443766042091092494e-01 2.431978878604715844e-01 1.443766042091092494e-01 -1.787039179377871712e-01 -2.303134849396286099e-01
2.186372365641943150e-01 -2.292776557773982260e-01 -4.705000766146543167e-01 3.759058704880854362e-01 -4.705000766146543167e-01 3.759058704880854362e-01 -1.183799704340204595e-01 2.340436580037498771e-01
7.362093191280505433e-02 -4.799616481497047671e-01 -4.246741633282000716e-01 1.941422020797811676e-02 -4.246741633282000716e-01 1.941422020797811676e-02 -2.950484274430828502e-03 7.049047902285758838e-01
-1.876225361555721172e-01 7.577799997380307850e-02 3.257741402683779208e-01 9.040749639658296477e-02 3.257741402683779208e-01 9.040749639658296477e-02 2.160578572353357429e-01 -1.052379107672223452e-01
1.802512803767994942e-01 -2.253494085071301445e-01 4.031160061831609021e-01 3.014026983227404699e-01 4.031160061831609021e-01 3.014026983227404699e-01 -9.901224154567021818e-02 2.436412403441679808e-01
2.377218785600110351e-02 3.437417518396336247e-01 3.268443741975930461e-01 2.272329682834580700e-01 3.268443741975930461e-01 2.272329682834580700e-01 -4.011517485336647121e-02 -2.261484767973143684e-01
2.091317507811673027e-01 -3.442230513039334916e-02 -2.574290195267490144e-01 -4.223806158782108522e-01 -2.574290195267490144e-01 -4.223806158782108522e-01 -1.947341569054818755e-01 -8.128888963913012689e-03
1.702896961747722981e-01 -4.416603982120093086e-02 3.780515100183409194e-01 1.427777230685809418e-01 3.780515100183409194e-01 1.427777230685809418e-01 -1.552476531699819029e-01 1.711809827139258028e-02
2.262730036048633542e-01 -3.239655251250453949e-01 -2.205077782804792941e-01 4.900787083651126919e-01 -2.205077782804792941e-01 4.900787083651126919e-01 -7.966369873592166195e-02 3.777197144342253066e-01
2.792339535260269789e-01 4.607786887925546804e-01 4.409232076167566294e-01 8.035932724896244217e-02 4.409232076167566294e-01 8.035932724896244217e-02 -5.365640634701946965e-01 -3.264332895489441277e-01
-7.322046972279516730e-02 1.570012880290853063e-01 -1.560277731099479759e-01 6.871670261958884307e-02 -1.560277731099479759e-01 6.871670261958884307e-02 9.621188583594213195e-02 -1.377131207727202711e-01
-4.572674983471223253e-01 -7.756706945963809385e-02 2.959861990189379677e-01 4.126538356794124951e-01 2.959861990189379677e-01 4.126538356794124951e-01 3.863296987352699552e-01 -1.255098453204410991e-01
4.429037012561580777e-01 1.233397114258374394e-01 4.137485296008241997e-01 -1.688500968797413959e-01 4.137485296008241997e-01 -1.688500968797413959e-01 -5.521589306608978287e-01 -3.042907155976327105e-01
-1.847229896270069505e-01 -4.447099674532702940e-01 -3.204435775338020376e-01 -3.805658252687794674e-01 -3.204435775338020376e-01 -3.805658252687794674e-01 2.042668021721286142e-02 6.083543397088196913e-01
4.483087780651117127e-01 1.526587408347162000e-01 4.032426927440576625e-01 2.195475062443489334e-01 4.032426927440576625e-01 2.195475062443489334e-01 -5.851852851942520584e-01 -3.303348101717087371e-01
1.853384882919546506e-01 -3.236211881965752601e-01 1.182592586719507510e-01 -2.853401353039302091e-01 1.182592586719507510e-01 -2.853401353039302091e-01 -6.537956469275581217e-02 3.940015064039914527e-01
1.118213351620728213e-01 4.262831287350483667e-01 -3.112749778530522482e-01 4.044105900526524522e-01 -3.112749778530522482e-01 4.044105900526524522e-01 -2.071564323865105750e-01 -2.570698338883351530e-01
-4.843684515555601866e-02 1.233910202908381493e-01 -2.087357298817569262e-01 4.818119765769491858e-01 -2.087357298817569262e-01 4.818119765769491858e-01 6.039018864238281104e-02 -1.105118043710474340e-01
-3.108928844651356327e-01 2.556345199224901998e-01 3.459006274590596952e-01 4.671118605674362545e-02 3.459006274590596952e-01 4.671118605674362545e-02 4.698427910002619390e-01 -2.869398977575403631e-01
2.225702963984060867e-01 2.001084385801249477e-01 -2.293327116319643366e-02 -1.272417794673413871e-01 -2.293327116319643366e-02 -1.272417794673413871e-01 -3.116466853716073904e-01 -2.096025882280236341e-01
-3.887460233000791243e-01 4.915894957099860019e-01 1.869982192686439060e-01 1.131589848429611633e-01 1.869982192686439060e-01 1.131589848429611633e-01 7.709529464067759186e-01 -4.010527340492132664e-01
2.967155057443227051e-02 -2.741543409819270360e-01 1.927439065233249593e-02 2.060682705807881376e-01 1.927439065233249593e-02 2.060682705807881376e-01 -1.340238178714147493e-02 3.484345427476706614e-01
-4.184588666708166649e-01 4.686528360023221040e-01 -4.495237037886761211e-01 9.251517960496558057e-02 -4.495237037886761211e-01 9.251517960496558057e-02 8.106827359020083446e-01 -4.241251784047270212e-01
4.152683857425367719e-01 4.929990053140702599e-01 1.078901587935170436e-01 3.640306129017324421e-01 1.078901587935170436e-01 3.640306129017324421e-01 -8.247221879614372586e-01 -4.223988182706198691e-01
5.846661822416887588e-02 1.110429584320350438e-01 2.492969330154215513e-02 -2.319222253607612361e-01 2.492969330154215513e-02 -2.319222253607612361e-01 -7.145123073842496453e-02 -1.021307652612671035e-01
2.504304715208374166e-01 2.615168506635316970e-01 1.377139626792438509e-01 -1.538493715007905882e-01 1.377139626792438509e-01 -1.538493715007905882e-01 -3.814140479654627436e-01 -2.558412085487087317e-01
-2.644576441533689204e-01 -3.528717113816470796e-02 -4.920305085437902681e-01 -4.209872664197806813e-01 -4.920305085437902681e-01 -4.209872664197806813e-01 2.457937198572973381e-01 -3.340548996605106902e-02
-4.863762558081609066e-01 2.044817216956457129e-01 -7.461229363169019635e-02 -9.359639894721516473e-02 -7.461229363169019635e-02 -9.359639894721516473e-02 6.852863641672299888e-01 -3.992308094019957898e-01
4.824935880306890912e-02 -3.483609609698756771e-01 3.656542331475493013e-01 1.270397341437382588e-01 3.656542331475493013e-01 1.270397341437382588e-01 -1.463297280543407464e-02 4.673883194728236656e-01
-2.031388931691553434e-01 -8.578509939816580943e-02 1.567108130919128151e-01 -4.152251272314934072e-01 1.567108130919128151e-01 -4.152251272314934072e-01 1.682863128848565981e-01 5.187877275892949225e-02
-2.485900430719752974e-01 -2.561574784841735841e-02 -4.057799027437677397e-01 3.505620959559718752e-01 -4.057799027437677397e-01 3.505620959559718752e-01 2.358544033500574455e-01 -3.552509512827547317e-02
-1.651939554973764768e-01 -3.934368277406165015e-01 4.544347726658367614e-01 -1.712274576751022792e-01 4.544347726658367614e-01 -1.712274576751022792e-01 3.520718387175172936e-02 5.209403222303468084e-01
-2.477225599554597757e-01 4.211776959621642558e-01 -8.730352266312724208e-02 -4.908641144093710551e-01 -8.730352266312724208e-02 -4.908641144093710551e-01 4.563929940352390302e-01 -3.051535110970533538e-01
4.403822148519612734e-01 -5.469367959988358230e-02 1.913082931446163926e-01 -4.792600024854825058e-01 1.913082931446163926e-01 -4.792600024854825058e-01 -3.922099673307607448e-01 -1.362514169698606781e-01
-2.846763350281550364e-01 3.208833245740874140e-01 -1.979371511043104270e-03 4.713765458654850526e-01 -1.979371511043104270e-03 4.713765458654850526e-01 4.673721126509572943e-01 -2.989578323094306267e-01
1.446625276420202555e-01 1.063303797279351315e-01 -9.364105399889810499e-02 -1.808663160021327654e-01 -9.364105399889810499e-02 -1.808663160021327654e-01 -1.754265706351781084e-01 -1.159514769786265248e-01
-4.091857530408911092e-01 -8.460959201948758945e-02 3.418605373621328436e-01 -4.880387137322940161e-01 3.418605373621328436e-01 -4.880387137322940161e-01 3.399436737909379280e-01 -7.566460541044939259e-02
-4.711496844222484714e-02 3.176826318825269890e-01 3.037982366281686275e-01 -3.434076381562001234e-01 3.037982366281686275e-01 -3.434076381562001234e-01 7.705018279380122792e-02 -2.189801975340296969e-01
-2.583722961949128649e-01 -1.106746059961498663e-01 -2.235803930471442769e-01 1.981247968316719454e-01 -2.235803930471442769e-01 1.981247968316719454e-01 2.011817920315278341e-01 5.616723096752108957e-02
2.053451816386485662e-01 3.572991225127809534e-01 9.358398557695879472e-02 -1.311222712594487527e-01 9.358398557695879472e-02 -1.311222712594487527e-01 -3.520844880620820350e-01 -2.718031031865872915e-01
4.496794807749228129e-01 5.003318302005677065e-02 -3.909726197166973893e-01 -3.208814916860153188e-01 -3.909726197166973893e-01 -3.208814916860153188e-01 -4.946772722988744264e-01 -2.497414990469424556e-01
6.278107949267619503e-02 1.124065061515940878e-01 -1.558158894282466456e-01 -8.041591018665750212e-03 -1.558158894282466456e-01 -8.041591018665750212e-03 -7.689508308907064271e-02 -1.037127474686514589e-01
-3.100408775446643617e-01 -1.838926818534609708e-01 3.183348536314060118e-01 -3.085401501882453212e-01 3.183348536314060118e-01 -3.085401501882453212e-01 1.960123806328867291e-01 1.215838545440536267e-01
-2.233334113214686667e-01 -4.772395130175896005e-01 -1.424959259844802428e-01 -4.052281517833822289e-02 -1.424959259844802428e-01 -4.052281517833822289e-02 1.016635440223920273e-02 6.551192531903713423e-01
-4.141503424943026035e-01 4.283042636530068892e-01 -3.323588227399847383e-01 4.183718953355851644e-01 -3.323588227399847383e-01 4.183718953355851644e-01 7.689150574616283595e-01 -4.163802275778105688e-01
4.688835800397128661e-01 1.296593306480985364e-01 -2.473660462753102252e-03 4.213849687071974381e-01 -2.473660462753102252e-03 4.213849687071974381e-01 -5.904738423193794938e-01 -3.326996002548434084e-01
-1.760682653610458059e-01 1.212718755389218250e-01 4.628552466392048537e-01 -4.864344852461152113e-01 4.628552466392048537e-01 -4.864344852461152113e-01 2.187725228874830286e-01 -1.375650418094417349e-01
3.852640797373716453e-01 -2.360996550974420183e-01 4.644255236150295341e-01 3.742843200307970353e-01 4.644255236150295341e-01 3.742843200307970353e-01 -2.033426470425179489e-01 1.434142910986892228e-01
-4.633914695639892445e-01 4.230363385635451667e-01 -4.885759168028496191e-01 4.310738060332249821e-01 -4.885759168028496191e-01 4.310738060332249821e-01 8.554543307758502024e-01 -4.588082488829683392e-01
-3.864903654120779297e-01 -2.247124566488112318e-01 -4.243323181135527644e-02 -2.788070015022651171e-01 -4.243323181135527644e-02 -2.788070015022651171e-01 2.127919664463883698e-01 1.258333422655935896e-01
-1.649642190967226529e-02 -3.438582955422031517e-02 4.168925641639635860e-01 -2.060450059168863479e-01 4.168925641639635860e-01 -2.060450059168863479e-01 1.536193560559127348e-02 3.529608289253029219e-02
4.686660803154441002e-01 3.881309682218558876e-03 1.774978613402513616e-01 1.881025629178768588e-01 1.774978613402513616e-01 1.881025629178768588e-01 -4.723041567059556023e-01 -2.235141399556115627e-01
3.218471822496911106e-01 4.468843658492441806e-01 3.411342888325207268e-01 3.210268362653324603e-01 3.411342888325207268e-01 3.210268362653324603e-01 -6.095041301297297043e-01 -3.507643381308289676e-01
-2.504408309601769966e-01 -3.836045713276756697e-01 -4.433198068262688141e-01 -2.005427859192580042e-01 -4.433198068262688141e-01 -2.005427859192580042e-01 5.830033575332582707e-02 4.680364286591415235e-01
1.230900823868360527e-01 3.913416153356464866e-01 -4.485277087653394279e-01 -2.002125595598771568e-01 -4.485277087653394279e-01 -2.002125595598771568e-01 -2.194306257329605159e-01 -2.533445238241314734e-01
4.460753357559319454e-01 -3.671169113345699175e-01 -4.269146542425872326e-01 2.039359141494611061e-01 -4.269146542425872326e-01 2.039359141494611061e-01 -1.185517367854340143e-01 3.029085327526369609e-01
-6.185857389112592308e-02 -3.260443251588606151e-01 2.578672578906702206e-01 -7.453404354161885514e-02 2.578672578906702206e-01 -7.453404354161885514e-02 2.152129993188259260e-02 4.285227439633135793e-01
1.774663781223430048e-01 -2.939527335205860403e-02 2.856378522148370624e-01 4.259981146147634457e-01 2.856378522148370624e-01 4.259981146147634457e-01 -1.670330327309308693e-01 -1.234959916361570709e-03
3.630304070993418675e-01 2.480654189621992467e-01 -3.711930671025300832e-01 4.565118176352621626e-01 -3.711930671025300832e-01 4.565118176352621626e-01 -5.431409871655739074e-01 -3.183200433560217091e-01
4.109521963541703515e-01 4.570666450597612451e-01 3.048148842780968870e-01 4.077256458418605511e-01 3.048148842780968870e-01 4.077256458418605511e-01 -7.866172796892521024e-01 -4.170384347218920595e-01
1.779625879939474853e-01 -6.017587210465624725e-02 2.606446195948017852e-01 -1.400607486956919612e-01 2.606446195948017852e-01 -1.400607486956919612e-01 -1.565444801248726536e-01 3.212632496270868832e-02
-1.688959258789123341e-01 -1.143828357649224747e-01 1.415545485978972895e-01 -2.060041613211164302e-01 1.415545485978972895e-01 -2.060041613211164302e-01 1.302583359765680515e-01 9.894043510405264863e-02
-4.510934046329228009e-01 -4.066606725884711615e-01 -1.774653994313215577e-01 -3.843952961663826828e-01 -1.774653994313215577e-01 -3.843952961663826828e-01 8.420950997642728808e-02 3.685483155152570744e-01
-1.708771676222125002e-01 3.693652378773514267e-01 2.498970015636057251e-01 -1.525533642626670794e-01 2.498970015636057251e-01 -1.525533642626670794e-01 2.971093389553856601e-01 -2.621335653397487420e-01
-1.851430751609937086e-01 1.811107223031368507e-01 4.474580135263794833e-02 4.206835910513196941e-01 4.474580135263794833e-02 4.206835910513196941e-01 2.522058673046567723e-01 -1.825875868500422827e-01
4.373495346449045584e-01 4.362029541948315714e-01 1.640909733152634553e-01 3.626555568071869740e-01 1.640909733152634553e-01 3.626555568071869740e-01 -8.188958527005889554e-01 -4.372045524006478168e-01
2.204931674347024861e-01 2.411604589747616822e-01 4.833276435769170432e-01 2.796525092969581738e-02 4.833276435769170432e-01 2.796525092969581738e-02 -3.268416343534061297e-01 -2.316193288872317180e-01
-4.455254921776453658e-01 9.199128293272451629e-02 8.540971385307261077e-02 -4.878450390432687023e-02 8.540971385307261077e-02 -4.878450390432687023e-02 5.274944153869556285e-01 -2.820218509772490778e-01
-9.932316352494063860e-02 4.819946478441399229e-01 -4.652264778918536736e-01 -4.613545315589684392e-01 -4.652264778918536736e-01 -4.613545315589684392e-01 1.950696299768800157e-01 -2.595408981063455633e-01
-3.222012178525108794e-01 -4.325416794717439339e-01 -1.324350091173727151e-01 1.490638675849987882e-01 -1.324350091173727151e-01 1.490638675849987882e-01 4.347030605697826955e-02 5.158203591663396148e-01
-9.489754263600835849e-02 4.030771253423333089e-01 -8.713730140083075781e-02 -3.171531541046227476e-01 -8.713730140083075781e-02 -3.171531541046227476e-01 1.713996000115558804e-01 -2.496114999664472700e-01
7.815346442636417201e-02 3.583281220421813407e-01 -3.439297190829155859e-01 4.670206243280627945e-02 -3.439297190829155859e-01 4.670206243280627945e-02 -1.341626327043431710e-01 -2.360370429977478868e-01
1.822871306745837972e-01 -3.869850195542956506e-01 -2.849069077472577982e-01 -4.615136172257249259e-01 -2.849069077472577982e-01 -4.615136172257249259e-01 -4.120235301738328637e-02 5.035138269041614656e-01
-1.122633826861948458e-01 -4.999656580002922457e-01 3.322810837882419488e-01 3.544517186976078316e-01 3.322810837882419488e-01 3.544517186976078316e-01 7.710698110799385496e-06 7.373282500878104440e-01
-1.945309189035542285e-01 1.090928770598531550e-02 4.401195475861471307e-01 -3.975687504459456401e-01 4.401195475861471307e-01 -3.975687504459456401e-01 1.987753064276113757e-01 -4.863255355719454942e-02
2.051039357213880754e-01 1.414766139372624076e-01 9.851158123018510793e-03 3.528849179346151832e-01 9.851158123018510793e-03 3.528849179346151832e-01 -2.631387563835239085e-01 -1.635286060945125020e-01
-3.577890054053960434e-01 -1.964177424968708285e-01 -2.391519174100558143e-01 1.303103288221321154e-01 -2.391519174100558143e-01 1.303103288221321154e-01 2.172367879415388336e-01 1.069846996754553747e-01
3.212291230578318002e-01 -1.418006051134752532e-01 4.380312152835781347e-01 1.058109961300672808e-01 4.380312152835781347e-01 1.058109961300672808e-01 -2.301281549984887098e-01 5.871986722351935084e-02
-3.104578096296194412e-01 1.296596904607150158e-03 -4.272010982283919178e-01 -1.038460025643950235e-01 -4.272010982283919178e-01 -1.038460025643950235e-01 3.112628868995732101e-01 -9.767896730109514036e-02
9.477853579507777848e-02 3.121471546065800462e-01 -4.476167955856278358e-01 4.451070629684764635e-01 -4.476167955856278358e-01 4.451070629684764635e-01 -1.539482363275006260e-01 -2.236942793250547012e-01
-2.234818301410912422e-02 1.196205848827106566e-01 -7.747620043457348338e-02 3.393306859082394489e-01 -7.747620043457348338e-02 3.393306859082394489e-01 2.769478846053630844e-02 -1.058109418390609791e-01
3.899222757043457888e-01 2.764354743333604647e-01 -1.224560260269912382e-01 -4.262911140799379162e-01 -1.224560260269912382e-01 -4.262911140799379162e-01 -6.054989741792942137e-01 -3.520582839539063147e-01
-1.071326536181750333e-01 2.454383188817594874e-01 -4.118491891333830868e-01 -1.958292529647474023e-01 -4.118491891333830868e-01 -1.958292529647474023e-01 1.597215704209484777e-01 -1.966757559775270947e-01
-1.949520780722150404e-01 -3.395661638345373046e-01 3.075616770299794966e-01 1.106437144995275901e-02 3.075616770299794966e-01 1.106437144995275901e-02 6.255381950710847683e-02 4.168650307111660958e-01
1.680253821901549482e-01 -2.173853339126744499e-01 -4.491360143795835036e-01 1.403518740267342135e-01 -4.491360143795835036e-01 1.403518740267342135e-01 -9.497287456373179615e-02 2.364091882528517874e-01
4.245765954294737909e-01 -4.781808267856779704e-02 -9.227141346636913433e-02 1.816119238264498614e-01 -9.227141346636913433e-02 1.816119238264498614e-01 -3.839717179422109661e-01 -1.301606336768609262e-01
-4.812331077688678516e-01 2.606737175733148115e-01 -2.784658406238262884e-01 -1.447898946769807793e-01 -2.784658406238262884e-01 -1.447898946769807793e-01 7.321227542118087239e-01 -4.243082345527052768e-01
1.128303894520990003e-01 4.679146281813607589e-01 -4.846366597823911215e-01 3.444586230016972728e-01 -4.846366597823911215e-01 3.444586230016972728e-01 -2.184203689081730682e-01 -2.617012256991719799e-01
1.961155972619071930e-01 -4.680504801497068490e-01 -3.342800157786381954e-01 9.996880681134279190e-02 -3.342800157786381954e-01 9.996880681134279190e-02 -1.253159833534281398e-02 6.486604046286834624e-01
-4.187533973191056580e-01 3.250834672772473510e-02 3.069570243325241421e-01 3.889120943748114456e-01 3.069570243325241421e-01 3.889120943748114456e-01 4.459793585860299947e-01 -2.068059618870475291e-01
-2.929110024519528954e-01 3.882579527411568199e-01 2.401798408881078428e-01 -1.603617570096564915e-01 2.401798408881078428e-01 -1.603617570096564915e-01 5.203610547466632763e-01 -3.233105702318104235e-01
4.247937649551962735e-01 4.132284691911415342e-01 9.519043123681414365e-02 -2.417588819701733671e-01 9.519043123681414365e-02 -2.417588819701733671e-01 -7.758675193839509321e-01 -4.229204441858978591e-01
1.881448421083189437e-01 -2.412581437468444001e-01 -1.869093722020827020e-01 -3.553991855766973629e-01 -1.869093722020827020e-01 -3.553991855766973629e-01 -9.736189138312663360e-02 2.640651540590531754e-01
1.832980592985734569e-01 9.555422164619642444e-02 -4.665151665689644123e-01 4.981519876543230030e-01 -4.665151665689644123e-01 4.981519876543230030e-01 -2.183278660696405526e-01 -1.200217909144093431e-01
-2.832022182461748638e-01 -3.059237310986506753e-01 2.445654214633743440e-01 4.741028667622829706e-01 2.445654214633743440e-01 4.741028667622829706e-01 1.099256597236064892e-01 3.193095639284161402e-01
3.444273371187892563e-01 2.546765622023821063e-01 -2.419159176767183839e-01 -2.670026638275497799e-01 -2.419159176767183839e-01 -2.670026638275497799e-01 -5.198624774106576085e-01 -3.084466014218983920e-01
-1.944127460278052277e-01 4.071593164226635642e-01 2.123681930739741430e-01 -4.663309156924968502e-01 2.123681930739741430e-01 -4.663309156924968502e-01 3.527266675808733432e-01 -2.791769232909647735e-01
-1.452524704581411585e-01 -6.788264773269547803e-02 3.631016985873748437e-01 -1.119106315346281022e-01 3.631016985873748437e-01 -1.119106315346281022e-01 1.255322258893136478e-01 5.139242142170353383e-02
1.783665201178560311e-01 -2.183150161349362017e-01 4.850077241258807792e-01 1.146669706515640597e-01 4.850077241258807792e-01 1.146669706515640597e-01 -1.004863406829317046e-01 2.341618469059801033e-01
1.516937758432597150e-01 -8.531860437145377674e-04 1.119158849708625780e-01 -1.953676307212328656e-01 1.119158849708625780e-01 -1.953676307212328656e-01 -1.514349298183240433e-01 -2.215708765944539652e-02
3.305192965702649088e-01 1.130960139755420313e-01 -2.622513367672241191e-01 2.312409822066678888e-01 -2.622513367672241191e-01 2.312409822066678888e-01 -4.052801265384589069e-01 -2.095483110036887586e-01
-2.541851486932471538e-01 -8.625416599034074761e-02 -2.348158787134747572e-01 2.989176281053037565e-01 -2.348158787134747572e-01 2.989176281053037565e-01 2.103360926779135887e-01 2.908385732482183378e-02
-2.618693287895951238e-01 -1.770271077881713229e-02 -3.774036552139523604e-01 1.133528035985487126e-01 -3.774036552139523604e-01 1.133528035985487126e-01 2.525977348107847908e-01 -5.055944861297749504e-02
-4.337795191865684297e-01 -2.787175477449769234e-01 8.506905958455723837e-02 2.085300937680187872e-01 8.506905958455723837e-02 2.085300937680187872e-01 1.919755914872173785e-01 1.682363479002199069e-01
1.419373931228016250e-01 -3.274433683694349950e-01 1.931692261095506735e-01 2.842580935663677755e-01 1.931692261095506735e-01 2.842580935663677755e-01 -4.898447691938793980e-02 4.145163042920597674e-01
-1.104990368820640834e-01 -1.336168491759242016e-01 -3.943930724952897648e-01 2.327562729134611264e-01 -3.943930724952897648e-01 2.327562729134611264e-01 8.096997059175280176e-02 1.392602744077621191e-01
-2.999064948857799173e-01 2.854299423708817063e-01 1.031961841621205078e-01 3.332104937118279819e-01 1.031961841621205078e-01 3.332104937118279819e-01 4.711110819895825141e-01 -2.939035960437111905e-01
3.854902367199937174e-01 2.392003615030698915e-01 -4.461119638854132985e-01 2.894309073261136511e-01 -4.461119638854132985e-01 2.894309073261136511e-01 -5.699090446786466702e-01 -3.305862711663073439e-01
-2.747645028084332308e-01 2.378855990015108501e-01 2.942857552602033966e-01 -4.588973615760415514e-01 2.942857552602033966e-01 -4.588973615760415514e-01 4.054895394783061269e-01 -2.567915727927687630e-01
8.969626255697638051e-02 -3.016618670182380502e-01 8.876909344772587751e-02 -3.872512914577213028e-01 8.876909344772587751e-02 -3.872512914577213028e-01 -3.558037850198523394e-02 3.846163295144771066e-01
-4.602044419533715125e-01 -3.357680688794819623e-01 -4.244982831552608360e-01 1.916379350281594007e-02 -4.244982831552608360e-01 1.916379350281594007e-02 1.511605284244851299e-01 2.367201365649244105e-01
4.302432541673044675e-01 -2.313820462689416546e-01 -4.190880496226074836e-01 -2.587083639219696085e-01 -4.190880496226074836e-01 -2.587083639219696085e-01 -2.311421250820259454e-01 9.981043984807255742e-02
3.677924764357647369e-01 -9.908250396988205200e-02 3.606388664174716707e-01 -3.422654791565094001e-02 3.606388664174716707e-01 -3.422654791565094001e-02 -2.949088774226859000e-01 -2.637145915992880618e-02
3.224071811975226520e-02 7.768997245775344229e-02 4.288299258840261308e-01 -3.100818679658490229e-02 4.288299258840261308e-01 -3.100818679658490229e-02 -3.725027912523575652e-02 -7.269370454214427180e-02
-2.326609946260561612e-01 -3.823932101242090154e-01 -1.744523511325416498e-01 6.688991367030261426e-02 -1.744523511325416498e-01 6.688991367030261426e-02 5.472502541455823155e-02 4.744866388529207502e-01
-3.705642927459735780e-01 -1.494259166745091072e-01 9.054132339449261213e-02 -3.984077836593641342e-01 9.054132339449261213e-02 -3.984077836593641342e-01 2.598204744851571046e-01 3.443612619020282317e-02
-2.624795661132860447e-01 1.398147408977851169e-01 -2.386272140730777425e-01 8.975836538356007921e-02 -2.386272140730777425e-01 8.975836538356007921e-02 3.358765911674703730e-01 -1.891621017524892090e-01
-3.667557426824008537e-02 -6.530696855118556243e-02 4.064986550297433610e-01 -2.023936997555813022e-01 4.064986550297433610e-01 -2.023936997555813022e-01 3.188523311757483769e-02 6.822687094462591417e-02
-1.804096130443383350e-01 7.556840015679522349e-02 -4.849247251208341769e-01 2.657167294772905253e-01 -4.849247251208341769e-01 2.657167294772905253e-01 2.076761447056726106e-01 -1.024054455333455876e-01
-4.899150238501519539e-01 8.240010202057912458e-02 4.870528219330265696e-01 4.195489396475494681e-01 4.870528219330265696e-01 4.195489396475494681e-01 5.706531197434858704e-01 -3.156270558016722183e-01
4.093685430252813617e-02 -9.606822128945124994e-02 -1.438670177294388841e-01 1.347668238637664828e-01 -1.438670177294388841e-01 1.347668238637664828e-01 -3.307139274646954397e-02 1.036214983909838072e-01
-4.921052520590383228e-01 -2.396478032042796968e-01 -2.315707747360384872e-01 -2.058425579377187731e-02 -2.315707747360384872e-01 -2.058425579377187731e-02 2.562413668565645675e-01 5.491129368082722784e-02
1.184105084545883368e-01 -3.213553545341772955e-01 -4.610454577591950320e-01 2.468675362592084310e-01 -4.610454577591950320e-01 2.468675362592084310e-01 -4.230680660459547326e-02 4.106035699094899294e-01
4.902242713734163981e-01 -1.115187319320765091e-01 3.736602746760095961e-01 3.357544401176859594e-02 3.736602746760095961e-01 3.357544401176859594e-02 -3.808858931616372900e-01 -1.163646767397821524e-01
4.175849113645310196e-01 -2.769577123774407124e-01 -4.371042953115231722e-01 2.767691387094540767e-01 -4.371042953115231722e-01 2.767691387094540767e-01 -1.862781878148173087e-01 1.792861286234626594e-01
3.860668360015185874e-01 -2.727981949014023355e-01 -4.269882971562034557e-01 4.431943052397719907e-01 -4.269882971562034557e-01 4.431943052397719907e-01 -1.754301640564985831e-01 1.981694481826423715e-01
-4.582511238464467285e-01 -2.315831477817931194e-02 3.096692406381233997e-01 -4.943903719393651919e-01 3.096692406381233997e-01 -4.943903719393651919e-01 4.370264762994658381e-01 -1.862994701849869095e-01
2.639555679132716826e-01 4.584499848965377655e-01 -3.454000980804016185e-01 -2.648287825875679236e-01 -3.454000980804016185e-01 -2.648287825875679236e-01 -5.059764201596645972e-01 -3.179461380773198620e-01
-3.258459745178254874e-01 1.206976165119224564e-01 -2.890876514406343079e-01 -1.544460739684213602e-01 -2.890876514406343079e-01 -1.544460739684213602e-01 4.045036394664378032e-01 -2.123053009897347132e-01
-3.751758256193902241e-01 3.545300420925704410e-01 -4.484123118327021373e-03 1.504587508704288146e-01 -4.484123118327021373e-03 1.504587508704288146e-01 6.411980281173048635e-01 -3.695953914756017755e-01
-3.517084673990568122e-01 4.841151148017628358e-01 -3.734448432626422676e-01 4.297604631690136179e-01 -3.734448432626422676e-01 4.297604631690136179e-01 6.922432375423497319e-01 -3.734465164624322098e-01
4.893798482800023608e-01 3.415277644044014682e-01 -1.147798258747537714e-01 4.438783769904930399e-02 -1.147798258747537714e-01 4.438783769904930399e-02 -8.236534593352711209e-01 -4.643791864478912235e-01
4.970066324658831691e-01 4.279721698404892472e-01 4.954030807567513239e-01 1.297117953742417118e-01 4.954030807567513239e-01 1.297117953742417118e-01 -9.224166463089602530e-01 -4.918275843975901118e-01
-4.583033742747500972e-01 1.832827688812904698e-01 -1.856200062413124741e-01 2.155960434794560454e-01 -1.856200062413124741e-01 2.155960434794560454e-01 6.263015971241792101e-01 -3.597321783841196385e-01
1.333827319198064298e-01 1.369453171023349292e-01 4.382407862301576085e-01 -3.778263618516720657e-01 4.382407862301576085e-01 -3.778263618516720657e-01 -1.699150129572736811e-01 -1.359822504004667976e-01
2.708809663078797225e-01 4.148976955318660620e-01 -1.557734897762982351e-01 -3.872651012916786817e-01 -1.557734897762982351e-01 -3.872651012916786817e-01 -4.956567436770484281e-01 -3.161340956821037107e-01
-4.190421038156791900e-01 -3.792731003936680167e-01 1.022807797753017001e-01 -2.817158189719718431e-01 1.022807797753017001e-01 -2.817158189719718431e-01 1.011793079963632658e-01 3.475249003056229413e-01
-1.711724271552662602e-01 -7.129471089289052266e-02 -8.090113323266889811e-02 2.657574229854317016e-01 -8.090113323266889811e-02 2.657574229854317016e-01 1.467650497415281252e-01 4.707764687596642517e-02
-1.608724322052224043e-01 -1.175954993970909079e-01 3.945318159524171531e-01 7.391675166746358716e-02 3.945318159524171531e-01 7.391675166746358716e-02 1.230366841964268543e-01 1.055442614319182376e-01
-2.289372295419940251e-01 -2.422555419205114635e-01 -4.581435649051304182e-01 1.872984918044493519e-01 -4.581435649051304182e-01 1.872984918044493519e-01 1.180146043250414473e-01 2.485310344413484973e-01
2.172758464533194322e-01 4.112954152004988373e-01 -4.928359639989103869e-01 -3.854484780709439562e-01 -4.928359639989103869e-01 -3.854484780709439562e-01 -3.960049654134351060e-01 -2.893402900875545747e-01
-3.697980186171930805e-01 -3.248535798997088664e-01 2.014010835585481329e-01 1.690051308161251153e-01 2.014010835585481329e-01 1.690051308161251153e-01 1.295375982419643690e-01 2.936328537001635097e-01
-3.870816652128535873e-01 -3.824382951532075969e-01 -4.686385182480250489e-01 2.513247181404184571e-01 -4.686385182480250489e-01 2.513247181404184571e-01 9.101196095471680847e-02 3.788651292089438849e-01
3.917614905966481098e-01 -5.131774105168152023e-02 3.087460158568283708e-01 1.421283579747136816e-01 3.087460158568283708e-01 1.421283579747136816e-01 -3.515528611397290004e-01 -9.952581391617865147e-02
-2.949024165446734180e-03 2.357948426427990407e-01 1.530197518548331859e-01 4.116637761367311077e-01 1.530197518548331859e-01 4.116637761367311077e-01 4.339753543529382973e-03 -1.802043315693850623e-01
2.971116463600091961e-01 4.271716313060048842e-01 4.007621701641189693e-01 -2.692247786151300559e-01 4.007621701641189693e-01 -2.692247786151300559e-01 -5.509469796712451739e-01 -3.329713591161266861e-01
-4.582224157716114910e-01 1.196664762215098321e-01 -4.568527727354592116e-01 4.480627989214773788e-01 -4.568527727354592116e-01 4.480627989214773788e-01 5.678901394138041736e-01 -3.153141930058082076e-01
1.344603359524213504e-01 3.709914394815106986e-01 2.654285396485785986e-01 1.559017464862021418e-01 2.654285396485785986e-01 1.559017464862021418e-01 -2.342276031287340021e-01 -2.514363732573853261e-01
-4.147323781329482761e-01 1.672177708726947376e-01 -1.906817781227957420e-01 -1.706509248246927957e-01 -1.906817781227957420e-01 -1.706509248246927957e-01 5.534336256931945419e-01 -3.112589334488725101e-01
-4.608776614774234837e-02 2.999266852425552798e-01 1.100038045226711114e-01 -2.952988516694268206e-01 1.100038045226711114e-01 -2.952988516694268206e-01 7.373366800959517409e-02 -2.120947509104574302e-01
4.560799494095778561e-01 1.450564612240701212e-02 6.580258755393575409e-02 -4.191626556710191798e-01 6.580258755393575409e-02 -4.191626556710191798e-01 -4.693114181088990922e-01 -2.223041526064215845e-01
-1.680201946988227890e-01 7.210281325182688050e-02 -2.922749999270868315e-01 4.758524318535102271e-01 -2.922749999270868315e-01 4.758524318535102271e-01 1.922496521406324155e-01 -9.513478339962937180e-02
3.247941149237447700e-01 -4.542873994615603817e-01 1.729807428281898707e-01 -4.546146600131574234e-01 1.729807428281898707e-01 -4.546146600131574234e-01 -2.969436726549040673e-02 5.551732236820090538e-01
3.021705624244753752e-01 -9.169100439518218515e-02 3.784745634471553544e-01 -1.207966305135340646e-01 3.784745634471553544e-01 -1.207966305135340646e-01 -2.467579176897608806e-01 8.791195886255737113e-03
-2.417283268495824533e-01 4.768957993447419108e-01 7.111022654704246548e-02 -4.692955552421482768e-01 7.111022654704246548e-02 -4.692955552421482768e-01 4.722867741639797945e-01 -3.078987799135801673e-01
7.541752093649500832e-02 -2.378416505513266666e-01 -2.945430116824895306e-01 -1.249800284264626082e-01 -2.945430116824895306e-01 -1.249800284264626082e-01 -3.954266561644459443e-02 2.887224988240993939e-01
-8.119257144334568466e-02 2.158693402965832231e-01 -4.890592638362967204e-02 3.902497073784467752e-01 -4.890592638362967204e-02 3.902497073784467752e-01 1.162465451122621507e-01 -1.758620018740839619e-01
-2.423064460718676871e-01 4.124585339683204399e-01 -4.544339979327839396e-01 -1.034723395270799040e-01 -4.544339979327839396e-01 -1.034723395270799040e-01 4.421891691076205722e-01 -3.010489055330032304e-01
1.231499511360750754e-01 -1.571906603958806992e-01 -3.187729608715434981e-01 3.963436782347536935e-01 -3.187729608715434981e-01 3.963436782347536935e-01 -8.443390684247492617e-02 1.667336536467561303e-01
1.600098186453977611e-01 4.484142388203070650e-01 3.424440559172622356e-01 2.283873490728384192e-01 3.424440559172622356e-01 2.283873490728384192e-01 -3.035111807087005897e-01 -2.729420513064447773e-01
2.774417941022584433e-01 -1.135702486036442860e-01 -2.260673439933674755e-01 2.832641154827658658e-01 -2.260673439933674755e-01 2.832641154827658658e-01 -2.144235270437892804e-01 4.949450085685787315e-02
1.796141588757911300e-01 1.126390590614251286e-01 -1.597712461129889849e-01 -4.805778716062661937e-01 -1.597712461129889849e-01 -4.805778716062661937e-01 -2.200772985755480027e-01 -1.322127475038398503e-01
6.493441860934701104e-03 3.487785584220914892e-01 5.327919727964192109e-02 4.914275060166251041e-02 5.327919727964192109e-02 4.914275060166251041e-02 -1.102298844384363638e-02 -2.271742403943005639e-01
-1.542408282908308559e-01 -3.166190673344622120e-01 3.012769887889785725e-01 -1.825354537400148969e-01 3.012769887889785725e-01 -1.825354537400148969e-01 5.656965389415526124e-02 3.930764680223653440e-01
2.557195877070145285e-01 2.963365472157647451e-01 3.553244787753429001e-03 3.477123733573788122e-01 3.553244787753429001e-03 3.477123733573788122e-01 -4.072777070600857030e-01 -2.739137055370490792e-01
3.259332891691836265e-01 -1.914612120220632319e-01 -1.476302858997067258e-01 3.124136922622455792e-01 -1.476302858997067258e-01 3.124136922622455792e-01 -2.011261240038446085e-01 1.218860987423780184e-01
2.647509835004671075e-01 1.249710522452520678e-01 -4.335240979330216016e-01 4.801803213213392540e-01 -4.335240979330216016e-01 4.801803213213392540e-01 -3.309234014825045977e-01 -1.794463716104311435e-01
-4.208942523775119904e-01 -3.161072484274364269e-01 4.427029156370752006e-01 3.444554110195230390e-02 4.427029156370752006e-01 3.444554110195230390e-02 1.547988043815553549e-01 2.388790692513766967e-01
4.743558231604236841e-01 -4.587733481157219018e-02 4.987133586547728425e-01 4.934358392983139163e-01 4.987133586547728425e-01 4.934358392983139163e-01 -4.308314613225243117e-01 -1.770313823052178659e-01
2.664814136756703533e-01 -1.022974908318063925e-01 -1.960255001826032295e-01 4.757847118727709379e-02 -1.960255001826032295e-01 4.757847118727709379e-02 -2.119606537310029792e-01 4.174992362770615223e-02
-4.172275293583438405e-02 2.844810938772532882e-01 4.185101530057150354e-01 -2.654985047798340547e-01 4.185101530057150354e-01 -2.654985047798340547e-01 6.546142172534748227e-02 -2.052923892161993558e-01
-2.166285605108014822e-01 -1.799399041439841973e-01 3.407461955728247061e-01 3.978073295420928579e-01 3.407461955728247061e-01 3.978073295420928579e-01 1.386683156844756848e-01 1.653903400183484584e-01
5.715390104945472505e-02 -1.866443790789236168e-01 4.076187101869753748e-01 3.572852049091318483e-01 4.076187101869753748e-01 3.572852049091318483e-01 -3.581899230282728497e-02 2.182139349155096941e-01
-4.397063945844648103e-01 -4.831883874745803720e-01 -2.954530169747889845e-01 -2.103155028472003529e-01 -2.954530169747889845e-01 -2.103155028472003529e-01 1.478434706140657751e-02 5.233176918263965360e-01
-4.150446361632171843e-01 2.353729507778549168e-01 2.065213313568436959e-02 4.731185418134818965e-01 2.065213313568436959e-02 4.731185418134818965e-01 6.104251975997324609e-01 -3.522345748278377098e-01
1.814208544705069315e-01 4.081667583907973018e-01 -3.804608982299068076e-01 -4.250595613472978318e-01 -3.804608982299068076e-01 -4.250595613472978318e-01 -3.295207786179377152e-01 -2.744801821723546476e-01
1.407812555275828048e-01 -1.854766762763579990e-01 1.403337571077862833e-01 2.147779782357953637e-01 1.403337571077862833e-01 2.147779782357953637e-01 -8.855797681304539148e-02 2.000589118109603326e-01
2.214882546502039418e-03 3.465799282356706312e-01 2.598320447640753983e-01 -1.969003319538364938e-02 2.598320447640753983e-01 -1.969003319538364938e-02 -3.750150214536271832e-03 -2.264671872845228084e-01
-4.475253630038458219e-01 4.220783062405772945e-01 2.060681999582147927e-02 -4.888249725232585163e-02 2.060681999582147927e-02 -4.888249725232585163e-02 8.253068574365713950e-01 -4.442071601733867392e-01
3.034025159901757585e-01 -4.150362151260847954e-01 4.034000362571152909e-01 1.923853517383443679e-01 4.034000362571152909e-01 1.923853517383443679e-01 -5.155645219758780984e-02 4.952381882831016768e-01
1.354779918591918486e-01 -5.248099403751349534e-02 -9.322016656509091170e-02 1.011576931345899988e-01 -9.322016656509091170e-02 1.011576931345899988e-01 -1.212579524932387576e-01 3.688096249447976593e-02
2.028250573984111682e-01 2.777528799844900531e-01 2.206795723735813786e-01 -3.359065394483626843e-01 2.206795723735813786e-01 -3.359065394483626843e-01 -3.154955450492675784e-01 -2.417442215534802985e-01
1.268054367581517017e-01 -5.753182524919597807e-02 -1.694267456653397730e-01 2.478587589477285746e-01 -1.694267456653397730e-01 2.478587589477285746e-01 -1.122147403017157846e-01 4.476211737427439330e-02
-4.883941555846126326e-01 -2.205984620153287334e-01 3.892069764291287148e-01 -3.583445918685984610e-01 3.892069764291287148e-01 -3.583445918685984610e-01 2.729161564261312067e-01 3.073329224965037909e-02
-2.753543657792945076e-01 5.757209791414596989e-02 3.718022674599925637e-01 7.017637704921209085e-02 3.718022674599925637e-01 7.017637704921209085e-02 3.070598227947607395e-01 -1.300775782096274813e-01
4.855949075003190840e-01 2.165775288914207897e-01 3.080618493754677667e-01 -3.229231140790833621e-02 3.080618493754677667e-01 -3.229231140790833621e-02 -6.959327977176734681e-01 -4.054741170609500456e-01
4.434614478301277529e-01 -3.072617258320620159e-02 7.374552836280312551e-02 -9.555288065707112644e-02 7.374552836280312551e-02 -9.555288065707112644e-02 -4.162097018700737783e-01 -1.649877854467739491e-01
-4.330220369185329155e-01 -5.846822728019829274e-02 -1.833434181102935323e-01 -4.065410146662623569e-01 -1.833434181102935323e-01 -4.065410146662623569e-01 3.823859751747585300e-01 -1.256213235755880564e-01
1.468293353412229996e-01 -1.084955582550292119e-01 6.029784716882702345e-02 1.759659246705519431e-01 6.029784716882702345e-02 1.759659246705519431e-01 -1.149686739291012338e-01 9.870799069935433379e-02
2.488192159705849837e-01 3.787060367260186577e-01 3.299150125998306926e-02 -3.807668712653550225e-01 3.299150125998306926e-02 -3.807668712653550225e-01 -4.372778942535759938e-01 -2.971987767095066735e-01
2.548914345574334606e-01 4.171619231596241928e-01 -1.744393723810441221e-01 1.098589887647068997e-01 -1.744393723810441221e-01 1.098589887647068997e-01 -4.675534366312223411e-01 -3.081074964361343871e-01
-4.411627098358619214e-01 2.490318328855462005e-01 -2.298608422387715677e-03 -2.485524222700369323e-01 -2.298608422387715677e-03 -2.485524222700369323e-01 6.608898262982201288e-01 -3.816395156449324810e-01
-3.575104973933317387e-01 -4.360668599123830314e-01 4.338639000065722673e-01 1.795314198898925184e-01 4.338639000065722673e-01 1.795314198898925184e-01 4.571353742528300179e-02 4.984074104798014715e-01
-2.410205262311404528e-01 3.347296805738930736e-02 5.397169671954460402e-02 1.068913273789352525e-01 5.397169671954460402e-02 1.068913273789352525e-01 2.571558709825607081e-01 -9.044342253155417122e-02
-1.481902314602979720e-01 -1.851075153718532151e-01 4.101645918843460636e-01 4.930461913730546097e-01 4.101645918843460636e-01 4.930461913730546097e-01 9.332798036430678401e-02 1.974119629187374159e-01
