2.674049670901238462e-01 -6.519224805742451778e-02 2.183923257072417634e-02 1.413284889617026918e-01 2.183923257072417634e-02 1.413284889617026918e-01 -2.325395051974702421e-01 -2.063139160264917948e-03
3.301881020983462589e-01 4.756697990582975377e-01 3.437751060545105597e-01 1.133222954686661232e-01 3.437751060545105597e-01 1.133222954686661232e-01 -6.443091184514682102e-01 -3.584322240894443068e-01
-2.016730041098120374e-01 -1.545017760977981380e-01 4.259595659022391567e-01 -4.014618591765262146e-02 4.259595659022391567e-01 -4.014618591765262146e-02 1.393553294579230328e-01 1.377005743284960282e-01
-1.363496529551621039e-01 -3.787394642090711194e-01 3.599050600340237827e-01 2.950947254593767610e-01 3.599050600340237827e-01 2.950947254593767610e-01 3.306766394450033619e-02 5.035918180974522373e-01
1.719564079640661935e-01 3.691983543293486658e-01 2.456876981987843322e-01 -2.966328482761814156e-01 2.456876981987843322e-01 -2.966328482761814156e-01 -2.989284536375048651e-01 -2.624599357297537350e-01
-1.877949677199480805e-01 1.130924278335753153e-01 2.899685057717342751e-01 1.908373188461147674e-01 2.899685057717342751e-01 1.908373188461147674e-01 2.302713453887017536e-01 -1.355694805012191972e-01
-3.179249922832598774e-01 1.250023049638474548e-01 2.426994927218556475e-01 8.783698722480914878e-02 2.426994927218556475e-01 8.783698722480914878e-02 3.974077059653016719e-01 -2.104530294358835651e-01
-8.752778833724317309e-02 4.551013634912292050e-01 4.702641274765422263e-01 -8.479327794510116423e-02 4.702641274765422263e-01 -8.479327794510116423e-02 1.671958199685453228e-01 -2.556452261708624940e-01
4.352908572336874338e-01 3.345860181773098185e-01 4.448668322271983611e-01 -2.968097147250636780e-01 4.448668322271983611e-01 -2.968097147250636780e-01 -7.265753265753021051e-01 -4.121163450088011770e-01
-3.954847580167305532e-01 -3.848312362138448517e-01 2.491065755903431045e-01 -3.159455074609515135e-01 2.491065755903431045e-01 -3.159455074609515135e-01 9.109498135410715181e-02 3.765181227561689714e-01
2.611855550235123724e-01 -1.162420199747682403e-01 3.206346707030912624e-01 -3.084046661662582789e-01 3.206346707030912624e-01 -3.084046661662582789e-01 -2.004640820151842584e-01 6.153633302964245377e-02
-5.545933546569958850e-02 -1.568828083124660377e-01 3.255280156360514932e-01 1.396365229608663716e-01 3.255280156360514932e-01 1.396365229608663716e-01 3.805810287569538763e-02 1.784192859661749841e-01
-1.595473752390744737e-01 3.703069665356690798e-01 3.972451560017760119e-01 7.070783822855442047e-02 3.972451560017760119e-01 7.070783822855442047e-02 2.777103843260940730e-01 -2.586350820164979858e-01
-3.710162184765826154e-01 -2.453675377742636776e-01 1.241579904311371774e-01 4.705732466436558514e-01 1.241579904311371774e-01 4.705732466436558514e-01 1.889455464727479161e-01 1.679197319950050948e-01
-2.127217197576820595e-01 2.680092600394862190e-01 -4.403352346875285539e-01 2.833486330448264923e-01 -4.403352346875285539e-01 2.833486330448264923e-01 3.267445011708486891e-01 -2.414308266292390925e-01
-4.558399420685004255e-01 -3.668118976483740745e-01 2.312228726870925177e-01 -1.386492926516821322e-01 2.312228726870925177e-01 -1.386492926516821322e-01 1.214249137203573525e-01 2.935728131197614665e-01
-1.030999970982673375e-01 2.129463152147332838e-01 4.551007223993056572e-01 -1.434478225498574400e-01 4.551007223993056572e-01 -1.434478225498574400e-01 1.470095260597187870e-01 -1.782297914528634675e-01
-5.940095283858903841e-02 2.495131196401854101e-01 1.495969740115152824e-01 2.360654127478796216e-01 1.495969740115152824e-01 2.360654127478796216e-01 8.904358694330079260e-02 -1.907847959657402170e-01
3.861342313541327176e-01 1.113360712993411994e-01 -1.564161544580937591e-01 -2.252910270658702308e-01 -1.564161544580937591e-01 -2.252910270658702308e-01 -4.721155679804527883e-01 -2.480399951504160816e-01
-4.690430926405034784e-01 2.798928153344577563e-01 -4.251813245633728755e-02 -4.119528974064737836e-01 -4.251813245633728755e-02 -4.119528974064737836e-01 7.316066760651662726e-01 -4.215542500123768410e-01
1.239161135482230724e-01 4.783214358128635713e-01 -2.405067840512171706e-01 -4.343032565404223444e-01 -2.405067840512171706e-01 -4.343032565404223444e-01 -2.424595802536948508e-01 -2.648852430516803191e-01
-4.475651213135973805e-01 -1.039172387857763002e-01 -2.377157996216386904e-01 3.425316786230445665e-01 -2.377157996216386904e-01 3.425316786230445665e-01 3.545456581461373102e-01 -8.559850651381878395e-02
-1.805748048305274578e-01 -4.544875535003810585e-01 4.716321507415753844e-01 -1.839976970750831775e-01 4.716321507415753844e-01 -1.839976970750831775e-01 1.643680228805702304e-02 6.284392296475597162e-01
3.482263273340079346e-01 1.162400621722969873e-02 -2.112972659343590465e-01 3.737384150261069404e-02 -2.112972659343590465e-01 3.737384150261069404e-02 -3.563218973218750807e-01 -1.327504637452231462e-01
7.182469364338484041e-02 4.438375403662442320e-01 2.902484272339300730e-03 4.066684397439264131e-01 2.902484272339300730e-03 4.066684397439264131e-01 -1.355816843718627429e-01 -2.520045647448528325e-01
3.929990300999296471e-01 -4.245232471858636503e-01 -4.490963830812032542e-01 -3.920030033193171448e-01 -4.490963830812032542e-01 -3.920030033193171448e-01 -5.932458130209544711e-02 4.502949969276081044e-01
1.368486728666008512e-01 -2.246860969610919856e-01 -1.141610515314700480e-01 1.796887695330947610e-01 -1.141610515314700480e-01 1.796887695330947610e-01 -7.535268450519717887e-02 2.564423798633512774e-01
-4.514658635804474907e-01 -2.039291395044157129e-01 4.271970038528033475e-01 -4.522215835819537455e-01 4.271970038528033475e-01 -4.522215835819537455e-01 2.673317734292903203e-01 4.169480746498793744e-02
1.866670799163457906e-01 -4.411148255314928379e-01 -1.345507366551288442e-01 -2.832470206890308484e-01 -1.345507366551288442e-01 -2.832470206890308484e-01 -2.198384713680157088e-02 6.008525161106768042e-01
4.862247233300526217e-01 -9.193178916289324043e-02 2.520614680816420927e-01 -1.660973276827925060e-01 2.520614680816420927e-01 -1.660973276827925060e-01 -3.968257058281235983e-01 -1.360312385558023474e-01
3.657749159440992770e-01 2.453077801416582160e-01 2.799540873377565076e-01 2.065680518838483026e-01 2.799540873377565076e-01 2.065680518838483026e-01 -5.452297812675965805e-01 -3.189231622775429709e-01
4.633821684684269471e-01 2.120073813513305705e-01 3.921057093339386235e-02 -3.431180393246294758e-01 3.921057093339386235e-02 -3.431180393246294758e-01 -6.598630486722115718e-01 -3.817832856583836532e-01
-3.901818818821559676e-01 1.748280295121281691e-01 -7.201236177836489727e-02 2.749119212749587815e-01 -7.201236177836489727e-02 2.749119212749587815e-01 5.266113410037385201e-01 -2.965050905581353424e-01
-9.972829721177478568e-02 -1.430114199036666145e-01 3.087590370995318967e-02 6.895893667232955160e-02 3.087590370995318967e-02 6.895893667232955160e-02 7.120372643411321256e-02 1.535179528617693911e-01
-4.571014691164263510e-01 -1.072843554754333573e-01 3.477503655947120631e-01 2.664652950952114407e-01 3.477503655947120631e-01 2.664652950952114407e-01 3.590217961143673531e-01 -9.014746466318276918e-02
4.494014975665149292e-01 -4.360982025935288275e-01 -6.702068752857603950e-02 4.870378789304725675e-01 -6.702068752857603950e-02 4.870378789304725675e-01 -5.743512690332036597e-02 4.243181388838089818e-01
-4.222312320741552494e-01 -3.446935934813072366e-01 1.565186532753479742e-01 1.145864657927375685e-01 1.565186532753479742e-01 1.145864657927375685e-01 1.311504307467944996e-01 2.852280535295047548e-01
-1.735882288621094505e-01 -2.103519686842397762e-01 -3.474380643082414233e-01 4.060415330015133550e-01 -3.474380643082414233e-01 4.060415330015133550e-01 1.005589774989992663e-01 2.244670462140910816e-01
-4.105843440795967636e-01 -5.979546562339188576e-02 -4.407143351256447295e-01 5.298921756132901617e-02 -4.407143351256447295e-01 5.298921756132901617e-02 3.614821800157678733e-01 -1.052085402707625683e-01
-2.119631730022918381e-01 -4.278123483788833781e-01 -4.762240849063070769e-01 -2.465867742982774669e-01 -4.762240849063070769e-01 -2.465867742982774669e-01 3.060224737839181697e-02 5.659073670951390023e-01
-4.168158774291388369e-01 -4.225688541535959075e-01 3.730258848331391430e-02 3.844530404573310856e-01 3.730258848331391430e-02 3.844530404573310856e-01 6.454906199262505639e-02 4.273978149772560409e-01
-2.463874742330545153e-01 -3.393685707331485224e-01 2.346425266988582115e-01 2.711626438242248360e-01 2.346425266988582115e-01 2.711626438242248360e-01 7.915514427901018668e-02 3.938328100756644523e-01
2.299929885512493888e-01 -4.537690239470780762e-01 -2.643675275492118892e-01 2.493789721853637564e-01 -2.643675275492118892e-01 2.493789721853637564e-01 -2.126560069210550741e-02 6.067785762582268427e-01
-4.306075823793475976e-02 -2.898597433888119301e-01 -4.377337303103007171e-01 4.916592732837369306e-01 -4.377337303103007171e-01 4.916592732837369306e-01 1.809759757198388039e-02 3.720241853262139520e-01
3.222852291502009692e-02 -2.747968486869510896e-01 -1.058469379616487904e-01 3.807736793474106873e-01 -1.058469379616487904e-01 3.807736793474106873e-01 -1.451592984525466867e-02 3.492714790459461871e-01
2.665486164821539994e-03 1.868971051301948627e-02 3.447050856215124748e-01 -2.969112184091843298e-01 3.447050856215124748e-01 -2.969112184091843298e-01 -2.765120494415486234e-03 -1.834751005045387115e-02
-3.109742405438451485e-01 -4.780579596918193008e-01 -4.316486811590730666e-01 -1.300103620552561789e-01 -4.316486811590730666e-01 -1.300103620552561789e-01 1.364681864163785896e-02 6.098923942347032057e-01
2.528201954804129015e-01 -3.454265974823861329e-01 -3.670305434655347643e-01 1.853161225725046268e-01 -3.670305434655347643e-01 1.853161225725046268e-01 -7.815855568115137597e-02 4.008280804878903147e-01
-1.716778631190918336e-01 -1.728984390700722962e-01 3.398434216159454957e-01 -2.058394329575418125e-01 3.398434216159454957e-01 -2.058394329575418125e-01 1.123121940067388080e-01 1.733190206178021608e-01
3.662892985816984526e-01 2.904821239592964011e-01 4.936687264707750877e-02 -3.316437591369230109e-01 4.936687264707750877e-02 -3.316437591369230109e-01 -5.790902854528438004e-01 -3.402701098748650010e-01
4.834006771753127651e-01 -2.490638103829376782e-01 -9.966562098814746307e-03 -2.025007862101207978e-01 -9.966562098814746307e-03 -2.025007862101207978e-01 -2.426054479773612216e-01 7.742037733185463955e-02
-9.517478268909396188e-02 -3.879211863253613224e-01 -4.375854190173343872e-01 1.045841159693953193e-01 -4.375854190173343872e-01 1.045841159693953193e-01 2.133415347107037174e-02 5.293457938655208306e-01
4.122997231913023697e-01 3.311949503434514774e-01 1.039292241719121934e-01 3.628592437487798694e-02 1.039292241719121934e-01 3.628592437487798694e-02 -6.854028958892266488e-01 -3.914959169540747075e-01
1.498051090193422974e-01 9.961124605462323700e-02 -3.178823754966704218e-01 -3.995120289244971090e-01 -3.178823754966704218e-01 -3.995120289244971090e-01 -1.796496561688730176e-01 -1.121304164023655681e-01
2.475218791313658073e-01 1.373207477930639131e-01 -7.144798181133016346e-02 3.735058613088058088e-01 -7.144798181133016346e-02 3.735058613088058088e-01 -3.155016582062928898e-01 -1.797308406673401304e-01
-2.662195697723002130e-01 3.942909163305527986e-01 -9.186798626888859065e-02 -4.969013745946734284e-01 -9.186798626888859065e-02 -4.969013745946734284e-01 4.761554859935918094e-01 -3.096984489595144274e-01
7.192251028950003011e-02 -4.790260884399059060e-01 -2.080493407287073993e-01 1.613993025969889805e-01 -2.080493407287073993e-01 1.613993025969889805e-01 -3.016992739983861971e-03 7.033192343595991991e-01
-4.491709311036962138e-02 4.918039946188136335e-01 -3.160726972476115559e-01 -1.935525598864739072e-01 -3.160726972476115559e-01 -1.935525598864739072e-01 8.909790474705955865e-02 -2.519503707492771749e-01
1.189299266440936309e-01 -4.292620160473531454e-01 1.692930622792502282e-01 2.821820064485294210e-01 1.692930622792502282e-01 2.821820064485294210e-01 -1.682572648487871969e-02 5.993835670168217167e-01
9.414813187436499309e-02 -1.716287305009382980e-01 2.368537779571577850e-01 1.656744898769365593e-01 2.368537779571577850e-01 1.656744898769365593e-01 -6.183108316910061741e-02 1.922212808988691957e-01
8.427565270878767389e-02 1.028434186902763559e-01 3.889531858702938161e-01 3.046500854167861760e-01 3.889531858702938161e-01 3.046500854167861760e-01 -1.016100451826400242e-01 -9.936903556186506281e-02
1.674676388153595319e-02 4.838158615969013754e-01 4.284420445432295388e-01 -4.699444663138593326e-01 4.284420445432295388e-01 -4.699444663138593326e-01 -3.295146387414632505e-02 -2.500185277646532755e-01
1.731964725205543676e-01 -1.580057943654900043e-01 2.246688540034637027e-01 -3.215889877466420188e-01 2.246688540034637027e-01 -3.215889877466420188e-01 -1.184643800767324617e-01 1.529746073249963756e-01
2.819044886211818923e-01 3.080180219007488951e-02 2.336163014718249942e-01 5.790670652111584715e-02 2.336163014718249942e-01 5.790670652111584715e-02 -2.992708212111896415e-01 -1.093231918766884581e-01
-4.728995990395600257e-01 3.665304628135501730e-02 -1.679144269335147710e-01 4.938702984776309757e-01 -1.679144269335147710e-01 4.938702984776309757e-01 5.075660208196224321e-01 -2.589436312514284966e-01
-1.702378685669599934e-01 4.433513657206508141e-01 2.759359971390707988e-01 9.911967788768927257e-02 2.759359971390707988e-01 9.911967788768927257e-02 3.211882516200287307e-01 -2.757718641285060723e-01
4.329031502353408722e-02 -4.769515899802575509e-01 4.352743066904650737e-01 -3.854892625633066228e-01 4.352743066904650737e-01 -3.854892625633066228e-01 -1.995545861092462570e-03 7.025603577901164964e-01
1.840232151236276259e-01 -3.434273300885463120e-01 1.271293149935396327e-01 -4.520483976174243246e-01 1.271293149935396327e-01 -4.520483976174243246e-01 -5.762601223519236981e-02 4.275051174358567296e-01
3.070205346352242737e-01 1.184859054811447931e-01 -1.548008585262661274e-02 4.609031009075127416e-01 -1.548008585262661274e-02 4.609031009075127416e-01 -3.797757467303437551e-01 -1.987086043711569494e-01
-5.487480693973190160e-02 -3.708064661738181833e-01 6.499288670691771852e-02 2.119087472490236435e-01 6.499288670691771852e-02 2.119087472490236435e-01 1.417894045314690293e-02 5.052926570934602735e-01
-3.320278162815961664e-01 -3.239048196830153215e-01 3.035208822193565803e-01 -9.373860000670009018e-02 3.035208822193565803e-01 -9.373860000670009018e-02 1.169369963567246651e-01 3.185766811121766295e-01
4.267206932402511921e-01 1.869635268487368496e-01 4.388851958594620628e-01 -2.457754214145875249e-01 4.388851958594620628e-01 -2.457754214145875249e-01 -5.862831048153218649e-01 -3.340987165164590600e-01
1.206234877227250202e-01 1.825601753070500433e-01 -3.589512325049859509e-02 4.444421908292834900e-01 -3.589512325049859509e-02 4.444421908292834900e-01 -1.646655778523419822e-01 -1.637819834893035897e-01
1.035635103602063900e-01 -4.224408310179887938e-01 -3.410417084766226292e-02 2.712716593439571389e-01 -3.410417084766226292e-02 2.712716593439571389e-01 -1.606459960079503757e-02 5.901716860510292095e-01
3.750623471340130966e-01 3.295824215613931685e-01 -4.989628924319855496e-02 1.940119335205151563e-01 -4.989628924319855496e-02 1.940119335205151563e-01 -6.222902603438689173e-01 -3.616296131967962069e-01
3.561837709278176112e-01 3.607768601883984960e-01 4.776114427631188430e-01 -2.773154802389647955e-01 4.776114427631188430e-01 -2.773154802389647955e-01 -6.131894959786212684e-01 -3.574837960133593340e-01
3.404660647221822156e-01 -1.643011270674726854e-01 -3.428885485248173159e-01 3.995569854731595427e-03 -3.428885485248173159e-01 3.995569854731595427e-03 -2.285881483980189421e-01 7.537884619570531242e-02
-2.545462914168978852e-01 3.453213754779644873e-01 -4.091390376451708999e-01 1.881380355654124203e-01 -4.091390376451708999e-01 1.881380355654124203e-01 4.303468423666938492e-01 -2.908683375900674717e-01
6.103256381545041354e-02 2.975320690810278057e-01 5.360529600192009969e-02 -1.709042189003461276e-01 5.360529600192009969e-02 -1.709042189003461276e-01 -9.735085380211207229e-02 -2.127317107952773345e-01
-3.512731605659430434e-01 -1.214900075063430895e-01 -8.081744860987438717e-02 4.284519512138562636e-01 -8.081744860987438717e-02 4.284519512138562636e-01 2.659208027380765005e-01 1.285699609624758877e-02
1.348911246127821872e-01 4.318415505462740445e-01 4.706171254084743349e-01 -4.565019684746826067e-01 4.706171254084743349e-01 -4.565019684746826067e-01 -2.513943094282112267e-01 -2.635500412673650317e-01
-3.446283569066890262e-01 4.636525880664826849e-01 -2.421722427179807680e-01 1.447953514500902594e-01 -2.421722427179807680e-01 1.447953514500902594e-01 6.642040161084608041e-01 -3.674475700299394409e-01
-4.182859744666997948e-01 3.830581920301751042e-01 -4.260892025439524389e-01 2.158895179862545533e-01 -4.260892025439524389e-01 2.158895179862545533e-01 7.387417127282878138e-01 -4.112877699843052182e-01
-4.599088753588316258e-01 -3.745133977525467728e-01 3.220814559895260887e-01 1.722587480872125321e-01 3.220814559895260887e-01 1.722587480872125321e-01 1.154248042244545025e-01 3.032575092148787621e-01
-3.434677872682467825e-01 8.608360152977956314e-02 -1.633935991646088270e-01 6.248273905452028654e-02 -1.633935991646088270e-01 6.248273905452028654e-02 4.026016755432764715e-01 -1.966433359683873172e-01
-1.360226775339564709e-01 -2.946662847760259663e-01 1.852816051707414369e-01 -3.793036645976212151e-01 1.852816051707414369e-01 -3.793036645976212151e-01 5.586008346551973869e-02 3.629923353562253263e-01
-8.322369532163742534e-02 2.682621930763651186e-01 3.910358383203689225e-01 -5.513590468914864040e-02 3.910358383203689225e-01 -5.513590468914864040e-02 1.278752373674407750e-01 -2.032237723052128520e-01
-3.451032518246432979e-02 4.934888509858240679e-01 -1.784030116483393824e-01 2.627561692564968077e-01 -1.784030116483393824e-01 2.627561692564968077e-01 6.857124662534727633e-02 -2.511485674827146353e-01
3.629932355992222526e-01 4.285143495447989448e-01 4.310330414558971590e-01 -3.348674386013659188e-01 4.310330414558971590e-01 -3.348674386013659188e-01 -6.740888560831476140e-01 -3.766538908697892873e-01
-1.297758710170893170e-01 4.680948753110514282e-02 1.569952416381424909e-01 -1.361910183810994823e-01 1.569952416381424909e-01 -1.361910183810994823e-01 1.419253550495148120e-01 -6.146013610642465930e-02
-3.009443460362460909e-01 -2.943228603068659410e-01 -4.521225389520189264e-02 -6.116141197064028923e-02 -4.521225389520189264e-02 -6.116141197064028923e-02 1.237947445991117168e-01 2.903813069948970593e-01
4.581187905538880445e-01 -8.119144580722414961e-02 -3.872928993735654801e-01 -1.331158178509826984e-01 -3.872928993735654801e-01 -1.331158178509826984e-01 -3.837281366408338834e-01 -1.220893295790655697e-01
1.388644787699861993e-01 -1.355541880633656104e-01 -3.039732453050848493e-01 -2.122962333568135795e-01 -3.039732453050848493e-01 -2.122962333568135795e-01 -1.012171554289703068e-01 1.346457825008239573e-01
-1.762480399175875290e-01 4.836754351805028218e-02 4.633507052159948625e-01 1.674319505652115403e-01 4.633507052159948625e-01 1.674319505652115403e-01 1.932974093989574815e-01 -7.709149582687131741e-02
1.882212732041260717e-01 2.978655385795236921e-01 -4.272074683532385286e-01 -4.899676329392098628e-01 -4.272074683532385286e-01 -4.899676329392098628e-01 -3.003505350342674518e-01 -2.445689071928362490e-01
-2.146890680672128848e-01 1.676888602086118452e-01 -2.508060790773772863e-01 4.343728871366352440e-01 -2.508060790773772863e-01 4.343728871366352440e-01 2.866909983140929485e-01 -1.856607023181168492e-01
1.241532443303242639e-01 -3.221346138578023988e-01 -1.834139735925379711e-01 -1.364823442261198227e-02 -1.834139735925379711e-01 -1.364823442261198227e-02 -4.416512948723945453e-02 4.104912952253726433e-01
-4.316653699829374746e-01 -1.051476515853324578e-01 4.813041439389054155e-02 -1.614844890970789093e-01 4.813041439389054155e-02 -1.614844890970789093e-01 3.408881701340983894e-01 -7.013131142326337053e-02
-2.549281029558470024e-01 -1.881910687018484296e-01 2.301526240175089111e-01 -4.408237484598171996e-01 2.301526240175089111e-01 -4.408237484598171996e-01 1.589777186810556187e-01 1.586186093643253414e-01
-1.672083967204702759e-01 2.182067594012703227e-01 1.309946828178460976e-01 -2.054456300122691204e-01 1.309946828178460976e-01 -2.054456300122691204e-01 2.401804015065819031e-01 -1.985512174866966295e-01
4.542190893326801815e-01 2.652530189711601594e-01 -1.239571749607525364e-01 -3.189006445419035884e-01 -1.239571749607525364e-01 -3.189006445419035884e-01 -6.951850587723291675e-01 -4.012088360120548147e-01
-2.058329426696158260e-01 3.865143078099291252e-01 -3.093909713054724397e-01 1.345096080854044640e-01 -3.093909713054724397e-01 1.345096080854044640e-01 3.649476973904706156e-01 -2.794881979561738561e-01
3.341173423255026087e-01 -1.457100722504321988e-01 -2.953781172233749253e-02 -1.553413410604991274e-01 -2.953781172233749253e-02 -1.553413410604991274e-01 -2.367488181447598428e-01 5.530709896300126105e-02
1.372521132989128478e-01 3.608713913538990070e-01 -2.286919451609682463e-01 1.889231810671421208e-01 -2.286919451609682463e-01 1.889231810671421208e-01 -2.363128354837961687e-01 -2.494813728612176873e-01
1.024362929494004870e-02 -2.416912198419035596e-01 4.620501748643435214e-01 -4.404834492218685504e-01 4.620501748643435214e-01 -4.404834492218685504e-01 -5.292038775135411363e-03 3.000009336494387502e-01
-1.951842923067569346e-01 -2.296272751286129177e-01 -4.061911052276390155e-02 4.459181340611562128e-02 -4.061911052276390155e-02 4.459181340611562128e-02 1.055450179261423760e-01 2.442590526483150726e-01
1.665583961002601310e-01 5.688763148726216912e-02 4.602399795740489408e-01 1.776210533744704279e-02 4.602399795740489408e-01 1.776210533744704279e-02 -1.855086214171822179e-01 -8.139312818252278370e-02
4.732779941289306791e-01 -4.854070355260355907e-01 2.559895983868367697e-01 -2.276563246601288615e-01 2.559895983868367697e-01 -2.276563246601288615e-01 -1.381305790926523613e-02 4.970349659375054019e-01
4.558045939839154848e-01 3.451260660659172252e-02 -1.289421136645949595e-01 3.162200300712615375e-01 -1.289421136645949595e-01 3.162200300712615375e-01 -4.872666032672037795e-01 -2.410793144886524131e-01
1.575876207047427480e-01 -2.407614447328667584e-01 1.909743473147029746e-02 -1.670416888049047754e-01 1.909743473147029746e-02 -1.670416888049047754e-01 -8.170557423896496196e-02 2.738936598033421266e-01
-1.641505900975432919e-01 -8.009687221157868464e-02 -2.994938025350635247e-01 -2.105765575910129028e-01 -2.994938025350635247e-01 -2.105765575910129028e-01 1.378546924205469870e-01 5.956696492028497325e-02
-3.361577585953012814e-01 -4.926109032711041280e-01 -4.038531350917550222e-01 -3.096055065970444442e-01 -4.038531350917550222e-01 -3.096055065970444442e-01 4.967804388859020648e-03 6.222743666288603759e-01
-2.507292765288071656e-02 5.364203876576889574e-02 2.776995566978013308e-01 -2.947960543067519312e-01 2.776995566978013308e-01 -2.947960543067519312e-01 2.776285356713500962e-02 -5.139322214390723564e-02
-3.929952699324068544e-02 -3.289008907674665361e-01 3.802645245501196092e-01 -5.150190783391639382e-02 3.802645245501196092e-01 -5.150190783391639382e-02 1.344822812360677022e-02 4.355322338932070547e-01
4.812099191312607660e-01 3.528944229107107144e-01 4.746264327641821490e-01 -1.136513751391619031e-01 4.746264327641821490e-01 -1.136513751391619031e-01 -8.208425125527327726e-01 -4.599229354595416597e-01
1.316922451249795678e-01 -1.299165601507872303e-01 4.419520759706778712e-01 4.009649409569181477e-01 4.419520759706778712e-01 4.009649409569181477e-01 -9.747423815463632235e-02 1.294520253261426390e-01
-4.411199058418768804e-01 3.629971572731042206e-01 4.479594213363705668e-01 -6.127892691377212486e-02 4.479594213363705668e-01 -6.127892691377212486e-02 7.613704495162383346e-01 -4.258169924146957830e-01
-1.371464115668735717e-01 -2.790711429808687694e-01 1.770929062549599919e-01 -4.440271874456782619e-01 1.770929062549599919e-01 -4.440271874456782619e-01 6.059919990348947016e-02 3.381427076198469939e-01
2.374816687081715560e-01 -2.057400714894005445e-01 -4.020976893433414467e-02 6.538171978285323149e-04 -4.020976893433414467e-02 6.538171978285323149e-04 -1.397626777132888465e-01 1.916715055334464457e-01
1.118218164552921001e-01 -4.681086052816253451e-01 -1.324136036215992629e-01 1.470209574230928462e-01 -1.324136036215992629e-01 1.470209574230928462e-01 -7.132307373402729800e-03 6.747301529849728530e-01
-6.520846759555420924e-02 1.748807191130031802e-01 4.248176252971624933e-02 -3.664753149020848477e-01 4.248176252971624933e-02 -3.664753149020848477e-01 8.801587500628918481e-02 -1.485495974416825016e-01
4.566529677142359134e-01 -4.309026991793379890e-01 1.079616375568204223e-01 -4.766785019515462629e-02 1.079616375568204223e-01 -4.766785019515462629e-02 -6.310697496159722863e-02 4.080479024171580482e-01
-4.910139023324450180e-01 3.506044650763037174e-01 4.330713506024701509e-01 2.082637479992376361e-01 4.330713506024701509e-01 2.082637479992376361e-01 8.353172354770357355e-01 -4.687756264285984908e-01
1.860363031442658910e-01 4.514872949707678940e-01 -1.264189871128895692e-01 4.114019773214532272e-01 -1.264189871128895692e-01 4.114019773214532272e-01 -3.540223576901986302e-01 -2.822560235383319016e-01
4.670298390136766731e-01 8.548732729285868359e-02 4.354713585929488318e-01 4.590123223734209335e-01 4.354713585929488318e-01 4.590123223734209335e-01 -5.468801044202632466e-01 -2.962961146943230983e-01
1.061442130381877735e-01 -4.693044193750322002e-01 -4.551470011238879509e-01 -2.390969531434583573e-01 -4.551470011238879509e-01 -2.390969531434583573e-01 -6.516316498374905009e-03 6.782844634584721533e-01
1.235688394069138774e-01 1.810732651335573706e-01 -4.277938333800768156e-02 4.012613514063668729e-01 -4.277938333800768156e-02 4.012613514063668729e-01 -1.683188658472620503e-01 -1.635549958598014886e-01
1.950536772168338651e-01 -4.289645383081032159e-01 -9.298351732052778651e-02 -1.103301782503696149e-01 -9.298351732052778651e-02 -1.103301782503696149e-01 -2.771145603159999582e-02 5.749291764381785352e-01
1.760012338893013339e-02 -3.316696304237343185e-02 2.556030146231402789e-01 4.013095173580116803e-02 2.556030146231402789e-01 4.013095173580116803e-02 -1.643263810496641691e-02 3.395724613652203322e-02
-1.417819535857505198e-01 3.448155822084955080e-01 3.944728895112936673e-02 1.132491427616555413e-01 3.944728895112936673e-02 1.132491427616555413e-01 2.395592073304074199e-01 -2.460199188373037027e-01
2.112033308082128524e-02 -4.636505869939429036e-01 6.808255941713525772e-02 1.120556117575522981e-01 6.808255941713525772e-02 1.120556117575522981e-01 -1.535423419960525726e-03 6.781763853443258938e-01
3.661241888403935496e-01 -3.815269710415126747e-01 -1.122459511752909034e-01 2.531191867906598114e-01 -1.122459511752909034e-01 2.531191867906598114e-01 -8.675168325378124212e-02 3.930428790195877875e-01
4.637494421309829029e-01 2.944402148688292087e-01 -3.549656018460256579e-01 8.103627021190595858e-02 -3.549656018460256579e-01 8.103627021190595858e-02 -7.368424129036754699e-01 -4.228087198136247782e-01
2.325934485899677773e-01 4.467695305002947759e-01 -1.410446809181532535e-01 -1.787976693170005849e-01 -1.410446809181532535e-01 -1.787976693170005849e-01 -4.404247802379365195e-01 -3.012662294438149257e-01
-4.364626209581143890e-01 3.771698393002753669e-01 2.076027014376451429e-01 3.798383563162047727e-01 2.076027014376451429e-01 3.798383563162047727e-01 7.657036941728123658e-01 -4.254123711161064136e-01
-4.622548199638361055e-01 -2.981716376939388402e-01 -3.623954894925807135e-02 -2.484398351257225412e-01 -3.623954894925807135e-02 -2.484398351257225412e-01 1.865922665627683941e-01 1.733984446392258238e-01
1.510515583677586315e-01 4.305614253986957962e-01 -5.718415616757899222e-03 -2.590947812688222385e-01 -5.718415616757899222e-03 -2.590947812688222385e-01 -2.811255069267915019e-01 -2.679948576426675055e-01
-9.850455640972710647e-02 2.223078056103569011e-01 -3.643010486605893217e-01 -3.090632911660862181e-01 -3.643010486605893217e-01 -3.090632911660862181e-01 1.423012199658632015e-01 -1.825901928085417736e-01
-4.263476258793733598e-01 1.911956485076903300e-01 -2.263395340432932112e-01 3.214654351296541979e-02 -2.263395340432932112e-01 3.214654351296541979e-02 5.893792475188152080e-01 -3.364121705923922012e-01
1.490077340637271375e-01 2.205572446969963352e-01 -1.763936725765457014e-01 -4.025537191466216358e-01 -1.763936725765457014e-01 -4.025537191466216358e-01 -2.147372045910039828e-01 -1.941150513194720428e-01
-9.328088041820503662e-03 1.085904354389236603e-01 4.568798272157444940e-01 3.740048936101690868e-01 4.568798272157444940e-01 3.740048936101690868e-01 1.135397032636831401e-02 -9.688556599662456748e-02
-1.774250237467442926e-01 1.429831219552134547e-01 -2.609717399462421206e-01 1.093727375552034919e-01 -2.609717399462421206e-01 1.093727375552034919e-01 2.281625913633190672e-01 -1.540185878426867938e-01
3.075489532146007399e-01 9.207439208443524148e-02 -9.593237467900828097e-02 -3.943763369481939618e-01 -9.593237467900828097e-02 -3.943763369481939618e-01 -3.641837190214782805e-01 -1.781830570301136119e-01
-4.809811194992119621e-01 -8.066825283521417145e-02 -1.128943898730124795e-01 -1.170587391363133722e-01 -1.128943898730124795e-01 -1.170587391363133722e-01 4.033813063857583647e-01 -1.441672174640150073e-01
-3.767721112705881836e-01 1.922795034291776561e-01 1.419796850807851785e-01 -4.774830477503138049e-01 1.419796850807851785e-01 -4.774830477503138049e-01 5.216632201927313695e-01 -2.972653198215029491e-01
-4.172923881871435370e-01 -2.931017447779905583e-01 -6.591075751807884409e-02 -4.091770534392636938e-01 -6.591075751807884409e-02 -4.091770534392636938e-01 1.726741340666909097e-01 2.048774403309631675e-01
4.333791680810402669e-01 -4.567945015177105050e-01 4.716826550409597418e-01 -1.282751168511728768e-01 4.716826550409597418e-01 -1.282751168511728768e-01 -3.744872597756254695e-02 4.776382148079095780e-01
1.418449183384649093e-01 4.452085318243655943e-01 -3.697343535542020332e-01 3.938532990413816659e-01 -3.697343535542020332e-01 3.938532990413816659e-01 -2.681460540188949082e-01 -2.671178758736042491e-01
-3.065810256591230409e-01 3.429194243456560320e-01 1.324886395350706181e-01 3.785609035562166325e-01 1.324886395350706181e-01 3.785609035562166325e-01 5.168462033277776424e-01 -3.193176180462997671e-01
5.192644073137464567e-02 -2.180589234495766693e-02 -2.880363427169337909e-01 1.236708612136082630e-01 -2.880363427169337909e-01 1.236708612136082630e-01 -4.966183597848428805e-02 1.958503403888858796e-02
3.767815026717545868e-01 -4.274399640409347612e-01 -4.336394393174192174e-02 2.190793080286779215e-01 -4.336394393174192174e-02 2.190793080286779215e-01 -5.467855876514632341e-02 4.681805861446649564e-01
3.434186085714767689e-01 -2.475578962949483985e-01 -1.070721884907867016e-01 3.166207724573921745e-02 -1.070721884907867016e-01 3.166207724573921745e-02 -1.733866319984905258e-01 1.909064675997596550e-01
2.995815444838606512e-01 -4.677751315453169134e-01 3.373090861617891179e-01 3.120356825058576700e-01 3.373090861617891179e-01 3.120356825058576700e-01 -1.930795172488641853e-02 5.968396034422200902e-01
-1.242476794799162176e-01 -2.178328448548766394e-01 9.209995757149369577e-02 -3.602080290645904848e-01 9.209995757149369577e-02 -3.602080290645904848e-01 7.011722850446215627e-02 2.498465072963013955e-01
-4.880786719556369224e-01 4.180468314612445502e-01 3.689307019205332328e-01 4.961857391335433576e-02 3.689307019205332328e-01 4.961857391335433576e-02 8.961581565853693476e-01 -4.815044681844365959e-01
2.008072302897291328e-01 4.253483298230867904e-01 -2.993287020894291883e-01 2.175201764756863332e-01 -2.993287020894291883e-01 2.175201764756863332e-01 -3.716332703300015972e-01 -2.847506718764296618e-01
7.123420388516676915e-02 2.806470642766528689e-01 3.703899185681425177e-01 -2.159140688253549101e-01 3.703899185681425177e-01 -2.159140688253549101e-01 -1.112175442780799495e-01 -2.069586013927026680e-01
4.399415345353310247e-01 -2.329395370134216270e-01 4.390301396731967065e-01 -1.101477551883045525e-02 4.390301396731967065e-01 -1.101477551883045525e-02 -2.349819798000625237e-01 9.365181110814699283e-02
-1.755784115580931726e-01 3.755228282276338314e-01 -1.708083783229555896e-01 -3.921864178960536851e-01 -1.708083783229555896e-01 -3.921864178960536851e-01 3.074458149261144468e-01 -2.653332123128159803e-01
-3.481143987673027684e-01 1.778684528262201026e-01 -8.368589922534386272e-02 -4.372928541436708061e-01 -8.368589922534386272e-02 -4.372928541436708061e-01 4.719515377978427129e-01 -2.674149009445475067e-01
-2.697338178177330903e-01 -4.813050952142550187e-02 1.031832669421816062e-01 -2.471973275436393225e-01 1.031832669421816062e-01 -2.471973275436393225e-01 2.437689656442793840e-01 -2.230927700631248067e-02
2.964420339509085123e-01 -2.463293726324269350e-01 -4.488630369986580382e-01 2.539436897695864781e-01 -4.488630369986580382e-01 2.539436897695864781e-01 -1.503972734608927109e-01 2.191296529609603749e-01
-6.297652758452876309e-02 -1.693782413661716335e-01 7.398126266308913124e-02 3.032347449314301002e-01 7.398126266308913124e-02 3.032347449314301002e-01 4.164282060529740648e-02 1.941011869878638274e-01
-7.184501855779967805e-02 -1.784580277920320146e-01 3.733276945483450238e-01 -3.933332818270629527e-01 3.733276945483450238e-01 -3.933332818270629527e-01 4.620237792078593642e-02 2.051435887838831129e-01
-3.201503670821017611e-01 -3.986922958114953452e-01 5.566074658005293330e-03 1.450940382325981437e-01 5.566074658005293330e-03 1.450940382325981437e-01 6.486739736838947890e-02 4.551515850081317427e-01
-2.390778427055044730e-01 7.160870497285865000e-04 1.938839928455391437e-01 2.170492202020636308e-01 1.938839928455391437e-01 2.170492202020636308e-01 2.394202437995814059e-01 -5.787378914178373940e-02
7.144532289551019932e-02 3.120939546889087701e-01 -2.096853624117406278e-01 4.745107484964052880e-01 -2.096853624117406278e-01 4.745107484964052880e-01 -1.160406296284818284e-01 -2.197957522991898505e-01
-3.085535978810366453e-01 4.196502143793288120e-01 4.475513669444535214e-01 -1.120671599145457442e-01 4.475513669444535214e-01 -1.120671599145457442e-01 5.675227648776171030e-01 -3.387492347160446227e-01
1.598942308802181467e-01 -1.892178058804286911e-01 2.787188978891552704e-02 -3.983106444244378652e-01 2.787188978891552704e-02 -3.983106444244378652e-01 -9.938455980003102486e-02 1.994550188738557772e-01
4.035077025669433493e-01 -1.507791228228957392e-01 3.797439316534678699e-01 1.510715131494306807e-01 3.797439316534678699e-01 1.510715131494306807e-01 -2.818266276762920741e-01 1.069500067128481557e-02
-1.822709658293639734e-01 -2.663967534316969976e-01 -2.085289635693534649e-01 2.022328014013368147e-01 -2.085289635693534649e-01 2.022328014013368147e-01 8.515817874575928870e-02 3.041412786862762174e-01
-4.112271426097973137e-01 2.591200617853790522e-01 -1.908472266574797738e-01 -1.309462669416845415e-01 -1.908472266574797738e-01 -1.309462669416845415e-01 6.243415478115483808e-01 -3.610846181847389702e-01
-4.824663286282110386e-01 -1.037633462636178283e-01 4.452413332799429746e-01 2.574051749151472501e-01 4.452413332799429746e-01 2.574051749151472501e-01 3.823416871922400428e-01 -1.182435799685436495e-01
7.736369879097926283e-02 -4.794276965618515796e-01 -1.823544958335033828e-01 -9.570086093836371877e-02 -1.823544958335033828e-01 -9.570086093836371877e-02 -3.183098973251086150e-03 7.032934709018330288e-01
-1.600735835178449529e-01 -3.178554851948370841e-01 -3.244791266726090306e-01 3.697998141593135113e-01 -3.244791266726090306e-01 3.697998141593135113e-01 5.831305040596318490e-02 3.932640425230379266e-01
-1.446633711168718861e-01 3.826192882660204297e-01 2.102358640326245087e-01 -3.616031239169404943e-01 2.102358640326245087e-01 -3.616031239169404943e-01 2.553653633066732542e-01 -2.571492594557222011e-01
-1.244242314124576199e-01 -4.220905276943058837e-01 -4.755122133506634041e-01 1.028439631862119175e-01 -4.755122133506634041e-01 1.028439631862119175e-01 1.938765242277228074e-02 5.847695519009826759e-01
2.823398472615478161e-01 -2.133643342901867523e-01 1.113733005046314561e-01 4.876831075638744517e-01 1.113733005046314561e-01 4.876831075638744517e-01 -1.618573401524415201e-01 1.791728840856071647e-01
-3.759853816867280152e-01 -3.618612279692864364e-01 4.930947943440767700e-01 -4.861256207389907935e-02 4.930947943440767700e-01 -4.861256207389907935e-02 1.038763178554075184e-01 3.514397690346118264e-01
4.388289086556242946e-01 2.087162113562269772e-01 -4.427275208670097273e-01 -4.076966126672639801e-01 -4.427275208670097273e-01 -4.076966126672639801e-01 -6.220103231520036635e-01 -3.577245655452160333e-01
1.138728213574868864e-02 2.424927951906126200e-01 -3.044031413837383626e-01 -1.743028769244726606e-01 -3.044031413837383626e-01 -1.743028769244726606e-01 -1.690994988519234701e-02 -1.838197096656953577e-01
1.786854024789840123e-01 -4.304046850115603728e-01 -2.736022977788430399e-01 -5.001998158206799605e-02 -2.736022977788430399e-01 -5.001998158206799605e-02 -2.487133373872199571e-02 5.837244048323844137e-01
-4.090894483790897818e-01 9.964247500002731961e-02 -7.700286920293775150e-02 4.795562899358579712e-01 -7.700286920293775150e-02 4.795562899358579712e-01 4.906148186448666126e-01 -2.570680289510042238e-01
2.677580343307457422e-01 -1.112103314889713035e-01 -4.355700862190621248e-01 -2.985416618393161858e-01 -4.355700862190621248e-01 -2.985416618393161858e-01 -2.082031148172305557e-01 5.188370437019337866e-02
3.360568983408015464e-01 -1.029233074495128353e-02 3.757551062429086430e-01 -2.225786656419539433e-01 3.757551062429086430e-01 -2.225786656419539433e-01 -3.291392808471095277e-01 -1.025359761053250690e-01
7.164137161474914972e-02 -4.588467703551888377e-01 -2.073763337640927018e-01 4.781853630912277220e-01 -2.073763337640927018e-01 4.781853630912277220e-01 -5.896547636262058911e-03 6.642546428937337044e-01
-2.470176376165560406e-01 -8.528225302307024247e-02 2.614477553197372961e-01 3.272020136558677628e-01 2.614477553197372961e-01 3.272020136558677628e-01 2.048851962718036268e-01 3.153760241009700982e-02
2.169612244495799924e-02 5.553028200693543859e-02 -3.248751167407997187e-01 2.581246554421601225e-03 -3.248751167407997187e-01 2.581246554421601225e-03 -2.410570604060903802e-02 -5.291739151631227184e-02
-6.323370806048678183e-02 -4.136965941738376396e-01 2.709515175815349064e-01 3.241445223102135120e-01 2.709515175815349064e-01 3.241445223102135120e-01 1.091456873727453258e-02 5.808429643697916589e-01
-5.130281830401872689e-03 2.536739465924586767e-02 3.166341828891154897e-01 3.925049230582436932e-01 3.166341828891154897e-01 3.925049230582436932e-01 5.390565598211797746e-03 -2.475020973910728450e-02
-6.052581479853791357e-02 9.762493109275305336e-02 -1.408828985895388408e-01 -4.134282874860800705e-01 -1.408828985895388408e-01 -4.134282874860800705e-01 7.234347179661790306e-02 -9.175767817891518352e-02
4.759052816075154402e-01 -6.725108325730033698e-03 -4.209633048446344006e-01 -2.581391184919933357e-01 -4.209633048446344006e-01 -2.581391184919933357e-01 -4.695042524643202597e-01 -2.197155016542057249e-01
2.333801675105698914e-01 -4.564180822060524001e-01 4.701343329686735739e-02 -1.714133112678862814e-01 4.701343329686735739e-02 -1.714133112678862814e-01 -2.034231055036675451e-02 6.102692453834415165e-01
3.082497266339405684e-01 1.451178105281692998e-01 -4.599935695511835343e-01 -1.265793158675153629e-01 -4.599935695511835343e-01 -1.265793158675153629e-01 -3.977147774839889238e-01 -2.190765255655787447e-01
1.401700929736112711e-01 4.425849036229708711e-01 -2.373510790086685862e-02 -1.271700062069669457e-02 -2.373510790086685862e-02 -1.271700062069669457e-02 -2.642444271527084609e-01 -2.663511616722472608e-01
-3.175545954287931627e-01 -2.603591545437411447e-02 3.620469321939997487e-01 -1.118373257369728035e-01 3.620469321939997487e-01 -1.118373257369728035e-01 3.010189462313290765e-01 -7.412713673002306602e-02
3.053885185277446235e-01 -2.848554526425360889e-01 4.256140099853900072e-02 -3.468299021483969291e-01 4.256140099853900072e-02 -3.468299021483969291e-01 -1.314053491736361934e-01 2.727359342941495512e-01
2.513834523770657192e-01 3.332125752043524347e-01 -6.650310313068430457e-02 -1.088951679533238792e-01 -6.650310313068430457e-02 -1.088951679533238792e-01 -4.189117074377112226e-01 -2.853755950590486368e-01
3.965165347038956956e-02 -3.892218431942512380e-01 1.501756116569996635e-03 4.534337907949184121e-01 1.501756116569996635e-03 4.534337907949184121e-01 -8.785074171500054097e-03 5.391432327908456390e-01
5.474086294255853247e-02 3.830605667809879877e-01 -4.853709234948625495e-01 -2.576662923471985112e-01 -4.853709234948625495e-01 -2.576662923471985112e-01 -9.667899491227224806e-02 -2.393217310341122228e-01
3.436918652635868598e-01 -3.058505432452468531e-01 2.761721112883670504e-01 -2.545633014892204615e-01 2.761721112883670504e-01 -2.545633014892204615e-01 -1.334551778639063990e-01 2.812709998002959066e-01
1.251411947802342217e-01 -3.996864596831289917e-01 -9.108231135650846078e-02 -7.937790009099143784e-02 -9.108231135650846078e-02 -7.937790009099143784e-02 -2.510671257577686000e-02 5.437754071061380312e-01
-3.918066171127693176e-01 -3.520144199002465113e-01 9.558374682643533404e-02 3.285183186083728835e-01 9.558374682643533404e-02 3.285183186083728835e-01 1.159634590407103150e-01 3.224161465046013753e-01
4.520265170321280390e-02 4.115061197895063527e-01 -2.125876030764127789e-01 -2.791722297870535829e-01 -2.125876030764127789e-01 -2.791722297870535829e-01 -8.240498731638404295e-02 -2.442121128862927704e-01
7.213877027274862019e-02 -3.825323431106399941e-01 6.335178762496351812e-02 -9.903922706213885707e-02 6.335178762496351812e-02 -9.903922706213885707e-02 -1.694794462963919446e-02 5.236593344598919897e-01
-3.921157743047308797e-01 3.602661170717206263e-01 6.727877470927734471e-03 1.090070140874004334e-01 6.727877470927734471e-03 1.090070140874004334e-01 6.746478292074040706e-01 -3.842292224203845419e-01
2.071998485090023046e-01 4.318996226538029948e-01 4.392296566899422938e-01 -3.678153504367296378e-01 4.392296566899422938e-01 -3.678153504367296378e-01 -3.861789212789287773e-01 -2.882941158274590632e-01
-2.681447981816452719e-01 -4.276300973072763023e-01 -3.830986205914895804e-01 1.814084458495845986e-03 -3.830986205914895804e-01 1.814084458495845986e-03 3.881122590393140670e-02 5.385959646384316235e-01
1.588990649011287060e-01 4.655150958510060333e-01 -1.828586160392922100e-01 2.195086258187340933e-01 -1.828586160392922100e-01 2.195086258187340933e-01 -3.068388917572970609e-01 -2.740597042122878135e-01
2.533059326934372635e-03 1.541368688702399181e-01 2.162117788641209071e-01 -1.994695749473617274e-01 2.162117788641209071e-01 -1.994695749473617274e-01 -3.313934993566815777e-03 -1.303851109146721421e-01
4.480578053216590639e-01 2.227295588928175363e-01 -3.366233352817381563e-01 2.624671606465418527e-01 -3.366233352817381563e-01 2.624671606465418527e-01 -6.476492399972131331e-01 -3.738768993978901500e-01
-1.675048330125035179e-01 -3.536205478939088431e-01 -3.285843237974985787e-01 -4.548129256040812640e-01 -3.285843237974985787e-01 -4.548129256040812640e-01 4.903853136298511051e-02 4.506101707041504367e-01
4.251851312284227191e-01 -4.253702351208944465e-01 3.763615646232618683e-01 -2.143024340729915433e-02 3.763615646232618683e-01 -2.143024340729915433e-02 -6.346293274733766365e-02 4.255276762299683990e-01
8.006349447161709154e-02 -3.227168127571788947e-01 5.645400878146367152e-02 -1.157448106581187020e-01 5.645400878146367152e-02 -1.157448106581187020e-01 -2.838782296345253309e-02 4.204527908463243091e-01
-3.485107507551824524e-01 -8.904349917584675200e-02 3.102987623807512696e-01 2.421431030891251224e-01 3.102987623807512696e-01 2.421431030891251224e-01 2.864455172598968091e-01 -2.448749947061512611e-02
4.489773067815627794e-01 3.442387259511593411e-01 2.859944583517050054e-01 -3.113005193461253484e-01 2.859944583517050054e-01 -3.113005193461253484e-01 -7.580880589164987748e-01 -4.273190475115075104e-01
-7.734407853439562164e-02 3.242478882039545596e-02 -3.269518149666689188e-01 -4.439662432447774032e-01 -3.269518149666689188e-01 -4.439662432447774032e-01 8.235980936036733924e-02 -3.735552837468297110e-02
2.961843785511916183e-01 2.667229749208779310e-01 -3.408017179506698247e-01 -4.947071764813206762e-01 -3.408017179506698247e-01 -4.947071764813206762e-01 -4.541827356957222062e-01 -2.833070156679902141e-01
-3.348818796001127307e-01 -2.240886786417548571e-01 3.392764621251820323e-01 1.534633121816640910e-01 3.392764621251820323e-01 1.534633121816640910e-01 1.847954037987997178e-01 1.621585412526581338e-01
-4.006722351058255027e-01 -3.679480011465852130e-02 2.997256792369494827e-01 -7.568516844666828280e-02 2.997256792369494827e-01 -7.568516844666828280e-02 3.711869255014008662e-01 -1.223895825545616989e-01
-3.268345785040518425e-01 3.363766061798625362e-01 2.236834944912960976e-01 9.305074471706109573e-02 2.236834944912960976e-01 9.305074471706109573e-02 5.467135911028895290e-01 -3.300482267007014414e-01
4.458282946754433818e-01 -4.358334123959863859e-01 -3.347214818986102847e-01 3.633365516853566124e-01 -3.347214818986102847e-01 3.633365516853566124e-01 -5.721456065327967799e-02 4.270213074235023609e-01
-2.296345177616977429e-01 -2.233429489998900452e-01 -4.995609964443543660e-01 -3.517039601161555673e-01 -4.995609964443543660e-01 -3.517039601161555673e-01 1.270600169835673365e-01 2.204930101202100534e-01
4.496689399478439597e-01 3.902107818571931563e-02 -3.369986368031878676e-01 -3.186713442497235427e-01 -3.369986368031878676e-01 -3.186713442497235427e-01 -4.847620736746326431e-01 -2.397005891967610158e-01
-4.422749008310175034e-01 -2.434951282061931233e-01 -1.527088786828851852e-01 3.201822476900466619e-01 -1.527088786828851852e-01 3.201822476900466619e-01 2.268913334705575935e-01 1.071779177612571798e-01
-9.137321325010205886e-02 -1.957337526693638807e-01 2.107956152308508857e-01 4.269284800646483413e-01 2.107956152308508857e-01 4.269284800646483413e-01 5.560356940430102174e-02 2.256963905037469575e-01
4.483258839428858611e-01 -3.834573856907028677e-01 -3.984664652363656412e-02 -9.123648075680135250e-02 -3.984664652363656412e-02 -9.123648075680135250e-02 -1.044981411544609329e-01 3.295008541182813389e-01
7.450001225448965592e-02 -7.466071137749874520e-02 2.007214769439861213e-01 1.510126213461615574e-01 2.007214769439861213e-01 1.510126213461615574e-01 -6.337556442938450940e-02 7.468468137497380477e-02
-3.915533511168290959e-01 -3.186150280102751919e-01 -2.213909668237922235e-01 -4.132074471604676447e-01 -2.213909668237922235e-01 -4.132074471604676447e-01 1.420437872496178588e-01 2.668165373134447904e-01
3.531734331218442380e-01 4.743704423439227824e-01 3.893126330089399234e-01 4.189222966888312971e-01 3.893126330089399234e-01 4.189222966888312971e-01 -6.882435085101064054e-01 -3.740745996374235660e-01
7.723207025243705726e-02 4.759987842969659599e-01 3.400107168145560799e-02 -1.469502109924732958e-01 3.400107168145560799e-02 -1.469502109924732958e-01 -1.507568133502328878e-01 -2.553887343202537741e-01
9.979749118919967188e-02 2.592127925494697172e-01 2.749764612632232819e-02 2.101635932576756405e-01 2.749764612632232819e-02 2.101635932576756405e-01 -1.515350639503667551e-01 -2.019810599758336822e-01
4.183830391397627135e-01 2.898524538743822987e-01 2.508790690225032316e-01 4.023202094702527098e-03 2.508790690225032316e-01 4.023202094702527098e-03 -6.609217402479266035e-01 -3.808823762972055604e-01
3.854579082556995884e-01 1.321155512629998974e-01 3.839986480255164203e-02 1.859011860739362421e-01 3.839986480255164203e-02 1.859011860739362421e-01 -4.873078763314687700e-01 -2.632388314143329078e-01
4.616745860879239993e-01 -4.894453688314233109e-01 -2.902179370689471627e-01 4.445748980378489978e-01 -2.902179370689471627e-01 4.445748980378489978e-01 -9.745609952126699227e-03 5.158587144624953158e-01
4.489394312159594724e-01 7.409975260270784680e-02 3.940960462082508942e-01 6.567258553496602147e-03 3.940960462082508942e-01 6.567258553496602147e-03 -5.154720327893653753e-01 -2.701555921674345662e-01
-8.126730440071838757e-03 -1.349886888215571235e-01 -3.642274549213829760e-01 3.675248276878164688e-01 -3.642274549213829760e-01 3.675248276878164688e-01 5.932697067048771714e-03 1.531445911836747109e-01
-1.246598566636643035e-01 2.293538027731684137e-01 1.168830649227503571e-02 2.733519230617431628e-01 1.168830649227503571e-02 2.733519230617431628e-01 1.818422810216033247e-01 -1.922907157900602959e-01
-1.072188251778700696e-01 -1.767812064932872129e-01 -1.910644395661055261e-01 3.731335678220160101e-02 -1.910644395661055261e-01 3.731335678220160101e-02 6.931027863039665449e-02 1.965369249899867887e-01
2.595295291633313850e-01 -2.227025046611801340e-01 -1.158272653765428650e-01 1.874111929588134773e-01 -1.158272653765428650e-01 1.874111929588134773e-01 -1.439337768069099965e-01 2.049433337358026186e-01
3.598812780599009997e-01 4.972650714059083654e-01 -1.408380908189847958e-01 1.753950533220499652e-01 -1.408380908189847958e-01 1.753950533220499652e-01 -7.177940569241134661e-01 -3.795070544636129917e-01
-3.262202062447241424e-01 -1.459582838296148433e-01 -2.989276290205056252e-01 -2.321432636170239761e-02 -2.989276290205056252e-01 -2.321432636170239761e-02 2.309911233366782612e-01 6.084248148575088777e-02
3.976235874724961539e-01 1.999981812902928979e-02 1.526933626366914210e-01 4.892796334854054852e-01 1.526933626366914210e-01 4.892796334854054852e-01 -4.135283863390203374e-01 -1.777043427183328250e-01
5.708207526520403530e-02 -3.620516686049142230e-01 4.632684098760420088e-02 3.906758506218110938e-01 4.632684098760420088e-02 3.906758506218110938e-01 -1.574875407080719020e-02 4.898747160279344204e-01
2.071466286717380534e-01 3.905300389327085453e-01 -4.813869903412573148e-01 -1.485972433490032607e-01 -4.813869903412573148e-01 -1.485972433490032607e-01 -3.689405905916444128e-01 -2.809260533939926252e-01
-2.205885382694283692e-03 1.281934267322344390e-01 -1.376960064558425678e-01 -9.999382877698848038e-02 -1.376960064558425678e-01 -9.999382877698848038e-02 2.771445395066536761e-03 -1.117647380052032569e-01
-2.784190700194469903e-01 4.284960827528951910e-01 -2.690356668834770204e-01 7.693089144061149298e-02 -2.690356668834770204e-01 7.693089144061149298e-02 5.170220317535211274e-01 -3.224043683688129214e-01
4.475935652691709343e-01 3.878892746927284918e-01 -1.590584749614513127e-01 4.381387742879713221e-01 -1.590584749614513127e-01 4.381387742879713221e-01 -7.948270520479532308e-01 -4.377711849414450684e-01
-9.201773110604916095e-02 -2.556014886084734261e-01 2.472542645175003218e-01 2.884626525632856264e-01 2.472542645175003218e-01 2.884626525632856264e-01 4.497799300788837135e-02 3.124663467494358526e-01
3.606558621358811889e-01 4.846520651362952181e-01 -2.443843510477029524e-01 3.927062568664148046e-01 -2.443843510477029524e-01 3.927062568664148046e-01 -7.102410789112127976e-01 -3.798370917883951980e-01
-1.967090887324496329e-03 -3.949765466924515245e-02 -1.835846456877763266e-01 -9.188414498587649248e-03 -1.835846456877763266e-01 -9.188414498587649248e-03 1.811699934183372317e-03 4.105384994705710278e-02
2.134174329904618972e-01 -1.936418111902344918e-01 -3.651595652108614587e-01 3.459209531911202617e-01 -3.651595652108614587e-01 3.459209531911202617e-01 -1.307643564627747890e-01 1.855919615270306133e-01
-4.702260032672608281e-01 -3.173159424739040446e-01 -2.157922017103819368e-01 3.206795549816000568e-01 -2.157922017103819368e-01 3.206795549816000568e-01 1.718055884622849416e-01 1.968928556733040569e-01
1.806890342794437165e-01 -1.953013444007828392e-01 -3.063709157780619696e-01 3.804927599947944827e-01 -3.063709157780619696e-01 3.804927599947944827e-01 -1.101114116529347264e-01 2.007954324166980609e-01
-2.031218043309634957e-02 3.536949575633722143e-01 -2.879312125941870804e-01 -2.944804638524552987e-01 -2.879312125941870804e-01 -2.944804638524552987e-01 3.468081202570349325e-02 -2.290074192315632029e-01
4.024218558761408771e-01 -3.200698881409116403e-01 4.361411452352459417e-01 -3.835935723745815817e-01 4.361411452352459417e-01 -3.835935723745815817e-01 -1.448156190846719427e-01 2.605712713486498244e-01
1.090612951805525199e-02 -4.261869174295296325e-01 3.207557715686013555e-01 4.480514131514583553e-01 3.207557715686013555e-01 4.480514131514583553e-01 -1.610030077280912714e-03 6.077032623565497005e-01
3.490260166445258161e-02 -2.265686159404601829e-01 -1.706144675612304429e-01 1.344303388575751601e-02 -1.706144675612304429e-01 1.344303388575751601e-02 -1.908693336078013530e-02 2.766837620666884878e-01
-4.260175532237939766e-01 1.223343385734150246e-01 3.384631212995925509e-01 -4.185474854558367541e-01 3.384631212995925509e-01 -4.185474854558367541e-01 5.302507044123889735e-01 -2.888596038340082162e-01
3.574932348235628776e-01 -2.343074473067274788e-01 -1.648544757541959838e-01 -2.915515393425309743e-01 -1.648544757541959838e-01 -2.915515393425309743e-01 -1.899665802616958554e-01 1.614060142255072938e-01
-1.267121678495845005e-01 -7.871035646077362280e-02 1.233372379483596015e-01 4.821600057306568710e-01 1.233372379483596015e-01 4.821600057306568710e-01 1.067650480508681443e-01 6.884970319381439330e-02
4.046675887433669461e-01 1.370510738948614859e-01 1.970751657101639243e-01 3.337722455868376015e-01 1.970751657101639243e-01 3.337722455868376015e-01 -5.155878439588121864e-01 -2.820239344184974906e-01
-1.497147891444843282e-01 -4.179877845710787687e-01 -9.715862822016163580e-02 3.848726996423511570e-01 -9.715862822016163580e-02 3.848726996423511570e-01 2.455688308042594525e-02 5.702870545331399921e-01
-3.147907658266871911e-01 -2.044077297819127947e-01 4.617162621197971051e-01 -2.959825759179430804e-01 4.617162621197971051e-01 -2.959825759179430804e-01 1.860994342288014580e-01 1.470970235267560766e-01
-9.237832270834234194e-02 8.116818783896218026e-02 2.263279553128222377e-01 3.885262466864988218e-01 2.263279553128222377e-01 3.885262466864988218e-01 1.073746848080203431e-01 -8.311366762830776911e-02
2.628817898433234435e-01 -2.229077892736264221e-02 2.611010329209993985e-01 2.047677056156084197e-01 2.611010329209993985e-01 2.047677056156084197e-01 -2.511621101204695727e-01 -4.631917767867807512e-02
3.587208484892849825e-01 2.372501774879465231e-01 3.032256179365457882e-01 -4.109699001149180742e-01 3.032256179365457882e-01 -4.109699001149180742e-01 -5.289340184347042229e-01 -3.096431779107569060e-01
2.400447300019259433e-01 -4.511019272712224470e-01 2.178652684931472461e-01 -1.655283154528608414e-01 2.178652684931472461e-01 -1.655283154528608414e-01 -2.347544933158790537e-02 5.969734036573361990e-01
6.186226970268571268e-02 6.292746166172924482e-02 -5.030365915133228061e-02 1.350054983923990592e-01 -5.030365915133228061e-02 1.350054983923990592e-01 -6.964794091273232568e-02 -6.279453664330866824e-02
-3.790687392829970026e-01 -4.012475727725662855e-01 -3.964396133158247792e-01 -3.335590780098663943e-01 -3.964396133158247792e-01 -3.335590780098663943e-01 7.486791618047838881e-02 4.185540783268414389e-01
2.793829217937524589e-01 -2.776585835856093532e-02 -1.603683084247420343e-02 1.277257496412196325e-01 -1.603683084247420343e-02 1.277257496412196325e-01 -2.638683085250999594e-01 -4.951801574106540205e-02
1.674545325281051600e-01 -4.146790191101303868e-01 5.009969157503402215e-03 -2.897899987686354262e-01 5.009969157503402215e-03 -2.897899987686354262e-01 -2.857476993950502919e-02 5.585966875360640627e-01
-2.737869083422694860e-02 -9.433711103735997749e-02 3.678422546535875526e-01 1.777716125962442995e-01 3.678422546535875526e-01 1.777716125962442995e-01 2.221303763965491382e-02 1.024870088444389815e-01
-2.972349522605411964e-01 -2.631459171174295175e-01 3.590009081656657663e-01 4.017142994571369918e-01 3.590009081656657663e-01 4.017142994571369918e-01 1.408026240366302140e-01 2.440430739676763827e-01
-9.618973829279908738e-02 -3.239257918090586719e-01 -3.657113137751171195e-01 -3.757101098618826907e-01 -3.657113137751171195e-01 -3.757101098618826907e-01 3.387306401199693257e-02 4.196012446553470943e-01
-6.817792865877236874e-02 -1.223005364155704822e-02 1.980952001897720027e-01 -2.441327690210618462e-01 1.980952001897720027e-01 -2.441327690210618462e-01 6.651028920943830025e-02 7.731397897431756608e-03
-1.731952306222294125e-01 4.537880027192183752e-01 -7.757096775056537830e-02 -3.364953283385553329e-01 -7.757096775056537830e-02 -3.364953283385553329e-01 3.303830661913411681e-01 -2.778610392176082966e-01
-2.720825053710324015e-01 -4.938457169974065364e-01 -2.025546998194179826e-01 2.732140358069865549e-01 -2.025546998194179826e-01 2.732140358069865549e-01 3.348945476216003136e-03 6.637004194651112687e-01
-1.323288646876452646e-02 -1.409809396805388193e-01 2.799829807487214106e-01 3.464316492539608605e-01 2.799829807487214106e-01 3.464316492539608605e-01 9.501716930659907107e-03 1.606814557494513351e-01
2.440408006847338829e-02 4.177413448455041811e-01 -3.505130928985425998e-01 2.489887565787185508e-01 -3.505130928985425998e-01 2.489887565787185508e-01 -4.479326652351626331e-02 -2.438290727761621979e-01
8.568338093292238167e-02 2.400201041769118859e-01 8.001288026137121090e-02 -8.623975166548192295e-02 8.001288026137121090e-02 -8.623975166548192295e-02 -1.268148489684224889e-01 -1.897520955359125461e-01
-6.385335312020234966e-02 3.347025550258577731e-01 3.754480592250779569e-01 -2.141208615942513660e-02 3.754480592250779569e-01 -2.141208615942513660e-02 1.065971139928024586e-01 -2.267540053897136865e-01
2.994263100637666319e-01 -1.645455123786748741e-01 4.426453419292020186e-02 1.805282763510824839e-01 4.426453419292020186e-02 1.805282763510824839e-01 -2.008877988455697317e-01 1.019646228642326069e-01
3.313273321506993163e-01 -1.616275754346840898e-02 1.607611533559606398e-01 -8.974826667127555613e-02 1.607611533559606398e-01 -8.974826667127555613e-02 -3.206170054765473676e-01 -9.335380875522247823e-02
4.007472964280633931e-02 3.409010732333239702e-02 2.973150503401088551e-01 3.442922877908503043e-01 2.973150503401088551e-01 3.442922877908503043e-01 -4.280703331175993859e-02 -3.453395586196009864e-02
-2.692540582722239284e-01 1.261467755389976686e-01 4.463753399749684769e-01 -4.978225954350654625e-01 4.463753399749684769e-01 -4.978225954350654625e-01 3.371851207758848057e-01 -1.827315144561735827e-01
1.145628463503319816e-01 1.092635480064477749e-01 3.506427100501023908e-01 -3.231071353216922182e-01 3.506427100501023908e-01 -3.231071353216922182e-01 -1.395979324742415706e-01 -1.104496708473802352e-01
-4.786701604984456848e-01 -4.452922071375414736e-01 2.144823541849832926e-01 -3.720892098622028410e-01 2.144823541849832926e-01 -3.720892098622028410e-01 5.237397597997750509e-02 4.144522343233568717e-01
4.808596318006191916e-01 -2.386784646941180199e-01 -4.991260527709062700e-01 9.356314779749463906e-02 -4.991260527709062700e-01 9.356314779749463906e-02 -2.513179544975178148e-01 6.441988870743231566e-02
4.907968185170571429e-01 1.020821784621577244e-01 1.577979017863406774e-02 -2.864462989219883626e-01 1.577979017863406774e-02 -2.864462989219883626e-01 -5.910000353500920456e-01 -3.325429243690430359e-01
-1.956584698371508502e-01 -3.433048539898226892e-01 4.977086137112241016e-02 3.459483858322648375e-01 4.977086137112241016e-02 3.459483858322648375e-01 6.131746499852044896e-02 4.228808399437808951e-01
4.726843599648843375e-01 -2.300942213728652819e-01 -4.903928579792192766e-01 -7.981491453344291553e-02 -4.903928579792192766e-01 -7.981491453344291553e-02 -2.551604804423818762e-01 5.960706792663805764e-02
1.375570730187366530e-01 4.906678130699811957e-01 1.445289525923103557e-01 -2.727929679706785349e-01 1.445289525923103557e-01 -2.727929679706785349e-01 -2.725467293995591511e-01 -2.688348586245852267e-01
-3.064850365354468975e-01 7.090700547287553945e-03 -1.674480658512357278e-01 -1.376563539290226457e-01 -1.674480658512357278e-01 -1.376563539290226457e-01 3.108314237680415704e-01 -1.009735001331704685e-01
-1.158523367845744056e-01 -2.440846792136890375e-01 3.394516815615775673e-01 1.389635568100474616e-01 3.394516815615775673e-01 1.389635568100474616e-01 5.929677586413618223e-02 2.902402459020920755e-01
-6.945348824047681280e-02 -2.414418972231092697e-01 -2.934268854457086073e-01 4.456010014953971643e-01 -2.934268854457086073e-01 4.456010014953971643e-01 3.591552430138954949e-02 2.949122999290336722e-01
1.101064003185219242e-01 -4.090840200125649417e-01 -2.176092156643794073e-02 9.045415596715089546e-02 -2.176092156643794073e-02 9.045415596715089546e-02 -2.002086257569450634e-02 5.643103360511030342e-01
-3.379957660959489463e-01 3.754921892088327606e-01 -3.258803289936846870e-01 -1.141189060906296904e-01 -3.258803289936846870e-01 -1.141189060906296904e-01 5.918253064053178303e-01 -3.487389429507783412e-01
1.547559484131957319e-01 8.794191680685115031e-02 -1.100793595683455806e-01 -3.341306214893629001e-01 -1.100793595683455806e-01 -3.341306214893629001e-01 -1.819750178946329400e-01 -1.041575396444557183e-01
-4.278325799324105283e-01 4.716780037681547189e-01 -4.268297393514315363e-01 -3.495114602112864288e-01 -4.268297393514315363e-01 -3.495114602112864288e-01 8.314310144314083217e-01 -4.322385809810658230e-01
3.778166617554667983e-02 2.833809314434880822e-01 9.180334194472783427e-02 -9.295823136511249807e-02 9.180334194472783427e-02 -9.295823136511249807e-02 -5.919487368017337103e-02 -2.045036334367096309e-01
-3.652473929982227308e-01 -1.945933835567088543e-01 -1.583295482875949345e-01 -3.808428627988750259e-01 -1.583295482875949345e-01 -3.808428627988750259e-01 2.230979409206404751e-01 9.905431038875908700e-02
-1.997187343093771439e-01 -4.401394637179608660e-01 3.115360977242873641e-01 -4.191742987482105498e-02 3.115360977242873641e-01 -4.191742987482105498e-02 2.391054108265880385e-02 5.939746384057554840e-01
-2.314713416885105790e-02 7.577783633365886562e-02 -4.316736877676831119e-01 -6.900105264324840615e-02 -4.316736877676831119e-01 -6.900105264324840615e-02 2.665521365813193488e-02 -7.057134567447886919e-02
3.248209282060243730e-01 4.771578760724322077e-01 -4.363941508789925816e-01 1.967113604488746059e-01 -4.363941508789925816e-01 1.967113604488746059e-01 -6.348026566193495368e-01 -3.549868727751008812e-01
-4.349321876171926560e-01 4.779961759660692477e-01 8.764123234316179012e-02 1.654014605910767433e-01 8.764123234316179012e-02 1.654014605910767433e-01 8.507240325883427268e-01 -4.386818395533607085e-01
-3.522729883272197604e-01 -4.497537767109027751e-02 3.388436046216938280e-01 -1.225837176524973149e-01 3.388436046216938280e-01 -1.225837176524973149e-01 3.205857669405391963e-01 -7.709809603724201987e-02
-3.671579935339104317e-01 1.669709543889921211e-01 -1.404425615463478216e-02 2.976866424956123858e-01 -1.404425615463478216e-02 2.976866424956123858e-01 4.897674347177192744e-01 -2.738966469952682781e-01
7.767053934753920252e-02 -2.828286930992018888e-02 4.082331308431809136e-01 -3.130157546292199333e-01 4.082331308431809136e-01 -3.130157546292199333e-01 -7.327704792034427095e-02 2.305007732378457769e-02
3.101444221261449030e-01 4.898192568657341317e-01 -6.652142729738430571e-02 3.104157269500540384e-02 -6.652142729738430571e-02 3.104157269500540384e-02 -6.139738428599066378e-01 -3.460859150451944810e-01
3.387106968724725720e-01 -1.271073670591340576e-01 -3.836139814704210282e-01 -2.827396045197302366e-01 -3.836139814704210282e-01 -2.827396045197302366e-01 -2.526054471240236632e-01 2.853871364400349664e-02
4.258085972792590157e-01 3.168815603660002367e-03 3.557207810969686967e-01 -1.925270616293350834e-01 3.557207810969686967e-01 -1.925270616293350834e-01 -4.285072151337211976e-01 -1.844717357282601999e-01
-3.307264353570683602e-01 3.180821956846610066e-01 2.075142793847856160e-01 1.313083156477043989e-01 2.075142793847856160e-01 1.313083156477043989e-01 5.411228168157431462e-01 -3.262858875170791539e-01
3.420566480420199618e-01 1.161169919876270384e-02 -1.241408641980977778e-01 4.840169563472425107e-01 -1.241408641980977778e-01 4.840169563472425107e-01 -3.500003658540219442e-01 -1.284796181102224599e-01
-3.767833667510745999e-01 -6.610614943239800922e-02 1.031347920834636556e-01 -7.226929805349724401e-02 1.031347920834636556e-01 -7.226929805349724401e-02 3.269679716588974605e-01 -7.148953303509825163e-02
-4.936760627345172514e-01 -4.538642338844275370e-01 -2.589408234121037822e-01 -3.531336855004543196e-01 -2.589408234121037822e-01 -3.531336855004543196e-01 4.555224673435270821e-02 4.161409217668708971e-01
4.686741253771818938e-01 2.294714504460774185e-01 -3.182057146224298583e-01 -1.434708882857067547e-01 -3.182057146224298583e-01 -1.434708882857067547e-01 -6.837687880508792615e-01 -3.964697396743172564e-01
1.465369708365649171e-02 4.730465176924518733e-01 -2.158162324399657273e-01 7.181416167513687832e-02 -2.158162324399657273e-01 7.181416167513687832e-02 -2.851745783714397520e-02 -2.494882406297162514e-01
-3.239865155202006353e-01 -7.731013981872414398e-02 -2.054750170428537581e-01 3.744242845043566081e-01 -2.054750170428537581e-01 3.744242845043566081e-01 2.738916298917047354e-01 -2.168026470140638207e-02
-1.035352732336606296e-01 2.021843067288258133e-01 4.751545025675136813e-01 3.397813945171597183e-01 4.751545025675136813e-01 3.397813945171597183e-01 1.454016881151150853e-01 -1.720253656449786672e-01
3.294179497210056873e-01 3.788018683446935375e-01 -2.679196826154509603e-01 -2.028132147354856363e-01 -2.679196826154509603e-01 -2.028132147354856363e-01 -5.789862193621961861e-01 -3.438271984816540505e-01
4.825118679501008145e-01 2.249837532573262244e-02 -2.565063202732453806e-01 -2.757323094541667130e-01 -2.565063202732453806e-01 -2.757323094541667130e-01 -5.042233341586241924e-01 -2.548099011461306129e-01
-1.905090221685377117e-01 -2.665442715064844093e-01 4.202361183106283482e-01 -2.240975092462136331e-01 4.202361183106283482e-01 -2.240975092462136331e-01 8.895084510988655879e-02 3.012964326517945102e-01
3.339768926846988784e-01 -1.999117911418487603e-01 1.730987401385083446e-01 -1.047233832812304311e-01 1.730987401385083446e-01 -1.047233832812304311e-01 -2.004450550515245733e-01 1.283359505320640359e-01
-4.840287224684393097e-01 -3.039540721098610287e-01 -2.594377851149043401e-02 4.898738516838128110e-01 -2.594377851149043401e-02 4.898738516838128110e-01 1.897837200436074956e-01 1.620583458875981542e-01
2.374519734146762762e-01 2.155538094303015573e-01 -3.362123855651270032e-01 -1.654707543585645091e-01 -3.362123855651270032e-01 -1.654707543585645091e-01 -3.398193282672286042e-01 -2.254738043489109278e-01
-5.464295547264241826e-02 -3.264515125833131748e-01 4.504288156362434847e-02 -3.450425148154877553e-01 4.504288156362434847e-02 -3.450425148154877553e-01 1.896640454050892155e-02 4.300362500684610789e-01
-2.782842896129141819e-01 -2.161811323286934039e-01 -6.109805432638670819e-02 2.820665133251183398e-01 -6.109805432638670819e-02 2.820665133251183398e-01 1.579646639373025185e-01 1.854732684582451607e-01
4.796162620404853527e-01 -1.418972010612670198e-01 -4.538572592535449202e-01 -4.726087034421562194e-01 -4.538572592535449202e-01 -4.726087034421562194e-01 -3.435038517064611940e-01 -6.799974208339884529e-02
3.337813699213912910e-01 1.990040625523832318e-01 4.881273079657008074e-01 -3.944068604019079771e-03 4.881273079657008074e-01 -3.944068604019079771e-03 -4.666290671587047245e-01 -2.708114485466310284e-01
1.388631031435952901e-01 -8.756452632747258047e-02 -1.856751153642121066e-01 -3.233331167026035624e-01 -1.856751153642121066e-01 -3.233331167026035624e-01 -1.145441394413315161e-01 7.594911118375843873e-02
3.510427238001823103e-02 1.857285901698668695e-01 2.800330353044548914e-01 2.516884658879481318e-02 2.800330353044548914e-01 2.516884658879481318e-02 -4.814400641617779669e-02 -1.524657909027110070e-01
-1.823283860006896795e-02 1.849901707052019617e-01 -4.009101969421164924e-01 2.550828078736656623e-01 -4.009101969421164924e-01 2.550828078736656623e-01 2.497863045020327563e-02 -1.511012438510783706e-01
-1.773389863251312315e-01 2.184430914499825294e-01 3.833805659554003764e-01 -4.970662887043895140e-01 3.833805659554003764e-01 -4.970662887043895140e-01 2.548159391400669493e-01 -2.021748233185821642e-01
-4.250514129868929736e-01 3.177477243533731732e-01 -1.437024797123108710e-01 4.855428517607768280e-01 -1.437024797123108710e-01 4.855428517607768280e-01 6.951696514064350518e-01 -3.974528117037802177e-01
-1.665436182362055595e-01 1.218794175256162626e-01 -4.733616811148728676e-01 -4.630654205148519997e-01 -4.733616811148728676e-01 -4.630654205148519997e-01 2.071400966026802348e-01 -1.347616018844397523e-01
3.454436490941132920e-01 -3.536883922922539059e-01 5.501709930448950292e-02 4.859208038480036240e-01 5.501709930448950292e-02 4.859208038480036240e-01 -1.010848313427804013e-01 3.594525564350763425e-01
9.733394393285921264e-02 -5.744034462660463358e-02 -3.605797553039993275e-01 3.038024655395852314e-01 -3.605797553039993275e-01 3.038024655395852314e-01 -8.615215336611911634e-02 5.126584117590275713e-02
-1.380178817189043894e-01 2.752999685841179822e-01 1.029685373175811547e-01 -3.261348516295232702e-01 1.029685373175811547e-01 -3.261348516295232702e-01 2.140105187214261795e-01 -2.185588315558751327e-01
3.034959993593958627e-01 1.516749074970110689e-01 -2.719360417956737663e-01 2.457536883785237380e-01 -2.719360417956737663e-01 2.457536883785237380e-01 -3.955614546164944456e-01 -2.207794515599426077e-01
3.260228670252195426e-01 -2.905262995908242107e-02 3.100202424654079358e-01 -4.552763503717566218e-01 3.100202424654079358e-01 -4.552763503717566218e-01 -3.070792235974538764e-01 -7.639422455672217893e-02
-2.133129636080480784e-01 2.481753754579206772e-01 -2.740209498695919121e-01 -1.030640541251733877e-01 -2.740209498695919121e-01 -1.030640541251733877e-01 3.191910132749862794e-01 -2.320867789174892171e-01
-3.805180822353945169e-01 -3.626706468954637996e-01 -4.183199689326416726e-01 4.369962732075857170e-01 -4.183199689326416726e-01 4.369962732075857170e-01 1.045126041559308883e-01 3.494066341069355097e-01
1.007427213777692954e-01 -4.601905298751588491e-01 3.564490139491250931e-01 -4.287306523450377105e-01 3.564490139491250931e-01 -4.287306523450377105e-01 -8.021028713967010004e-03 6.618167577513394129e-01
-3.708132163295623229e-01 -1.244350808614922421e-01 1.583852844604113352e-01 -4.710147933970098011e-01 1.583852844604113352e-01 -4.710147933970098011e-01 2.785288712126041122e-01 2.416728805823553650e-03
-3.210260899588691652e-01 -4.227925277880405508e-01 -2.668257348861187150e-01 -2.889885815813563186e-01 -2.668257348861187150e-01 -2.889885815813563186e-01 4.957122583962675355e-02 4.984882989071616199e-01
-7.372883331030311016e-02 4.626745455076037850e-01 -3.290847198382379490e-01 1.832625000580939689e-01 -3.290847198382379490e-01 1.832625000580939689e-01 1.419537421956038603e-01 -2.540427513082345046e-01
2.148159936743646581e-01 8.445068445644521304e-02 4.243878308717350389e-01 -2.668887445585125251e-01 4.243878308717350389e-01 -2.668887445585125251e-01 -2.510987090703476476e-01 -1.234646774895878096e-01
-5.464416608438771306e-03 1.438627567492827275e-01 -4.503621797217851608e-01 4.410037186230775230e-02 -4.503621797217851608e-01 4.410037186230775230e-02 7.036668683071905725e-03 -1.231961238186500135e-01
1.249308440640977125e-01 4.380040470292090315e-01 -3.146677071249246449e-01 3.950247534598934074e-01 -3.146677071249246449e-01 3.950247534598934074e-01 -2.343712746617973852e-01 -2.617642176138114118e-01
-3.783623643365812139e-01 -4.053986894609845626e-01 3.638669377376324565e-02 4.578381693478394965e-01 3.638669377376324565e-02 4.578381693478394965e-01 7.158715104976204335e-02 4.265887081313005647e-01
3.874623407641304418e-01 1.103274529085731537e-01 2.133493945077123977e-01 9.924412615985200858e-02 2.133493945077123977e-01 9.924412615985200858e-02 -4.729578070731306760e-01 -2.482823715536988662e-01
1.970785574378005611e-01 1.464178784785596932e-02 1.027583206900566370e-01 3.666018308296368211e-01 1.027583206900566370e-01 3.666018308296368211e-01 -2.028497222925321197e-01 -5.326736369823879824e-02
1.865992844019502828e-01 3.887468761643727566e-01 -1.197961614484575055e-01 3.262914385258940397e-01 -1.197961614484575055e-01 3.262914385258940397e-01 -3.316790622134813682e-01 -2.724420353761345392e-01
2.790882341792033650e-02 4.765970065258335886e-01 -9.491632827693807783e-02 1.243059803382453588e-01 -9.491632827693807783e-02 1.243059803382453588e-01 -5.451134681119816638e-02 -2.502312023210208070e-01
4.121553424077364358e-01 4.720805314446880896e-01 -5.906746036529164634e-02 2.296220402476378819e-01 -5.906746036529164634e-02 2.296220402476378819e-01 -8.012963685709596495e-01 -4.190925295508274306e-01
2.629936412753661745e-01 -2.080552044946133439e-01 3.943666687813277560e-01 1.533658748364591373e-01 3.943666687813277560e-01 1.533658748364591373e-01 -1.535592496427075904e-01 1.821765172606327199e-01
-4.171764768894731246e-01 9.066636953729656501e-02 8.413254184830154525e-02 4.717791902665315895e-01 8.413254184830154525e-02 4.717791902665315895e-01 4.928242301213299759e-01 -2.564821918421360536e-01
2.944233175766421962e-01 -8.591366817560963653e-02 -2.439892410018998925e-01 -4.391409595398201304e-01 -2.439892410018998925e-01 -4.391409595398201304e-01 -2.438333431577586474e-01 6.609736622162090680e-03
-1.790215295183394950e-02 -3.827128530805304907e-01 1.822047683443918098e-01 -1.971579623457474506e-01 1.822047683443918098e-01 -1.971579623457474506e-01 4.199384886873125736e-03 5.288614939132593173e-01
4.880511828208233815e-02 3.321076754994733982e-02 -2.945482345117959033e-01 3.238948095352773837e-01 -2.945482345117959033e-01 3.238948095352773837e-01 -5.204682915911017921e-02 -3.448975203921875177e-02
8.391987394665467725e-02 -2.920877487805522144e-01 -3.889102470201899475e-01 -1.805654471575960374e-01 -3.889102470201899475e-01 -1.805654471575960374e-01 -3.489593982860251381e-02 3.703604565250208092e-01
6.315323492992575005e-02 1.857491698912794309e-02 -3.457860427786860757e-01 -1.725084811465817936e-01 -3.457860427786860757e-01 -1.725084811465817936e-01 -6.549936712276227535e-02 -2.221822053008934428e-02
2.642088444475981790e-01 -1.096402835665379882e-01 4.022824495136613221e-01 2.262691601295311328e-01 4.022824495136613221e-01 2.262691601295311328e-01 -2.062729791955542069e-01 5.185496186275371372e-02
-2.111450756457629030e-01 -5.170753510459102920e-02 2.066806937877024852e-01 -1.013193173107403977e-01 2.066806937877024852e-01 -1.013193173107403977e-01 1.893094928235332652e-01 9.798961321728603957e-03
4.723224917572232950e-02 -4.596419043350083999e-01 1.207865207217468928e-01 -1.276419988527188742e-02 1.207865207217468928e-01 -1.276419988527188742e-02 -3.812407261413047754e-03 6.686816991935239374e-01
1.490823808482999446e-02 2.669524353059820054e-01 -1.726753929624376127e-01 -2.234231280946841203e-01 -1.726753929624376127e-01 -2.234231280946841203e-01 -2.286781901056350597e-02 -1.959110881529814718e-01
2.863059859350609582e-01 4.148823229159432913e-01 2.246621644892864422e-01 8.819175597134765177e-02 2.246621644892864422e-01 8.819175597134765177e-02 -5.238725709540159592e-01 -3.247260986300615770e-01
-4.689573319983684208e-01 -2.677382480101465623e-01 -3.584938020377100854e-01 4.992941167717692696e-01 -3.584938020377100854e-01 4.992941167717692696e-01 2.178417030768567964e-01 1.195010382226613932e-01
-2.498580888626800167e-01 1.485249032318726181e-01 -2.363676442093390895e-01 -4.641379791257377319e-01 -2.363676442093390895e-01 -4.641379791257377319e-01 3.240783858027403985e-01 -1.888943209219464126e-01
-4.937697447954101371e-01 -3.788261930272083244e-01 6.011298689905775205e-02 6.656077960726125564e-02 6.011298689905775205e-02 6.656077960726125564e-02 1.196639194896872427e-01 2.785269166753715497e-01
4.087782595105009520e-01 -3.295475293564792407e-01 -3.995355086977288028e-01 4.676499649233928357e-01 -3.995355086977288028e-01 4.676499649233928357e-01 -1.393545285578463577e-01 2.710494380130042957e-01
2.815311238977097341e-01 -4.227444301531684268e-01 -4.366809400630971005e-01 1.752633092482634991e-01 -4.366809400630971005e-01 1.752633092482634991e-01 -4.349969481267301763e-02 5.221975096555879770e-01
-1.226236085032572642e-02 -3.347389513123003590e-01 4.441665341278465684e-01 -3.499617744599392566e-02 4.441665341278465684e-01 -3.499617744599392566e-02 4.052981227023643579e-03 4.466387513443353385e-01
-4.919227116771418551e-02 -2.684528922050739563e-01 3.308222815292951591e-01 2.902581572934116450e-01 3.308222815292951591e-01 2.902581572934116450e-01 2.278065622949589780e-02 3.380999679957050752e-01
-4.224079703291572230e-02 4.914902991422054335e-01 1.023360866021127968e-01 1.390268468787573264e-01 1.023360866021127968e-01 1.390268468787573264e-01 8.376268097234158827e-02 -2.517118699252868241e-01
6.736896449631379902e-02 -4.969540175352669120e-01 1.510850784307434802e-01 4.379151242151467782e-01 1.510850784307434802e-01 4.379151242151467782e-01 -4.104093690459886812e-04 7.393787357024037554e-01
-2.092546798284214971e-01 4.439501831213149563e-01 1.196648505696181752e-01 8.972028776797513760e-02 1.196648505696181752e-01 8.972028776797513760e-02 3.950519866860612295e-01 -2.906459390579611002e-01
-4.427940837443531397e-01 3.731513110887385576e-02 -3.650693855396451859e-01 -2.096613217296997567e-01 -3.650693855396451859e-01 -2.096613217296997567e-01 4.758399223226615349e-01 -2.319893126982026377e-01
9.726660731917491365e-02 1.984280122509721744e-01 1.311408792920035760e-01 3.860740782121809822e-01 1.311408792920035760e-01 3.860740782121809822e-01 -1.358674464166543805e-01 -1.685151291044827970e-01
3.955011660561460474e-01 -3.864628074275571201e-01 5.579864448803473209e-02 -2.587433707747892608e-01 5.579864448803473209e-02 -2.587433707747892608e-01 -8.980818410628471637e-02 3.793951366005750003e-01
4.410975139394800459e-01 1.824197816646284664e-01 4.244129920461314764e-02 4.672748917797746593e-01 4.244129920461314764e-02 4.672748917797746593e-01 -6.020273383107808129e-01 -3.437098217256475685e-01
-3.123072815559839732e-01 1.256394852980099452e-01 -4.968906728519031368e-01 -5.283143956529490204e-02 -4.968906728519031368e-01 -5.283143956529490204e-02 3.907835337750129590e-01 -2.073900431449497428e-01
2.867323144350845121e-01 1.075838266440134472e-01 -1.780261354091976500e-01 1.379760451388410969e-01 -1.780261354091976500e-01 1.379760451388410969e-01 -3.484278336539262666e-01 -1.782249670299445032e-01
3.887025810364117540e-01 -4.765691474541280392e-01 -1.082377111853829454e-01 -3.421881381886303641e-01 -1.082377111853829454e-01 -3.421881381886303641e-01 -1.821526572092801999e-02 5.525976032549142491e-01
1.933444907173138549e-01 2.917211079433359444e-01 6.855334057136452941e-03 3.412638337656838106e-01 6.855334057136452941e-03 3.412638337656838106e-01 -3.061498288109035237e-01 -2.440019952143859527e-01
-1.127941163406209757e-01 -1.575956192166813041e-01 2.158112904791187336e-01 -3.081998215746689640e-01 2.158112904791187336e-01 -3.081998215746689640e-01 7.724239912322386492e-02 1.697094857319089711e-01
-4.321918404166036343e-01 2.509061278244812954e-01 -4.990099988390027663e-01 -4.510958439389289865e-01 -4.990099988390027663e-01 -4.510958439389289865e-01 6.490710027291359818e-01 -3.747420297672973133e-01
-4.785301107684855060e-01 -5.705552478251341153e-02 3.757459817786168443e-02 -1.472283242721185159e-01 3.757459817786168443e-02 -1.472283242721185159e-01 4.239245375802250804e-01 -1.686802092213775806e-01
-3.322697922460803310e-01 1.046105844993753253e-01 -1.543833007830440751e-01 -1.264561582914697224e-01 -1.543833007830440751e-01 -1.264561582914697224e-01 4.017876666027772603e-01 -2.040704249493277556e-01
-9.056440772295193398e-02 1.991938349623594284e-01 1.387727013383904806e-01 -3.631486101806778999e-01 1.387727013383904806e-01 -3.631486101806778999e-01 1.266441510938109694e-01 -1.677175630215568258e-01
-2.431950791184428473e-01 -4.512953450791167276e-01 -3.229821464627846694e-01 -1.779432124896992429e-01 -3.229821464627846694e-01 -1.779432124896992429e-01 2.368946481384132108e-02 5.958189870617700556e-01
-3.098700044076184712e-01 2.237166035429918320e-01 -3.343687681398861411e-01 4.876352931151872738e-01 -3.343687681398861411e-01 4.876352931151872738e-01 4.485161342594671252e-01 -2.696869044737571497e-01
1.262375343969240893e-01 -1.302603429992771344e-01 3.995770242074586642e-01 -1.542820458174660736e-01 3.995770242074586642e-01 -1.542820458174660736e-01 -9.335004533707133567e-02 1.312921848669518776e-01
-1.164199899596778387e-01 1.159224048281478625e-01 1.863883606996314946e-01 3.612911795935467296e-01 1.863883606996314946e-01 3.612911795935467296e-01 1.434113603720671981e-01 -1.160380149492183516e-01
3.946512923167387887e-01 -4.353777018941921151e-01 -2.552110377147953635e-02 -2.196620817797347858e-01 -2.552110377147953635e-02 -2.196620817797347858e-01 -5.100654691986922229e-02 4.691818026735881109e-01
1.646709648822036742e-01 1.405349607845765014e-01 1.427885918057283376e-01 -3.882793235588616332e-01 1.427885918057283376e-01 -3.882793235588616332e-01 -2.109550200663614095e-01 -1.479014122570899981e-01
1.574846358352725018e-01 -4.834964453141813445e-01 4.028664120463102405e-01 2.125213730006070278e-02 4.028664120463102405e-01 2.125213730006070278e-02 -5.198112599367310516e-03 6.924638474214621642e-01
2.204521214246163430e-01 3.641428398464063854e-01 -4.192352677550340578e-01 4.672416185678582856e-01 -4.192352677550340578e-01 4.672416185678582856e-01 -3.810042445160655156e-01 -2.801419698756145715e-01
2.573763926104459809e-01 -9.975470196453994909e-02 1.517394117126175113e-01 -8.452031855707820007e-02 1.517394117126175113e-01 -8.452031855707820007e-02 -2.060273819353190539e-01 4.346309505540770640e-02
-8.435767584233688776e-02 4.450393923533012552e-01 -2.453691027402389313e-01 -3.589836557255494665e-01 -2.453691027402389313e-01 -3.589836557255494665e-01 1.594426534367576198e-01 -2.540955490806264261e-01
-2.275285412762638737e-01 -3.780864088965115721e-01 -9.594518180234801186e-02 1.383480442436835212e-02 -9.594518180234801186e-02 1.383480442436835212e-02 5.547764309105523983e-02 4.692665043934671765e-01
-1.607750917758811182e-01 -1.385977525138160082e-01 -1.855144798038634857e-01 1.272109372068160882e-01 -1.855144798038634857e-01 1.272109372068160882e-01 1.162089590152018681e-01 1.319584593801539918e-01
3.106634087627084817e-01 1.074261265328863013e-01 1.736863420100493993e-01 4.332068425697460645e-01 1.736863420100493993e-01 4.332068425697460645e-01 -3.774101420804694684e-01 -1.923975074150923170e-01
-1.628201693438438014e-01 1.867749670740702639e-01 -3.594871828486003729e-01 -1.887218500074725469e-01 -3.594871828486003729e-01 -1.887218500074725469e-01 2.236416328802257325e-01 -1.784004862937081937e-01
1.473397091314510021e-02 -4.598021574613069262e-01 -3.526462020981605550e-01 -4.300717593215691581e-01 -3.526462020981605550e-01 -4.300717593215691581e-01 -1.184547685472580811e-03 6.710030915685100128e-01
3.017140895687546731e-01 1.660030790445915505e-01 3.379047945850646162e-01 -1.300197900709880727e-01 3.379047945850646162e-01 -1.300197900709880727e-01 -4.018850252878525819e-01 -2.294774486366091548e-01
-3.750074352132760636e-01 -6.179343818340110595e-02 4.277174472477183187e-01 3.282644510901588930e-01 4.277174472477183187e-01 3.282644510901588930e-01 3.286614376809413041e-01 -7.501870927931250654e-02
1.376102441259936526e-01 8.476233376646635786e-02 5.141278666975479528e-02 -2.079745623456719095e-02 5.141278666975479528e-02 -2.079745623456719095e-02 -1.609385750105784274e-01 -9.651425982934408454e-02
