2.765591849971003047e-01 -1.936767744976399808e-01 3.506564028121215149e-01 4.502818537195284465e-01 3.506564028121215149e-01 4.502818537195284465e-01 -1.694330031812313342e-01 1.547024846711892998e-01
1.445261893744573811e-01 -1.779723281302177940e-01 -4.890195597243998105e-01 3.872643692201960253e-02 -4.890195597243998105e-01 3.872643692201960253e-02 -9.308286457693552840e-02 1.887586582952061887e-01
3.522629265975512070e-01 2.167954018596761623e-01 4.971353677713836738e-01 -1.565231763512833218e-01 4.971353677713836738e-01 -1.565231763512833218e-01 -5.050008920615146613e-01 -2.938843250472494284e-01
-2.942063230499279980e-01 1.344379466773086840e-01 4.205250328911311897e-01 5.102360570352626468e-05 4.205250328911311897e-01 5.102360570352626468e-05 3.733113109905545346e-01 -2.029217456930563768e-01
3.418676325919995929e-01 -1.044265085262373605e-01 -4.481767529014052398e-01 2.482493142584655255e-01 -4.481767529014052398e-01 2.482493142584655255e-01 -2.704675460925735075e-01 -1.542074004840743306e-03
-7.463270809461353128e-02 -1.547844676358249849e-01 3.560139082083413342e-02 2.738573841342412107e-01 3.560139082083413342e-02 2.738573841342412107e-01 5.152874011332417292e-02 1.731726579395949372e-01
3.034141641594489958e-01 3.651444888780643883e-01 8.694970458421646953e-02 -1.500271352514014334e-01 8.694970458421646953e-02 -1.500271352514014334e-01 -5.249941839401832677e-01 -3.238741461326185567e-01
-4.747985763292510430e-01 -2.929133483064875199e-01 1.749891840730818382e-01 2.474872140008014254e-01 1.749891840730818382e-01 2.474872140008014254e-01 1.966488948017424132e-01 1.532778898383215793e-01
2.131919606020560298e-01 -2.746882196136303245e-01 4.140586072444267796e-01 -4.690464285953039880e-01 4.140586072444267796e-01 -4.690464285953039880e-01 -9.606932041462004634e-02 3.046910255427877079e-01
1.619677904397076595e-01 -4.313124448966143554e-01 3.772470709191594329e-01 3.725367841163385041e-01 3.772470709191594329e-01 3.725367841163385041e-01 -2.225034306160209030e-02 5.911093048793882865e-01
-3.232878384155739582e-01 -5.634301599414281991e-02 -7.723568500567667972e-02 -3.193310784944572989e-01 -7.723568500567667972e-02 -3.193310784944572989e-01 2.868578147144528745e-01 -4.499747502195519666e-02
-1.692529738305952325e-01 -2.467490602554458512e-01 3.760246867964563977e-01 2.057995760597429724e-01 3.760246867964563977e-01 2.057995760597429724e-01 8.572694935431734997e-02 2.789875898418913147e-01
-2.362214707199802310e-01 -4.469237556872568407e-01 -1.379487449249049424e-01 -7.688922858985480779e-03 -1.379487449249049424e-01 -7.688922858985480779e-03 2.507549698369834767e-02 5.908640158557492139e-01
-4.687524377347384030e-01 -3.946101358561565631e-01 -4.214884648174430648e-01 3.626527979401670265e-01 -4.214884648174430648e-01 3.626527979401670265e-01 9.880351145991900230e-02 3.305984472943110930e-01
-4.565103020637225617e-01 3.812946924485224320e-01 1.864102624377016459e-01 3.718519388402702353e-01 1.864102624377016459e-01 3.718519388402702353e-01 8.046402125136609129e-01 -4.443107058494203399e-01
-4.543210347545999506e-01 -3.784384007483122536e-01 -1.955833706842642350e-01 -9.598584624487627170e-02 -1.955833706842642350e-01 -9.598584624487627170e-02 1.104559831169015793e-01 3.152464212887620132e-01
-1.867414715702864214e-01 1.427787092719934314e-01 -1.585830813370154857e-01 -6.201575761166744361e-02 -1.585830813370154857e-01 -6.201575761166744361e-02 2.400668841270027221e-01 -1.572653266548530993e-01
3.166839194553539016e-02 1.688397353653747768e-01 4.957276970397561655e-02 -2.335623239389212902e-01 4.957276970397561655e-02 -2.335623239389212902e-01 -4.236215777659771420e-02 -1.413357661755410555e-01
-3.293144739659739084e-01 -1.584303466807551741e-01 -3.962261289092328109e-01 -3.613388925710487865e-01 -3.962261289092328109e-01 -3.613388925710487865e-01 2.249676614111343620e-01 7.508249866665334116e-02
-4.849438657516299545e-01 -2.778385227805465485e-01 -4.144229471484399685e-01 -4.068849158702243507e-01 -4.144229471484399685e-01 -4.068849158702243507e-01 2.154716911677888591e-01 1.198622145912879300e-01
-1.433757188772410984e-01 1.478406511531121792e-01 -2.374431237642243842e-01 -2.523068216181911794e-01 -2.374431237642243842e-01 -2.523068216181911794e-01 1.857692381539548521e-01 -1.465403897833016389e-01
2.731865694302109127e-01 -4.509556531355908282e-01 -3.050806214938797112e-01 -3.577277413030991449e-01 -3.050806214938797112e-01 -3.577277413030991449e-01 -2.679651373966651651e-02 5.796857525134906375e-01
1.418117636288316330e-01 7.333575903778011273e-02 4.351169796032695603e-01 1.807822665882159452e-01 4.351169796032695603e-01 1.807822665882159452e-01 -1.626115102812448754e-01 -8.806820178765237261e-02
-2.123647417841120211e-01 -4.804612568285587804e-01 4.966047711983431201e-01 1.031759448191332806e-01 4.966047711983431201e-01 1.031759448191332806e-01 8.298680296778382370e-03 6.662054925888045709e-01
2.988855115046296085e-01 -2.088838815535438709e-01 -4.760209178557582854e-01 2.153339275316557000e-02 -4.760209178557582854e-01 2.153339275316557000e-02 -1.740207799382227638e-01 1.631838085390347470e-01
4.512937542798095558e-01 2.495037790514453846e-02 3.463532341233976908e-01 3.607330527295919964e-01 3.463532341233976908e-01 3.607330527295919964e-01 -4.738136537108349478e-01 -2.279939091995001610e-01
3.689166264320787869e-01 -3.903921255527847967e-01 3.776288618963510313e-01 3.269786359470492343e-01 3.776288618963510313e-01 3.269786359470492343e-01 -8.087233454291498091e-02 4.066986599883800624e-01
4.585140665956837225e-01 -5.425671533435538763e-04 3.428253374360226147e-01 -4.826093406157295762e-01 3.428253374360226147e-01 -4.826093406157295762e-01 -4.580165172519221062e-01 -2.096922877336516444e-01
3.802989561574967592e-01 1.221852462457631017e-01 6.560845405711712708e-02 -2.467095240736382200e-01 6.560845405711712708e-02 -2.467095240736382200e-01 -4.732327993677175604e-01 -2.518833079001069342e-01
3.284088749584657130e-02 2.079093872875372728e-01 3.976681706338911493e-01 4.046599743246585001e-01 3.976681706338911493e-01 4.046599743246585001e-01 -4.649674509032738351e-02 -1.657615978567729687e-01
-2.982567737350346748e-01 2.001977471477516257e-01 3.402487318957161389e-01 -2.736574911664976240e-01 3.402487318957161389e-01 -2.736574911664976240e-01 4.176774420816559696e-01 -2.490757122635481879e-01
4.134954904132798204e-01 4.834619799393520267e-01 -3.013376779158022378e-01 1.492270930842607424e-01 -3.013376779158022378e-01 1.492270930842607424e-01 -8.133141873956750700e-01 -4.207050144845924100e-01
5.236720018549134714e-03 2.021622659497585017e-01 4.698639990799069466e-01 -2.845444409877876391e-01 4.698639990799069466e-01 -2.845444409877876391e-01 -7.354054388737843624e-03 -1.613201074123702949e-01
-2.850756158693047437e-01 -1.565417221958279592e-01 -2.088330096538619784e-01 -3.120891288947676978e-01 -2.088330096538619784e-01 -3.120891288947676978e-01 1.958231601408702005e-01 9.977892622060034744e-02
-4.575708081174538755e-01 2.048748572055500983e-01 -4.599122272515854259e-02 -2.081757799466303904e-01 -4.599122272515854259e-02 -2.081757799466303904e-01 6.450603160664369895e-01 -3.722721945318153702e-01
-4.388462314066693404e-01 -2.889792905341195262e-01 -3.473109594250377574e-01 3.737518169775079224e-01 -3.473109594250377574e-01 3.737518169775079224e-01 1.852112861957266321e-01 1.799023060718866196e-01
3.701458933690014996e-01 -3.051507435094514831e-01 -3.168808874453898916e-02 -3.930875436118520527e-01 -3.168808874453898916e-02 -3.930875436118520527e-01 -1.442453042319595813e-01 2.612597373958862601e-01
4.949682108840802730e-02 8.937964446353419135e-02 1.734649174318737552e-01 -2.127537175643284817e-01 1.734649174318737552e-01 -2.127537175643284817e-01 -5.834483763032216608e-02 -8.384085891696428650e-02
4.411824956874714765e-01 -1.013754841150772412e-01 3.233710978025708949e-01 -2.920706611383657725e-01 3.233710978025708949e-01 -2.920706611383657725e-01 -3.517323175206407138e-01 -8.298952160638226050e-02
-7.963219791251097135e-02 -7.635106356170673347e-02 9.431700834188272431e-02 1.116596414747387245e-01 9.431700834188272431e-02 1.116596414747387245e-01 6.747219190375790265e-02 7.583926152433319301e-02
-4.671460617715523789e-01 4.055896325372565503e-02 1.605040628359643007e-01 -2.520624937965196821e-01 1.605040628359643007e-01 -2.520624937965196821e-01 5.050399816785824392e-01 -2.571393767821796295e-01
2.443608893284423544e-01 3.521833762914617916e-01 -1.379903957906840617e-01 1.170811024326482430e-01 -1.379903957906840617e-01 1.170811024326482430e-01 -4.164805754029924922e-01 -2.878624899887956556e-01
-4.370984598191589576e-01 -5.165635951106228863e-02 -1.936551092851078737e-01 -9.744914166439466729e-02 -1.936551092851078737e-01 -9.744914166439466729e-02 3.919406294548588021e-01 -1.367303245872825146e-01
2.649598604516815170e-01 4.982795301717684033e-01 -4.924452237230901863e-01 -6.531119470557356088e-02 -4.924452237230901863e-01 -6.531119470557356088e-02 -5.290080100121639095e-01 -3.202007676341446785e-01
-4.568709636466372626e-01 -3.196094243747252817e-01 4.150484707247769078e-01 9.831628259107016987e-02 4.150484707247769078e-01 9.831628259107016987e-02 1.648304322373816966e-01 2.130285311004616045e-01
-1.681262874601241464e-01 -2.137797916494392769e-01 -1.852819205174259798e-01 3.940159536300797960e-01 -1.852819205174259798e-01 3.940159536300797960e-01 9.624228205208600062e-02 2.312151424319926485e-01
-1.936353284099927574e-01 -2.301511811708205624e-01 -2.567458577926072794e-01 -4.152997092326515816e-02 -2.567458577926072794e-01 -4.152997092326515816e-02 1.045045293100735906e-01 2.456261069566986754e-01
-7.145971853979071753e-02 1.559472667421736292e-01 -3.587508606742345618e-01 -2.452027840096406841e-01 -3.587508606742345618e-01 -2.452027840096406841e-01 9.374761411668150468e-02 -1.367342081116050823e-01
2.406687530036422107e-02 1.995866830533631342e-01 4.413232987251292094e-02 -4.313915021799095140e-01 4.413232987251292094e-02 -4.313915021799095140e-01 -3.367373092568143322e-02 -1.603310534878427673e-01
-8.216375599728420465e-02 4.384310263601531865e-01 -4.748255734275722562e-01 -3.072705607807597605e-01 -4.748255734275722562e-01 -3.072705607807597605e-01 1.542100357402731992e-01 -2.529601442845170745e-01
-8.509416262531277475e-02 -1.163708454568085360e-01 4.857320408866141470e-01 2.613339044061830929e-01 4.857320408866141470e-01 2.613339044061830929e-01 6.528920332901916312e-02 1.226720026162377714e-01
-1.219975913514445010e-01 3.069426929025779183e-01 -2.642281663099801392e-01 4.652324125286794176e-01 -2.642281663099801392e-01 4.652324125286794176e-01 1.968901297855257526e-01 -2.276122884718457251e-01
1.636412576192515234e-01 -1.394772999348238285e-01 4.644957051464699838e-01 -2.124034566723951301e-01 4.644957051464699838e-01 -2.124034566723951301e-01 -1.179927760779072854e-01 1.321527559367223770e-01
-2.048276947802575298e-01 -1.841078553150913288e-01 4.220077491054213814e-01 -1.555827726161479463e-01 4.220077491054213814e-01 -1.555827726161479463e-01 1.294069195900028335e-01 1.760491731548196048e-01
-1.696651789961258761e-01 -3.592586445829830666e-01 -4.923163179558155411e-01 -4.403796212725873405e-01 -4.923163179558155411e-01 -4.403796212725873405e-01 4.775781451797109223e-02 4.595391453267977377e-01
1.110893003188685446e-01 6.113169716415289834e-02 -4.616091946489082609e-01 4.092961633886360584e-02 -4.616091946489082609e-01 4.092961633886360584e-02 -1.246714552494099515e-01 -6.973544541131895813e-02
-4.303394095875545666e-01 -9.426573348107125661e-02 1.452426690832229195e-01 -2.272774311315364226e-01 1.452426690832229195e-01 -2.272774311315364226e-01 3.492068894063906082e-01 -8.204024545436944260e-02
4.424206123971431426e-01 -3.300634653809073615e-01 -3.475793852581533505e-01 -1.017505275476520143e-01 -3.475793852581533505e-01 -1.017505275476520143e-01 -1.503668514296545577e-01 2.432693582862976156e-01
-2.086622815670177156e-01 4.204465606015443946e-01 -2.613083022166451386e-02 4.642809775128533545e-01 -2.613083022166451386e-02 4.642809775128533545e-01 3.841249587912649588e-01 -2.872111980286295996e-01
-1.287288283321036397e-01 4.449057917484059432e-01 -2.631789846794411192e-01 -2.566300744486285090e-01 -2.631789846794411192e-01 -2.566300744486285090e-01 2.432732309119820524e-01 -2.635357394608861537e-01
-4.126208212102036033e-01 4.105218912042584156e-01 2.108316575255864134e-02 3.134694494396496056e-01 2.108316575255864134e-02 3.134694494396496056e-01 7.514005809571375760e-01 -4.122496101425202619e-01
-5.763162618072192878e-03 -4.860961748153159734e-01 -3.136524698636284914e-01 2.290490214224940591e-01 -3.136524698636284914e-01 2.290490214224940591e-01 1.602600111051634066e-04 7.223524519420359002e-01
-1.533699850097359763e-01 3.700257768707971850e-01 3.319938239888063913e-01 -2.373689812795093390e-01 3.319938239888063913e-01 -2.373689812795093390e-01 2.668716807135161351e-01 -2.566290536238468589e-01
2.816594256660813755e-01 -3.112002381339129542e-03 -1.307074184956618090e-01 4.867975625149333352e-01 -1.307074184956618090e-01 4.867975625149333352e-01 -2.799063760592824801e-01 -7.621034512638623359e-02
-6.487738125482789275e-02 -4.440665592722344845e-01 -8.773315132376091618e-02 -2.824738296614811572e-01 -8.773315132376091618e-02 -2.824738296614811572e-01 7.257630317979123225e-03 6.370525937376311232e-01
-1.672400423830507910e-01 -2.661404345166851204e-02 4.519059159905053358e-01 3.650251424395553057e-01 4.519059159905053358e-01 3.650251424395553057e-01 1.583381748733679872e-01 -6.468810157688117957e-04
-1.734116987827605261e-01 -1.747318876993836367e-01 2.725713841805680326e-01 -1.708301996593092342e-01 2.725713841805680326e-01 -1.708301996593092342e-01 1.128105918278232145e-01 1.751915030036507726e-01
-2.713897481669010903e-01 -3.144733392528964444e-02 -3.130951237680477117e-01 4.846293854259615674e-01 -3.130951237680477117e-01 4.846293854259615674e-01 2.543207800978914968e-01 -4.121612667379567774e-02
-1.073383300514085814e-02 -4.473704314981983288e-01 -2.442422280012718216e-01 3.525772561204257860e-01 -2.442422280012718216e-01 3.525772561204257860e-01 1.129833998861920485e-03 6.473955193061002866e-01
-3.352213767757036278e-01 -8.525691580620975429e-02 5.159485048389766959e-02 4.587950376218176141e-01 5.159485048389766959e-02 4.587950376218176141e-01 2.780614953832878378e-01 -1.984771394840136038e-02
4.536599623823226457e-01 3.759929350330687425e-01 -1.550546609838361345e-01 -1.706494146147218283e-01 -1.550546609838361345e-01 -1.706494146147218283e-01 -7.948058439085647908e-01 -4.404296093070176887e-01
4.240151916739524074e-01 -3.356955276570152691e-01 -2.554746804069355504e-01 9.724954632489513084e-02 -2.554746804069355504e-01 9.724954632489513084e-02 -1.393351846667965632e-01 2.685981321756386042e-01
2.157470842863542515e-01 -4.044823944533730842e-01 -1.439316707432011233e-01 -1.683266734052436542e-01 -1.439316707432011233e-01 -1.683266734052436542e-01 -4.121528978939770216e-02 5.215415974980439628e-01
1.942391189527604700e-01 -3.418047598618756400e-01 -1.843192384510168313e-01 -2.941570430342878018e-01 -1.843192384510168313e-01 -2.941570430342878018e-01 -6.145540813389929746e-02 4.209064183945654403e-01
-1.501737149967007356e-01 -4.964265665349308909e-01 3.819086975363026326e-01 -3.594796217354092605e-01 3.819086975363026326e-01 -3.594796217354092605e-01 1.073271557485933059e-03 7.203137578206807445e-01
2.709779736613111556e-01 -3.473290378992143212e-01 2.824911556829052817e-01 -1.041841665487164281e-02 2.824911556829052817e-01 -1.041841665487164281e-02 -8.274093589398748283e-02 3.945374362576179461e-01
4.126771525142096664e-01 -3.259636702274518738e-01 -1.964288836319945108e-01 -3.841181694543791547e-01 -1.964288836319945108e-01 -3.841181694543791547e-01 -1.436416340091182797e-01 2.619135523283666056e-01
3.423330461034712613e-01 -4.528703227709646173e-01 -9.642098350429451070e-02 4.361149318791763818e-01 -9.642098350429451070e-02 4.361149318791763818e-01 -3.226809193537816256e-02 5.407699375631609406e-01
6.410781188396608155e-02 6.788995861181779112e-02 -7.399536066172152093e-02 3.829095670569337972e-01 -7.399536066172152093e-02 3.829095670569337972e-01 -7.281236527495939248e-02 -6.739072367605343505e-02
3.762664517041590662e-01 2.013419421870022985e-01 -3.913466541690884259e-01 -4.727846639539978746e-02 -3.913466541690884259e-01 -4.727846639539978746e-02 -5.277828880360135866e-01 -3.023798071814063904e-01
4.184586465896005247e-01 4.759589849721856947e-02 -6.079280767470640612e-02 2.152912432014287836e-01 -6.079280767470640612e-02 2.152912432014287836e-01 -4.582924771263247044e-01 -2.204381678490612284e-01
-2.334101594427221427e-01 4.232690293671901305e-01 -4.582287098443248441e-01 -1.234061250451726766e-01 -4.582287098443248441e-01 -1.234061250451726766e-01 4.310007427062463314e-01 -2.985926606768238289e-01
1.892518747775440158e-01 1.446103481083067521e-01 2.233035087725629975e-01 -1.008378433653832618e-01 2.233035087725629975e-01 -1.008378433653832618e-01 -2.439874337610046517e-01 -1.595144674351162972e-01
2.624305583027201072e-01 4.900202824416985958e-01 -3.924067047751704784e-01 -3.650168797263741993e-02 -3.924067047751704784e-01 -3.650168797263741993e-02 -5.196231509043831576e-01 -3.187702031685338833e-01
-4.708506821524882646e-01 1.972293949846017913e-01 -3.474226736718613040e-01 4.218161432468443550e-01 -3.474226736718613040e-01 4.218161432468443550e-01 6.565818724905329029e-01 -3.800303256220732839e-01
7.281228776535675351e-02 4.956570373048324596e-01 -4.602591986537259983e-01 -4.384005354660022169e-01 -4.602591986537259983e-01 -4.384005354660022169e-01 -1.449921334316840171e-01 -2.552827679246535419e-01
-3.828949643034104122e-01 -4.977909600531598144e-01 -3.389157399783992997e-01 7.373894625815313741e-02 -3.389157399783992997e-01 7.373894625815313741e-02 1.691660543180373288e-03 5.989782462748964864e-01
-6.589065311453401463e-02 -9.875122026747118475e-02 3.691194927537582160e-01 -2.908958057239952044e-02 3.691194927537582160e-01 -2.908958057239952044e-02 5.287708831597224407e-02 1.041614456039259423e-01
3.931661865670433853e-01 -2.208999213561109176e-01 5.902553534200150054e-02 -4.918465610925606413e-01 5.902553534200150054e-02 -4.918465610925606413e-01 -2.194654271819595492e-01 1.151170463515757414e-01
6.914053205563541749e-02 2.944712764953967277e-01 1.033656921993163502e-01 -2.917713753999495729e-01 1.033656921993163502e-01 -2.917713753999495729e-01 -1.098603335196231268e-01 -2.125383569875046730e-01
-3.655074384642753582e-02 -2.519718675808165775e-01 2.061384693927250655e-01 -4.719810220089190045e-01 2.061384693927250655e-01 -4.719810220089190045e-01 1.813122546952276523e-02 3.141257327572539726e-01
-2.973509486522761813e-01 5.786100881632383341e-02 -4.350140524870484970e-01 -1.424281054643201649e-01 -4.350140524870484970e-01 -1.424281054643201649e-01 3.317610003752993753e-01 -1.429306991394897197e-01
-3.011009081705008361e-01 -4.050880326861971970e-02 2.548741134227135996e-01 -4.696413736908379155e-01 2.548741134227135996e-01 -4.696413736908379155e-01 2.767064332643377478e-01 -4.851199049022492105e-02
1.433284592958725678e-01 -4.156298820960231399e-01 3.894453606733478956e-01 9.448724320159873624e-02 3.894453606733478956e-01 9.448724320159873624e-02 -2.418527801957623402e-02 5.678350337430486672e-01
-2.953513659621574972e-01 -1.940828491032461356e-01 4.648979116352258689e-01 2.452351465154096744e-01 4.648979116352258689e-01 2.452351465154096744e-01 1.807060967772154136e-01 1.445185720435672727e-01
6.342603610163721761e-02 2.136553301853338915e-02 -4.728290722126957668e-01 -4.043785092344680532e-01 -4.728290722126957668e-01 -4.043785092344680532e-01 -6.613629823876565617e-02 -2.493190907293353631e-02
2.914209427703906563e-02 1.931732530029771633e-01 4.327334720570601423e-01 1.542397332597086335e-01 4.327334720570601423e-01 1.542397332597086335e-01 -4.040104057866922282e-02 -1.567066089860767730e-01
-4.014499905965491777e-01 -1.801240620222200883e-01 3.939828050969088613e-01 -5.550861808575757728e-02 3.939828050969088613e-01 -5.550861808575757728e-02 2.568283845864841597e-01 5.140664479163525868e-02
2.383997586209003483e-01 -7.516376433057281314e-02 6.978260730024266056e-02 1.792185680801535730e-01 6.978260730024266056e-02 1.792185680801535730e-01 -2.025617120740067501e-01 2.397891088841114932e-02
-3.928125957684200920e-01 -2.844317628826310562e-01 2.436668469623151090e-01 -6.219798632572171027e-02 2.436668469623151090e-01 -6.219798632572171027e-02 1.693558375745919664e-01 2.110314552248281073e-01
-3.459338791004901159e-01 9.892466791937670756e-03 -2.256717569495927389e-01 -2.217395968503835801e-01 -2.256717569495927389e-01 -2.217395968503835801e-01 3.527781579229056774e-01 -1.294648546022205970e-01
-1.550200403228088053e-01 -2.975755565150008941e-01 -2.168939088274363103e-01 -1.469384568556677539e-01 -2.168939088274363103e-01 -1.469384568556677539e-01 6.275969078273338497e-02 3.620955554485281169e-01
4.681392312157550695e-02 -1.034795386012830054e-01 -1.350105694909916609e-01 -8.908105425299983615e-02 -1.350105694909916609e-01 -8.908105425299983615e-02 -3.712535679210236805e-02 1.119960101123846363e-01
