-2.463203513386168497e-01 -3.919889711339179517e-01 -2.836217552078612592e-02 1.201010534584741052e-01 -2.836217552078612592e-02 1.201010534584741052e-01 5.321062915747762356e-02 4.849706091409659026e-01
5.014742758805157408e-02 4.562059620470553245e-01 2.939972910686757812e-01 2.147114029717908101e-01 2.939972910686757812e-01 2.147114029717908101e-01 -9.590253848203579567e-02 -2.505968467334749317e-01
5.807070778257372723e-03 1.709964315948869773e-01 -2.829158479027863438e-01 -3.845592709576977075e-01 -2.829158479027863438e-01 -3.845592709576977075e-01 -7.793047540459280623e-03 -1.417903740477258201e-01
2.594861401652808208e-01 4.560174218029903193e-01 -4.057195431001610064e-01 2.906614000176915846e-01 -4.057195431001610064e-01 2.906614000176915846e-01 -4.961465414288422915e-01 -3.153985897530197091e-01
-3.104431217429926004e-01 -3.765532362449348636e-01 -1.003831129909105169e-02 3.465484893645094377e-01 -1.003831129909105169e-02 3.465484893645094377e-01 7.664639741838427667e-02 4.219706441339340919e-01
-4.130843823572347695e-01 2.054113678622571104e-01 -4.932612446666685413e-01 3.499831451851429520e-01 -4.932612446666685413e-01 3.499831451851429520e-01 5.827888384023052204e-01 -3.338562447626717278e-01
2.365002639632688419e-01 1.642700591625320117e-01 -2.525848979325584498e-02 -6.784889504624969092e-03 -2.525848979325584498e-02 -6.784889504624969092e-03 -3.142000886696700857e-01 -1.932177816799660885e-01
2.345190530086492808e-01 1.478457833611274141e-01 4.837611791643730008e-01 -3.214669159396559284e-01 4.837611791643730008e-01 -3.214669159396559284e-01 -3.038643592189963494e-01 -1.809865939275356328e-01
-1.193601083646751437e-01 2.134477813710674576e-01 1.113168751711405280e-01 -3.199237240536741966e-01 1.113168751711405280e-01 -3.199237240536741966e-01 1.703144089939753469e-01 -1.821346614676634390e-01
4.074646464280812230e-01 -3.484118643897828882e-01 -2.558767276479746444e-01 -3.527744989390335650e-01 -2.558767276479746444e-01 -3.527744989390335650e-01 -1.235336121582182867e-01 3.037752535485860883e-01
4.437975058830455621e-01 4.905261929788566899e-01 -4.690280759205345262e-01 4.562642446951812314e-01 -4.690280759205345262e-01 4.562642446951812314e-01 -8.791861079116898292e-01 -4.468664732085380065e-01
-2.205463958093931698e-01 3.491222369578498297e-01 -8.606335399264020136e-02 3.238896469478471651e-01 -8.606335399264020136e-02 3.238896469478471651e-01 3.745416979253265444e-01 -2.758766133239103358e-01
-1.525486632889443417e-01 4.532345658901082430e-02 3.955358096916704591e-01 -2.085228536593289883e-01 3.955358096916704591e-01 -2.085228536593289883e-01 1.663767287255205340e-01 -6.654033554307858811e-02
-9.040861033235059185e-02 -1.423348640290721390e-01 2.037267226119121588e-01 2.838578269721773184e-01 2.037267226119121588e-01 2.838578269721773184e-01 6.467201581492561246e-02 1.544203607250197730e-01
-6.472369180971504488e-02 -1.197968651280568730e-01 -2.288784126921207251e-01 -2.990039157300738992e-01 -2.288784126921207251e-01 -2.990039157300738992e-01 4.921630105307833736e-02 1.299589977410877395e-01
-4.153383889795897455e-01 6.297863817107940410e-02 3.105277130166871347e-01 -1.550623924843033130e-01 3.105277130166871347e-01 -1.550623924843033130e-01 4.676532812157989660e-01 -2.315183066653566657e-01
1.669277715396260131e-01 1.780825165712107694e-01 2.809243049057060793e-01 3.730903258765423391e-01 2.809243049057060793e-01 3.730903258765423391e-01 -2.263816068224274725e-01 -1.742340147740607803e-01
-2.330977031947863987e-01 -3.515668687165425244e-01 2.201290763283436647e-02 4.807578788787933988e-01 2.201290763283436647e-02 4.807578788787933988e-01 6.919884396036826701e-02 4.208315926610124436e-01
-8.929249407677364303e-03 3.887982067957123089e-01 -4.214410656798347476e-01 -3.101128844745651980e-01 -4.214410656798347476e-01 -3.101128844745651980e-01 1.587260172315063667e-02 -2.377138926831353360e-01
-6.426525875600030968e-02 3.873367944360613935e-01 -2.158082297460317545e-02 3.070497988750754415e-01 -2.158082297460317545e-02 3.070497988750754415e-01 1.140498573963066864e-01 -2.414370255950333832e-01
9.568811706833446618e-02 7.337270471597012733e-02 6.571403933005348641e-02 3.391371525184314617e-01 6.571403933005348641e-02 3.391371525184314617e-01 -1.097299089852986353e-01 -7.714536666671646670e-02
2.842874859235720031e-01 1.787381750390851787e-01 2.563656260481150806e-01 2.546869972062989484e-01 2.563656260481150806e-01 2.546869972062989484e-01 -3.859135387644297421e-01 -2.276102144755276779e-01
-2.712060778829766816e-01 -8.387274544741185611e-02 -2.497846134372624372e-01 -1.743176131032208032e-01 -2.497846134372624372e-01 -1.743176131032208032e-01 2.257124812148369741e-01 1.735464619563098498e-02
-3.843713461331050851e-01 1.403539835590614793e-01 4.227770142236245698e-01 -1.113166562634925194e-01 4.227770142236245698e-01 -1.113166562634925194e-01 4.922674453245854398e-01 -2.683960745863394615e-01
-3.190351639748976176e-01 3.525749277335588072e-01 2.844731029204655703e-01 8.477515481400410557e-03 2.844731029204655703e-01 8.477515481400410557e-03 5.440027637407248706e-01 -3.300492839197243788e-01
4.839657157628715067e-01 -3.185773074629824064e-01 -4.608106803460625400e-01 1.763161351254114440e-01 -4.608106803460625400e-01 1.763161351254114440e-01 -1.756047264986101974e-01 1.858459942594775094e-01
-8.096596544769962822e-02 1.996343827122788461e-01 9.299920798414684775e-03 -2.219025871262404470e-01 9.299920798414684775e-03 -2.219025871262404470e-01 1.132931465134100479e-01 -1.663359835122443231e-01
-2.282065824084605898e-01 -3.333038458723923680e-01 -1.780145498722133235e-01 -3.387709532251929057e-01 -1.780145498722133235e-01 -3.387709532251929057e-01 7.608231926819067348e-02 3.923170552911703357e-01
2.031298800517051806e-01 -1.831557659994086373e-01 -3.503572344461753918e-01 2.471108912992884266e-01 -3.503572344461753918e-01 2.471108912992884266e-01 -1.287210624952290772e-01 1.754400524484186485e-01
1.515013891215800657e-01 -4.865889783287892234e-01 -3.320097134305437514e-01 -3.353986256743408667e-01 -3.320097134305437514e-01 -3.353986256743408667e-01 -4.063576825456105546e-03 7.004051412540757138e-01
4.375715839509419780e-01 4.993640396351306521e-01 -2.971607802039999413e-02 2.330677780699208501e-02 -2.971607802039999413e-02 2.330677780699208501e-02 -8.745866115335121371e-01 -4.414684866357505566e-01
3.904578386460342276e-01 -2.399545641335565360e-01 5.612296545630501843e-02 7.565394562394289757e-02 5.612296545630501843e-02 7.565394562394289757e-02 -2.030735576763548489e-01 1.450754332219491571e-01
-3.417765928152005639e-01 -3.638257487144296309e-01 -4.659346871784778576e-01 3.802573108487163900e-01 -4.659346871784778576e-01 3.802573108487163900e-01 9.308234326708636486e-02 3.793836847456775185e-01
-5.865929562732996594e-02 1.718524705164677924e-01 4.798979887955281409e-01 -4.454958378174455058e-01 4.798979887955281409e-01 -4.454958378174455058e-01 7.882078537195494339e-02 -1.457601118573488563e-01
3.841978639752682279e-01 -3.318696703103022339e-01 2.195301641990461405e-01 2.616255140026183534e-01 2.195301641990461405e-01 2.616255140026183534e-01 -1.291906270724790251e-01 2.943991496990122081e-01
2.652433965306144614e-01 -4.552811758826323940e-01 -8.338226747483445944e-02 -3.630747416663713256e-01 -8.338226747483445944e-02 -3.630747416663713256e-01 -2.372274559549147899e-02 5.922080655926080794e-01
-1.458544618206346621e-01 1.846575726665048434e-01 2.379436146701907617e-02 3.345137956570811699e-01 2.379436146701907617e-02 3.345137956570811699e-01 1.997207235853902807e-01 -1.718326775564062991e-01
2.282694401932469086e-01 2.094779588302756457e-01 4.742549766690878910e-01 1.261778244011166894e-01 4.742549766690878910e-01 1.261778244011166894e-01 -3.239042729832690148e-01 -2.177038809207153258e-01
3.351992446551523841e-01 4.636292785722830878e-01 -5.005549819559296232e-02 -2.286580424193661587e-01 -5.005549819559296232e-02 -2.286580424193661587e-01 -6.460156126100373708e-01 -3.610357042402121408e-01
1.977288245972708136e-01 -4.351006396648858798e-01 -1.714875830714667204e-01 3.722531577061771735e-02 -1.714875830714667204e-01 3.722531577061771735e-02 -2.566494847235370469e-02 5.853165182250604781e-01
4.069351140476340500e-01 1.488742579496097340e-01 -2.855496602564752129e-01 -4.497739416270717383e-01 -2.855496602564752129e-01 -4.497739416270717383e-01 -5.280994403225967027e-01 -2.923069003145237210e-01
-1.563797292603041900e-01 3.807601642433009470e-01 4.585047889216292694e-01 3.173930149931943889e-01 4.585047889216292694e-01 3.173930149931943889e-01 2.754660720552569164e-01 -2.602364812922414727e-01
2.345191799960761880e-01 1.281842029389644866e-01 2.692206175863725015e-01 1.950033989432633508e-01 2.692206175863725015e-01 1.950033989432633508e-01 -2.946424883194693201e-01 -1.667522588418988427e-01
-1.688254969088772706e-01 2.203947755349259241e-01 -3.101859521949412724e-01 2.206657226045134479e-01 -3.101859521949412724e-01 2.206657226045134479e-01 2.432420119004859438e-01 -2.003229668583648704e-01
4.539559739542826655e-01 -1.353706469179052352e-01 -4.645927765222925832e-01 -2.858571350108417564e-01 -4.645927765222925832e-01 -2.858571350108417564e-01 -3.310513462214046965e-01 -5.238016732390396446e-02
-3.815544836664152006e-01 7.352991783833928707e-02 4.928269577652508726e-01 1.995833514019680344e-01 4.928269577652508726e-01 1.995833514019680344e-01 4.376658233360981587e-01 -2.137070930269710789e-01
2.554517782974108364e-03 2.700155538880211203e-02 4.320980172595295654e-01 -3.999496035100789104e-01 4.320980172595295654e-01 -3.999496035100789104e-01 -2.692469689791419148e-03 -2.627899695649109357e-02
2.243970059375852699e-01 1.068268842823968390e-01 1.184578019747010158e-01 -4.196710578285103299e-01 1.184578019747010158e-01 -4.196710578285103299e-01 -2.723402719108067305e-01 -1.457689173506649116e-01
3.610143117530719703e-01 3.624711223109970959e-01 4.693742368165914058e-01 3.873041972702906399e-01 4.693742368165914058e-01 3.873041972702906399e-01 -6.227288372560083607e-01 -3.614171410921475092e-01
-1.067532716334443910e-01 3.287729376848287366e-01 -7.457747237451328726e-02 3.949361452676014572e-01 -7.457747237451328726e-02 3.949361452676014572e-01 1.769484450782324025e-01 -2.320775541353604088e-01
3.437069939906554072e-01 -3.970792205643268735e-01 -7.041755709633057414e-03 -3.127778115826463923e-01 -7.041755709633057414e-03 -3.127778115826463923e-01 -7.074918343802094611e-02 4.366166302502078045e-01
6.278361313608504801e-02 -2.266444725375761360e-01 -1.073674272311757605e-01 -4.786265533486914192e-01 -1.073674272311757605e-01 -4.786265533486914192e-01 -3.432449536962257908e-02 2.740704073909906446e-01
-1.686857652262859775e-01 3.959477652886734811e-01 3.010448702715240454e-01 4.513184701575418956e-01 3.010448702715240454e-01 4.513184701575418956e-01 3.022672687810015191e-01 -2.676280198415567080e-01
-4.661223821015908486e-01 1.355676318258011159e-01 1.040195173435712883e-01 -3.435886208264948838e-01 1.040195173435712883e-01 -3.435886208264948838e-01 5.925045970666185102e-01 -3.344591241230066014e-01
-2.839105044196236216e-01 -4.372481869733680915e-01 -3.596628289804828515e-01 2.001224589016824540e-01 -3.596628289804828515e-01 2.001224589016824540e-01 3.563179777927394376e-02 5.478289894650604230e-01
-4.383709060733816942e-01 -4.583235408393275812e-01 -4.418202624323332994e-01 -4.565732998045468616e-01 -4.418202624323332994e-01 -4.565732998045468616e-01 3.653949432838848876e-02 4.762149576352286973e-01
3.455391004159390489e-01 -1.190769340685338129e-02 -3.956597388788818392e-01 -1.115404104565513865e-01 -3.956597388788818392e-01 -1.115404104565513865e-01 -3.373099530802731727e-01 -1.073477833471314091e-01
3.679683291284061575e-01 -3.817299509435485572e-01 2.143405728943367228e-01 -3.066820380569934557e-03 2.143405728943367228e-01 -3.066820380569934557e-03 -8.703926467447414828e-02 3.920470151493614663e-01
-6.683134619116593012e-02 -1.708048313451053790e-01 -3.349838379376940400e-01 2.002183971474058577e-01 -3.349838379376940400e-01 2.002183971474058577e-01 4.400111256166903961e-02 1.955126929222117949e-01
-2.269038233619029565e-01 -9.290679399659096394e-02 -2.488062800104855476e-01 4.575895169311209321e-01 -2.488062800104855476e-01 4.575895169311209321e-01 1.847420098136565991e-01 5.005312131106629675e-02
-7.398223977465590018e-02 1.157777728371819359e-01 -7.258883574263130800e-02 -4.397427605549714125e-01 -7.258883574263130800e-02 -4.397427605549714125e-01 9.111323767588797029e-02 -1.078466519561185055e-01
-1.134287173563706119e-01 4.336373047981617601e-01 4.379194248891852270e-01 1.833396432965392897e-01 4.379194248891852270e-01 1.833396432965392897e-01 2.118025639186286724e-01 -2.584620666066593242e-01
-1.281662936371399386e-01 2.130318993270460259e-01 4.597671570997319268e-02 -3.391754361897407755e-01 4.597671570997319268e-02 -3.391754361897407755e-01 1.827733115635955530e-01 -1.840759080208389242e-01
1.361340147641433296e-01 3.860541914683512932e-02 -2.035738017394580490e-01 -4.000687501742888896e-01 -2.035738017394580490e-01 -4.000687501742888896e-01 -1.466450361643657219e-01 -5.564751073513629631e-02
3.100822671084134674e-01 -2.214889045012357061e-01 4.665946692716885780e-01 -2.534062945435889835e-01 4.665946692716885780e-01 -2.534062945435889835e-01 -1.727227038142093718e-01 1.743952269432997304e-01
7.258116742440723357e-02 -1.681854680042260686e-02 -9.894331134929634786e-02 -4.005937736721720821e-01 -9.894331134929634786e-02 -4.005937736721720821e-01 -7.013974790209383248e-02 1.183338445221077811e-02
3.723839842064726735e-01 2.793451413202147071e-01 -2.923821855606135722e-01 3.479675219901317007e-01 -2.923821855606135722e-01 3.479675219901317007e-01 -5.804312975935561614e-01 -3.399812650344904430e-01
-3.772107472339840673e-01 1.366457718486638884e-01 -4.134723324937348288e-01 6.135479773037200157e-02 -4.134723324937348288e-01 6.135479773037200157e-02 4.802992546447820699e-01 -2.602616527133674307e-01
4.425858497269802294e-01 4.077027032032675136e-01 -3.682574366008311006e-01 7.698624021737987544e-02 -3.682574366008311006e-01 7.698624021737987544e-02 -8.034727443933902258e-01 -4.373634433825689949e-01
4.074622090196785562e-01 -4.614018240278143779e-01 1.887244431124929234e-01 2.683534707333037339e-01 1.887244431124929234e-01 2.683534707333037339e-01 -3.145459609151407543e-02 5.082680154648123727e-01
4.199873476978978060e-01 2.585064751963139784e-02 -2.035648767239855994e-01 1.888301707471319313e-01 -2.035648767239855994e-01 1.888301707471319313e-01 -4.417012374739842651e-01 -2.015717637687620689e-01
2.190984938726487918e-01 1.745277745388550406e-01 -3.724402381624740688e-01 1.752956347627278033e-01 -3.724402381624740688e-01 1.752956347627278033e-01 -2.955760389534655141e-01 -1.920719804706327305e-01
1.118123486017290613e-01 -4.120912892250235826e-01 2.641472562238235122e-01 2.618032472094014018e-01 2.641472562238235122e-01 2.618032472094014018e-01 -1.965855882860047255e-02 5.694085185803310356e-01
-2.119009283784673014e-01 2.975789017368818401e-01 9.111122952723527124e-02 -2.866614975779240293e-01 9.111122952723527124e-02 -2.866614975779240293e-01 3.380154194662472467e-01 -2.539277024256094140e-01
-9.155613984798527394e-02 -4.990933297847109928e-01 -4.385189985544676317e-01 5.254241637458467729e-02 -4.385189985544676317e-01 5.254241637458467729e-02 1.660224500540097292e-04 7.398049548764373817e-01
-2.141432244098343540e-01 1.759230599713342835e-01 -3.858214547479881240e-01 -4.551610750487320445e-01 -3.858214547479881240e-01 -4.551610750487320445e-01 2.894886870304467230e-01 -1.908314575022972692e-01
3.928757952271612064e-01 3.634380323525111534e-01 3.737646529559325304e-01 -1.371722805523956090e-01 3.737646529559325304e-01 -1.371722805523956090e-01 -6.784478071797364063e-01 -3.857022194676205107e-01
-2.652829469171583687e-01 2.608941450270216844e-01 -7.713577191223564000e-03 2.241765185138133720e-01 -7.713577191223564000e-03 2.241765185138133720e-01 4.037044821695600083e-01 -2.632034320426929197e-01
2.639920470887439086e-01 -1.238038976727440232e-02 1.004506505898294932e-02 -3.412782315765148233e-01 1.004506505898294932e-02 -3.412782315765148233e-01 -2.574553982119052731e-01 -5.715813710804154568e-02
-1.336638607484657015e-01 -1.010457380491933677e-01 -3.876994545332961284e-01 1.288332539027181589e-01 -3.876994545332961284e-01 1.288332539027181589e-01 1.066515338287990500e-01 9.338995155691434680e-02
2.329987175959949974e-01 -3.033318838455761890e-01 9.081721044706780877e-02 -2.085929609205948720e-01 9.081721044706780877e-02 -2.085929609205948720e-01 -9.164683771200188289e-02 3.410537132015040718e-01
3.796184358823785354e-01 -1.125834138025008091e-01 4.497766405424931113e-01 -4.790153058979860212e-01 4.497766405424931113e-01 -4.790153058979860212e-01 -2.941409569743706487e-01 -1.885171799585760866e-02
4.550659376731658323e-01 -3.270382215893108402e-02 3.822895265341269555e-01 -3.594743137510292286e-02 3.822895265341269555e-01 -3.594743137510292286e-02 -4.253011466806649876e-01 -1.733116454876235668e-01
-3.746334770517001367e-02 -1.517063463157526382e-01 -4.404261817018325642e-01 -4.742875565622430845e-01 -4.404261817018325642e-01 -4.742875565622430845e-01 2.609649250295405579e-02 1.733176594069492371e-01
2.237325107488372655e-01 1.274914756817987493e-01 3.599336313668544118e-01 -2.469395035462736976e-01 3.599336313668544118e-01 -2.469395035462736976e-01 -2.807804866555635992e-01 -1.612936356762546541e-01
4.613037970526182585e-01 3.825263069871212007e-01 -4.582367588889919574e-01 1.364136222457532632e-01 -4.582367588889919574e-01 1.364136222457532632e-01 -8.142254728239672890e-01 -4.490011246250791288e-01
1.970514378816955459e-01 2.433181526090149038e-01 2.708084330336498757e-01 4.590205511486907808e-01 2.708084330336498757e-01 4.590205511486907808e-01 -2.929438215503439857e-01 -2.229436983911947667e-01
1.849288487479598952e-01 2.699565942840524979e-01 -2.636395067979535600e-01 2.380243228102462139e-01 -2.636395067979535600e-01 2.380243228102462139e-01 -2.847743731336997430e-01 -2.312787105858538084e-01
1.770673327088303495e-01 -4.488841086330389585e-01 -2.863757426372468551e-01 3.824524070789248054e-01 -2.863757426372468551e-01 3.824524070789248054e-01 -1.810190908676423405e-02 6.190282113036972289e-01
4.617533177458597038e-01 6.619317772766719621e-02 -4.147819570836489556e-01 1.647829809827821013e-01 -4.147819570836489556e-01 1.647829809827821013e-01 -5.228831566016430843e-01 -2.750277673992895244e-01
-2.503608082714003924e-02 -1.929909300497842928e-01 1.242428037351472891e-02 1.798183067975481775e-01 1.242428037351472891e-02 1.798183067975481775e-01 1.537260777987738136e-02 2.296096237880819457e-01
4.086404125688186673e-01 2.642317144570949239e-01 -4.264201653908287204e-01 -1.194860618974565858e-01 -4.264201653908287204e-01 -1.194860618974565858e-01 -6.245919261878457585e-01 -3.614003023165734962e-01
1.433085213145025572e-01 2.698851718417816237e-01 -4.656072101309618461e-01 -1.960135497859578635e-01 -4.656072101309618461e-01 -1.960135497859578635e-01 -2.206622111172148459e-01 -2.175844981430628544e-01
-2.676256977466813236e-01 -3.251136116442595592e-01 -4.495284830703470957e-01 2.494994052809277330e-01 -4.495284830703470957e-01 2.494994052809277330e-01 9.360818342020424399e-02 3.591889580262359605e-01
4.762744547762417513e-01 -1.236243786339500383e-01 -2.446329584017364889e-01 -4.796134364578900078e-01 -2.446329584017364889e-01 -4.796134364578900078e-01 -3.585161877143693276e-01 -8.792999064582604496e-02
-2.164947207142386976e-02 3.712789272999650336e-01 4.162408434143902713e-01 4.862155184700123201e-03 4.162408434143902713e-01 4.862155184700123201e-03 3.772545760600148207e-02 -2.338995850839236668e-01
-3.023149253997469144e-01 -4.814291054269154158e-01 2.558149872286568094e-01 1.320459372668613129e-01 2.558149872286568094e-01 1.320459372668613129e-01 1.122851721493728361e-02 6.218087748596208275e-01
2.646564783003417798e-01 1.631550967011152764e-02 -2.207614484469967442e-01 4.763429223899618981e-01 -2.207614484469967442e-01 4.763429223899618981e-01 -2.732924889622755371e-01 -8.609236532065531189e-02
-1.354468246742441817e-01 -2.019868990886477533e-01 -1.118459401231045591e-01 -4.684664549702172165e-01 -1.118459401231045591e-01 -4.684664549702172165e-01 8.072985645953553724e-02 2.244397641777598762e-01
4.388939793192659922e-01 -1.424846802321233508e-01 4.928617852252418219e-01 1.105077224186679086e-01 4.928617852252418219e-01 1.105077224186679086e-01 -3.138226427210464298e-01 -2.984136074972651431e-02
-1.660974468121477754e-01 3.066939353077904329e-01 3.403786404614743688e-01 -3.338842323577823068e-01 3.403786404614743688e-01 -3.338842323577823068e-01 2.679796060269358238e-01 -2.402211271907255530e-01
4.085094844419104865e-01 4.941125827869710108e-01 4.492856461212014763e-01 2.699996092283339921e-01 4.492856461212014763e-01 2.699996092283339921e-01 -8.122088373430431663e-01 -4.168453371975552324e-01
-3.056010950564786999e-01 -4.659448571033200093e-01 -3.965744846547432090e-01 -5.240885206732170953e-02 -3.965744846547432090e-01 -5.240885206732170953e-02 2.081457792306051768e-02 5.896574376646344096e-01
