3.638367270431518419e-01 -2.174721287687785276e-01 -6.675844532584562785e-02 -3.462614606645811888e-01 -6.675844532584562785e-02 -3.462614606645811888e-01 -2.055880319344733642e-01 1.323890916145297469e-01
4.969130231917586737e-01 -2.998262688456654335e-01 -1.687710601140560707e-01 3.318909289670524121e-02 -1.687710601140560707e-01 3.318909289670524121e-02 -1.989378678229494213e-01 1.427995077180053973e-01
2.166839523021432123e-01 -2.474989025561334932e-01 3.414352649802814277e-01 -4.132148591372438728e-01 3.414352649802814277e-01 -4.132148591372438728e-01 -1.094258715095311751e-01 2.618026741373464805e-01
1.596387129554248663e-01 1.101603011595380099e-01 -2.074082291081617013e-01 -1.830156030943188572e-01 -2.074082291081617013e-01 -1.830156030943188572e-01 -1.948104103472061421e-01 -1.235095278820424330e-01
-4.880236425779254095e-01 2.762020053728750923e-01 4.243919852863902165e-01 -3.493505826960929816e-01 4.243919852863902165e-01 -3.493505826960929816e-01 7.576098600767218194e-01 -4.380815333159040481e-01
-2.272542933242197583e-01 -1.351170359687841049e-01 -4.857714948807971833e-01 -1.733223621932596936e-01 -4.857714948807971833e-01 -1.733223621932596936e-01 1.658424402739213377e-01 1.017291355434832845e-01
-8.046582206636676560e-04 1.453981556959499377e-01 -1.710346731845618917e-01 4.909147504142384877e-01 -1.710346731845618917e-01 4.909147504142384877e-01 1.038649863163831639e-03 -1.242581794910183196e-01
-7.499712275185621557e-02 -1.635020869253197562e-01 3.034485869220800991e-01 -8.469966500771541895e-02 3.034485869220800991e-01 -8.469966500771541895e-02 5.047275058521047408e-02 1.846104509331975840e-01
-4.422896597839370836e-01 -3.852868916387515164e-01 -1.415057062552522726e-01 -7.794861722176904539e-02 -1.415057062552522726e-01 -7.794861722176904539e-02 1.014728433397090179e-01 3.381127373556117588e-01
-4.824656852569351173e-01 -3.428635379957266638e-01 4.372535626951281618e-01 -9.663590906302799155e-02 4.372535626951281618e-01 -9.663590906302799155e-02 1.516259016394841397e-01 2.276458062322297971e-01
3.572744718510953987e-01 -1.993608444764604082e-01 4.438745057870491229e-01 5.786407625551048817e-02 4.438745057870491229e-01 5.786407625551048817e-02 -2.148213910148638883e-01 1.114605425503486930e-01
-1.536874253687974257e-01 1.518729740250149840e-01 -2.222277391274559699e-01 2.028679329960132449e-01 -2.222277391274559699e-01 2.028679329960132449e-01 2.003693580908110228e-01 -1.524273985023017752e-01
-3.115068048117570765e-01 -2.981627585268619152e-01 3.633625043945926114e-01 -3.810276779199949226e-01 3.633625043945926114e-01 -3.810276779199949226e-01 1.257473483666326219e-01 2.900272996551795934e-01
2.546590847056995344e-02 -1.398825413064432865e-01 4.851926309419537509e-01 3.141772885621806344e-01 4.851926309419537509e-01 3.141772885621806344e-01 -1.834143648348874125e-02 1.588011541745606436e-01
-3.716640830993913625e-01 7.353559634913942045e-02 -7.997794744702935166e-02 -5.435630350575870740e-02 -7.997794744702935166e-02 -5.435630350575870740e-02 4.263251630839310913e-01 -2.062623030848271533e-01
-1.385407514064557200e-01 8.521108245154462857e-02 -9.717058908612286050e-02 -3.882481535014991048e-01 -9.717058908612286050e-02 -3.882481535014991048e-01 1.621511661884446065e-01 -9.714369367924605148e-02
1.307421009778592103e-01 -3.486120775558562146e-01 1.077054256413655375e-01 6.617363835511691494e-02 1.077054256413655375e-01 6.617363835511691494e-02 -3.958555008604112968e-02 4.530489612055618176e-01
1.588476927089473856e-01 -3.728223705101204599e-01 -4.164046235432069532e-01 4.895009282453672839e-01 -4.164046235432069532e-01 4.895009282453672839e-01 -4.040374601732149573e-02 4.865863009839498377e-01
3.596008386557211223e-01 1.298662501930475388e-01 -4.351079590170676692e-01 -4.979598662130582110e-01 -4.351079590170676692e-01 -4.979598662130582110e-01 -4.530008636207083494e-01 -2.423137704157422856e-01
4.233831863416182006e-01 -6.090770936747502695e-02 8.770682736773627308e-02 4.703397636781088131e-01 8.770682736773627308e-02 4.703397636781088131e-01 -3.718085862120765750e-01 -1.146358640489135716e-01
9.050780402837654837e-02 3.066822888726432605e-01 2.259459454866833417e-01 9.797914234215898688e-02 2.259459454866833417e-01 9.797914234215898688e-02 -1.460220850288948824e-01 -2.208199251545188702e-01
2.762920242617205036e-01 4.587863745783862246e-01 6.475455284457476424e-02 -4.763295287978442927e-01 6.475455284457476424e-02 -4.763295287978442927e-01 -5.298100565336369971e-01 -3.246387197502460520e-01
-1.542894058076753616e-01 -1.493968072487837917e-01 -3.848588906266176002e-01 -3.274261816367133315e-01 -3.848588906266176002e-01 -3.274261816367133315e-01 1.081887165677180435e-01 1.479109925204285247e-01
2.964808960053527676e-01 -1.242891068529526910e-01 -3.790606670548020141e-01 -3.789266353215126060e-02 -3.790606670548020141e-01 -3.789266353215126060e-02 -2.227822044784158739e-01 5.183596723912056725e-02
-2.478465470000197346e-01 -1.347441985265926956e-01 -1.225035907522780132e-01 -4.468104955947516110e-02 -1.225035907522780132e-01 -4.468104955947516110e-02 1.810547783338174455e-01 9.147228670333353018e-02
1.136733190422102302e-01 3.215624027792836070e-01 -1.137114405589854105e-01 -1.254687144559752943e-01 -1.137114405589854105e-01 -1.254687144559752943e-01 -1.867794502484286800e-01 -2.310816473601695065e-01
-1.669043005163614035e-01 -7.118297694003572484e-02 1.726729856547264408e-01 5.601592963714552287e-02 1.726729856547264408e-01 5.601592963714552287e-02 1.431428105666635031e-01 4.839294761522550115e-02
-9.075003880643239818e-02 -1.755823148331915329e-01 1.623661451747848705e-02 4.686698964046751570e-01 1.623661451747848705e-02 4.686698964046751570e-01 5.888183503676167052e-02 1.981758945720045462e-01
-1.562694342202213260e-01 -1.248643882361571977e-01 3.713757531462177353e-01 4.792466022320106545e-01 3.713757531462177353e-01 4.792466022320106545e-01 1.172444596123846383e-01 1.160353676142389101e-01
3.305530687908154741e-01 2.653704051447791645e-02 -3.213726456969011602e-01 -3.884241715504898051e-01 -3.213726456969011602e-01 -3.884241715504898051e-01 -3.480968691481892141e-01 -1.350981572822364529e-01
1.898584792392357112e-01 3.161224137380107546e-01 1.871780644058965715e-01 2.707030236181093841e-01 1.871780644058965715e-01 2.707030236181093841e-01 -3.098955206907061388e-01 -2.522352754094999705e-01
-1.467791963274408529e-01 1.016274212007348687e-01 4.403882278046108434e-01 -1.684567560596438307e-01 4.403882278046108434e-01 -1.684567560596438307e-01 1.766127787447892283e-01 -1.128434209353527257e-01
-1.534713702094097076e-01 -3.233548352698550898e-01 -4.803099845505275356e-01 -1.311704396795457805e-01 -4.803099845505275356e-01 -1.311704396795457805e-01 5.421995094400446080e-02 4.043597232882965020e-01
-4.433137336727825950e-01 4.780205748671164656e-01 -4.063804748430372982e-01 -3.278369016686643045e-01 -4.063804748430372982e-01 -3.278369016686643045e-01 8.671399053062851525e-01 -4.460439713337308043e-01
3.713771844166463554e-01 2.261525835202982115e-01 3.335319171290915818e-01 4.170692415434376077e-01 3.335319171290915818e-01 4.170692415434376077e-01 -5.393530038492839740e-01 -3.129286055926284726e-01
-1.151949625854516990e-01 -2.837556326529155903e-03 -4.591123440364310859e-01 2.121536101730655544e-01 -4.591123440364310859e-01 2.121536101730655544e-01 1.145412181957144171e-01 -1.042427135262823448e-02
1.137055535512614401e-01 -1.190059226008410853e-02 3.961703164950458600e-02 -4.432879285206692277e-01 3.961703164950458600e-02 -4.432879285206692277e-01 -1.109992266902199987e-01 -8.867365521739011686e-04
-4.003988560835367583e-01 3.185389976988246552e-01 1.482452236506228704e-01 -4.570714802575523983e-01 1.482452236506228704e-01 -4.570714802575523983e-01 6.554841566767481975e-01 -3.773911485968576285e-01
-1.297469568787827932e-01 -3.834334201725242419e-01 -2.681634310262961396e-01 -4.903884276784465923e-01 -2.681634310262961396e-01 -4.903884276784465923e-01 3.024831801276538223e-02 5.136203350584189753e-01
-1.685534367290685287e-01 -8.121505768173198359e-02 7.898332386614193013e-03 -2.896988115126015728e-01 7.898332386614193013e-03 -2.896988115126015728e-01 1.411752825562576086e-01 5.940068224279893006e-02
-2.308235276453951546e-02 2.279170750490164821e-01 -1.158463497378455775e-01 2.357280316558568733e-01 -1.158463497378455775e-01 2.357280316558568733e-01 3.360407741922636499e-02 -1.765036769592641108e-01
3.170886825696691558e-01 -2.451373660792832698e-01 3.060239517453572367e-01 -2.099852192468931733e-02 3.060239517453572367e-01 -2.099852192468931733e-02 -1.616281136523118889e-01 2.046844617138033895e-01
1.071513282276902457e-01 -3.260740858782442686e-01 -2.071901614324987984e-01 -4.880104355712366893e-01 -2.071901614324987984e-01 -4.880104355712366893e-01 -3.727278542272262352e-02 4.209169882186186706e-01
2.283094463286277076e-01 -8.687609782918492840e-03 2.114000056651721415e-01 -3.974240272456586176e-01 2.114000056651721415e-01 -3.974240272456586176e-01 -2.243425195697131280e-01 -4.336211893622578251e-02
-1.563010230267852796e-01 3.843087815767881610e-01 1.908684584611236579e-01 6.003700423421887145e-02 1.908684584611236579e-01 6.003700423421887145e-02 2.764367344640439872e-01 -2.610455517789723734e-01
-4.179681661028560313e-01 7.816057317013436201e-02 2.113725983299100664e-01 2.436773837249514019e-01 2.113725983299100664e-01 2.436773837249514019e-01 4.833054289617943478e-01 -2.467488858472350888e-01
-8.041034957793469218e-02 -1.307795686390791357e-01 4.258169003898885085e-01 3.403784793258146646e-01 4.258169003898885085e-01 3.403784793258146646e-01 5.937828791409497514e-02 1.414170398932570738e-01
4.430409501658720828e-01 9.834337195874520710e-02 -2.792882262712000907e-01 -3.361362457979885088e-01 -2.792882262712000907e-01 -3.361362457979885088e-01 -5.301812320761085662e-01 -2.849572366744078655e-01
3.343715027909192061e-01 2.771952027084975123e-01 -2.919264623570579920e-01 -4.081536337037745543e-01 -2.919264623570579920e-01 -4.081536337037745543e-01 -5.197438557830668104e-01 -3.121623241825501882e-01
1.417193905198542714e-01 1.031517850295653460e-01 -3.248307695271290818e-01 3.652167818162922464e-01 -3.248307695271290818e-01 3.652167818162922464e-01 -1.709566067307043413e-01 -1.125958799240986408e-01
-4.795836705717704262e-03 1.975293346552234874e-01 4.459481392610553652e-01 4.748627313623026147e-01 4.459481392610553652e-01 4.748627313623026147e-01 6.690473572908738412e-03 -1.585344966555961022e-01
-3.900436529420248100e-01 4.521436579857198712e-01 -4.155614024832714470e-01 -3.783862514813490785e-01 -4.155614024832714470e-01 -3.783862514813490785e-01 7.427551809726642418e-01 -3.998438217293709407e-01
3.650713425760195863e-01 -1.873860847128530072e-01 3.462468562224836344e-01 2.574974613764147158e-02 3.462468562224836344e-01 2.574974613764147158e-02 -2.282527635236496211e-01 8.922254428660805758e-02
-4.434466114320310126e-01 1.628555932315771670e-01 -4.919696522744683165e-01 3.281675098406480195e-01 -4.919696522744683165e-01 3.281675098406480195e-01 5.878821333746232503e-01 -3.329785461753189679e-01
-4.170004349931071275e-01 2.492597710919031151e-02 -3.778037337510229410e-01 -1.908162849013627094e-01 -3.778037337510229410e-01 -1.908162849013627094e-01 4.377887215874283200e-01 -1.981940355587829827e-01
4.622533159682722381e-01 -2.773643000667149749e-01 1.779135912969550537e-01 4.511418601743893975e-01 1.779135912969550537e-01 4.511418601743893975e-01 -2.058281810941565149e-01 1.406171268945503594e-01
-1.111659248050227422e-01 -3.949659947976530416e-01 -3.568737081592876503e-01 -2.258028685384984025e-01 -3.568737081592876503e-01 -2.258028685384984025e-01 2.335240464858893972e-02 5.386062690063967429e-01
3.355923926055615070e-01 -3.118349896840750812e-01 2.690884667559882981e-01 3.294729502815416655e-01 2.690884667559882981e-01 3.294729502815416655e-01 -1.262934920331428013e-01 2.964537965006169840e-01
-4.934551683163999058e-01 4.915622056737879442e-01 -2.249173341574683960e-02 -2.616167715466866106e-02 -2.249173341574683960e-02 -2.616167715466866106e-02 9.785829901938796205e-01 -4.934268067650751100e-01
1.721389956550616329e-01 -3.926642422148718392e-02 -2.241486572783575326e-01 -1.684739709793642293e-01 -2.241486572783575326e-01 -1.684739709793642293e-01 -1.586204299981568422e-01 1.117644246749565501e-02
-2.685699252535145298e-01 -1.735941804410333633e-01 -2.481911053578720328e-01 -2.387358378063256792e-01 -2.481911053578720328e-01 -2.387358378063256792e-01 1.753255731225276393e-01 1.315993151733490241e-01
3.268608055726962558e-02 -2.435567868584344042e-01 -1.128964352578963881e-01 4.869101591457036804e-03 -1.128964352578963881e-01 4.869101591457036804e-03 -1.676424704622055464e-02 3.018083154210429164e-01
-4.428638715714982022e-01 4.107707864330646386e-01 3.619423610177984196e-01 3.570764663459456978e-01 3.619423610177984196e-01 3.570764663459456978e-01 8.066949531879303859e-01 -4.381665561895227157e-01
4.407708554803533296e-01 -2.019166350256010878e-01 5.804638630458580639e-02 -1.430253003894661479e-01 5.804638630458580639e-02 -1.430253003894661479e-01 -2.627729195684563868e-01 4.840801548478035343e-02
2.284856176227669788e-01 1.676949286513058635e-01 -4.180497346387468394e-01 6.523222910672132890e-02 -4.180497346387468394e-01 6.523222910672132890e-02 -3.051173763129658711e-01 -1.917790170163965746e-01
-2.861716159882843336e-03 -2.519440924013321981e-01 -3.567442440709134299e-01 -5.171076648591732550e-03 -3.567442440709134299e-01 -5.171076648591732550e-03 1.419731198659026110e-03 3.154117286778834739e-01
-3.790586017410031427e-01 3.959038419424560917e-01 4.254587590585656720e-02 1.993834633584542493e-01 4.254587590585656720e-02 1.993834633584542493e-01 6.792001152422002530e-01 -3.828494134315032493e-01
1.944834491879061655e-01 2.702134809051034425e-01 -4.378751438746464331e-01 4.907272037051426672e-01 -4.378751438746464331e-01 4.907272037051426672e-01 -2.995875487548960159e-01 -2.350219676502756094e-01
3.565401868284167053e-01 2.454928528254485265e-02 4.660007326846993259e-02 -7.960704171427079867e-02 4.660007326846993259e-02 -7.960704171427079867e-02 -3.740458003507020068e-01 -1.510675226983033692e-01
-1.338984646225860331e-01 3.210865021202872205e-01 1.269889491579686558e-01 -3.254558521402932669e-01 1.269889491579686558e-01 -3.254558521402932669e-01 2.198844439124723604e-01 -2.359187591047319232e-01
1.210368017439222843e-02 -1.130351233596742500e-01 8.098127106604735559e-03 -6.175639100207086507e-02 8.098127106604735559e-03 -6.175639100207086507e-02 -9.367398211155290172e-03 1.256655633988470466e-01
-3.036518250881380387e-01 -3.988756219808462511e-01 -3.728089298433201471e-01 -3.766649352039964649e-01 -3.728089298433201471e-01 -3.766649352039964649e-01 6.141320389283763670e-02 4.657729529120960277e-01
-3.898949478294727600e-01 -8.344441202420938009e-02 -1.827380457910416922e-01 -2.526907923078476337e-01 -1.827380457910416922e-01 -2.526907923078476337e-01 3.248258384837924839e-01 -6.161068842067188300e-02
-2.893691436993737209e-01 1.528494901453386623e-01 -3.928750948518618946e-01 3.350269215440120352e-01 -3.928750948518618946e-01 3.350269215440120352e-01 3.778289958558587180e-01 -2.132210248329574620e-01
2.093760578262340299e-01 2.529466153345463209e-01 -1.030818859702741230e-01 -1.883815050672371649e-01 -1.030818859702741230e-01 -1.883815050672371649e-01 -3.152979881447063315e-01 -2.328029587161978831e-01
4.659574252781374382e-01 5.895680868286623522e-02 -1.299981318539034092e-02 2.648379904137752039e-01 -1.299981318539034092e-02 2.648379904137752039e-01 -5.209001508311056350e-01 -2.725972255646291753e-01
-4.609253944446777274e-01 -4.981019380543509900e-01 1.657944538499640519e-01 1.176373371241379306e-02 1.657944538499640519e-01 1.176373371241379306e-02 1.749729901957430833e-03 5.337552595038697056e-01
-3.459834446522356277e-01 -4.564858338380228808e-02 1.496096564849963562e-01 -7.836770867110021133e-02 1.496096564849963562e-01 -7.836770867110021133e-02 3.143961364069901565e-01 -7.197216742467636708e-02
8.062885674849551432e-02 4.647872408519443388e-01 2.304714444348824331e-01 4.738598737283428175e-02 2.304714444348824331e-01 4.738598737283428175e-02 -1.555793844708553142e-01 -2.552610741337504319e-01
1.671035088709226235e-01 -4.543154841210576000e-01 -4.875454140303230322e-01 4.762048937863256892e-01 -4.875454140303230322e-01 4.762048937863256892e-01 -1.526808580888130984e-02 6.327944605562340064e-01
3.929616473916475172e-01 2.565571618925887032e-01 -2.107385140170188187e-01 1.836746612479622787e-02 -2.107385140170188187e-01 1.836746612479622787e-02 -5.945958973665220748e-01 -3.451544408949662746e-01
2.071324852404784478e-01 -3.048735749619824187e-02 4.146893296176302757e-01 3.368753591046014240e-01 4.146893296176302757e-01 3.368753591046014240e-01 -1.945026409872734896e-01 -1.148702997859778890e-02
-2.333061162783464093e-01 4.811922936461503486e-01 -4.710535070087107368e-01 -8.990771727285762349e-02 -4.710535070087107368e-01 -8.990771727285762349e-02 4.578363267056523300e-01 -3.040780140745926730e-01
-3.051027380173023662e-01 8.315083480168650176e-02 -1.464753072551941981e-01 1.965242725938518564e-01 -1.464753072551941981e-01 1.965242725938518564e-01 3.558418327501402523e-01 -1.693244542191237878e-01
2.943365640947773754e-01 -4.993381424619358633e-03 1.192429309977391938e-01 3.109240312787997507e-01 1.192429309977391938e-01 3.109240312787997507e-01 -2.913970946313030885e-01 -8.161569768044789341e-02
3.831059257561211240e-01 -1.955900159326359189e-01 1.993995392457581506e-02 4.435846597542680847e-01 1.993995392457581506e-02 4.435846597542680847e-01 -2.332425375110671883e-01 8.707531991571010321e-02
-2.719888961697320973e-01 -3.904350583380459261e-01 1.781059730743922431e-01 4.792415865196806291e-01 1.781059730743922431e-01 4.792415865196806291e-01 5.960089508307195305e-02 4.688966334778499334e-01
-4.850882855169039720e-01 3.233786410728182181e-01 9.005877575663434609e-02 -3.394149712360068349e-01 9.005877575663434609e-02 -3.394149712360068349e-01 7.988226666585032110e-01 -4.541155403164449655e-01
4.912314042992842467e-01 3.590916717691716720e-01 -1.829950017838815057e-01 -2.302993130634211072e-01 -1.829950017838815057e-01 -2.302993130634211072e-01 -8.440256166899799961e-01 -4.714531356050399857e-01
4.391915186366176505e-01 -2.206959306508100571e-01 -1.478438268511681475e-01 2.160705793386175078e-01 -1.478438268511681475e-01 2.160705793386175078e-01 -2.453359567577158007e-01 7.651343441429875325e-02
-6.767416274523585518e-02 -4.936575520549716378e-01 -1.532340123888278338e-01 7.285266691245806392e-02 -1.532340123888278338e-01 7.285266691245806392e-02 8.584397088700762568e-04 7.327755384526100091e-01
3.184580927554561125e-01 -9.557703382548354831e-02 -3.220149464592166888e-01 -4.486652046420011031e-01 -3.220149464592166888e-01 -4.486652046420011031e-01 -2.575835329488816994e-01 3.296446378918488351e-03
2.749984858573738533e-01 -1.093059475654079016e-02 2.471398145971274163e-01 -1.061162289093623423e-01 2.471398145971274163e-01 -1.061162289093623423e-01 -2.689866918422353370e-01 -6.457409456557573757e-02
4.124014188975034800e-01 -4.091510379749906390e-01 -7.153239091233820623e-02 2.839730094869978849e-01 -7.153239091233820623e-02 2.839730094869978849e-01 -7.493248168895855210e-02 4.064806795423287489e-01
1.719770812804666260e-01 -1.173586077093856650e-01 -4.178711925390271587e-01 -2.497831840711541851e-01 -4.178711925390271587e-01 -2.497831840711541851e-01 -1.316110996464677774e-01 1.015555340271229179e-01
3.824915310910881328e-02 5.880143120233483067e-02 -2.163682551753172145e-01 -3.524934848061611614e-01 -2.163682551753172145e-01 -3.524934848061611614e-01 -4.274736299929447758e-02 -5.680682060445596537e-02
4.902743208427962074e-02 -2.659321441337438863e-01 -7.271131560567256624e-02 -1.171405156852688423e-01 -7.271131560567256624e-02 -1.171405156852688423e-01 -2.295149181319164691e-02 3.342483603205355647e-01
-2.517165692083579431e-01 1.113861376864285768e-01 2.208273462885212979e-03 -2.328794841258229331e-01 2.208273462885212979e-03 -2.328794841258229331e-01 3.077920420799531431e-01 -1.623404972317545880e-01
-7.783153966212108532e-02 -2.237295173917185354e-01 3.036142793984548671e-01 4.419530781314835455e-01 3.036142793984548671e-01 4.419530781314835455e-01 4.300511404919958591e-02 2.677266657778735182e-01
2.821125612271673244e-01 9.984892436222658763e-02 -4.325677135810584995e-01 -2.162120250794041798e-02 -4.325677135810584995e-01 -2.162120250794041798e-02 -3.384498328023782254e-01 -1.694666138680851752e-01
-3.982092353719944855e-01 3.762687587332083083e-01 3.690844945944234956e-01 -1.400850971170927162e-01 3.690844945944234956e-01 -1.400850971170927162e-01 6.978766247910351828e-01 -3.932611750701274778e-01
-3.656433963654180941e-01 -1.210017021603091436e-01 -3.490387540847416092e-01 -3.557241260919146164e-01 -3.490387540847416092e-01 -3.557241260919146164e-01 2.771564496776337538e-01 1.948020780363046711e-03
-3.086210496334312881e-01 -4.864753875005776163e-01 -3.422474576561522763e-01 -6.292749192244428968e-03 -3.422474576561522763e-01 -6.292749192244428968e-03 8.347960210914329160e-03 6.278867378675738742e-01
