1.976311959272648577e-01 1.939564109345475185e-01 -4.489245198307432183e-01 1.283138303739121966e-01 -4.489245198307432183e-01 1.283138303739121966e-01 -2.742948708287741844e-01 -1.953954111955774064e-01
-3.368922714369371185e-02 4.197828107781583773e-01 -3.590425234763062745e-01 -4.012401132094449707e-01 -3.590425234763062745e-01 -4.012401132094449707e-01 6.197354407034086354e-02 -2.447001665788866576e-01
-2.665797445319036951e-01 2.298276355292675488e-01 3.304763451209595804e-01 3.751996098363183929e-01 3.304763451209595804e-01 3.751996098363183929e-01 3.891145292634309305e-01 -2.480716536709887399e-01
-2.038598024778550677e-01 2.398839178291010121e-01 -2.340943726632089827e-01 8.971181799292315961e-02 -2.340943726632089827e-01 8.971181799292315961e-02 3.016651786903641330e-01 -2.238984428623722045e-01
1.041178040208819988e-01 4.384120216943856452e-01 8.866215468147420342e-02 -3.193393784593656637e-01 8.866215468147420342e-02 -3.193393784593656637e-01 -1.954107979312314225e-01 -2.570474380423579674e-01
-4.681610704686921531e-01 -4.708097651510867454e-01 3.603106783434195659e-01 -2.958557244862739521e-01 3.603106783434195659e-01 -2.958557244862739521e-01 2.733146318819951182e-02 4.732968122103164976e-01
-4.346957928482197975e-01 3.138801419206359578e-01 -1.654100182897666471e-02 -3.336753862803613080e-01 -1.654100182897666471e-02 -3.336753862803613080e-01 7.075805471512249811e-01 -4.043198307484597853e-01
-2.299920268078351482e-01 -3.665605682543959798e-01 4.979940009356585984e-01 -3.982297334554552037e-01 4.979940009356585984e-01 -3.982297334554552037e-01 6.138001072651450007e-02 4.480308860582057351e-01
4.755215050028858137e-01 2.263424644178352318e-01 4.279761665983579100e-01 4.006752388088651307e-01 4.279761665983579100e-01 4.006752388088651307e-01 -6.907829236549480889e-01 -4.012322549393058102e-01
-3.167201637859213825e-01 -1.817664908229376097e-01 -4.642573174995162644e-01 -4.273999334523946869e-01 -4.642573174995162644e-01 -4.273999334523946869e-01 2.015819382974554375e-01 1.144938858604418047e-01
5.866383825308352229e-03 -3.925274322311954611e-01 2.416031071523236928e-01 3.051274852078378341e-01 2.416031071523236928e-01 3.051274852078378341e-01 -1.260950666446541447e-03 5.465708028260254370e-01
-4.308330045448619527e-01 -6.823987234568074101e-02 -7.694555983387885156e-02 1.962192002506187860e-01 -7.694555983387885156e-02 1.962192002506187860e-01 3.720330260799670219e-01 -1.127205252817174985e-01
-3.147676747638160633e-01 -4.431227408546445368e-01 -1.834588790418659743e-01 3.239900940026955167e-01 -1.834588790418659743e-01 3.239900940026955167e-01 3.580624521624503620e-02 5.404018152409575393e-01
4.249669119531921391e-01 -3.202047091664583789e-01 -1.801661106168457316e-01 1.981163757068995501e-01 -1.801661106168457316e-01 1.981163757068995501e-01 -1.528140990585125092e-01 2.421388886838024279e-01
-3.029457198143603591e-01 1.941578513691255559e-01 2.396325011799492755e-01 -3.541588341291492803e-01 2.396325011799492755e-01 -3.541588341291492803e-01 4.205842998956190182e-01 -2.482366892746910303e-01
2.781567509498504842e-01 -4.756868002898422265e-01 1.267064759591048917e-01 -3.725011182300115298e-01 1.267064759591048917e-01 -3.725011182300115298e-01 -1.352576127314464305e-02 6.245935541608533814e-01
-1.404920994262139899e-01 -5.796436227007473185e-02 1.122178757368663682e-02 -2.421783056914635912e-01 1.122178757368663682e-02 -2.421783056914635912e-01 1.242050295317651404e-01 4.158619956226600189e-02
-4.360447338790188754e-01 -3.609272988513871905e-01 3.451540869957203661e-01 -4.842617603295374940e-01 3.451540869957203661e-01 -4.842617603295374940e-01 1.212838379243663667e-01 3.010608039639213196e-01
-2.456435182296070607e-01 3.562761796227819078e-01 4.822477772883441149e-01 -4.754518834760224077e-01 4.822477772883441149e-01 -4.754518834760224077e-01 4.206773866774942139e-01 -2.896842015043964436e-01
3.817202123338396813e-01 -3.235006111109398619e-01 4.565441046882423581e-01 2.912815522324937456e-01 4.565441046882423581e-01 2.912815522324937456e-01 -1.347467684070499661e-01 2.824429359958997576e-01
-6.296804620065854508e-02 1.995237457083820498e-02 -4.167090202810007638e-01 2.402449976749566618e-01 -4.167090202810007638e-01 2.402449976749566618e-01 6.548077028823731660e-02 -2.351925216215144249e-02
1.963434888154594882e-01 -4.359043466093337482e-02 -2.554303909794372052e-01 3.257381885570963531e-01 -2.554303909794372052e-01 3.257381885570963531e-01 -1.792260927748395016e-01 6.939795054636009597e-03
-3.630997283144010712e-01 -1.225934274111126765e-01 2.005286228178627672e-01 5.566262527240739555e-02 2.005286228178627672e-01 5.566262527240739555e-02 2.740724479421885462e-01 5.781163153524560006e-03
1.832813355476804462e-01 -2.071114349729853421e-01 -2.041080236231264111e-01 -1.925860283973557241e-02 -2.041080236231264111e-01 -1.925860283973557241e-02 -1.073620147295897970e-01 2.164145335094130318e-01
-2.756829710252607368e-01 -1.480637595043092780e-01 4.942330832207620928e-01 1.240848202483979534e-02 4.942330832207620928e-01 1.240848202483979534e-02 1.940456567826254197e-01 9.398553586954445926e-02
-2.463574757431772344e-01 -2.641657758943645185e-01 3.754513240932962903e-01 -2.612611592293007101e-01 3.754513240932962903e-01 -2.612611592293007101e-01 1.161990482890302434e-01 2.732573271936860060e-01
-4.814782055393860283e-01 1.063081330450851292e-01 -2.132833169596056733e-01 4.454309703916057295e-01 -2.132833169596056733e-01 4.454309703916057295e-01 5.838483038049657736e-01 -3.268279763029808827e-01
-1.820168206060239768e-01 1.725823112965213513e-01 4.851086793371319761e-01 4.290661572687678449e-01 4.851086793371319761e-01 4.290661572687678449e-01 2.448425877960878072e-01 -1.759277801075974645e-01
-2.896174389261590987e-01 1.232946730201306407e-01 -4.993357814097955094e-01 2.203192659868835612e-01 -4.993357814097955094e-01 2.203192659868835612e-01 3.610340137928159665e-01 -1.919713575551372231e-01
6.542131185850896813e-02 -2.523149775076840573e-01 -7.000321952928689750e-02 4.793245372643689661e-01 -7.000321952928689750e-02 4.793245372643689661e-01 -3.240775819830321591e-02 3.116978773370988609e-01
2.163272041185655414e-01 -2.235349712358392082e-02 -4.648399402838058192e-01 2.780388469246989347e-01 -4.648399402838058192e-01 2.780388469246989347e-01 -2.066558650485309234e-01 -2.394428328451752436e-02
-4.666953734533038078e-01 -3.798798178365240252e-01 -3.067637075254439072e-01 -4.575103917618418281e-01 -3.067637075254439072e-01 -4.575103917618418281e-01 1.121190665481245907e-01 3.063839222333160084e-01
-8.573700548533003118e-02 2.893992903088316027e-02 2.833966455148058117e-01 -4.464703797926818929e-01 2.833966455148058117e-01 -4.464703797926818929e-01 9.069945119346181639e-02 -3.545324364816211660e-02
-3.675123652420170250e-01 2.452329600321291325e-01 -1.949533016371384209e-01 -3.247244804369098237e-01 -1.949533016371384209e-01 -3.247244804369098237e-01 5.477646555954346352e-01 -3.201590939517910406e-01
-2.223712937052680916e-01 -1.995963168415127997e-01 -4.012479260547907600e-02 -3.217990450607318698e-01 -4.012479260547907600e-02 -3.217990450607318698e-01 1.336023113155604958e-01 1.899860142740557589e-01
-1.209431039225714599e-01 6.312224023388601779e-03 4.642004194547815210e-01 -1.989219285481602650e-02 4.642004194547815210e-01 -1.989219285481602650e-02 1.224699438546579394e-01 -2.089961423769307741e-02
-1.291472007821112822e-01 -4.948470357309767698e-01 4.335264031676955288e-02 -4.555566117404438176e-01 4.335264031676955288e-02 -4.555566117404438176e-01 1.330981822149163163e-03 7.230416250328564054e-01
4.518744768327361827e-01 1.211692473670546999e-01 -3.816505659805309314e-01 -2.312506129232645424e-01 -3.816505659805309314e-01 -2.312506129232645424e-01 -5.613810573571447193e-01 -3.106778036724152647e-01
-2.116015026685060807e-01 -2.726375509224981952e-01 4.164190107011054298e-01 -8.623179193272323406e-02 4.164190107011054298e-01 -8.623179193272323406e-02 9.622047175038214717e-02 3.021935891639462302e-01
-6.858156456602604312e-02 8.108192967206306889e-02 3.927071642489815551e-01 3.180772251738612777e-01 3.927071642489815551e-01 3.180772251738612777e-01 7.970301575591119680e-02 -7.921108135104168446e-02
9.204193127183901701e-02 -1.027432528319579541e-01 -4.979353644255782863e-01 1.998498995330977301e-02 -4.979353644255782863e-01 1.998498995330977301e-02 -7.312855644023050217e-02 1.048277117221996513e-01
1.883514883152603847e-02 -3.596839820765805884e-01 8.023787086346012565e-02 -3.951657927467491227e-01 8.023787086346012565e-02 -3.951657927467491227e-01 -5.285746162069358822e-03 4.887017862075407892e-01
3.221177331942455258e-01 3.093649714891983926e-01 3.830775973191352657e-01 -3.987157530352578583e-01 3.830775973191352657e-01 -3.987157530352578583e-01 -5.214216198858514506e-01 -3.174181199428849909e-01
-4.630315544395469107e-02 2.814796002346613424e-01 -3.952638933187067050e-01 2.619265114495991087e-01 -3.952638933187067050e-01 2.619265114495991087e-01 7.236994281189018663e-02 -2.043928170904636132e-01
-4.446256795788020577e-01 3.119385616910193004e-01 -3.310738841354343709e-01 4.465570860740016856e-01 -3.310738841354343709e-01 4.465570860740016856e-01 7.220174695362091555e-01 -4.123248903620689854e-01
1.288984390617003983e-01 3.108386151289513899e-01 1.442231779298199790e-01 4.277530793237040996e-01 1.442231779298199790e-01 4.277530793237040996e-01 -2.090316636421453711e-01 -2.308327780662099149e-01
-3.168086379928831686e-01 -2.615867190759419980e-01 3.163643055198560594e-01 3.756922702349230203e-01 3.163643055198560594e-01 3.756922702349230203e-01 1.510627736179309122e-01 2.296466175659521158e-01
4.560836347232238852e-01 2.730835540548716134e-01 -2.233502697908104073e-01 2.631402302547929395e-01 -2.233502697908104073e-01 2.631402302547929395e-01 -7.051815145561874942e-01 -4.065212084219786970e-01
2.220555994703479197e-01 3.224067383556903366e-01 2.068718094201220659e-01 -7.976646352734639844e-02 2.068718094201220659e-01 -7.976646352734639844e-02 -3.652400425880527601e-01 -2.677693226746713506e-01
2.805291762864554617e-01 -3.842967666729063536e-01 3.532459761585128311e-01 4.607664734451006883e-01 3.532459761585128311e-01 4.607664734451006883e-01 -6.491626547785828150e-02 4.532841528001994025e-01
4.255966382926610336e-01 -1.273209301790044767e-01 -2.346966754629525864e-01 3.488330256044100963e-01 -2.346966754629525864e-01 3.488330256044100963e-01 -3.172219185557031973e-01 -3.760094908536273928e-02
-3.896248588356948650e-01 -1.108653228988142336e-01 1.176569825692432847e-01 2.137177590011356543e-01 1.176569825692432847e-01 2.137177590011356543e-01 3.032330872672464039e-01 -2.865108790246256865e-02
-9.094590462693841193e-02 -2.441088291515625119e-02 4.078984575106281429e-01 -2.022770524443786577e-01 4.078984575106281429e-01 -2.022770524443786577e-01 8.650576496801609672e-02 1.673561655144154003e-02
1.818202991034834071e-01 -4.027570743675753517e-01 -4.886448714878074417e-01 -4.591251399059816940e-01 -4.886448714878074417e-01 -4.591251399059816940e-01 -3.536147564837049950e-02 5.319117141546237937e-01
5.468780866141897956e-02 2.277712732144180352e-01 4.834339782345762337e-01 -3.919695770680942104e-02 4.834339782345762337e-01 -3.919695770680942104e-02 -7.960043227765473128e-02 -1.788822767288889559e-01
-1.258300196657744507e-01 4.663899714378934025e-01 -2.406226158584797714e-01 -3.061564485484702391e-02 -2.406226158584797714e-01 -3.061564485484702391e-02 2.432017382216746793e-01 -2.647035598291435643e-01
-2.599797266202904522e-01 2.708727565686478433e-01 3.872831512351859740e-01 -4.316636225611524269e-01 3.872831512351859740e-01 -4.316636225611524269e-01 4.008225770234935537e-01 -2.650901645711108423e-01
-5.386448734079807288e-02 1.204999002799876928e-01 -4.261737184357514696e-01 4.438275890731484541e-01 -4.261737184357514696e-01 4.438275890731484541e-01 6.684581804719572085e-02 -1.088810573089877137e-01
3.289400292173630946e-01 -4.348010873734464710e-02 4.623950738108004721e-01 -2.262673706115357897e-01 4.623950738108004721e-01 -2.262673706115357897e-01 -3.003353327404905682e-01 -6.283091422836371842e-02
5.219246992240655914e-02 4.661474456271713640e-01 -2.667379955085680265e-02 -4.409767547308852675e-01 -2.667379955085680265e-02 -4.409767547308852675e-01 -1.008512429930121385e-01 -2.515780584790360264e-01
-1.443872621500443820e-01 -5.541271218869925352e-02 2.861884994650607528e-01 -1.314010800564245907e-01 2.861884994650607528e-01 -1.314010800564245907e-01 1.283854825475750361e-01 3.763559938962122986e-02
-1.073243234529056567e-01 3.989610922270316884e-01 3.733194279019036443e-01 -3.872484900963416576e-01 3.733194279019036443e-01 -3.872484900963416576e-01 1.929607820675026120e-01 -2.513096495206695313e-01
7.575116204487242211e-02 -1.820434237056578475e-03 -4.748097107094938485e-01 -3.702373774316186639e-01 -4.748097107094938485e-01 -3.702373774316186639e-01 -7.547536202710580788e-02 -3.914490333280493985e-03
9.098416532368491794e-02 -1.358955111133453020e-02 -1.285187308262536465e-02 -1.852672279995242199e-01 -1.285187308262536465e-02 -1.852672279995242199e-01 -8.851129739370826310e-02 5.496108671094474679e-03
1.720478073539144503e-01 -2.846017956567618024e-01 -2.624768620136502806e-01 -3.879281191250848471e-01 -2.624768620136502806e-01 -3.879281191250848471e-01 -7.411757753044909136e-02 3.359995297325253372e-01
-2.621927574609611566e-01 3.490819838320136093e-02 -1.255860161202599912e-01 3.115184706218832034e-01 -1.255860161202599912e-01 3.115184706218832034e-01 2.804981110451328363e-01 -1.024346581338228257e-01
-1.984251833254506714e-01 2.453980739472929606e-01 1.339869213059075026e-01 -7.119022983965705986e-02 1.339869213059075026e-01 -7.119022983965705986e-02 2.958114989468588751e-01 -2.245504126279906087e-01
-4.358525036512156392e-01 -1.955536356526217379e-01 1.898992038643176894e-02 -3.183776053543116991e-01 1.898992038643176894e-02 -3.183776053543116991e-01 2.653874202566299800e-01 4.382745513054714381e-02
4.688490166942216320e-02 -4.899363043439066701e-01 1.012771725737763306e-01 -1.497980480434235595e-01 1.012771725737763306e-01 -1.497980480434235595e-01 -9.436707625338561223e-04 7.277756926535203785e-01
1.139659559658959820e-01 -4.808771025513102204e-01 3.010748802553047110e-01 4.270205687863958266e-01 3.010748802553047110e-01 4.270205687863958266e-01 -4.358718577155445972e-03 6.991316511902330166e-01
4.446689170495838894e-01 4.488610207205073754e-01 -4.864912933732811195e-01 1.448034108954787680e-02 -4.864912933732811195e-01 1.448034108954787680e-02 -8.438580050287015633e-01 -4.451152505883013699e-01
4.292961975762140669e-01 -1.720119990919203312e-01 -3.363157388483515309e-01 3.901115413858070591e-01 -3.363157388483515309e-01 3.901115413858070591e-01 -2.816080032809248901e-01 1.730490167012332936e-02
4.677946717985018710e-01 9.288027078115757007e-02 -9.522637104285203158e-02 3.527361578939424147e-01 -9.522637104285203158e-02 3.527361578939424147e-01 -5.546924633717570385e-01 -3.030853810438445262e-01
1.048455197450459675e-01 -2.526012444608463081e-01 4.670549180772195497e-01 3.273132277758497022e-01 4.670549180772195497e-01 3.273132277758497022e-01 -5.187730221756027549e-02 3.054160501534057270e-01
-1.194371935104543425e-02 -4.149683293355499458e-02 2.105580724113043090e-03 -2.336296083909031873e-01 2.105580724113043090e-03 -2.336296083909031873e-01 1.095246629801423406e-02 4.307616764513383378e-02
-4.456620116607463711e-01 2.372542425964773161e-01 6.045058870978026189e-02 -2.687450470203115449e-01 6.045058870978026189e-02 -2.687450470203115449e-01 6.571324177219319829e-01 -3.795792956039524269e-01
-4.645731732193114638e-02 -4.299578098553553662e-01 -1.325246777480727500e-01 6.584509541871086391e-02 -1.325246777480727500e-01 6.584509541871086391e-02 6.507944506945591290e-03 6.126632457782186236e-01
-4.039015921060369330e-01 1.611175115080994980e-01 3.850218512118062097e-01 -3.011077822325518571e-01 3.850218512118062097e-01 -3.011077822325518571e-01 5.340528309346050939e-01 -2.982951550993283574e-01
1.131898254645602453e-02 4.543338153926920198e-01 2.747476141924986015e-01 -1.863049459776829897e-01 2.747476141924986015e-01 -1.863049459776829897e-01 -2.160417559984533289e-02 -2.480427189492982465e-01
1.674103799636816881e-01 -4.367923816613693555e-01 -2.372000436755109520e-01 1.628564785571198215e-01 -2.372000436755109520e-01 1.628564785571198215e-01 -2.116322280533905476e-02 5.995537310191964009e-01
4.591666030352224981e-01 3.659454685664772500e-01 -1.344609718819236299e-01 -2.148250718674277193e-01 -1.344609718819236299e-01 -2.148250718674277193e-01 -7.952264784308267220e-01 -4.428633519450442257e-01
9.223041876183679655e-02 2.087703909410486558e-01 -8.691387409611373016e-02 -4.381108311571042524e-01 -8.691387409611373016e-02 -4.381108311571042524e-01 -1.307403799249673981e-01 -1.736917649523541385e-01
4.088437184127383661e-01 1.277347561952844046e-01 3.717012794870744319e-02 7.575284503055224050e-02 3.717012794870744319e-02 7.575284503055224050e-02 -5.132908237995876810e-01 -2.785717743405701219e-01
1.063932141279243515e-01 -3.929958598062084363e-01 2.064105776670109860e-01 -4.377749803844688259e-02 2.064105776670109860e-01 -4.377749803844688259e-02 -2.276902880042500077e-02 5.361220896185591167e-01
-1.039402971927062547e-01 -4.986166500010008606e-01 1.386091776414130061e-01 4.392149980298476475e-02 1.386091776414130061e-01 4.392149980298476475e-02 2.875716200349959228e-04 7.364316282787133350e-01
-2.682983735287954863e-01 -1.958013084005921778e-01 4.960712710101872203e-01 2.047321944166701213e-01 4.960712710101872203e-01 2.047321944166701213e-01 1.632320283714175646e-01 1.621554435337789202e-01
-2.555744079983972572e-01 -4.639661825714305188e-01 4.673378020369821639e-01 2.486060058295778141e-01 4.673378020369821639e-01 2.486060058295778141e-01 1.841864311445795543e-02 6.139125231176052466e-01
2.252542798196405238e-01 -6.771851881870138978e-02 -3.975537182280696191e-01 4.596956390292435968e-01 -3.975537182280696191e-01 4.596956390292435968e-01 -1.947465074457218059e-01 2.156482603263529252e-02
6.804456109393230978e-02 -4.921158964915596234e-01 -2.456175988823756651e-01 -1.513348022816323191e-01 -2.456175988823756651e-01 -1.513348022816323191e-01 -1.072940725701909681e-03 7.296638897767852017e-01
4.402096893547673417e-01 3.738321783347181571e-01 -4.576359529085567424e-01 -7.318048488945916308e-02 -4.576359529085567424e-01 -7.318048488945916308e-02 -7.693387835458518342e-01 -4.278662513780584487e-01
8.641016618632668678e-02 3.442349615530241325e-01 4.468071709445221584e-01 -2.738036991579936297e-01 4.468071709445221584e-01 -2.738036991579936297e-01 -1.459009666562078866e-01 -2.332039696179607213e-01
-4.817831733024036112e-02 -1.771704624519124804e-01 -6.054744337798734222e-03 -2.284497099935243192e-01 -6.054744337798734222e-03 -2.284497099935243192e-01 3.110676780713301365e-02 2.062386849565636671e-01
-1.515240109665029200e-01 4.485403011288410235e-01 2.175595002125259025e-01 -2.124246171424285512e-01 2.175595002125259025e-01 -2.124246171424285512e-01 2.874532619808329859e-01 -2.703114252914665672e-01
2.705807485027762471e-01 -7.459827464494528382e-02 1.658713983098398792e-01 -9.450945206067262738e-03 1.658713983098398792e-01 -9.450945206067262738e-03 -2.302110345218862930e-01 6.949235764625319445e-03
6.910073861459331557e-02 1.391868992253925130e-01 4.253950252924406650e-01 -3.835367458380838368e-01 4.253950252924406650e-01 -3.835367458380838368e-01 -8.833657369849248764e-02 -1.245888183864952842e-01
-4.014411624399261136e-02 4.195074069058206678e-01 4.568705691056463847e-01 1.001844239814400073e-01 4.568705691056463847e-01 1.001844239814400073e-01 7.382562446007895351e-02 -2.451324925259860676e-01
3.563280302495830387e-02 1.814981379117430738e-02 -4.588202086718783379e-01 -3.844386863996860360e-01 -4.588202086718783379e-01 -3.844386863996860360e-01 -3.692626050447947450e-02 -1.909009470193548386e-02
4.774951397444467949e-01 3.428548878354571450e-01 -4.752309419607513297e-01 2.509396969804678079e-03 -4.752309419607513297e-01 2.509396969804678079e-03 -8.049182249025632618e-01 -4.533070222023620199e-01
4.615701545414985230e-01 -3.436166511320369876e-01 -3.476355163486902766e-01 3.742827749512301905e-01 -3.476355163486902766e-01 3.742827749512301905e-01 -1.443637730094055049e-01 2.486420465037701422e-01
-2.788390846539161583e-01 2.255735341014893924e-01 3.847648222993799161e-01 1.442986274656123946e-01 3.847648222993799161e-01 1.442986274656123946e-01 4.046365201959326585e-01 -2.524413499450874343e-01
-4.793490005342713189e-01 1.907847761565295563e-01 -4.142053994801648820e-01 1.161829906159594916e-01 -4.142053994801648820e-01 1.161829906159594916e-01 6.622539840698455915e-01 -3.841614096566373093e-01
2.307090991274761693e-01 2.348137746305610785e-01 -4.619553184649420885e-01 -8.556112681030580980e-02 -4.619553184649420885e-01 -8.556112681030580980e-02 -3.390564479429540867e-01 -2.329029542945207643e-01
-4.669254085244943786e-01 1.732608351608011521e-02 -2.038722265853066817e-01 -3.148836111207694577e-01 -2.038722265853066817e-01 -3.148836111207694577e-01 4.831053857722448219e-01 -2.350452274718398959e-01
1.387617573665292925e-01 -2.018126403369359112e-01 1.152764266350971845e-01 -3.748383420386570686e-01 1.152764266350971845e-01 -3.748383420386570686e-01 -8.275400410266420259e-02 2.232861568292538179e-01
7.594649555617927206e-02 -3.253416146049942226e-01 -1.422421159196612939e-01 2.321422191397014556e-01 -1.422421159196612939e-01 2.321422191397014556e-01 -2.652938458050250331e-02 4.254209106115140471e-01
-2.378818507603217558e-01 4.148630878333828820e-01 -8.621978014173392602e-02 4.178766169931135144e-01 -8.621978014173392602e-02 4.178766169931135144e-01 4.352586490522158402e-01 -2.993394811078897155e-01
-7.123129905423386532e-02 -1.001983077754741158e-01 4.555683939804208160e-01 1.953464681395298275e-01 4.555683939804208160e-01 1.953464681395298275e-01 5.695678780246794110e-02 1.051641106915890550e-01
-7.614495144182031883e-02 -3.826795196151889789e-01 -1.501023194961210727e-01 6.206611075471912820e-02 -1.501023194961210727e-01 6.206611075471912820e-02 1.786672456406493414e-02 5.233250807180236386e-01
2.936977033574206253e-01 2.032174964672157635e-01 -4.805375326906996536e-01 -2.058191201286484473e-01 -4.805375326906996536e-01 -2.058191201286484473e-01 -4.130667273463526357e-01 -2.481784865542363550e-01
3.605511738287937584e-01 1.057119572702788224e-01 2.031890160156643033e-01 4.301263622436969358e-01 2.031890160156643033e-01 4.301263622436969358e-01 -4.367803143918703723e-01 -2.245340883096866302e-01
-2.901562510248778537e-01 -4.146890768812966366e-01 2.453074312897207676e-03 -3.332584198886373583e-01 2.453074312897207676e-03 -3.332584198886373583e-01 4.950699524718910061e-02 5.024654573571466498e-01
-4.289639418021130579e-01 3.053721456278180035e-02 -3.727059745799252699e-01 3.048784485542388456e-01 -3.727059745799252699e-01 3.048784485542388456e-01 4.551626696631285718e-01 -2.136147564559350565e-01
3.694885305466322212e-01 -1.320825121821266324e-01 3.397792362879581418e-02 1.147627506164866640e-01 3.397792362879581418e-02 1.147627506164866640e-01 -2.718825838724689969e-01 1.300652800095869477e-02
4.049483455499268691e-01 1.228940321857524554e-01 3.980877551269835779e-01 -1.577736687490394196e-01 3.980877551269835779e-01 -1.577736687490394196e-01 -5.044798155730867428e-01 -2.717742516025026811e-01
1.439901992296374056e-01 4.587409230565929752e-01 6.342919323804152576e-03 3.701821785071485182e-01 6.342919323804152576e-03 3.701821785071485182e-01 -2.760985930410505551e-01 -2.690308660439686972e-01
1.521032700016888839e-01 -2.223092174658214404e-03 -7.399761233043944397e-02 4.260265066284805169e-01 -7.399761233043944397e-02 4.260265066284805169e-01 -1.514269908231275219e-01 -2.090737043173142642e-02
3.464086724711278320e-01 3.130538632474606509e-01 -2.191405053677573100e-01 -4.220071821241754284e-01 -2.191405053677573100e-01 -4.220071821241754284e-01 -5.632978188301495104e-01 -3.350501103165099970e-01
-6.139848653767965292e-02 3.717857347554929248e-01 -3.910962611586737969e-01 -4.657329596477705058e-01 -3.910962611586737969e-01 -4.657329596477705058e-01 1.070526493982525973e-01 -2.373308763369288144e-01
-9.694653451262857935e-03 -3.490651026889584063e-01 2.924989056089165596e-01 4.642097566160447997e-01 2.924989056089165596e-01 4.642097566160447997e-01 2.926523046264988687e-03 4.708175622986713882e-01
1.994792753175043121e-01 4.762256634538200029e-01 4.478218871115895450e-01 3.049355721591271440e-01 4.478218871115895450e-01 3.049355721591271440e-01 -3.894735757842357482e-01 -2.892267622029856544e-01
-1.165584811742222948e-01 -2.173003490544633820e-01 4.649249408484396051e-01 -2.017542012944872898e-01 4.649249408484396051e-01 -2.017542012944872898e-01 6.590208388538909556e-02 2.509339112200134614e-01
3.700121482468191614e-01 -1.573890156584096811e-01 2.275436095907498180e-01 3.406409082004778766e-01 2.275436095907498180e-01 3.406409082004778766e-01 -2.535404526583783236e-01 4.525132805810672121e-02
-4.797816025596742806e-01 -4.105054549670998920e-01 -3.581827242985224924e-01 3.473076883337348209e-01 -3.581827242985224924e-01 3.473076883337348209e-01 8.587567247246752355e-02 3.488297973701163235e-01
-1.618410481631543663e-01 -3.975862415475835965e-01 1.605361771445401597e-01 5.924830003390735289e-02 1.605361771445401597e-01 5.924830003390735289e-02 3.314950002853436772e-02 5.294685361449685823e-01
4.881350392732475285e-02 2.400975256176824946e-01 2.782761672964437771e-01 2.381515456910564543e-01 2.782761672964437771e-01 2.381515456910564543e-01 -7.225350694668415674e-02 -1.848334619756117347e-01
1.813925106038378754e-01 -2.430833563133308894e-01 -2.257042961572485185e-01 1.071806401301921285e-01 -2.257042961572485185e-01 1.071806401301921285e-01 -9.320551002847313193e-02 2.692696315267212315e-01
7.615733441783689717e-02 1.591764718500282560e-01 8.319283099052821040e-02 -8.487474516820614490e-02 8.319283099052821040e-02 -8.487474516820614490e-02 -1.004022460141048984e-01 -1.396392622450356724e-01
2.567786427368892177e-01 2.955903685432130779e-01 1.174972676672859651e-01 3.878343062834695987e-01 1.174972676672859651e-01 3.878343062834695987e-01 -4.085812300181355106e-01 -2.741519739334995487e-01
-2.672558707209431450e-01 -1.854267049957127877e-01 -3.933175531972865624e-01 2.296113830353527785e-01 -3.933175531972865624e-01 2.296113830353527785e-01 1.681431197238537900e-01 1.483840674864704279e-01
5.207827669197084841e-02 2.008141663567308832e-02 -1.827398027500172217e-01 7.155019541693430352e-02 -1.827398027500172217e-01 7.155019541693430352e-02 -5.416988783580950484e-02 -2.239030024478307415e-02
-1.514806305074367643e-01 2.217586900211909740e-02 3.429732964010842045e-01 2.210434084324895965e-01 3.429732964010842045e-01 2.210434084324895965e-01 1.581990597444194180e-01 -4.463048125505053587e-02
-2.460583574049741706e-01 -4.961396484897389048e-01 9.831596936468711689e-02 2.006333446405428322e-01 9.831596936468711689e-02 2.006333446405428322e-01 1.899743503241319020e-03 6.817494840444265902e-01
-2.539368150090355325e-01 -1.047667564636631798e-01 2.658402882046917437e-02 4.634699947451856872e-01 2.658402882046917437e-02 4.634699947451856872e-01 2.007285420986157087e-01 5.125892370664655862e-02
4.764594650133957554e-01 -5.973624717050818322e-02 -3.997482559241514188e-01 1.568383469519832873e-01 -3.997482559241514188e-01 1.568383469519832873e-01 -4.195356642758591437e-01 -1.637089554043270612e-01
-4.385943319952034791e-02 -4.506510532115602929e-01 1.863802300004729906e-01 -4.189462113659384590e-01 1.863802300004729906e-01 -4.189462113659384590e-01 4.328833670268511513e-03 6.518137750916657147e-01
8.447606895576886821e-02 2.918795696309013366e-01 1.751259138207569288e-01 3.109817316001534104e-01 1.751259138207569288e-01 3.109817316001534104e-01 -1.337897462576091989e-01 -2.138220926892009655e-01
-3.518591390518349682e-01 -2.578214058739145553e-01 2.691555249885910772e-01 -1.593953561156480347e-01 2.691555249885910772e-01 -1.593953561156480347e-01 1.704255032519763902e-01 2.004884294664178168e-01
4.437480785146241669e-01 2.908401632274049131e-01 -4.946899523853321989e-01 -4.803083572762962827e-01 -4.946899523853321989e-01 -4.803083572762962827e-01 -7.018676056887053205e-01 -4.031645198666824470e-01
-3.505516953420062531e-01 -3.826844358168061122e-01 4.838538296816167206e-01 -3.112677890406141401e-01 4.838538296816167206e-01 -3.112677890406141401e-01 8.225033982884510930e-02 4.062453221260785563e-01
1.455702444560038611e-01 -2.171631478239171020e-01 -3.525998974867793345e-01 -3.590902358379399750e-01 -3.525998974867793345e-01 -3.590902358379399750e-01 -8.234525942487802563e-02 2.431322845257288534e-01
-3.281469009523569902e-01 -2.097519574400715792e-01 -1.461809674273590876e-01 -2.391601403176801810e-02 -1.461809674273590876e-01 -2.391601403176801810e-02 1.904879913470566566e-01 1.460674524853771972e-01
3.663823259286291822e-01 1.534211611136369058e-01 1.495342241752968260e-01 2.284739655410148451e-01 1.495342241752968260e-01 2.284739655410148451e-01 -4.788039296395996680e-01 -2.641191171890526213e-01
-1.400219355216361095e-01 -9.496438670305007435e-02 4.114508753507623018e-01 -4.670545514687676203e-01 4.114508753507623018e-01 -4.670545514687676203e-01 1.134277410580637191e-01 8.437647901771128112e-02
3.953858842882099767e-01 1.771411441114241203e-01 -3.020172000602051599e-01 7.749618806512248437e-02 -3.020172000602051599e-01 7.749618806512248437e-02 -5.354641001048513482e-01 -3.020921566686895487e-01
1.793927734985673039e-01 -1.505597079514651160e-01 -3.141832517740043018e-01 -2.620274570653646773e-01 -3.141832517740043018e-01 -2.620274570653646773e-01 -1.253741263254720684e-01 1.410461664263873149e-01
2.168596811925936896e-01 -1.280812514875386832e-01 3.877008357273198369e-01 2.716028066943497743e-01 3.877008357273198369e-01 2.716028066943497743e-01 -1.613083624639215785e-01 9.745793714319944678e-02
2.301220295167696328e-01 -1.267840442552058411e-01 3.075638041598734995e-01 2.428982920807213342e-01 3.075638041598734995e-01 2.428982920807213342e-01 -1.717704263680658316e-01 8.990208966399483581e-02
-8.514313066643597327e-02 4.738186968459833226e-01 3.174532636181661704e-01 5.376607370607655589e-02 3.174532636181661704e-01 5.376607370607655589e-02 1.658279451019519235e-01 -2.565638920648393162e-01
-3.476452943122695372e-01 2.368531616807855178e-01 2.980790197559974875e-01 -2.512829928599102924e-02 2.980790197559974875e-01 -2.512829928599102924e-02 5.123270685148859638e-01 -3.016109921400657035e-01
2.038885835403663194e-01 -3.841659986991147191e-01 4.234555382041066407e-01 3.284804905178515533e-01 4.234555382041066407e-01 3.284804905178515533e-01 -4.723446090210089987e-02 4.901789587575060003e-01
2.992025873523916912e-01 -3.923822948504180896e-01 -2.057338358703110215e-01 4.582793338421058404e-01 -2.057338358703110215e-01 4.582793338421058404e-01 -6.439899165136342418e-02 4.568239718841329289e-01
-7.591101156415069884e-02 -1.640224576597447692e-01 -1.948112973069709986e-01 -4.243893269349156006e-01 -1.948112973069709986e-01 -4.243893269349156006e-01 5.100879020377209472e-02 1.851633425997949167e-01
-3.940938451177677937e-01 -1.834992545463935976e-01 -3.595604786289470223e-01 4.004101465401793680e-01 -3.595604786289470223e-01 4.004101465401793680e-01 2.494619915169032087e-01 6.186127220576859154e-02
-4.646375642445090826e-01 -1.603689558338008414e-01 2.562872315011157642e-01 3.626660579327529721e-01 2.562872315011157642e-01 3.626660579327529721e-01 3.156106822064040918e-01 -2.980090827804590670e-02
4.292914173027139180e-01 -4.035491393026158224e-01 -2.449362146833605758e-01 -4.261130121418899019e-02 -2.449362146833605758e-01 -4.261130121418899019e-02 -8.281105337769334440e-02 3.821099261647249445e-01
-4.319259260252797938e-01 5.464505862025959004e-02 -3.894978084759181947e-02 3.209240917202860199e-02 -3.894978084759181947e-02 3.209240917202860199e-02 4.791311611198024178e-01 -2.382189817614434602e-01
-4.465728182131747381e-01 2.690744905218034333e-02 5.798740060963269993e-02 -2.980335715757967963e-01 5.798740060963269993e-02 -2.980335715757967963e-01 4.706050889214939414e-01 -2.256107202045418703e-01
4.818293898182531843e-01 -2.496017871464272231e-01 2.118704508933220154e-01 -3.479529749555779761e-01 2.118704508933220154e-01 -3.479529749555779761e-01 -2.412984362216361034e-01 7.974327840048739402e-02
-9.874049919639127371e-02 4.804856634690067851e-01 -2.012496891480590744e-01 -4.850237397809805673e-01 -2.012496891480590744e-01 -4.850237397809805673e-01 1.936272877316692620e-01 -2.593688768513077170e-01
-2.760753119396198718e-01 1.347863229336947466e-01 -1.007776163420907034e-01 -1.460958898202142642e-01 -1.007776163420907034e-01 -1.460958898202142642e-01 3.504976642378481166e-01 -1.928365479462669230e-01
1.184802595127478764e-01 -4.570758093911679865e-01 2.044015394011736708e-01 3.768206204006308013e-01 2.044015394011736708e-01 3.768206204006308013e-01 -1.017133848541813823e-02 6.519565330275511883e-01
-4.139603823141413397e-02 -1.426531203220455790e-01 -1.816210633338234404e-01 2.468338109353565013e-01 -1.816210633338234404e-01 2.468338109353565013e-01 2.958549018605029571e-02 1.612894010784048926e-01
2.308558067701578231e-01 4.707314427706328352e-01 4.554659333057808901e-01 4.738933239738695180e-01 4.554659333057808901e-01 4.738933239738695180e-01 -4.481979807559474671e-01 -3.024377550772117118e-01
-4.867631422411005104e-01 4.325612038573404261e-01 -4.021898385209472515e-01 4.890880753568537243e-01 -4.021898385209472515e-01 4.890880753568537243e-01 9.078728438434851000e-01 -4.823903654192586710e-01
4.473705904889242468e-01 -4.531936452878112531e-01 -1.043663323742738402e-01 -4.157887352868174791e-01 -1.043663323742738402e-01 -4.157887352868174791e-01 -4.187957309245182724e-02 4.584376801826569592e-01
1.778165367962301069e-01 4.704936935959775912e-01 1.308318084098037959e-01 1.383628950006773328e-01 1.308318084098037959e-01 1.383628950006773328e-01 -3.451396551556368264e-01 -2.807480986405970214e-01
-4.843939355531717839e-01 -1.503435484192949811e-02 -6.593037710821869624e-03 -4.937965852906339714e-01 -6.593037710821869624e-03 -4.937965852906339714e-01 4.698288349324015734e-01 -2.193770981332477665e-01
-3.979551892519719303e-01 4.223479817966330208e-01 4.750946802120464829e-01 -3.684240026338582163e-01 4.750946802120464829e-01 -3.684240026338582163e-01 7.341063313041069627e-01 -4.023384967215167807e-01
-2.844923228864415510e-01 -3.401547131458086959e-01 5.529410746695961887e-02 1.659599186940569071e-01 5.529410746695961887e-02 1.659599186940569071e-01 9.094951391919692263e-02 3.749240602397928002e-01
1.995750602247513550e-01 -2.861646531984134434e-01 -5.320667963091885166e-02 -3.684031496333100009e-01 -5.320667963091885166e-02 -3.684031496333100009e-01 -8.535240443221445150e-02 3.282246572748685476e-01
-3.953721112575259156e-01 1.396222429637415940e-01 -9.033614459525551865e-03 1.867833676432890666e-01 -9.033614459525551865e-03 1.867833676432890666e-01 5.057775932156973742e-01 -2.764469785937489488e-01
-3.761800171505584878e-01 1.713834786701531332e-01 4.446257184221240610e-01 4.829264779958555298e-01 4.446257184221240610e-01 4.829264779958555298e-01 5.051220970414795897e-01 -2.835225872124648161e-01
4.404319452528130396e-01 -1.638977336001126162e-01 2.480227993432698730e-01 -2.807206147969324439e-01 2.480227993432698730e-01 -2.807206147969324439e-01 -2.960603499887631829e-01 -3.220097719810799397e-03
4.493188224156814403e-01 -4.246409309166596646e-01 -3.997665625758769492e-01 1.229683229783042897e-01 -3.997665625758769492e-01 1.229683229783042897e-01 -6.772049635773691456e-02 4.030734469494123284e-01
-9.281670277400033697e-02 -1.008388547452269135e-01 1.646655865344386349e-01 -3.368182944858792993e-01 1.646655865344386349e-01 -3.368182944858792993e-01 7.409764275608370088e-02 1.023923890577187606e-01
3.765052453165907975e-01 3.180333057558384358e-01 3.310311139953782122e-01 -4.716370657699249236e-01 3.310311139953782122e-01 -4.716370657699249236e-01 -6.159876609214873788e-01 -3.586443219367580482e-01
1.667667154456676792e-01 -2.722404984621390467e-01 3.590026396580585644e-01 2.689194362148217277e-01 3.590026396580585644e-01 2.689194362148217277e-01 -7.596540796602313517e-02 3.185442500845167002e-01
-9.326665416425172772e-02 3.795214830237301218e-01 2.898695031091249596e-01 -1.203335567933210282e-01 2.898695031091249596e-01 -1.203335567933210282e-01 1.640600519744080665e-01 -2.441835957261928036e-01
-2.025630491448663362e-01 3.897936564455402042e-01 2.285587299494867830e-01 -4.334036677644488300e-01 2.285587299494867830e-01 -4.334036677644488300e-01 3.604786323187365582e-01 -2.788863507192219093e-01
-1.984013655190575154e-01 -2.061545061081193619e-02 -1.259373749926743224e-01 -3.668518084642318211e-01 -1.259373749926743224e-01 -3.668518084642318211e-01 1.902210984151059547e-01 -1.832265442512789888e-02
-2.831030156015260646e-01 3.956912912102034108e-01 -7.514607879831047832e-02 -4.909400004776151016e-01 -7.514607879831047832e-02 -4.909400004776151016e-01 5.071458111792664925e-01 -3.192670107132833390e-01
-2.769183673593816897e-01 -1.481070038069574046e-01 4.561231595599599675e-01 2.998299308884706527e-01 4.561231595599599675e-01 2.998299308884706527e-01 1.948912679819569393e-01 9.335890620264603035e-02
-3.283703227385594836e-01 -1.789570099567830974e-01 -1.304764598603505021e-01 1.543308668633236458e-02 -1.304764598603505021e-01 1.543308668633236458e-02 2.108419805068865449e-01 1.031555525140295526e-01
-3.812722810457559453e-01 3.980623572137350630e-01 3.281466132166949157e-01 3.815672700724955790e-01 3.281466132166949157e-01 3.815672700724955790e-01 6.848125669124185411e-01 -3.849772692770137561e-01
-8.251362520398819456e-02 -4.023236325522758783e-01 5.099397018548623706e-02 4.040508194352817606e-01 5.099397018548623706e-02 4.040508194352817606e-01 1.611926234973708183e-02 5.573794395180302619e-01
6.660145420657515025e-02 -1.378109410606106477e-01 -2.758621082892698251e-02 -3.066653592330860212e-01 -2.758621082892698251e-02 -3.066653592330860212e-01 -4.824463604614857848e-02 1.523670428341912242e-01
4.636627605010292807e-01 4.367805382809519799e-02 4.438508573508195276e-01 -1.895755189012737763e-02 4.438508573508195276e-01 -1.895755189012737763e-02 -5.041665345235236684e-01 -2.567534369173200548e-01
-4.384966778345145144e-02 4.627703198402424167e-01 -1.893707817086937029e-01 -1.420160631388036609e-01 -1.893707817086937029e-01 -1.420160631388036609e-01 8.443431735352385781e-02 -2.505367442799212307e-01
-4.953045238074529344e-01 -1.625226182357600857e-01 -3.894777059473394365e-01 -3.790247037255012330e-02 -3.894777059473394365e-01 -3.790247037255012330e-02 3.343081477410456692e-01 -5.639035163016101193e-02
-4.539926891127030739e-01 -1.544943436436655437e-01 -3.035490081790460648e-01 -3.236670925355108475e-01 -3.035490081790460648e-01 -3.236670925355108475e-01 3.137140840657235419e-01 -2.774651590623089525e-02
-3.845157028612519179e-01 4.031496468515715081e-01 -1.029863332223666106e-01 -3.736324746693965304e-01 -1.029863332223666106e-01 -3.736324746693965304e-01 6.945504424960469159e-01 -3.884723348419072408e-01
-2.264579651843642294e-01 -4.029704626530405953e-03 6.928691998429437060e-02 -2.924872659326315238e-01 6.928691998429437060e-02 -2.924872659326315238e-01 2.246328477643280419e-01 -4.723726684953524074e-02
2.184832175007167532e-02 -4.972967861064973016e-01 -1.624713529826382619e-02 4.686817880634119859e-02 -1.624713529826382619e-02 4.686817880634119859e-02 -1.181213738090207410e-04 7.441235304150539687e-01
-2.162969296001193698e-02 -1.660646479760796712e-02 -4.462664526462646331e-01 2.840586144671540803e-01 -4.462664526462646331e-01 2.840586144671540803e-01 2.091130749056492252e-02 1.641439585313777053e-02
2.963914745173317211e-01 -3.584935143780997313e-01 -1.864093882572988026e-01 -2.135136516847576660e-01 -1.864093882572988026e-01 -2.135136516847576660e-01 -8.388263185448124881e-02 3.991632080627024459e-01
-3.386904821150037437e-01 4.233060678891631401e-01 2.067779148255355359e-02 3.210151951243088719e-01 2.067779148255355359e-02 3.210151951243088719e-01 6.254299545461781129e-01 -3.588292834526720099e-01
-1.171919408421459030e-01 -2.713534490170544933e-01 -4.544892860374084576e-01 -1.614855072298573280e-01 -4.544892860374084576e-01 -1.614855072298573280e-01 5.359106615310808841e-02 3.312521923121566347e-01
-1.432931095974571134e-01 -3.841015311741202698e-01 -3.981453847517835154e-01 3.855226374488770480e-01 -3.981453847517835154e-01 3.855226374488770480e-01 3.321490399128849969e-02 5.111026021663150898e-01
-4.879637771023457304e-01 -2.831297499089593384e-01 -3.683127181855431198e-01 8.188894263456980571e-02 -3.683127181855431198e-01 8.188894263456980571e-02 2.116496527511090853e-01 1.251835574284814734e-01
-1.845716490758161354e-01 1.188261682413764841e-01 -2.216747016798856773e-01 3.988252193018173575e-01 -2.216747016798856773e-01 3.988252193018173575e-01 2.284355327271586078e-01 -1.387732036250148016e-01
4.742562128180503045e-01 -1.669279655256812323e-01 -2.151144794462688248e-01 2.607926286668018623e-01 -2.151144794462688248e-01 2.607926286668018623e-01 -3.159229633307870100e-01 -3.012604419629555386e-02
-3.128691082491552589e-01 3.266858747136069940e-02 2.393293907101079476e-03 2.181865260891838743e-01 2.393293907101079476e-03 2.181865260891838743e-01 3.333110919090035429e-01 -1.294884297606083701e-01
6.843394886864850868e-02 -4.831283266299603030e-01 2.912274310191123039e-01 -6.485801348367037367e-02 2.912274310191123039e-01 -6.485801348367037367e-02 -2.309190465467667042e-03 7.118581012644691342e-01
1.176354970758770602e-01 3.136786497018634323e-01 5.805123665726252824e-02 2.223915186982363679e-01 5.805123665726252824e-02 2.223915186982363679e-01 -1.914349848354142958e-01 -2.291224645953677808e-01
-3.618170486513861972e-01 -1.999710805240704214e-01 2.008556494477377052e-01 -3.534162638489433128e-01 2.008556494477377052e-01 -3.534162638489433128e-01 2.171111563096904951e-01 1.090479368752351186e-01
-1.732991182317399348e-01 2.573641432377087312e-01 -1.033898878739353266e-01 -3.397400798634049313e-01 -1.033898878739353266e-01 -3.397400798634049313e-01 2.625010764068642088e-01 -2.211604253931274411e-01
-4.204779174132442510e-01 -2.917467478785161772e-01 2.681946644627797305e-01 -2.873175911881712397e-01 2.681946644627797305e-01 -2.873175911881712397e-01 1.751317874931536123e-01 2.000612337440276223e-01
-2.925299245588905972e-01 3.818965030968323182e-01 1.937470232392137781e-01 1.218823913943650750e-01 1.937470232392137781e-01 1.218823913943650750e-01 5.159622350393315848e-01 -3.216253207816737181e-01
-1.269651361192525307e-01 -4.329637413951581415e-02 4.082483792345790174e-01 3.699889104282927388e-02 4.082483792345790174e-01 3.699889104282927388e-02 1.159708760470651023e-01 2.905080436336442487e-02
1.706378696181594101e-01 -8.969843730987436814e-02 -3.479727727904304846e-01 3.565674676693012524e-01 -3.479727727904304846e-01 3.565674676693012524e-01 -1.400259691168894427e-01 6.862696441788385116e-02
-4.188986100120032363e-01 -2.875656387059589703e-01 -4.348785314511816047e-01 -3.126390985736772210e-01 -4.348785314511816047e-01 -3.126390985736772210e-01 1.779769173297229834e-01 1.947835898003367205e-01
4.280812934655908730e-01 -3.967018449148613790e-01 4.421847190180479004e-01 3.450776272778744991e-01 4.421847190180479004e-01 3.450776272778744991e-01 -8.844001568291071091e-02 3.708206048585427350e-01
3.310484552361904198e-01 -1.236108448056487674e-01 -3.487697750259149965e-01 -1.873101565139648761e-01 -3.487697750259149965e-01 -1.873101565139648761e-01 -2.492060967894894064e-01 2.929740604494697476e-02
-1.015657413803229270e-01 -1.518080572534799000e-01 -3.779143931635328135e-01 3.714041908324061669e-02 -3.779143931635328135e-01 3.714041908324061669e-02 7.072874561541053762e-02 1.645381436784210949e-01
-4.021555155059659548e-01 3.975427646494055223e-01 1.147698861442988383e-01 -1.982984253603468083e-01 1.147698861442988383e-01 -1.982984253603468083e-01 7.219035464124631263e-01 -4.012315735761821101e-01
2.991585642167235992e-01 -2.209320517714016274e-01 -6.988401562326007621e-02 -1.497287926551458259e-01 -6.988401562326007621e-02 -1.497287926551458259e-01 -1.669711334219488863e-01 1.802471767271113801e-01
-3.551522406566227641e-01 3.587774682319021524e-01 2.701281241915821640e-01 2.666693010278750053e-01 2.701281241915821640e-01 2.666693010278750053e-01 6.099934841359634374e-01 -3.561893105644282631e-01
-4.885725413749689716e-01 -4.994540351030043457e-01 -9.955146526407665508e-02 2.791539245249139434e-01 -9.955146526407665508e-02 2.791539245249139434e-01 5.334869144533738172e-04 5.102052400980816582e-01
-6.558337444187922749e-02 5.968240582344797041e-02 -3.813844816342341071e-01 -4.058775639144830416e-01 -3.813844816342341071e-01 -4.058775639144830416e-01 7.341172157930199449e-02 -6.042159526175697182e-02
1.532008198571336299e-01 -4.027420052123593663e-01 -3.440220719655434634e-01 -1.227310673342397740e-01 -3.440220719655434634e-01 -1.227310673342397740e-01 -2.980000907825475220e-02 5.414726367699335130e-01
-3.817255741310667805e-01 7.714024402034180827e-02 -2.467521778791759157e-02 1.405645935212184172e-01 -2.467521778791759157e-02 1.405645935212184172e-01 4.406183820056179257e-01 -2.169040407185164887e-01
4.342139979247937598e-01 -3.094330850599319449e-01 -4.013896312771889630e-01 3.080493403229045413e-01 -4.013896312771889630e-01 3.080493403229045413e-01 -1.654936440166421274e-01 2.166401231958062223e-01
-4.327503685367514175e-01 2.823408917853575950e-02 6.631160555432991099e-02 3.345863819712364684e-01 6.631160555432991099e-02 3.345863819712364684e-01 4.571869935313731537e-01 -2.147098068554884054e-01
6.996491070126487077e-02 1.849344386835594101e-01 -3.960091620287669034e-01 3.511984717150039570e-01 -3.960091620287669034e-01 3.511984717150039570e-01 -9.584275367743241847e-02 -1.556287808017921825e-01
4.608346580630001688e-01 1.216654364532577803e-01 -1.578961247962112902e-01 -1.845348428329440793e-01 -1.578961247962112902e-01 -1.845348428329440793e-01 -5.729699576750456602e-01 -3.192315400979383599e-01
3.811031971111615846e-01 -1.645018303241003732e-01 -3.918344755236623511e-01 -3.024808931539145762e-01 -3.918344755236623511e-01 -3.024808931539145762e-01 -2.557188501768565825e-01 4.632303565573059334e-02
1.630782031001007937e-01 -1.074312115378489585e-01 1.641971050811490418e-01 -3.082758900781543687e-01 1.641971050811490418e-01 -3.082758900781543687e-01 -1.280388252311823460e-01 9.237817642398128692e-02
-1.257038166790839240e-01 4.998085781169653297e-01 3.149427833130780119e-02 1.438640367225967331e-01 3.149427833130780119e-02 1.438640367225967331e-01 2.513595084355811360e-01 -2.658014128853514180e-01
-2.129484800803702615e-01 3.151993953143135130e-01 4.021312148042320844e-01 -3.703809514832399064e-01 4.021312148042320844e-01 -3.703809514832399064e-01 3.471909443892399194e-01 -2.611957916763444909e-01
4.039839549282370212e-01 -1.737303673506276347e-01 4.004796369369190145e-02 3.019572403734451793e-01 4.004796369369190145e-02 3.019572403734451793e-01 -2.636153931413529605e-01 4.070957205095182552e-02
-2.866880226325180248e-01 -3.214200319423436980e-01 -3.810830578539864399e-01 3.418157394050852504e-01 -3.810830578539864399e-01 3.418157394050852504e-01 1.023934758484554286e-01 3.425408465552177706e-01
-1.165361058281020323e-01 -1.354553740032133913e-01 -3.306873094563992366e-01 -1.469250394783914171e-01 -3.306873094563992366e-01 -1.469250394783914171e-01 8.496522222845478978e-02 1.402228683879852000e-01
1.531083254653984316e-01 3.298973686033431774e-01 -1.020813851650622661e-01 -1.269454706947967804e-01 -1.020813851650622661e-01 -1.269454706947967804e-01 -2.541283928299967743e-01 -2.445072541187514881e-01
-4.291302218157916348e-01 -2.704325553080502154e-01 4.296187394467544385e-01 -3.814655783806286671e-02 4.296187394467544385e-01 -3.814655783806286671e-02 1.970286569246817721e-01 1.594135750028213283e-01
4.453015334790795254e-01 6.650610698916270547e-02 4.980227877581006046e-01 -4.396205179744036018e-01 4.980227877581006046e-01 -4.396205179744036018e-01 -5.045320763350752413e-01 -2.603765004411285333e-01
-3.394611775147435839e-01 2.358938968077329834e-01 2.650699491581399725e-01 8.281900016218202154e-04 2.650699491581399725e-01 8.281900016218202154e-04 4.996148174725324465e-01 -2.954818572962918388e-01
1.360610554471413103e-01 -1.554695392456877379e-01 4.853785645671059301e-01 2.012568474457273604e-01 4.853785645671059301e-01 2.012568474457273604e-01 -9.375435624784325683e-02 1.611277060695641139e-01
1.214784014997635220e-01 -9.575638206074121861e-02 -1.557108353010611124e-01 3.846220568448426302e-01 -1.557108353010611124e-01 3.846220568448426302e-01 -9.821373704748456723e-02 9.016866473516611802e-02
-4.798924538125064476e-01 -1.320724194629586679e-01 3.518085827572431379e-01 -4.996326562485421396e-01 3.518085827572431379e-01 -4.996326562485421396e-01 3.531313388984387291e-01 -8.078122378043026131e-02
3.137978197024772209e-01 2.645619743577085625e-01 -1.703488424185873873e-01 -2.640296147584300090e-01 -1.703488424185873873e-01 -2.640296147584300090e-01 -4.798357611617404817e-01 -2.930380077316880882e-01
1.304479368667911254e-01 6.821759366984503359e-02 -6.464653367484296531e-02 3.242664697032285881e-01 -6.464653367484296531e-02 3.242664697032285881e-01 -1.482456255712878423e-01 -8.058061781654327072e-02
3.817353618548527949e-01 -4.373639969401902361e-01 -2.787818722684076711e-01 1.716898576108536467e-01 -2.787818722684076711e-01 1.716898576108536467e-01 -4.782075458635631771e-02 4.829293762692336012e-01
-3.687106715267439716e-01 1.492220193676840889e-02 4.804664588406299952e-01 -4.647801954245929235e-01 4.804664588406299952e-01 -4.647801954245929235e-01 3.797146217202710949e-01 -1.506470891238292087e-01
2.103660620412928228e-02 -4.700496750952506408e-01 -1.201060962139826049e-01 -8.404668537022053076e-02 -1.201060962139826049e-01 -8.404668537022053076e-02 -1.260106381413876597e-03 6.905538333518137506e-01
-1.394544395141077420e-01 -3.376420520873332221e-01 2.690469943201405645e-01 -3.861058951886365831e-01 2.690469943201405645e-01 -3.861058951886365831e-01 4.528307325364329394e-02 4.321966667248847149e-01
-2.911232439051653076e-01 4.138079375713576979e-02 1.394627744740102315e-01 2.403471966315919861e-01 1.394627744740102315e-01 2.403471966315919861e-01 3.152170657330612413e-01 -1.244211668070315385e-01
-1.546483193030973036e-01 4.591422519779749800e-01 -1.914720404455995117e-01 -4.962902262499813144e-01 -1.914720404455995117e-01 -4.962902262499813144e-01 2.966594744819633922e-01 -2.722467470898414232e-01
1.956254456388571983e-01 2.150525974651670280e-01 -1.967080785803339005e-01 -4.541013276951721966e-02 -1.967080785803339005e-01 -4.541013276951721966e-02 -2.797649660686913342e-01 -2.070742927700533476e-01
2.395507950492875571e-01 -2.349603016355179541e-01 2.732591260670231836e-01 -3.903169378870414707e-01 2.732591260670231836e-01 -3.903169378870414707e-01 -1.269809409256700827e-01 2.327820615714257801e-01
-4.419708396761243829e-01 -3.378797392911667696e-01 4.926669934642663451e-01 -1.116668335255474043e-01 4.926669934642663451e-01 -1.116668335255474043e-01 1.433048555079904363e-01 2.567042343906151824e-01
4.380595007732634993e-02 -1.834574401075239614e-01 1.455442945794939158e-01 -4.736786647159084707e-01 1.455442945794939158e-01 -4.736786647159084707e-01 -2.773289515199778288e-02 2.151951111761525037e-01
4.679655666042270568e-01 2.712254629659102134e-01 3.369903652886837575e-01 -4.607894607861029446e-01 3.369903652886837575e-01 -4.607894607861029446e-01 -7.218139215128990260e-01 -4.166539827320531741e-01
7.722858860416759175e-02 2.418386039375819418e-02 4.884926739930472994e-02 -2.935485887536852800e-01 4.884926739930472994e-02 -2.935485887536852800e-01 -8.096395941458793544e-02 -2.956325618800517002e-02
-3.689447687847422497e-01 2.731100525054191985e-01 -1.031508763545085916e-02 -6.134513079462888818e-03 -1.031508763545085916e-02 -6.134513079462888818e-03 5.704698191335436652e-01 -3.346411941395333045e-01
3.617749470345199558e-02 -3.521986659346095783e-01 -2.801392233583930302e-01 3.167256870298913451e-01 -2.801392233583930302e-01 3.167256870298913451e-01 -1.069416396062760136e-02 4.749337550977099642e-01
4.621885451174382320e-01 -1.566082712090839379e-01 1.033229922907445975e-01 3.018158670596945425e-01 1.033229922907445975e-01 3.018158670596945425e-01 -3.174234470704708766e-01 -3.248382941759231368e-02
1.289818435911487260e-01 -1.350881639787618882e-01 3.054624374049965674e-01 3.843242263891349930e-01 3.054624374049965674e-01 3.843242263891349930e-01 -9.413400271650049222e-02 1.367006600497431834e-01
1.180154289988415428e-01 4.834262422606420140e-01 3.002556035835235448e-01 -9.953028970586597080e-02 3.002556035835235448e-01 -9.953028970586597080e-02 -2.321189397382166786e-01 -2.636529520361776679e-01
1.001685231825022449e-02 4.631972952603800042e-01 1.612370074109303886e-02 1.659514107544161066e-01 1.612370074109303886e-02 1.659514107544161066e-01 -1.929641011992256489e-02 -2.487458982542139763e-01
8.759963519638902518e-02 3.890599531897286356e-01 -2.128472871136706246e-01 -8.686522821723519083e-02 -2.128472871136706246e-01 -8.686522821723519083e-02 -1.557626551342778665e-01 -2.453660021002752600e-01
1.996220542505167117e-01 7.770942431684035867e-02 4.657342779802806643e-01 4.229142906324854234e-01 4.657342779802806643e-01 4.229142906324854234e-01 -2.306470840840221803e-01 -1.115196342323818562e-01
-3.410304163544802813e-01 -3.252279958390600356e-01 3.611230080657866770e-01 -4.734647079430431837e-02 3.611230080657866770e-01 -4.734647079430431837e-02 1.192051386922246270e-01 3.146995002376415385e-01
-2.105939070527989010e-01 -2.160000232378989082e-01 4.062314197872841648e-01 -1.924679607812880278e-01 4.062314197872841648e-01 -1.924679607812880278e-01 1.196173294184699337e-01 2.183062395889088791e-01
4.443723899839335800e-01 -3.999859390784448188e-01 -3.516210623226243559e-01 -1.844664537179430130e-02 -3.516210623226243559e-01 -1.844664537179430130e-02 -8.888697456742039593e-02 3.625078695588770383e-01
3.965465958510629996e-01 -2.584429599600815974e-01 -3.964215365516278178e-01 1.143462999796308610e-01 -3.964215365516278178e-01 1.143462999796308610e-01 -1.915772438633771280e-01 1.679865208319436531e-01
2.142412995491114192e-01 -7.629364654452719385e-02 -1.372791367068515456e-02 -2.558429661631206331e-01 -1.372791367068515456e-02 -2.558429661631206331e-01 -1.815507995830312749e-01 3.621503261509635002e-02
-1.222481607075190935e-01 -3.466311221406542797e-01 -4.178774024138798282e-02 3.184221621817872050e-01 -4.178774024138798282e-02 3.184221621817872050e-01 3.749812645616232287e-02 4.518396441807720487e-01
-3.375070653236251772e-01 -9.620725933266549568e-02 -1.104514926544312159e-01 2.674657630849425205e-01 -1.104514926544312159e-01 2.674657630849425205e-01 2.725658058032314202e-01 -8.447923062397541538e-03
-1.261868620674385655e-01 1.563834665125174439e-02 2.672100660540969175e-01 -3.058057923865309391e-01 2.672100660540969175e-01 -3.058057923865309391e-01 1.301335698511271455e-01 -3.131691292369379043e-02
-2.468088062771480740e-01 -4.614427539410016488e-01 2.019775951661971769e-01 2.142998462937436566e-01 2.019775951661971769e-01 2.142998462937436566e-01 1.903253574631130762e-02 6.134575822497065900e-01
2.917250380826645895e-01 -4.697647419940174096e-01 2.193890620039735673e-01 3.625592497840949280e-01 2.193890620039735673e-01 3.625592497840949280e-01 -1.764076358646893272e-02 6.053401569703910079e-01
-1.437240406537709791e-02 -7.309563978892630320e-02 -1.172357807572285138e-01 -1.741451579962037810e-01 -1.172357807572285138e-01 -1.741451579962037810e-01 1.227128392444968956e-02 7.823204634646030442e-02
8.651293481008315300e-02 1.451274329875673619e-02 5.258133251050456369e-02 -4.572368620522011540e-01 5.258133251050456369e-02 -4.572368620522011540e-01 -8.902401483992478104e-02 -2.178661147015482566e-02
4.903389473967043610e-01 -4.710474509730394610e-01 -4.953451631628165153e-01 -3.926989684844954809e-01 -4.953451631628165153e-01 -3.926989684844954809e-01 -2.839312482866263032e-02 4.525008687071294666e-01
3.638556059232314066e-01 4.308187172979731638e-01 4.550466810062829826e-01 -6.815734935029382768e-02 4.550466810062829826e-01 -6.815734935029382768e-02 -6.773672167742781358e-01 -3.776048520854641266e-01
-2.467083974602178875e-01 4.682864102942972950e-01 2.745009548842020086e-01 -3.031479453346862529e-01 2.745009548842020086e-01 -3.031479453346862529e-01 4.777687771324262145e-01 -3.098592816053671872e-01
2.740473326986387903e-01 3.743999170748423255e-01 3.661347063247309963e-01 -6.981914236094588500e-02 3.661347063247309963e-01 -6.981914236094588500e-02 -4.792539299725429580e-01 -3.093265597284319268e-01
-4.455585054997301953e-02 -2.755863880791598053e-01 1.496564952358355738e-01 -4.984054293957054238e-01 1.496564952358355738e-01 -4.984054293957054238e-01 1.999787870824919905e-02 3.495490215554455382e-01
4.564057227959488205e-01 -3.144821024768237328e-01 -5.552104464773000014e-02 5.841002654587990062e-02 -5.552104464773000014e-02 5.841002654587990062e-02 -1.693428602213000733e-01 2.050749114541747242e-01
1.120957227224214092e-01 9.807196621584135521e-03 2.049480619227594946e-01 -1.823681267260538474e-01 2.049480619227594946e-01 -1.823681267260538474e-01 -1.142944123087761416e-01 -2.227646656867170866e-02
-4.416436410194113371e-01 3.791733376874044659e-01 -2.086111794630972627e-01 1.603385959782224202e-01 -2.086111794630972627e-01 1.603385959782224202e-01 7.765626278869075527e-01 -4.304500233272806620e-01
4.786183422327640047e-01 1.222310588397949038e-01 -4.757272953779387858e-01 -4.402420820396060197e-01 -4.757272953779387858e-01 -4.402420820396060197e-01 -5.956223957352801968e-01 -3.363661446163367374e-01
2.497044225426425790e-02 -4.790499307322695355e-01 -3.496502431286296897e-01 4.788569810230560719e-01 -3.496502431286296897e-01 4.788569810230560719e-01 -1.046264989745398361e-03 7.079152438804882097e-01
-4.431519235667596979e-01 -2.685702153435576278e-02 -4.217539003095311934e-01 4.550641453735597697e-01 -4.217539003095311934e-01 4.550641453735597697e-01 4.193484420583123984e-01 -1.688053062208665911e-01
-4.608122077456793253e-01 -4.400557017504267421e-01 5.243905899163314732e-02 -8.266685793740424781e-02 5.243905899163314732e-02 -8.266685793740424781e-02 5.524612883630264371e-02 4.213568315860401481e-01
-1.882041180058974250e-01 2.734555444490305298e-01 4.382561369639622617e-01 -6.421468853823331102e-03 4.382561369639622617e-01 -6.421468853823331102e-03 2.911350371196019804e-01 -2.340983996934925815e-01
-3.798034387868310935e-01 4.077329574850394600e-01 4.292916715697834285e-01 -1.068775847765829345e-01 4.292916715697834285e-01 -1.068775847765829345e-01 6.895201975059166433e-01 -3.857374449798446348e-01
4.295293167921905297e-01 -2.059233376168339014e-01 -1.694036992407896847e-01 -2.219497616987778921e-01 -1.694036992407896847e-01 -2.219497616987778921e-01 -2.526290957559380601e-01 6.383232460812449105e-02
4.241587666207635721e-01 -2.563221247187678076e-01 4.231590211737402685e-01 -4.366309954511516933e-01 4.231590211737402685e-01 -4.366309954511516933e-01 -2.067162140641113921e-01 1.421124970378639940e-01
4.988470065678665133e-01 3.571249175045673185e-01 8.815146043529931141e-02 -1.609054115225969639e-01 8.815146043529931141e-02 -1.609054115225969639e-01 -8.551483987037657997e-01 -4.784350467636443449e-01
4.854914276432975573e-01 3.894479088158665503e-01 1.428033753085120594e-01 2.092337639507906299e-01 1.428033753085120594e-01 2.092337639507906299e-01 -8.636386701307212643e-01 -4.734801614499423161e-01
1.027633760716438749e-01 1.223844285660048437e-01 -9.580091563724857373e-03 2.998654355823109352e-01 -9.580091563724857373e-03 2.998654355823109352e-01 -1.279166501877270490e-01 -1.179667916722194065e-01
4.883738380592261841e-01 2.720761145324046559e-03 -2.353504019971996986e-01 4.985265777083542904e-01 -2.353504019971996986e-01 4.985265777083542904e-01 -4.910313351851948172e-01 -2.412223643048134192e-01
-4.835703704085257959e-01 4.227566102253653701e-01 -3.602542211350450163e-01 3.365471806191977500e-01 -3.602542211350450163e-01 3.365471806191977500e-01 8.924355116071911453e-01 -4.778737618731627168e-01
2.486636198505473017e-01 4.450267769403913887e-01 -1.993488413032331596e-01 -3.557598979784339921e-01 -1.993488413032331596e-01 -3.557598979784339921e-01 -4.699875584193868860e-01 -3.088115405836160399e-01
-1.955315926226804946e-01 9.106538083399018380e-02 1.578621337264282110e-01 -2.494794135828214410e-01 1.578621337264282110e-01 -2.494794135828214410e-01 2.311439105172025388e-01 -1.210050809611123990e-01
-2.078524732074511494e-01 -2.551105205799005793e-01 -3.976831841124057743e-01 4.049823195783415208e-01 -3.976831841124057743e-01 4.049823195783415208e-01 1.018017679199057501e-01 2.769892476719942875e-01
1.969972417249873375e-01 3.822836719191073929e-01 -1.287130557175006906e-01 1.892567863716521082e-02 -1.287130557175006906e-01 1.892567863716521082e-02 -3.476148995741156211e-01 -2.749507793504047393e-01
1.900250201912273562e-01 -2.100865504080445811e-01 4.580671779934348820e-01 2.046436988266020496e-01 4.580671779934348820e-01 2.046436988266020496e-01 -1.101816182248394060e-01 2.181134007717200618e-01
-3.685172007088723944e-01 1.374622773722066205e-01 2.811928439623906373e-01 1.155972191096447110e-01 2.811928439623906373e-01 1.155972191096447110e-01 4.698316280294166924e-01 -2.543713268901565128e-01
-2.621071786254913771e-01 -1.349001229399902080e-01 3.152250407163726953e-01 2.975263608679399319e-01 3.152250407163726953e-01 2.975263608679399319e-01 1.913905973854258535e-01 8.439799302219944122e-02
3.681260573682142434e-01 -2.287479232381358640e-01 1.973302508300515123e-01 3.029753783638378106e-01 1.973302508300515123e-01 3.029753783638378106e-01 -1.997099151425704988e-01 1.455567415104301876e-01
2.487882575401331176e-01 -3.027405256992623528e-01 3.020685238956138940e-01 1.773130699945224542e-03 3.020685238956138940e-01 1.773130699945224542e-03 -9.815168178912636598e-02 3.324967545100724897e-01
-1.668548479713580779e-01 -3.875726827876887493e-01 4.608125288226778693e-01 4.090927570285631809e-01 4.608125288226778693e-01 4.090927570285631809e-01 3.751808584257568246e-02 5.099447269393900806e-01
-1.017789377839081189e-01 -4.194679965281559175e-01 1.271607114618582557e-01 -2.136704531265509743e-01 1.271607114618582557e-01 -2.136704531265509743e-01 1.639292354194858692e-02 5.850624444630803112e-01
2.392635793983016734e-01 -4.603844774204822743e-01 1.150580206350961809e-01 1.844985465240676081e-01 1.150580206350961809e-01 1.844985465240676081e-01 -1.895710346421930481e-02 6.150912840437253726e-01
7.754294883137546890e-02 4.371170419405177032e-01 4.440324664280993483e-01 4.371230205317796491e-01 4.440324664280993483e-01 4.371230205317796491e-01 -1.453336376644069894e-01 -2.520586424991547170e-01
-3.679318936548466867e-01 3.773987891741196199e-01 -1.409029122697037506e-01 3.444704924187343975e-01 -1.409029122697037506e-01 3.444704924187343975e-01 6.456459959826068573e-01 -3.703428214724694412e-01
-2.283472323938541271e-01 -4.693389516742820788e-01 4.792702400358185288e-01 4.835554181712203858e-01 4.792702400358185288e-01 4.835554181712203858e-01 1.400273105494381776e-02 6.374755446910633783e-01
-4.060594892415583246e-01 4.795269293354585960e-01 -7.641236328569556147e-02 1.294612270091521911e-01 -7.641236328569556147e-02 1.294612270091521911e-01 7.954924092486166387e-01 -4.144651621806799136e-01
8.678434645816879289e-02 4.950057279527142473e-02 7.360974696681543694e-02 -3.288279518448414818e-01 7.360974696681543694e-02 -3.288279518448414818e-01 -9.537609617685408048e-02 -5.458178887838293497e-02
3.919233550156721035e-01 -4.414650777644412161e-01 -6.446845946906654135e-02 -6.874215315810183746e-02 -6.446845946906654135e-02 -6.874215315810183746e-02 -4.588240621628331128e-02 4.827525764432648026e-01
4.894097772844314687e-01 -1.697329643031008084e-01 3.356460375834756649e-01 2.808851846280235875e-01 3.356460375834756649e-01 2.808851846280235875e-01 -3.232718327696176286e-01 -4.097968662737830337e-02
-2.182698942460509217e-01 2.781715954502541610e-01 -1.796737134891683851e-01 4.682043910905087092e-01 -1.796737134891683851e-01 4.682043910905087092e-01 3.397028636884154018e-01 -2.484339056690965664e-01
-2.608634501337303568e-03 -4.600071980992830323e-01 -1.037772553382559915e-01 2.439378206317415199e-01 -1.037772553382559915e-01 2.439378206317415199e-01 2.086532056867168410e-04 6.716070154284744520e-01
7.432524884957880662e-02 3.620625958512072584e-01 2.510322995349187902e-01 -2.185462727056062260e-01 2.510322995349187902e-01 -2.185462727056062260e-01 -1.281460339211097366e-01 -2.364975151532444364e-01
-4.882859158149980283e-01 -3.895228890082552686e-01 3.161507522663683512e-01 3.496898764211883170e-01 3.161507522663683512e-01 3.496898764211883170e-01 1.078888346343985227e-01 3.028278344863014615e-01
1.924721193700198452e-01 4.979622513286734442e-01 -4.339257361483280784e-01 -3.877756841717114877e-01 -4.339257361483280784e-01 -3.877756841717114877e-01 -3.841598191290123698e-01 -2.870413643151397132e-01
4.920112434144741087e-01 -4.103013981793168785e-02 -2.581518773637825337e-02 -1.408934923466999001e-01 -2.581518773637825337e-02 -1.408934923466999001e-01 -4.516366631958935174e-01 -1.993614514548461836e-01
4.903450015608938894e-01 -4.002670527652459898e-01 -3.960119224565795681e-01 4.981989528446095772e-01 -3.960119224565795681e-01 4.981989528446095772e-01 -9.780710433499600898e-02 3.200425457388691441e-01
3.480082293222344081e-01 -1.552818726244923342e-01 -3.644515668914936057e-01 -3.559414589091577374e-01 -3.644515668914936057e-01 -3.559414589091577374e-01 -2.399294902464537693e-01 5.828460491426450119e-02
-2.224039022682339217e-01 3.735568272907714427e-01 2.018404829444162552e-01 4.574885434478493940e-01 2.018404829444162552e-01 4.574885434478493940e-01 3.885648944850504938e-01 -2.834756198193623122e-01
-4.277654664614294333e-02 6.784600147750752264e-02 4.121509530115887721e-01 1.836015003535570456e-01 4.121509530115887721e-01 1.836015003535570456e-01 4.858098194005670833e-02 -6.507275450399122030e-02
3.742879666249470105e-01 -2.534430601888438828e-01 2.954565267763146208e-01 1.077418473858510195e-01 2.954565267763146208e-01 1.077418473858510195e-01 -1.845665913183741347e-01 1.775849629864924006e-01
-4.808068016906664743e-01 8.969472301355074784e-02 -4.754229756930339335e-01 9.618444677924364861e-02 -4.754229756930339335e-01 9.618444677924364861e-02 5.670584674920176038e-01 -3.128247602290810114e-01
-9.541191382432923085e-03 -4.338505378830452841e-01 6.769274883684406330e-02 -1.783023815363777853e-01 6.769274883684406330e-02 -1.783023815363777853e-01 1.262289355805723198e-03 6.219857927714568246e-01
2.851529120231377501e-01 -6.042166012776517547e-03 -1.687311197072737246e-01 -2.063831801965898549e-01 -1.687311197072737246e-01 -2.063831801965898549e-01 -2.817070295561968640e-01 -7.523350945237286536e-02
2.389457489261448409e-03 2.239413985013258834e-01 4.832748650501552667e-01 7.728401454298206019e-02 4.832748650501552667e-01 7.728401454298206019e-02 -3.459654392870799636e-03 -1.737973580456892431e-01
-2.512468564800419690e-01 9.102690087049125633e-02 -3.719791295491833294e-01 -3.146870804206332028e-01 -3.719791295491833294e-01 -3.146870804206332028e-01 2.969873018777046125e-01 -1.458659870795078195e-01
1.155595642838441739e-01 -1.001878599906692591e-01 -2.362323135495378867e-01 1.683304038097077626e-02 -2.362323135495378867e-01 1.683304038097077626e-02 -9.240423338973913214e-02 9.687145438270729214e-02
1.178766919175238126e-01 4.758838684185333623e-01 1.211403254603832247e-01 1.062619062265414138e-01 1.211403254603832247e-01 1.062619062265414138e-01 -2.300679242097056210e-01 -2.633133266949642115e-01
-7.596774811015805096e-02 -4.406168119942107664e-01 -4.399220356867420412e-01 3.429211121274853280e-01 -4.399220356867420412e-01 3.429211121274853280e-01 9.022414136803907914e-03 6.289888882532239656e-01
1.874882763878152891e-01 -3.826197058294428244e-01 2.879157509538762261e-01 -3.344543872037445409e-01 2.879157509538762261e-01 -3.344543872037445409e-01 -4.401485807186497623e-02 4.938656913355783940e-01
-1.009746782968979906e-01 2.317441854328927686e-01 5.613317945047391344e-02 -4.197903691119708736e-02 5.613317945047391344e-02 -4.197903691119708736e-02 1.477752674394240406e-01 -1.882347036080998237e-01
1.399210213275238202e-01 1.952700059046860170e-01 4.692058717176852412e-01 1.886483169837135376e-01 4.692058717176852412e-01 1.886483169837135376e-01 -1.945657786491543639e-01 -1.767175229080072685e-01
-2.725853720266767644e-01 -4.343951327900743564e-01 4.829991349165324577e-01 -7.340609040112100470e-02 4.829991349165324577e-01 -7.340609040112100470e-02 3.576585427035661180e-02 5.487914791388589508e-01
-3.034176383199465032e-01 -3.395323561123989586e-01 4.132843408854808276e-01 4.191710007237996471e-01 4.132843408854808276e-01 4.191710007237996471e-01 9.737742707028421152e-02 3.627523137159819888e-01
-4.128707002984592922e-01 4.221114617671930525e-01 2.580895307672292915e-02 4.983548770992695109e-01 2.580895307672292915e-02 4.983548770992695109e-01 7.614256099461138572e-01 -4.143955907768968050e-01
3.621915174216833178e-01 2.699671862500888642e-01 -4.628703961085521845e-01 3.618229919755957535e-01 -4.628703961085521845e-01 3.618229919755957535e-01 -5.577511671056470943e-01 -3.282675998905202341e-01
-1.722795984428810989e-01 2.791794333018340346e-01 1.201258805682414721e-01 1.170352106411249871e-01 1.201258805682414721e-01 1.170352106411249871e-01 2.684734397683832263e-01 -2.309185373627412052e-01
4.527490115169849894e-01 2.214066679599524523e-01 -1.695594273971561261e-01 4.605223981193308225e-01 -1.695594273971561261e-01 4.605223981193308225e-01 -6.532323116412606101e-01 -3.773674227724308494e-01
-2.405774356546450665e-01 -1.264889858443163373e-01 2.079823546511866406e-01 -1.509126580123245631e-01 2.079823546511866406e-01 -1.509126580123245631e-01 1.797166439486804212e-01 8.461094683807510175e-02
2.255943642105787683e-01 -1.232367646179244325e-02 4.824448830007098676e-01 1.937233386722279072e-01 4.824448830007098676e-01 1.937233386722279072e-01 -2.200340602983088811e-01 -3.841726770024788545e-02
-3.566467125909535962e-01 1.719571405958223442e-01 -2.343674524585527275e-01 -4.575455112744775121e-01 -2.343674524585527275e-01 -4.575455112744775121e-01 4.793026103910345004e-01 -2.695847599958651752e-01
-2.171930374235904182e-01 -4.389214629332126583e-01 -2.040501664110722091e-01 -1.169336404362304460e-01 -2.040501664110722091e-01 -1.169336404362304460e-01 2.653166597384978842e-02 5.844006980513590799e-01
-4.397745283707301667e-01 -4.091142679675905391e-01 4.655166391374733204e-01 2.697890206778347233e-01 4.655166391374733204e-01 2.697890206778347233e-01 7.993845988036285544e-02 3.830871164185498667e-01
-2.069797154922032867e-01 9.643306534962270415e-02 1.775083559940102695e-01 -1.223544050229330438e-02 1.775083559940102695e-01 -1.223544050229330438e-02 2.468990923524151948e-01 -1.299743318821315330e-01
4.488318299689686430e-02 2.105284027223456311e-01 -3.146514130206171656e-01 -1.890696196559105147e-01 -3.146514130206171656e-01 -1.890696196559105147e-01 -6.378155264775973998e-02 -1.682206944854564012e-01
-2.622581739843612425e-01 3.052638555791750141e-01 4.003674516042255993e-01 -1.970951913301649538e-01 4.003674516042255993e-01 -1.970951913301649538e-01 4.223740566796016505e-01 -2.808571838777230711e-01
-1.362892290573773924e-01 -3.665385290650655659e-01 -3.141023971445024987e-01 8.671716622323422108e-02 -3.141023971445024987e-01 8.671716622323422108e-02 3.637872196517158430e-02 4.823142683971932132e-01
-4.583760309244822029e-02 -1.576576233748421263e-01 4.442027179139420578e-01 4.444041214695561015e-01 4.442027179139420578e-01 4.444041214695561015e-01 3.138430796293881914e-02 1.804124637257848718e-01
4.509526110553940814e-01 -1.741575828789898583e-02 2.128923026989063549e-01 -3.268067637714123785e-01 2.128923026989063549e-01 -3.268067637714123785e-01 -4.352452477085187454e-01 -1.856391904930360381e-01
-3.405855365510440658e-01 -8.330824309128903593e-02 1.736532695846353391e-01 -4.907520057763006260e-01 1.736532695846353391e-01 -4.907520057763006260e-01 2.838383712063010655e-01 -2.575000124951622171e-02
-2.515865349170289811e-01 8.231973305205531055e-02 5.593768880860672255e-02 2.791109940193554628e-01 5.593768880860672255e-02 2.791109940193554628e-01 2.930076077047518157e-01 -1.388389791538510998e-01
-2.354443878953730307e-01 1.003922370976395584e-01 3.237176720231693672e-01 -4.314031652461156607e-01 3.237176720231693672e-01 -4.314031652461156607e-01 2.827179655211748410e-01 -1.457476956195977724e-01
1.897682650777504643e-01 -4.308173412076105047e-01 -4.420907231037397578e-01 -4.723468434946574979e-01 -4.420907231037397578e-01 -4.723468434946574979e-01 -2.625734626499545699e-02 5.804089282621858192e-01
1.324381926702256074e-03 2.199627362998246571e-02 -1.029741677173259262e-01 -2.597076799698333494e-01 -1.029741677173259262e-01 -2.597076799698333494e-01 -1.382644861202948511e-03 -2.151419156386517872e-02
1.625045715326759455e-01 2.057100439896076827e-01 1.075453597907942704e-01 -3.379270149700345227e-01 1.075453597907942704e-01 -3.379270149700345227e-01 -2.293622166496741832e-01 -1.898011575604199586e-01
-1.034942591530153555e-01 1.982484778182905805e-01 2.917614211803708502e-01 -3.469031031642771934e-01 2.917614211803708502e-01 -3.469031031642771934e-01 1.445294178330493173e-01 -1.696570805386528324e-01
2.507648618863519419e-01 3.339816438766317619e-01 -2.722590066527135200e-01 -2.318907350874609419e-01 -2.722590066527135200e-01 -2.318907350874609419e-01 -4.182665834849526032e-01 -2.853209213869756233e-01
-1.799828491775321559e-01 2.592824517166680831e-01 -2.218834872351382881e-01 2.034070306614734758e-01 -2.218834872351382881e-01 2.034070306614734758e-01 2.733156379809358327e-01 -2.244488879465240672e-01
1.699165465909100448e-01 -4.690575455112155900e-02 -4.489469353080763891e-01 4.695006184456362863e-02 -4.489469353080763891e-01 4.695006184456362863e-02 -1.539764189337751721e-01 2.023427155575071440e-02
3.966712930403420989e-01 4.272118073731179244e-01 -1.423609651517812047e-01 3.061241514404441366e-01 -1.423609651517812047e-01 3.061241514404441366e-01 -7.355966131059346047e-01 -4.020499937364088727e-01
-7.946053331990154955e-02 3.028933715613342237e-01 -2.419407874615927545e-01 -2.152202949690457112e-01 -2.419407874615927545e-01 -2.152202949690457112e-01 1.275966710065549736e-01 -2.174629533810249482e-01
3.207671207013149672e-01 3.667885432590956007e-01 3.986376684082661992e-01 -4.411912790655379002e-01 3.986376684082661992e-01 -4.411912790655379002e-01 -5.560745305562145857e-01 -3.351462535159781542e-01
2.151893663724194772e-01 1.805144811428258667e-01 3.483452697900060180e-01 4.064941252379208336e-01 3.483452697900060180e-01 4.064941252379208336e-01 -2.928789600087610134e-01 -1.942354666403256214e-01
-4.103969657613946165e-01 4.323939389604943839e-01 2.771472557286580596e-02 -2.338577143267395186e-02 2.771472557286580596e-02 -2.338577143267395186e-02 7.653032868874036776e-01 -4.138550900168819213e-01
-3.852063774706815380e-02 -2.902500503443649071e-01 1.521245948421390271e-01 4.197379807712737776e-01 1.521245948421390271e-01 4.197379807712737776e-01 1.615940365630100586e-02 3.730113025368304025e-01
5.736879132391692337e-02 -3.408537630577571642e-01 3.232032825856079317e-02 -5.537463989757995808e-02 3.232032825856079317e-02 -5.537463989757995808e-02 -1.826005451425233295e-02 4.537438726304237058e-01
2.270442627113282708e-01 -3.843381280949866863e-01 4.492799000431421108e-01 -3.187323378521575989e-01 4.492799000431421108e-01 -3.187323378521575989e-01 -5.252072886097167159e-02 4.805048275724144169e-01
3.917730007820797722e-01 3.792347630313270823e-01 -4.319069007578933972e-01 -3.060092023998026711e-01 -4.319069007578933972e-01 -3.060092023998026711e-01 -6.889208830094076808e-01 -3.889018416816957258e-01
3.623185468359023664e-01 8.863900029198656938e-02 -3.949053057510008014e-01 -9.014255009266125551e-02 -3.949053057510008014e-01 -9.014255009266125551e-02 -4.265496543934617635e-01 -2.120568573005037760e-01
-1.324381299521034672e-01 -3.309745938708387181e-01 -4.819036417985248510e-01 -2.785098211970422621e-01 -4.819036417985248510e-01 -2.785098211970422621e-01 4.477081740428184853e-02 4.229789173935951108e-01
2.324805346669966966e-02 -1.217548250765382312e-01 -2.972039588130047649e-01 6.531682622623824486e-03 -2.972039588130047649e-01 6.531682622623824486e-03 -1.758692810028361642e-02 1.360385905159661180e-01
-6.959756049193877026e-02 1.002128681312939307e-01 -4.162086470899154511e-01 -2.457118697226560178e-01 -4.162086470899154511e-01 -2.457118697226560178e-01 8.354670279561560164e-02 -9.501406961862289557e-02
4.944007896476794173e-01 -4.878288430567412348e-01 -2.781759694900038937e-01 -4.747681727121838557e-01 -2.781759694900038937e-01 -4.747681727121838557e-01 -1.203485920734592707e-02 4.813736823705709877e-01
-3.824681440379669173e-01 2.076143724186052530e-02 4.792863199891773673e-01 -1.792520839550539868e-01 4.792863199891773673e-01 -1.792520839550539868e-01 3.983493207768771804e-01 -1.666122811693598049e-01
4.425835996979303744e-01 5.917378210170221031e-02 -4.695734846629940895e-01 -3.303218844259301346e-01 -4.695734846629940895e-01 -3.303218844259301346e-01 -4.949622906785550169e-01 -2.515524883350603313e-01
2.583786538361414475e-01 4.873487570739681862e-01 -4.373111379763594542e-01 -1.157268247576815901e-01 -4.373111379763594542e-01 -1.157268247576815901e-01 -5.102196854391186642e-01 -3.165994748106031320e-01
3.379449074988039037e-01 -3.397695336798567389e-01 2.549011041375682796e-01 4.906516926063994033e-01 2.549011041375682796e-01 4.906516926063994033e-01 -1.082981402381020530e-01 3.410061091925088994e-01
7.019677041787963923e-02 4.805801327872823991e-01 1.915081078315352681e-01 8.815767049117173570e-02 1.915081078315352681e-01 8.815767049117173570e-02 -1.376671169152055840e-01 -2.545504553345409038e-01
-4.836714973162921094e-01 3.998667430000302225e-01 -3.658263619217123619e-01 -3.519613207222379581e-01 -3.658263619217123619e-01 -3.519613207222379581e-01 8.704797899439192799e-01 -4.739114481587619609e-01
-2.480590117539070993e-01 3.268616030486949375e-01 4.351605120778255786e-01 4.427794095611935488e-01 4.351605120778255786e-01 4.427794095611935488e-01 4.102209442190213329e-01 -2.815563688134573583e-01
3.073189587250106936e-01 2.137668684100163530e-01 2.202658525047580529e-01 3.996517033276688613e-01 2.202658525047580529e-01 3.996517033276688613e-01 -4.387081815443558686e-01 -2.625155367720159449e-01
2.653252538069652555e-01 3.806781230470795974e-01 2.935673680483519288e-01 2.890378914618652040e-01 2.935673680483519288e-01 2.890378914618652040e-01 -4.673322930394163688e-01 -3.061597799881626281e-01
4.589827218634735528e-01 -1.655262585038851375e-01 1.854671459131169708e-01 -3.824540592439364950e-01 1.854671459131169708e-01 -3.824540592439364950e-01 -3.070353365274932633e-01 -1.773993821102257118e-02
3.391891222586523869e-01 4.217190668708332701e-01 -1.405468489783477937e-01 1.050430168104723450e-01 -1.405468489783477937e-01 1.050430168104723450e-01 -6.252741625219641053e-01 -3.589213561670219765e-01
-4.003850697787286750e-01 3.634706491935857375e-01 2.505366534324162675e-01 1.443971409505681036e-01 2.505366534324162675e-01 1.443971409505681036e-01 6.914415122585160223e-01 -3.916679404700964540e-01
-3.711394345336798128e-01 -8.107768291655492732e-03 -4.698072267312883854e-01 2.088828992608413593e-01 -4.698072267312883854e-01 2.088828992608413593e-01 3.651212094554895926e-01 -1.295709756676529378e-01
4.037197397459334480e-01 4.918903291546293799e-01 3.007985990676309562e-01 3.400166977352779840e-01 3.007985990676309562e-01 3.400166977352779840e-01 -8.008914110856304447e-01 -4.129238614993039902e-01
4.413777047064986192e-01 -7.533699715940711528e-02 3.671145415936628575e-01 4.559617507082512899e-01 3.671145415936628575e-01 4.559617507082512899e-01 -3.748735629351003795e-01 -1.138016179115734494e-01
2.044144019235327736e-01 3.671671591051991479e-01 3.882650405440435382e-01 -3.451592965984233707e-01 3.882650405440435382e-01 -3.451592965984233707e-01 -3.545229123924365511e-01 -2.741406840935721179e-01
3.489435553129182077e-01 -3.824743570963623496e-01 4.378643744440391394e-01 -4.866838867535326907e-01 4.378643744440391394e-01 -4.866838867535326907e-01 -8.201963135046352882e-02 4.069993861382184552e-01
-4.372870479766542973e-01 -2.885452042175864484e-01 -2.403997665023804853e-01 -4.075518197530272335e-01 -2.403997665023804853e-01 -4.075518197530272335e-01 1.849328868563958062e-01 1.805835767664183411e-01
-3.642457563518930463e-02 7.635547240764872789e-03 2.581937163538238211e-01 2.594502514576427776e-01 2.581937163538238211e-01 2.594502514576427776e-01 3.698081877116390914e-02 -8.903995369302546495e-03
-3.134879835229842371e-02 -4.235132309697146047e-01 2.589845547523419445e-01 -3.935046862289396374e-01 2.589845547523419445e-01 -3.935046862289396374e-01 4.795536597898480274e-03 6.018939406179883989e-01
-2.275631045340374969e-01 4.391609090873703769e-01 1.671688207038235507e-01 2.211981129309029681e-01 1.671688207038235507e-01 2.211981129309029681e-01 4.274367442578619336e-01 -2.980835715620940851e-01
-2.099223927895559338e-01 4.358320802167885422e-01 -2.312909712431506781e-01 -8.306604787119842292e-02 -2.312909712431506781e-01 -8.306604787119842292e-02 3.929042190566718329e-01 -2.899498890651879268e-01
3.061939890460857461e-01 -2.937909608192712518e-02 2.986892488839026916e-01 1.726271392574618702e-01 2.986892488839026916e-01 1.726271392574618702e-01 -2.882025837982987726e-01 -6.351253155943625828e-02
4.689717046703517633e-01 -2.798961392190936204e-01 -5.712697537778754775e-02 2.319302776815359568e-01 -5.712697537778754775e-02 2.319302776815359568e-01 -2.064449655898948910e-01 1.383035281874322453e-01
2.774075618487531480e-01 -9.027379436925642153e-02 1.886834264786805271e-01 1.081715856767794248e-01 1.886834264786805271e-01 1.081715856767794248e-01 -2.273222954591309075e-01 2.146819694820942259e-02
-2.017176740439692306e-01 -3.521913233027276213e-01 3.268052703690756955e-01 -3.334579272711791775e-01 3.268052703690756955e-01 -3.334579272711791775e-01 5.963124493378163526e-02 4.355400314907450499e-01
-3.203963224403651999e-01 -3.004038578798856607e-01 2.574065558217258909e-01 -4.195514844625994888e-01 2.574065558217258909e-01 -4.195514844625994888e-01 1.278997398171382305e-01 2.879925322756937689e-01
3.490383084285108017e-01 4.185464511903499440e-01 -3.676943251469371177e-01 -5.139933798228280004e-02 -3.676943251469371177e-01 -5.139933798228280004e-02 -6.412157990729827617e-01 -3.651930601369501872e-01
-4.165775645579814501e-01 -1.232587330390132463e-01 4.884632846616732138e-02 1.615776482298338923e-01 4.884632846616732138e-02 1.615776482298338923e-01 3.138839189181923395e-01 -3.508541898366321354e-02
4.767610881903371345e-01 1.964631446525005876e-01 -4.829395137409024930e-01 1.509140038575057519e-01 -4.829395137409024930e-01 1.509140038575057519e-01 -6.640930534579807532e-01 -3.851665126581856335e-01
-1.446311515280703786e-01 -3.246279304847561331e-01 -4.505002557389322648e-01 -1.183462533545678319e-01 -4.505002557389322648e-01 -1.183462533545678319e-01 5.072852871970105759e-02 4.090930537432361236e-01
-7.531453124849374348e-02 2.196201578422881662e-01 4.163403298365742078e-01 2.874151169944805240e-02 4.163403298365742078e-01 2.874151169944805240e-02 1.083957097297180150e-01 -1.770594227287969336e-01
1.169339968747569181e-01 -1.660351304031908448e-01 -8.136313642997350382e-02 -1.710462400810168759e-01 -8.136313642997350382e-02 -1.710462400810168759e-01 -7.810369403542377631e-02 1.799292353060897853e-01
