-2.195560079355948213e-01 -3.751774568883237126e-01 -2.517092710029014135e-01 -3.921860992054075901e-01 -2.517092710029014135e-01 -3.921860992054075901e-01 5.481107853193664670e-02 4.677307404248987055e-01
8.930553690328424388e-02 -1.557155448562441702e-02 6.769033011914926679e-02 1.058963612178579483e-01 6.769033011914926679e-02 1.058963612178579483e-01 -8.652428483576937723e-02 7.838548873139321999e-03
2.318004091422952717e-01 -1.508325870429226834e-01 -1.466056529983705836e-01 -5.210108437972016393e-02 -1.466056529983705836e-01 -5.210108437972016393e-02 -1.618742983652145806e-01 1.198516266784480505e-01
2.508121031361555398e-01 -1.913580523693488855e-01 -4.926810306721361998e-01 1.499011530896899869e-01 -4.926810306721361998e-01 1.499011530896899869e-01 -1.548222720025655696e-01 1.650692454963578193e-01
1.283090375213571388e-01 1.687966059228697135e-01 -1.085696370157314128e-01 1.831708438541465034e-01 -1.085696370157314128e-01 1.831708438541465034e-01 -1.716252976070276048e-01 -1.567675208614461857e-01
-1.299158020858937057e-01 2.748966467245977929e-01 8.992312707576977093e-02 2.769841920273803382e-01 8.992312707576977093e-02 2.769841920273803382e-01 2.013426387857910616e-01 -2.162065959757905609e-01
2.548614813904673815e-01 2.770982292757829812e-01 -4.162250461545394797e-01 3.778014186346996262e-01 -4.162250461545394797e-01 3.778014186346996262e-01 -3.961048117982702288e-01 -2.652691753045521295e-01
2.705810225760929555e-02 -2.196869203471663035e-02 4.289494618931156689e-01 4.007422150717330211e-01 4.289494618931156689e-01 4.007422150717330211e-01 -2.586924002652671653e-02 2.171917456664960999e-02
-3.432086053539157300e-01 -2.219149513870172230e-01 -1.701554373181176638e-01 -2.421070155729601048e-01 -1.701554373181176638e-01 -2.421070155729601048e-01 1.908823634084753640e-01 1.533690502471395656e-01
-7.980631999886778072e-02 5.742017450810377177e-03 2.638727180664298677e-01 5.451849827816701577e-02 2.638727180664298677e-01 5.451849827816701577e-02 8.072281856310468962e-02 -1.207809539816664945e-02
-2.720997100486830522e-01 -6.952821725502500438e-02 -6.534520592832648855e-02 -2.678999781536649527e-01 -6.534520592832648855e-02 -2.678999781536649527e-01 2.342624945380947510e-01 3.241380411095756697e-04
3.468288014900352545e-01 5.890381116093834635e-02 2.954661047839490795e-02 2.989728403615929953e-01 2.954661047839490795e-02 2.989728403615929953e-01 -3.876878779463224789e-01 -1.757243697346691502e-01
4.095180496218864263e-02 -3.195314910048844270e-01 -2.061375145294558342e-01 -4.962035752827975710e-02 -2.061375145294558342e-01 -4.962035752827975710e-02 -1.478102236436992095e-02 4.199548144190278220e-01
3.862728257634695517e-02 -4.834241170990658532e-01 -4.524624057722395065e-01 4.642243248492941010e-01 -4.524624057722395065e-01 4.642243248492941010e-01 -1.280562625533644694e-03 7.156309271328442634e-01
4.498059913536265331e-01 -3.752486999308207727e-01 2.650051482981429229e-01 -3.188046180461383550e-01 2.650051482981429229e-01 -3.188046180461383550e-01 -1.122277644005417740e-01 3.137348568729732001e-01
-3.596130614047662322e-01 4.753500342702865478e-01 -2.605889558622440649e-01 3.974982823028202494e-01 -2.605889558622440649e-01 3.974982823028202494e-01 7.014972235303628123e-01 -3.787139331224321226e-01
4.888610889064947118e-01 2.548914570605327334e-01 1.183458693278854890e-01 6.815254294910511046e-02 1.183458693278854890e-01 6.815254294910511046e-02 -7.380741194096448465e-01 -4.289069664249350877e-01
-1.178972479684827768e-01 -9.307800587064207765e-02 -1.526305796271871795e-01 3.087153481852896730e-01 -1.526305796271871795e-01 3.087153481852896730e-01 9.594996649139680978e-02 8.784175996895543514e-02
-2.656379138785794902e-01 1.749716048091052301e-01 -3.842028903761385283e-02 3.538089173052172409e-02 -3.842028903761385283e-02 3.538089173052172409e-02 3.585960980575353396e-01 -2.149200436093951505e-01
-3.265698292128771385e-01 3.952603657312208085e-01 3.048358460157946093e-01 -5.249186100968616930e-02 3.048358460157946093e-01 -5.249186100968616930e-02 5.847300494758054246e-01 -3.456774623653701140e-01
2.481656543798393955e-01 -3.614221609970436067e-02 3.128781048105799822e-02 1.661880902234952329e-01 3.128781048105799822e-02 1.661880902234952329e-01 -2.302271409615979925e-01 -2.413771612947181178e-02
5.665318819515641202e-02 1.268556021628346464e-01 -8.000644798975919958e-02 -6.631026059502298509e-02 -8.000644798975919958e-02 -6.631026059502298509e-02 -7.102673680103833986e-02 -1.139728420954150834e-01
2.708839105018879811e-01 3.982050460171371320e-01 4.257748016364398813e-01 1.269160166803345868e-01 4.257748016364398813e-01 1.269160166803345868e-01 -4.866185905953006596e-01 -3.130158803124216682e-01
-3.473283559068367499e-01 -7.106766597009706032e-02 -4.623961213503998691e-01 -3.030519610859833124e-01 -4.623961213503998691e-01 -3.030519610859833124e-01 2.979607247477766285e-01 -4.451870770041191361e-02
-4.317906515832958814e-01 1.088311741937957322e-01 4.197106177144149797e-02 -2.683053086051401248e-01 4.197106177144149797e-02 -2.683053086051401248e-01 5.257752188187243547e-01 -2.834301165121226318e-01
2.018765297563104300e-01 1.206102752391879918e-02 -1.783518543972223425e-01 -4.274844719545366489e-01 -1.783518543972223425e-01 -4.274844719545366489e-01 -2.067462065199585641e-01 -5.266969240543656339e-02
-1.198588273764495948e-01 2.703225253299575970e-01 -3.486244300072010027e-01 -1.731693151336248793e-01 -3.486244300072010027e-01 -1.731693151336248793e-01 1.846599091754282107e-01 -2.116143961292495657e-01
3.833060912058098291e-01 2.444731530777320971e-01 4.176063476443931943e-01 -1.883860865392953388e-01 4.176063476443931943e-01 -1.883860865392953388e-01 -5.707221886277800138e-01 -3.316295900574404709e-01
4.085955030930955578e-01 2.701499563120921543e-01 -4.355697444203932012e-01 -4.127474761280182092e-01 -4.355697444203932012e-01 -4.127474761280182092e-01 -6.293596177129296976e-01 -3.641192425645667363e-01
-4.460907279262470437e-01 -1.020093605920775470e-01 -4.004326892574161523e-02 -2.207615078344060677e-02 -4.004326892574161523e-02 -2.207615078344060677e-02 3.550798680826252607e-01 -8.658166730128691313e-02
7.838961438713176744e-02 4.173335630816306097e-01 -2.998178835890130678e-01 4.848908966610399052e-02 -2.998178835890130678e-01 4.848908966610399052e-02 -1.438188485486852630e-01 -2.493111918509844926e-01
9.343244946462103684e-02 4.950523223391111172e-01 -4.621374122795695039e-01 3.001396843869876818e-01 -4.621374122795695039e-01 3.001396843869876818e-01 -1.859403516432056036e-01 -2.587051430987228895e-01
1.236722070556088848e-01 -2.786032990917989283e-01 8.836733289387677104e-02 -1.765208030109246540e-01 8.836733289387677104e-02 -1.765208030109246540e-01 -5.476123727229550986e-02 3.409282825586278931e-01
-1.548279488447850127e-01 2.167708141463760008e-01 -2.892290579129812578e-01 3.132938453250556643e-01 -2.892290579129812578e-01 3.132938453250556643e-01 2.219523098921800108e-01 -1.937529220241766825e-01
-6.632365101054171763e-02 -2.213799556777884536e-02 2.441359213695352137e-01 4.387191733689310702e-01 2.441359213695352137e-01 4.387191733689310702e-01 6.338710562632114687e-02 1.822925973216971141e-02
3.126105880328287068e-01 3.770343892703519328e-01 -3.146194753521976972e-01 3.287328515283017838e-01 -3.146194753521976972e-01 3.287328515283017838e-01 -5.483404723096350075e-01 -3.326048383281156040e-01
3.666082741665129818e-01 1.334740126224209789e-01 4.192375042561724552e-01 1.585680415583619052e-01 4.192375042561724552e-01 1.585680415583619052e-01 -4.644736289936832185e-01 -2.500603272642399344e-01
4.897517076637052380e-01 4.794833541798063647e-01 2.739162499564684605e-01 -7.459653442436242621e-02 2.739162499564684605e-01 -7.459653442436242621e-02 -9.594072906754680385e-01 -4.894358024038041322e-01
2.469384956075251214e-01 -4.167973635641244456e-01 -3.028036535333307189e-01 4.640361333390817800e-01 -3.028036535333307189e-01 4.640361333390817800e-01 -4.109186774410991672e-02 5.295387852252216865e-01
2.471216427371846214e-01 -3.919346713027631601e-01 -1.265928682628046920e-01 2.423834297071016941e-01 -1.265928682628046920e-01 2.423834297071016941e-01 -5.341056310118996731e-02 4.844783515628434678e-01
-4.841787571534437173e-01 -6.881824483962906136e-02 -1.947117006525667104e-01 -2.975369643254643925e-01 -1.947117006525667104e-01 -2.975369643254643925e-01 4.175380926415777072e-01 -1.608748732162172124e-01
2.035169881526529556e-01 -3.482751289680263707e-01 4.985205070898058866e-01 -3.373352583342648092e-02 4.985205070898058866e-01 -3.373352583342648092e-02 -6.175717756055396079e-02 4.281515299589946921e-01
6.885799070471554373e-02 -5.388278096557030938e-02 1.896393990795577356e-01 -2.570528742291988689e-01 1.896393990795577356e-01 -2.570528742291988689e-01 -6.143747064297261362e-02 5.204471216626324614e-02
4.954792150856257571e-02 -3.681590249724978614e-01 1.857568991725472296e-01 1.408076240458746575e-01 1.857568991725472296e-01 1.408076240458746575e-01 -1.306489256455006798e-02 5.012450961153794848e-01
-2.663338607607499409e-01 1.417504352588283556e-02 9.688852494597310905e-02 4.226386946886712126e-01 9.688852494597310905e-02 4.226386946886712126e-01 2.738844488981500569e-01 -8.490783705464870212e-02
-4.430705615889050097e-01 -2.544813198134925347e-01 3.006596581292396708e-01 1.826980429032513120e-01 3.006596581292396708e-01 1.826980429032513120e-01 2.175641990216052590e-01 1.229305394008019525e-01
-2.629730197569722927e-01 5.388461105141428842e-02 -4.879032399846421342e-01 -2.635303486738446166e-01 -4.879032399846421342e-01 -2.635303486738446166e-01 2.913134175302129480e-01 -1.201358688633530347e-01
-4.716935119792053932e-01 2.821818168314053077e-01 1.816453376026229138e-01 1.254353783114329213e-01 1.816453376026229138e-01 1.254353783114329213e-01 7.379001763749621912e-01 -4.250500083244093119e-01
1.199557183813797501e-01 2.169290016924698694e-01 3.709456091610533468e-01 -4.144918909749895075e-02 3.709456091610533468e-01 -4.144918909749895075e-02 -1.719994668529312709e-01 -1.842601842895711661e-01
1.923226156693140787e-01 1.326158167779972752e-01 -1.551386562837490102e-01 1.829068676298748475e-01 -1.551386562837490102e-01 1.829068676298748475e-01 -2.433326571930479743e-01 -1.520168504161886203e-01
3.781174363909454161e-01 -4.675736746855428949e-01 -3.744568901912763703e-01 3.008593551300331459e-01 -3.744568901912763703e-01 3.008593551300331459e-01 -2.452191799896269453e-02 5.432260202416241412e-01
-8.594401218043168367e-02 1.491541971124779042e-01 9.598238561301375427e-02 -2.453992443394230616e-01 9.598238561301375427e-02 -2.453992443394230616e-01 1.115818324472263035e-01 -1.342935958258801854e-01
-4.816673570869927090e-01 3.509509848396485943e-03 1.319949504631371395e-01 -2.256204440778297737e-02 1.319949504631371395e-01 -2.256204440778297737e-02 4.850481897536885190e-01 -2.355006360721890457e-01
2.501443149449674719e-01 2.389613566613169038e-02 3.424458099564136049e-01 2.651839567335081416e-01 3.424458099564136049e-01 2.651839567335081416e-01 -2.620992799170405174e-01 -8.589728866564458332e-02
4.046861603436230359e-01 -4.832844109229935681e-01 1.619846107706901517e-02 -3.697578324272349226e-01 1.619846107706901517e-02 -3.697578324272349226e-01 -1.352913512291109566e-02 5.530773443905139253e-01
-4.844667244491642766e-01 -2.442548061940688076e-01 -3.818073706529615530e-01 2.189394880898436480e-01 -3.818073706529615530e-01 2.189394880898436480e-01 2.478000726735523629e-01 6.920720944446845380e-02
-4.696003100712111689e-01 2.566944435097939792e-02 4.519351675679249558e-01 -3.487720726298519924e-01 4.519351675679249558e-01 -3.487720726298519924e-01 4.937090681243624379e-01 -2.455349751966690586e-01
-2.596443751508611397e-01 1.174610120171560856e-01 2.802023371197586155e-01 -3.272989118677250842e-01 2.802023371197586155e-01 -3.272989118677250842e-01 3.206405572904257317e-01 -1.710791242205427221e-01
-4.971296729688410299e-01 -6.469404237048004269e-02 4.974849927283294670e-01 2.918638755846716393e-01 4.974849927283294670e-01 2.918638755846716393e-01 4.328070167155028680e-01 -1.782585502573933167e-01
7.471150470810228317e-02 2.945783511847521741e-01 2.417048002315553834e-01 3.676272096151737001e-01 2.417048002315553834e-01 3.676272096151737001e-01 -1.187282884509915232e-01 -2.133837551337737781e-01
-4.995979751086425669e-01 -2.057843117557452972e-01 -7.120483965120227854e-02 1.391847558682459685e-01 -7.120483965120227854e-02 1.391847558682459685e-01 2.939791241840505887e-01 -1.466642012124791394e-03
2.827494147841719263e-01 -4.470054573320104696e-01 -2.461611176528127887e-01 -3.826230796868702599e-01 -2.461611176528127887e-01 -3.826230796868702599e-01 -2.996835185225771303e-02 5.668721046558186094e-01
-2.960937747668781483e-01 -1.356219296317695555e-01 -1.657235950061737295e-01 3.107212336073700287e-01 -1.657235950061737295e-01 3.107212336073700287e-01 2.157801565952010003e-01 6.634371397311543406e-02
-3.113631990446891207e-01 -6.611662378829941122e-02 -4.435657535794601536e-02 -4.246891273641821840e-01 -4.435657535794601536e-02 -4.246891273641821840e-01 2.701906320591709321e-01 -2.645900998987976704e-02
-3.070372679808871519e-01 -1.446920883798777924e-01 -1.093895012630942132e-01 6.573214662926329943e-02 -1.093895012630942132e-01 6.573214662926329943e-02 2.181855409516736399e-01 7.135600489044105488e-02
3.190891786335308122e-01 -1.716386099124098674e-01 -2.164554863963454867e-01 7.697784647750161025e-02 -2.164554863963454867e-01 7.697784647750161025e-02 -2.095531325160270852e-01 9.928051840405294204e-02
3.420308923596057094e-01 -1.999189540746435512e-01 2.810458221939570178e-01 4.117631736977988011e-01 2.810458221939570178e-01 4.117631736977988011e-01 -2.052739758361069866e-01 1.229014109446348035e-01
2.509424340273371801e-01 -2.858878631793515535e-01 3.551902839041353177e-01 1.074418935145535769e-01 3.551902839041353177e-01 1.074418935145535769e-01 -1.074596415371355251e-01 3.046476282970427274e-01
-1.885557858675371845e-01 3.898273414473749643e-01 -3.225704631317380944e-01 3.158346589590177445e-02 -3.225704631317380944e-01 3.158346589590177445e-02 3.355641873060622449e-01 -2.734152696915712610e-01
3.047545637433454191e-01 3.830285085638341913e-01 4.927008736648179621e-01 -4.717573798370873206e-01 4.927008736648179621e-01 -4.717573798370873206e-01 -5.382139358006164942e-01 -3.291930143135957665e-01
-4.609452167671176381e-01 -1.469939144581752233e-01 4.408279632013993865e-01 3.248585623852319193e-01 4.408279632013993865e-01 3.248585623852319193e-01 3.254329332403761987e-01 -4.386936751457248818e-02
1.216957202091217827e-01 2.997765368973862588e-01 -5.965291316876175642e-02 4.666124926421419961e-01 -5.965291316876175642e-02 4.666124926421419961e-01 -1.946587633281693652e-01 -2.247204131404131333e-01
7.675593498709076812e-02 -1.741900333867951733e-01 4.898834533371154709e-01 -8.389922738185795481e-02 4.898834533371154709e-01 -8.389922738185795481e-02 -5.001569723101872977e-02 1.986407275623454927e-01
3.073912887095238133e-01 -7.226267066392377814e-02 2.503171845746858803e-01 -4.146098608768293836e-01 2.503171845746858803e-01 -4.146098608768293836e-01 -2.629654577875729649e-01 -1.700484013909532577e-02
4.186017779775258463e-01 4.649889241109138593e-01 9.138718226751685325e-02 4.492644337722900838e-01 9.138718226751685325e-02 4.492644337722900838e-01 -8.078921587228966583e-01 -4.240016730910345366e-01
4.886161544124488776e-01 2.805295568767427472e-01 1.671187886992039351e-01 -7.575952601680424614e-03 1.671187886992039351e-01 -7.575952601680424614e-03 -7.627587009727336831e-01 -4.405784709480912165e-01
-6.230285731270046590e-03 2.587469310223365904e-01 -1.950060241647839643e-01 3.599985915803448622e-01 -1.950060241647839643e-01 3.599985915803448622e-01 9.454420355986804109e-03 -1.918357731691520685e-01
8.655504050199291921e-02 -3.049625139912927052e-01 9.562509813494968203e-02 3.561592379873718128e-01 9.562509813494968203e-02 3.561592379873718128e-01 -3.376295500178107256e-02 3.904728738948805011e-01
-1.573110920467182261e-01 -2.210091095430291031e-01 2.466574721230050393e-01 1.223125286916177945e-01 2.466574721230050393e-01 1.223125286916177945e-01 8.777672329774485749e-02 2.451073563631006869e-01
4.494892587070712375e-01 -2.682976895142079599e-01 8.982364810988918702e-02 3.950868086486484243e-01 8.982364810988918702e-02 3.950868086486484243e-01 -2.082953995619486465e-01 1.382407460198378790e-01
1.926777175073542958e-01 -1.493434975678326060e-01 -1.272511979025143791e-01 3.477210140360106339e-01 -1.272511979025143791e-01 3.477210140360106339e-01 -1.351273890354841023e-01 1.345222750097820053e-01
4.164058530538977676e-01 2.626320954451106804e-01 -2.690114407183666900e-01 1.287514258999133965e-02 -2.690114407183666900e-01 1.287514258999133965e-02 -6.351289365402057463e-01 -3.670503123447652616e-01
-2.378269162270880699e-01 5.276759654989249260e-02 -3.150944097215916395e-01 3.699107732683544203e-01 -3.150944097215916395e-01 3.699107732683544203e-01 2.629260257554402180e-01 -1.065448193863266363e-01
3.883106434165284337e-02 -3.077499831778522932e-01 -3.490192667203542154e-01 -1.288528155372704598e-01 -3.490192667203542154e-01 -1.288528155372704598e-01 -1.493054554580931781e-02 4.009521837659150711e-01
1.120311770449339273e-01 1.834649001663011259e-01 3.805385975643267304e-01 3.635929549181026177e-01 3.805385975643267304e-01 3.635929549181026177e-01 -1.531387544690579472e-01 -1.623565152033435988e-01
4.738020779272522631e-01 3.574844990835965852e-01 2.872634475242614727e-01 2.379954964038408782e-01 2.872634475242614727e-01 2.379954964038408782e-01 -8.125558749124341951e-01 -4.541777410467286447e-01
1.997583600209311694e-01 3.593178060976000010e-01 -3.848969590330966195e-01 9.484713340791761649e-02 -3.848969590330966195e-01 9.484713340791761649e-02 -3.433118313656822185e-01 -2.701119227170594717e-01
-4.801198661602044115e-01 4.453084399999497345e-01 -5.126274117567808375e-02 2.139280322669613321e-01 -5.126274117567808375e-02 2.139280322669613321e-01 9.077227233857749766e-01 -4.775239191464534794e-01
-2.955477502684825675e-01 9.560793360264552287e-02 -2.688804711412151605e-02 -4.728411706741377785e-01 -2.688804711412151605e-02 -4.728411706741377785e-01 3.520611696366432453e-01 -1.738155293236389731e-01
4.388864773697133126e-01 2.580196995146999406e-02 -1.568422696761440083e-02 2.697253449571856976e-01 -1.568422696761440083e-02 2.697253449571856976e-01 -4.615347487721130348e-01 -2.177575683160893061e-01
-4.912606358665083661e-02 -2.585812520344011878e-01 4.137396248416316258e-01 4.542005074295889511e-01 4.137396248416316258e-01 4.542005074295889511e-01 2.371990552713527933e-02 3.230321458145600233e-01
2.205124725251073059e-02 -2.161981650531257237e-01 -6.616017284727404579e-02 -3.013517355794385066e-01 -6.616017284727404579e-02 -3.013517355794385066e-01 -1.251636886625953106e-02 2.624535541200729294e-01
-1.510124027792111301e-01 3.477004682374377209e-01 -2.551193612381164044e-01 -2.515757536698010055e-01 -2.551193612381164044e-01 -2.515757536698010055e-01 2.560265690911956438e-01 -2.496095984180549676e-01
4.163055534683507419e-01 1.923601216234088751e-01 3.798772013968088057e-02 -9.205001095263254385e-02 3.798772013968088057e-02 -9.205001095263254385e-02 -5.764667272636957440e-01 -3.286680190810260527e-01
8.135892727325777507e-02 -4.802249004836557367e-01 8.103565741809015677e-02 4.485727683760075690e-01 8.103565741809015677e-02 4.485727683760075690e-01 -3.217761766743376661e-03 7.042215804811375879e-01
3.264069976293413333e-01 -2.941212050111430276e-02 9.974034447209867427e-02 2.880495511723071278e-01 9.974034447209867427e-02 2.880495511723071278e-01 -3.072063537359790986e-01 -7.626433476791447119e-02
-3.065657173766722643e-01 4.316643023809452195e-02 1.880425073341418507e-02 4.327639079648583076e-01 1.880425073341418507e-02 4.327639079648583076e-01 3.330324126817353347e-01 -1.352856286092679328e-01
-9.852041653045939817e-02 -1.796806741779687355e-01 4.645459070143065361e-02 -4.884104105901048154e-01 4.645459070143065361e-02 -4.884104105901048154e-01 6.311598680548491380e-02 2.022595463776828695e-01
-6.975272917873565071e-02 -1.249089816060889868e-01 8.995129829940373689e-02 -2.040649481125886844e-01 8.995129829940373689e-02 -2.040649481125886844e-01 5.232724444681325499e-02 1.356457920640772308e-01
2.662113810757704702e-01 3.859979711653512835e-01 -2.741930775687648758e-01 -3.676185064372625710e-01 -2.741930775687648758e-01 -3.676185064372625710e-01 -4.717254870685176904e-01 -3.078720368358530135e-01
-3.649208419532686820e-01 3.428998401928499140e-01 -1.907536153412203728e-01 -2.190444630096325396e-01 -1.907536153412203728e-01 -2.190444630096325396e-01 6.151834387309007557e-01 -3.584867606804503781e-01
-2.501493197749632413e-01 3.964911009335059244e-02 4.370803847989642721e-01 2.964888671311955992e-01 4.370803847989642721e-01 2.964888671311955992e-01 2.699857156140317849e-01 -1.006517403460327753e-01
-7.138117133621346699e-02 -1.306000743880937343e-01 3.442498595694283292e-01 -2.152537913868686204e-01 3.442498595694283292e-01 -2.152537913868686204e-01 5.273639876337597732e-02 1.425611821969395010e-01
-4.141618629156817999e-02 -3.906170858064154094e-01 -1.548840852199188101e-01 3.398407101976673728e-01 -1.548840852199188101e-01 3.398407101976673728e-01 9.060446302712230060e-03 5.414834930433740645e-01
1.634414978184480782e-01 1.745640237634105141e-01 2.213033441865708273e-01 -1.012844563709915935e-01 2.213033441865708273e-01 -1.012844563709915935e-01 -2.205035088366620322e-01 -1.708045485800757379e-01
1.585701696852981346e-02 -3.160465584527779592e-01 -5.899337959112882501e-02 -1.275012335946404951e-01 -5.899337959112882501e-02 -1.275012335946404951e-01 -5.833905688067514764e-03 4.156805405754829263e-01
4.695957483196745441e-01 3.069743847613948251e-02 -1.089008768932375748e-01 4.394188709061593867e-01 -1.089008768932375748e-01 4.394188709061593867e-01 -4.984265215050743270e-01 -2.502752725870582284e-01
3.600279486828880104e-01 3.352716024899659031e-01 1.186007425615364097e-01 1.510076093084951054e-01 1.186007425615364097e-01 1.510076093084951054e-01 -6.014422432750621272e-01 -3.524846788865844127e-01
5.094821911789682023e-02 2.506243191751753585e-01 1.353709614884534007e-01 -2.505377932986122547e-01 1.353709614884534007e-01 -2.505377932986122547e-01 -7.648594457711790917e-02 -1.904074908444404191e-01
-2.519664416227692660e-01 1.135886945028355965e-01 6.149125879937422656e-02 3.202024663153498762e-01 6.149125879937422656e-02 3.202024663153498762e-01 3.092075199476798653e-01 -1.641733906880174787e-01
-4.340389093159762179e-01 -1.758614701025533744e-01 1.345187162918416446e-01 -3.220276645298305596e-01 1.345187162918416446e-01 -3.220276645298305596e-01 2.813774679679433843e-01 1.839895196898241880e-02
-4.726124068020738367e-01 -4.064229041825192512e-01 2.728856021671177690e-01 3.059849322896659451e-01 2.728856021671177690e-01 3.059849322896659451e-01 8.845139295169568427e-02 3.482399941634235496e-01
-3.499851843649393057e-02 2.084608700517172064e-01 3.005195050954756475e-03 1.434625222408049128e-01 3.005195050954756475e-03 1.434625222408049128e-01 4.959016164407911015e-02 -1.662298320017479014e-01
-3.422699301294667151e-01 3.344865140180296459e-01 -2.303452988409485647e-01 -2.161324840265973490e-01 -2.303452988409485647e-01 -2.161324840265973490e-01 5.712392816938665074e-01 -3.397539910289261167e-01
-2.537889323969541033e-01 -4.438589603380846960e-01 1.971485287527562358e-01 -2.418703507181290124e-01 1.971485287527562358e-01 -2.418703507181290124e-01 2.849594903890509401e-02 5.764609148033044139e-01
3.635418545594286677e-01 -1.429383911172080746e-01 -3.849649879497537563e-01 2.107395698995863098e-01 -3.849649879497537563e-01 2.107395698995863098e-01 -2.596136789704470704e-01 3.120709475587522819e-02
-3.628642503711222433e-01 1.438956443116627959e-01 -4.280527798359988756e-01 2.800139663762613029e-02 -4.280527798359988756e-01 2.800139663762613029e-02 4.672934205807645625e-01 -2.548601520571907031e-01
1.788355329398909621e-01 -4.873962329701236884e-01 -1.324925518166186755e-02 4.498463888800873223e-01 -1.324925518166186755e-02 4.498463888800873223e-01 -4.508002787676324008e-03 6.929691730416959183e-01
-3.866580772324095250e-01 1.730410542166219701e-01 -3.400812114107167883e-01 3.701023653075676823e-01 -3.400812114107167883e-01 3.701023653075676823e-01 5.204735198437459021e-01 -2.926023164612860383e-01
4.325954630371635634e-01 2.543059505762986783e-01 4.710833196254637922e-01 1.503981324841198175e-01 4.710833196254637922e-01 1.503981324841198175e-01 -6.526186639224834662e-01 -3.767732687181217788e-01
3.881673400335694524e-02 9.437262383097777541e-02 -7.834211396754908741e-02 4.071090552203706636e-01 -7.834211396754908741e-02 4.071090552203706636e-01 -4.614320807624880394e-02 -8.697317054092190691e-02
-3.018985109151212098e-01 -3.320167068003850863e-01 4.524737816932592471e-01 -4.617004950998770951e-02 4.524737816932592471e-01 -4.617004950998770951e-02 1.014278121511638930e-01 3.511090895021904412e-01
-8.269519763287302982e-02 -4.826685130852470529e-02 -4.567090618138414104e-01 1.696465998755330995e-01 -4.567090618138414104e-01 1.696465998755330995e-01 7.471232401672313339e-02 4.375804453222401080e-02
1.219193679203014469e-01 1.363061258559835620e-01 -1.627304881109414847e-02 -2.644780433901307015e-01 -1.627304881109414847e-02 -2.644780433901307015e-01 -1.551560813363545843e-01 -1.325910981842021719e-01
-8.297799529742599933e-02 -4.430356005171672829e-01 -4.594094394084868860e-02 -2.076862379607162801e-01 -4.594094394084868860e-02 -2.076862379607162801e-01 9.453583344814373013e-03 6.324307961391946176e-01
-1.547025384089184552e-01 4.247041815360280692e-01 -1.244283251708189209e-02 4.695380120998964291e-01 -1.244283251708189209e-02 4.695380120998964291e-01 2.861081683219297567e-01 -2.682634151120034671e-01
1.233601157918027269e-01 -2.973978747803374123e-01 -2.358623557894303779e-01 -4.151981783396471171e-01 -2.358623557894303779e-01 -4.151981783396471171e-01 -4.998604325352579147e-02 3.706256525360316911e-01
-3.396048204803508996e-01 2.953011674056428282e-01 4.769161619458501811e-01 -3.064410422761895125e-01 4.769161619458501811e-01 -3.064410422761895125e-01 5.401762203692136444e-01 -3.234298220279986924e-01
-2.329279803156342199e-01 2.853349017756512396e-02 2.580616581331085513e-01 -1.652486562863362263e-01 2.580616581331085513e-01 -1.652486562863362263e-01 2.462204767924666693e-01 -8.197477412977240141e-02
-1.287062387209455538e-01 -4.585249204235011256e-01 4.351531155423886688e-01 -2.150678542778552416e-01 4.351531155423886688e-01 -2.150678542778552416e-01 1.067620298588616012e-02 6.522047271871861396e-01
4.054020337027780529e-01 -9.734314782508080022e-02 -4.545178543297059282e-01 2.300853173446426592e-02 -4.545178543297059282e-01 2.300853173446426592e-02 -3.264758135121422211e-01 -5.753197267677206961e-02
-4.011973418319303430e-02 -1.778704863852303975e-01 -2.455618976855779012e-01 -3.018007706798081502e-01 -2.455618976855779012e-01 -3.018007706798081502e-01 2.584750091757163568e-02 2.078988032412187603e-01
-2.192749328216903049e-02 -3.083242610901099079e-01 3.733231340367321183e-01 -1.807022629253811630e-01 3.733231340367321183e-01 -1.807022629253811630e-01 8.405936954602800590e-03 4.029072961052325708e-01
4.034019152878834946e-01 2.473208103319232132e-01 9.898528897341973831e-02 -1.356345201429720593e-01 9.898528897341973831e-02 -1.356345201429720593e-01 -6.029412924447818956e-01 -3.488863323666168137e-01
-2.285901295021763868e-02 -3.716088129174011101e-02 2.396119625075466830e-01 1.190396347254708553e-01 2.396119625075466830e-01 1.190396347254708553e-01 2.116009081683886336e-02 3.801927791706069537e-02
1.280761983073503973e-01 7.079923284136424577e-03 1.150157249710488383e-01 3.498718814403323218e-01 1.150157249710488383e-01 3.498718814403323218e-01 -1.298897376244301793e-01 -2.343331054329091112e-02
3.548979426974023799e-01 4.412138358535722116e-02 1.889550482302514434e-01 1.557607679033660153e-01 1.889550482302514434e-01 1.557607679033660153e-01 -3.862151192242148090e-01 -1.681272368267197059e-01
-4.817117226558081944e-01 -1.612919745183203357e-01 -3.694893286607340288e-01 -2.755065211640422840e-01 -3.694893286607340288e-01 -2.755065211640422840e-01 3.263192528642545609e-01 -4.473910818168744252e-02
-4.280257203105132247e-01 -3.500685150827440584e-01 2.293976982561526379e-01 -4.605884878155557249e-01 2.293976982561526379e-01 -4.605884878155557249e-01 1.283490636578666355e-01 2.894104630876477846e-01
2.702387345549799313e-01 -7.196253053172985137e-02 -4.852562091000530708e-01 -8.632983579863973134e-02 -4.852562091000530708e-01 -8.632983579863973134e-02 -2.313446081824423739e-01 4.112162678383088354e-03
-1.894127482057900158e-01 4.756427048095346333e-02 -2.253657515761370300e-01 3.753887384506869873e-01 -2.253657515761370300e-01 3.753887384506869873e-01 2.074313065821918878e-01 -8.117909983743817892e-02
3.289808995501787292e-01 4.873261748084265488e-01 4.087452728583881312e-01 4.306443921654483642e-01 4.087452728583881312e-01 4.306443921654483642e-01 -6.496229062758263062e-01 -3.580678064238582703e-01
-1.365488906296818961e-02 3.578971045378938065e-01 -4.243031182416966418e-01 4.854449149448305523e-01 -4.243031182416966418e-01 4.854449149448305523e-01 2.342897957981312715e-02 -2.299932230966076907e-01
-4.906514220334842191e-01 2.744772660150796018e-01 1.864434151723640687e-01 4.828807859209905962e-01 1.864434151723640687e-01 4.828807859209905962e-01 7.599967438058077285e-01 -4.398783143994470790e-01
1.043104829199732464e-01 1.562293317171313811e-01 -3.115316003335815154e-01 2.345850140503706882e-01 -3.115316003335815154e-01 2.345850140503706882e-01 -1.369031969953305727e-01 -1.427024044753479326e-01
2.879292338255042827e-01 -8.142197423590136207e-02 -4.325106569324577155e-01 4.352837700068006299e-01 -4.325106569324577155e-01 4.352837700068006299e-01 -2.410417005088982267e-01 5.148268433031233382e-03
2.467030912373369134e-02 -3.616453102070534831e-01 -4.254259287485201435e-01 -1.090812884985419284e-01 -4.254259287485201435e-01 -1.090812884985419284e-01 -6.826505931820547879e-03 4.918240164495488731e-01
-3.743586188622611832e-01 1.593449361953647170e-01 -4.901270246410814879e-01 -1.588531767484527846e-01 -4.901270246410814879e-01 -1.588531767484527846e-01 4.936629193358449408e-01 -2.740985030207195861e-01
5.851655092251784041e-02 5.466731078766673413e-02 -3.486605648192253604e-02 3.730834972744355715e-01 -3.486605648192253604e-02 3.730834972744355715e-01 -6.491443587352506428e-02 -5.510298265077901575e-02
-3.925058708939070939e-01 -4.551546654109118739e-01 -4.118263187578189433e-01 -3.710240158577239322e-01 -4.118263187578189433e-01 -3.710240158577239322e-01 3.520411421683738995e-02 5.082595761700465786e-01
-7.329899065196721075e-02 2.928556779768876073e-01 -1.340166533303457364e-01 -1.347255387929062742e-01 -1.340166533303457364e-01 -1.347255387929062742e-01 1.162310418567740200e-01 -2.124639718841823122e-01
-9.760748014226416913e-02 -2.831085123882046695e-01 -4.655687346929043846e-01 -3.654535789880577479e-01 -4.655687346929043846e-01 -3.654535789880577479e-01 4.234046314018889701e-02 3.537317219951444103e-01
4.899551783590736509e-01 -4.296665583844747616e-01 -3.876048750138916255e-03 -4.159136458200705100e-01 -3.876048750138916255e-03 -4.159136458200705100e-01 -6.892046786268429814e-02 3.742238329775623429e-01
2.317286007395269465e-01 9.926975565803008994e-02 4.718200729779260527e-01 1.843096218313198253e-01 4.718200729779260527e-01 1.843096218313198253e-01 -2.777358838883070558e-01 -1.431134156703241789e-01
3.039608914986468013e-01 4.809236757505814808e-01 4.536770184739218337e-01 -1.473206727482619938e-01 4.536770184739218337e-01 -1.473206727482619938e-01 -5.963248699465526492e-01 -3.420283174137831450e-01
3.029632373737378703e-01 -2.298700559773680929e-02 -5.619480163348145041e-02 1.813597548913062907e-01 -5.619480163348145041e-02 1.813597548913062907e-01 -2.890348021069006901e-01 -6.827131517588864995e-02
-2.749600421859154098e-01 1.993076236968142068e-01 2.824383518404527393e-03 3.075122716430320757e-01 2.824383518404527393e-03 3.075122716430320757e-01 3.845633074252166050e-01 -2.351871196320237112e-01
2.771464630874664881e-02 -1.207850819479761029e-02 -9.599839094562101494e-02 4.603971482200180931e-01 -9.599839094562101494e-02 4.603971482200180931e-01 -2.704514314363442098e-02 1.145629693499047863e-02
4.594343210617524154e-01 1.309592003395304571e-01 -1.439835139688134813e-01 4.354201140070618203e-01 -1.439835139688134813e-01 4.354201140070618203e-01 -5.797686236513167612e-01 -3.248887835554346015e-01
2.453344309065020878e-01 1.132112115442597267e-01 3.477880437147415904e-01 -2.807320896749392336e-01 3.477880437147415904e-01 -2.807320896749392336e-01 -3.008836472193952560e-01 -1.605834161131578508e-01
1.264961586242937530e-01 -8.186386627468422716e-02 4.225044972603934079e-01 -2.385792855941620827e-01 4.225044972603934079e-01 -2.385792855941620827e-01 -1.057852293965328982e-01 7.256428072942111562e-02
1.366044000018972193e-01 -4.389633188803289121e-01 3.846818943092944476e-01 -5.912780017770913332e-02 3.846818943092944476e-01 -5.912780017770913332e-02 -1.667575840491959671e-02 6.129913521028839130e-01
4.053923187086492241e-01 -4.222854296676135100e-01 -7.119126568679745581e-03 -1.467575940169409954e-01 -7.119126568679745581e-03 -1.467575940169409954e-01 -6.300977972898513801e-02 4.362674817091994339e-01
-2.297917379702422158e-01 3.082780137053801051e-01 1.450783990854264127e-01 2.717184824154583733e-01 1.450783990854264127e-01 2.717184824154583733e-01 3.714712190649891443e-01 -2.660469228106300266e-01
3.447344453922218666e-01 4.893400561666380044e-01 -1.130107657437078306e-01 2.762150845634925300e-02 -1.130107657437078306e-01 2.762150845634925300e-02 -6.821191911338311265e-01 -3.687282034373523532e-01
-1.733550982279038477e-01 2.060518043359331752e-01 -2.066237215139433703e-01 -3.810266628269851630e-01 -2.066237215139433703e-01 -3.810266628269851630e-01 2.447953597892889022e-01 -1.936464483474456821e-01
-3.909812359809317073e-01 -3.577787469272133425e-01 3.905068324120894996e-01 -3.777387697699972069e-01 3.905068324120894996e-01 -3.777387697699972069e-01 1.112116826183099927e-01 3.329180517908433279e-01
-2.344533406277737875e-01 1.868082266569918160e-01 2.726745648541695211e-02 2.300825577402602073e-01 2.726745648541695211e-02 2.300825577402602073e-01 3.220489662207379200e-01 -2.068792820417847123e-01
3.788319844118440693e-01 -4.920671238054769026e-01 4.247408135383716754e-01 1.475529858164271735e-01 4.247408135383716754e-01 1.475529858164271735e-01 -6.010454461729319853e-03 5.906835057222556973e-01
2.168786636316891725e-01 3.741259355980283141e-01 -3.568102182912371578e-01 -7.544008969778337459e-02 -3.568102182912371578e-01 -7.544008969778337459e-02 -3.791585295166007841e-01 -2.811920746495956691e-01
7.421908884085970382e-02 -6.764440523565595775e-02 -3.542145687852229496e-01 -1.776425108672893272e-01 -3.542145687852229496e-01 -1.776425108672893272e-01 -6.417807659731517012e-02 6.671169764697416904e-02
-2.476742554296765819e-01 2.229151935562136977e-01 -7.155752404892656848e-02 1.054220077270481282e-01 -7.155752404892656848e-02 1.054220077270481282e-01 3.580949646056715285e-01 -2.345665468406541720e-01
4.767591490310596480e-01 -3.965404438835986589e-01 -1.178993574508604425e-01 2.485203200897536657e-01 -1.178993574508604425e-01 2.485203200897536657e-01 -9.865057986637332244e-02 3.264854813341799833e-01
1.778008914343111035e-01 1.195867393685737801e-01 -3.997653568968676518e-01 2.240848448640740953e-01 -3.997653568968676518e-01 2.240848448640740953e-01 -2.203261491612212020e-01 -1.368989081306022648e-01
4.700199890883123288e-01 3.602369974231152128e-01 -2.992725119649090049e-01 -1.887039175438328664e-01 -2.992725119649090049e-01 -1.887039175438328664e-01 -8.086571682843504139e-01 -4.513850932532709193e-01
-1.826160540417230971e-01 4.824909449748953083e-01 3.164423975559377267e-01 -1.202355669660052362e-01 3.164423975559377267e-01 -1.202355669660052362e-01 3.588372390060781125e-01 -2.830420561858973949e-01
-3.967739934223579734e-01 4.519169700994640770e-03 3.726861649194619375e-01 1.251210683054896355e-01 3.726861649194619375e-01 1.251210683054896355e-01 4.003601714407918899e-01 -1.619283486625336388e-01
-2.526039633976145948e-01 -2.892354975312946275e-01 -3.611834819543263686e-01 -3.946153272699607362e-01 -3.611834819543263686e-01 -3.946153272699607362e-01 1.064798973342425958e-01 3.090839082392867754e-01
1.968181614899001675e-01 -2.892676079166792702e-01 2.530706558694548747e-01 9.429085358666444705e-02 2.530706558694548747e-01 9.429085358666444705e-02 -8.295192395241596239e-02 3.342059682142525245e-01
-3.980327405742025704e-01 3.753327263545390702e-01 4.795901743594251920e-01 -4.558452039681375467e-01 4.795901743594251920e-01 -4.558452039681375467e-01 6.968221679703714422e-01 -3.928881334508181888e-01
4.632625284407118071e-01 2.667745872371021232e-01 -3.124301073827604469e-01 4.268412179022414987e-01 -3.124301073827604469e-01 4.268412179022414987e-01 -7.104358680550861838e-01 -4.102180770988572700e-01
1.908969175169239474e-01 -3.532485192357058823e-01 -2.555520006283891199e-01 2.059273667647191219e-01 -2.555520006283891199e-01 2.059273667647191219e-01 -5.602881063789580396e-02 4.415914024604614685e-01
6.885143708648133742e-02 1.668878292153841425e-02 -3.091606367315193893e-01 2.251666588327083662e-01 -3.091606367315193893e-01 2.251666588327083662e-01 -7.114953046122582392e-02 -2.115078783500987797e-02
2.259979853504514580e-01 2.332450677264275019e-01 -1.717438963492191606e-01 -4.630249316406421789e-01 -1.717438963492191606e-01 -4.630249316406421789e-01 -3.314238161486559031e-01 -2.299168954901846251e-01
1.902278681627478374e-01 4.744034689130025573e-01 3.067468107748635431e-01 -3.717690611545136914e-01 3.067468107748635431e-01 -3.717690611545136914e-01 -3.707173892434136309e-01 -2.855314594220561553e-01
-2.300721082349739266e-01 -3.574816622341553396e-01 3.225781525238710090e-01 3.460545992364693069e-01 3.225781525238710090e-01 3.460545992364693069e-01 6.557898886386395731e-02 4.323416260801645206e-01
-1.032325257693300635e-01 3.168351087916219111e-01 -4.366565565436602014e-01 5.726823007491377293e-02 -4.366565565436602014e-01 5.726823007491377293e-02 1.686479028352492748e-01 -2.271075770053384013e-01
4.578895301505019333e-01 -3.623372590543968430e-01 1.049268729742817152e-01 -2.402083066955854607e-01 1.049268729742817152e-01 -2.402083066955854607e-01 -1.260686555416249965e-01 2.839627265320024962e-01
1.171449136207238784e-01 4.234562151187751811e-01 8.202997634346176348e-02 1.924144621670755839e-01 8.202997634346176348e-02 1.924144621670755839e-01 -2.163563971052190338e-01 -2.578639797832636416e-01
-4.969820433804036375e-01 -3.862036435525931788e-01 -4.898275437382243469e-01 9.139402516367689522e-03 -4.898275437382243469e-01 9.139402516367689522e-03 1.131094915129540190e-01 2.883657464033302364e-01
3.240098704123187678e-01 -4.279879648302300499e-01 3.905522863783110754e-01 -2.950778542193661647e-01 3.905522863783110754e-01 -2.950778542193661647e-01 -4.666522036696901798e-02 5.061792667451446848e-01
-3.690031551890831096e-01 2.007260364825379506e-01 -2.950232384779094552e-02 -4.506036153666856947e-01 -2.950232384779094552e-02 -4.506036153666856947e-01 5.171402367703941128e-01 -2.965984233000473758e-01
-3.301695804354310981e-01 -7.928198506441552773e-03 1.842180509832275215e-01 -2.181549118567570611e-01 1.842180509832275215e-01 -2.181549118567570611e-01 3.249342804864698842e-01 -1.010208970069095130e-01
3.021610840045980684e-01 3.553564125953697639e-01 -3.638868457518779076e-01 -4.964452395355739567e-01 -3.638868457518779076e-01 -4.964452395355739567e-01 -5.169108416802024042e-01 -3.203795533095528669e-01
3.623462528380441139e-01 1.442320198790317809e-01 1.803256159440869144e-02 5.867641106363152836e-02 1.803256159440869144e-02 5.867641106363152836e-02 -4.668701167229030169e-01 -2.547239512664181138e-01
-4.466374548829196156e-01 4.147886867419342538e-01 3.550417213473514577e-01 2.437491963512196103e-01 3.550417213473514577e-01 2.437491963512196103e-01 8.171577816042119302e-01 -4.422240481971278503e-01
-2.099031483125741726e-01 -1.740327926910141265e-01 -2.598277927786227792e-01 2.419642356783802128e-01 -2.598277927786227792e-01 2.419642356783802128e-01 1.368430861216273497e-01 1.602608739513171066e-01
2.498583107261433955e-01 -4.689029245444521488e-01 -1.873188438445235748e-01 -7.119930708591126756e-02 -1.873188438445235748e-01 -7.119930708591126756e-02 -1.553972548369320084e-02 6.263437017518702632e-01
-7.123122500055745210e-02 -2.311079777873541463e-01 4.073961422409972943e-01 1.465499357511519385e-01 4.073961422409972943e-01 1.465499357511519385e-01 3.830701627016773470e-02 2.794449877692342654e-01
-2.122246614136512610e-01 -4.770848686776182346e-01 -2.966191671759489390e-01 1.721444096568486293e-01 -2.966191671759489390e-01 1.721444096568486293e-01 9.726311972283657736e-03 6.596555336866195551e-01
-3.565769513297550874e-01 -4.742465175934166277e-01 -3.438504355592052475e-01 -8.150318246082433049e-02 -3.438504355592052475e-01 -8.150318246082433049e-02 1.836619648532794580e-02 5.720091548232769663e-01
-1.997516604660999340e-01 -7.724733835543906579e-02 2.256425454948689513e-01 -4.187834140572667119e-01 2.256425454948689513e-01 -4.187834140572667119e-01 1.688910922599287379e-01 4.331376377947468437e-02
3.316528497301707290e-02 -4.891112661965210107e-01 2.323748991793305185e-01 8.123534229117168604e-02 2.323748991793305185e-01 8.123534229117168604e-02 -7.222559191754074348e-04 7.272411607895435948e-01
-1.844843689939370535e-01 -1.800471619223216191e-01 1.004889552745443781e-01 -4.192460921879211933e-01 1.004889552745443781e-01 -4.192460921879211933e-01 1.180525948811596282e-01 1.784296600355131934e-01
-8.582073047309735081e-02 7.849957978920052426e-02 -3.685843394625394343e-01 4.410132668189012950e-01 -3.685843394625394343e-01 4.410132668189012950e-01 9.929451303177810884e-02 -7.970259354105548033e-02
-2.785672656765116884e-01 -5.156915817436380500e-03 -3.887543274325649945e-01 -3.644290904828817457e-02 -3.887543274325649945e-01 -3.644290904828817457e-02 2.756941697993372520e-01 -7.241621190830374588e-02
-2.428817062178038055e-01 -7.535088406866030653e-02 5.590021112657550528e-02 2.029317321143713215e-01 5.590021112657550528e-02 2.029317321143713215e-01 2.062790036425715123e-01 2.203711658331743845e-02
-9.746477380072282592e-03 3.612116383667943742e-01 2.175949621947543822e-01 1.538401991962549120e-01 2.175949621947543822e-01 1.538401991962549120e-01 1.678755950559390406e-02 -2.308327844964907782e-01
-2.726902637153112430e-01 3.600849473956369007e-02 1.298530215834227119e-01 -1.959945099776968513e-01 1.298530215834227119e-01 -1.959945099776968513e-01 2.923285955683572745e-01 -1.090718629712805060e-01
-5.210647382409483441e-02 1.738490080168676455e-01 -7.833406515029073258e-02 -9.026873886597952534e-02 -7.833406515029073258e-02 -9.026873886597952534e-02 7.022379139524637104e-02 -1.463406150427998265e-01
6.949441274537571100e-02 -3.252636871725925749e-01 -2.636159013396244255e-01 2.158269528581799879e-01 -2.636159013396244255e-01 2.158269528581799879e-01 -2.428639489046587746e-02 4.262306799628781118e-01
-2.350804423371906093e-01 1.973080192643409392e-01 1.282395971306578009e-01 2.395005898258362187e-03 1.282395971306578009e-01 2.395005898258362187e-03 3.278469552278630017e-01 -2.136403791677726205e-01
-4.849810192578776213e-01 -3.055341904721154966e-01 3.963225568040046332e-01 3.193583846560201778e-01 3.963225568040046332e-01 3.193583846560201778e-01 1.886244530312834455e-01 1.636787429791565773e-01
8.516240610239589337e-03 4.110192396569682938e-01 4.332023381866817457e-01 -4.865816894434704665e-01 4.332023381866817457e-01 -4.865816894434704665e-01 -1.551691809095253304e-02 -2.421549506429074572e-01
-1.220758206719001482e-01 1.824537097668154084e-01 2.005330726195025948e-01 2.701321875998075051e-01 2.005330726195025948e-01 2.701321875998075051e-01 1.666221933807335021e-01 -1.640668595518600115e-01
4.682615757193975270e-01 2.674748688630130822e-01 1.139340023847008609e-01 6.131128828234744255e-03 1.139340023847008609e-01 6.131128828234744255e-03 -7.187579828376648994e-01 -4.152009666849401093e-01
1.790688365654296010e-01 -3.104482971660726953e-01 -2.461113790572603266e-01 3.754038622793217650e-01 -2.461113790572603266e-01 3.754038622793217650e-01 -6.788560579093481928e-02 3.747607941504903506e-01
-1.877301622980830365e-01 -2.466039655137003406e-01 -1.111265973052756317e-01 -4.889753787922512807e-02 -1.111265973052756317e-01 -4.889753787922512807e-02 9.514015735960736075e-02 2.721748674843180726e-01
4.490163206876164326e-01 -3.275417607344621729e-02 2.803635232892685014e-01 -1.474674311949382144e-01 2.803635232892685014e-01 -1.474674311949382144e-01 -4.196020014323100789e-01 -1.677886441201478507e-01
-1.121393559358282443e-01 -2.384504481670128850e-01 -4.005594370844107743e-01 1.316207452501602093e-01 -4.005594370844107743e-01 1.316207452501602093e-01 5.865999657571140113e-02 2.827338292483598248e-01
3.763891522960383096e-01 1.687327702067320523e-01 3.978507176676817636e-01 2.031363586331647042e-02 3.978507176676817636e-01 2.031363586331647042e-02 -5.034075209813865248e-01 -2.819308164312245291e-01
-2.396849014214590401e-01 -1.979032687099017140e-01 -1.197635038827352671e-01 4.862467824362950441e-01 -1.197635038827352671e-01 4.862467824362950441e-01 1.448160505180244306e-01 1.796201205065507400e-01
-1.400933290309025470e-02 -4.303429943844960803e-02 3.211218982189646409e-01 -3.511236908817760849e-02 3.211218982189646409e-01 -3.511236908817760849e-02 1.280356924892123334e-02 4.468998895821814366e-02
3.006326726806163308e-01 -2.935459411105669769e-01 1.135258996684316291e-01 -2.882786651515137910e-01 1.135258996684316291e-01 -2.882786651515137910e-01 -1.241336710193832182e-01 2.893351567699648519e-01
-3.183871486692362307e-01 -8.327603762930391174e-02 -3.325581424934787034e-01 -4.050439301975085060e-01 -3.325581424934787034e-01 -4.050439301975085060e-01 2.653591083227040404e-01 -1.115944036518518034e-02
2.538761884612463771e-01 1.382187106203334181e-01 -4.199390227287826960e-01 -2.518885359398251866e-01 -4.199390227287826960e-01 -2.518885359398251866e-01 -3.240570673138828406e-01 -1.835674177223962367e-01
-3.260443333195356397e-01 4.700608095894343030e-03 3.894424754644788544e-01 5.199502715419712651e-02 3.894424754644788544e-01 5.199502715419712651e-02 3.291095465851802127e-01 -1.109834196692036090e-01
-3.532076265827568395e-01 -2.464182506283716378e-01 4.331557628232255430e-01 -4.690020401717441834e-01 4.331557628232255430e-01 -4.690020401717441834e-01 1.791340156805126815e-01 1.823845773948944149e-01
-4.629389520459641361e-01 -1.013409400776212888e-01 3.632264817138495250e-01 1.552012872247356956e-01 3.632264817138495250e-01 1.552012872247356956e-01 3.691096148481904371e-01 -1.027015471079781583e-01
-3.569941717419006233e-01 -3.924911238148323100e-01 -4.740742072157301257e-01 4.984135585909075239e-01 -4.740742072157301257e-01 4.984135585909075239e-01 7.676008441725296061e-02 4.190955674305767431e-01
4.634681602037327153e-02 4.461523954567653272e-01 3.849665188380633207e-01 -2.794059181526642455e-01 3.849665188380633207e-01 -2.794059181526642455e-01 -8.770230199894031575e-02 -2.492484628401817337e-01
4.479702112176809914e-01 4.427625754329492791e-01 -3.545963658287643039e-01 1.280232317552282284e-01 -3.545963658287643039e-01 1.280232317552282284e-01 -8.446591000896463974e-01 -4.474011873673449102e-01
7.411760549201307224e-02 1.443610847569929412e-01 -2.178605515951393956e-01 -2.120131207252484717e-01 -2.178605515951393956e-01 -2.120131207252484717e-01 -9.551700134884880122e-02 -1.290143814086469332e-01
-1.740101882299747160e-01 2.784679611795948251e-02 -4.406427746610425134e-01 -2.275991498706178007e-01 -4.406427746610425134e-01 -2.275991498706178007e-01 1.837014406981504200e-01 -5.735089767175551023e-02
2.093872512312950906e-01 -4.816375057912936075e-02 -2.217615575786696658e-01 4.806990363557801516e-01 -2.217615575786696658e-01 4.806990363557801516e-01 -1.892175005457878978e-01 6.640476470780462548e-03
-1.334569027562556576e-01 -4.715091505084327839e-01 3.879964939264646251e-01 -4.475090361468661015e-01 3.879964939264646251e-01 -4.475090361468661015e-01 7.604601060078403085e-03 6.760192846283240575e-01
2.456371927074960659e-01 -1.209906082037970343e-02 2.355530471689282201e-02 -3.860342385408136456e-01 2.355530471689282201e-02 -3.860342385408136456e-01 -2.396932340388654159e-01 -4.809218234810460485e-02
-2.898259900851604121e-01 -2.606842925624953677e-01 -7.066927738350770039e-02 2.393877873463819972e-01 -7.066927738350770039e-02 2.393877873463819972e-01 1.387198237020107472e-01 2.446414884224605291e-01
7.367948667228585435e-02 3.348540476317984904e-01 -4.786240389119292837e-01 8.482013429615964384e-03 -4.786240389119292837e-01 8.482013429615964384e-03 -1.230232353515819943e-01 -2.281554811726912713e-01
-4.339998272779375110e-01 1.009542481076399767e-01 3.061631629534082855e-01 -2.685370644657522066e-01 3.061631629534082855e-01 -2.685370644657522066e-01 5.216280797613170872e-01 -2.791183379739406445e-01
-1.566537602255769768e-01 -6.706149126583693665e-02 1.043068436688722178e-01 8.469161300452576757e-02 1.043068436688722178e-01 8.469161300452576757e-02 1.356428906793208933e-01 4.701833428382229396e-02
2.115247586284717540e-01 -2.045177143445029433e-01 -5.432704359834394925e-02 4.866774449680826287e-01 -5.432704359834394925e-02 4.866774449680826287e-01 -1.250036383045363131e-01 2.016024863123694055e-01
-4.714650004846254738e-02 -1.882970822810186018e-01 -2.433390100470237405e-01 4.581887417148959862e-01 -2.433390100470237405e-01 4.581887417148959862e-01 2.939140325068774831e-02 2.215300810097436124e-01
-1.826375906778392455e-01 2.069562452487609949e-01 3.497689100179306454e-01 6.555423538038107623e-02 3.497689100179306454e-01 6.555423538038107623e-02 2.582335706937706754e-01 -1.974818473299016497e-01
1.185135669120854773e-01 -4.290815995296127783e-01 -2.471585179231848839e-01 -4.556883441668954093e-01 -2.471585179231848839e-01 -4.556883441668954093e-01 -1.680958519889061420e-02 5.991471530422783909e-01
-8.426840719661710111e-03 -5.075324641336242948e-02 1.248212941854990321e-01 -9.371157231168492086e-02 1.248212941854990321e-01 -9.371157231168492086e-02 7.571461672599416083e-03 5.325812679034336999e-02
1.692328934531845963e-01 -9.813407603216262043e-02 3.218493747640105429e-01 2.996608375248388523e-01 3.218493747640105429e-01 2.996608375248388523e-01 -1.360178661866291994e-01 7.912460068431195759e-02
1.218062317404154937e-01 -2.710814080483681110e-03 2.647266390004860970e-01 4.810797572402972788e-01 2.647266390004860970e-01 4.810797572402972788e-01 -1.211458436442303388e-01 -1.211859549733717428e-02
4.078158525035240345e-01 3.281353607315120602e-01 4.299556236533178533e-01 -2.091938449673220735e-01 4.299556236533178533e-01 -2.091938449673220735e-01 -6.754534562500700279e-01 -3.867763153222885664e-01
1.167783570016576178e-01 -2.785179442664712512e-01 6.094875512194519729e-02 3.628389805786156330e-01 6.094875512194519729e-02 3.628389805786156330e-01 -5.172862114782210419e-02 3.424530048808858140e-01
4.013084363492738227e-01 1.236704109977018184e-01 -3.847874675288542878e-02 -1.103879841206948376e-01 -3.847874675288542878e-02 -1.103879841206948376e-01 -5.005683948695933694e-01 -2.694245015264604692e-01
3.910189542923389050e-01 4.511356184186920970e-01 1.323298746664965941e-01 -2.958775000056641513e-01 1.323298746664965941e-01 -2.958775000056641513e-01 -7.438241098085480729e-01 -4.005080948285505427e-01
2.527555537388138651e-01 -3.792328156907702752e-01 -1.632540012988327183e-01 1.539369314312133419e-02 -1.632540012988327183e-01 1.539369314312133419e-02 -6.104915308711350574e-02 4.591649742417055480e-01
3.458514830276776530e-01 -9.090916808314009057e-02 -2.153760310312645698e-01 3.267687384051289889e-01 -2.153760310312645698e-01 3.267687384051289889e-01 -2.829693418229448088e-01 -2.043960338773530283e-02
1.323033174301277981e-01 7.936054029723305092e-02 1.851729969076996163e-01 3.073652638773204382e-01 1.851729969076996163e-01 3.073652638773204382e-01 -1.533026429388703593e-01 -9.056661274398145056e-02
-1.427302399975002301e-01 4.760435504677476004e-01 -4.530777244759309763e-02 4.466766792396476005e-01 -4.530777244759309763e-02 4.466766792396476005e-01 2.786218604125476617e-01 -2.697980099355526407e-01
-3.238037444249447505e-01 3.479393924434761587e-01 3.730943782696405364e-01 -4.302140214957914655e-01 3.730943782696405364e-01 -4.302140214957914655e-01 5.491319006372206157e-01 -3.317264365331558107e-01
8.575927145828787790e-02 -1.298458224462617494e-01 -3.233211069276585858e-01 -2.855322191693073774e-01 -3.233211069276585858e-01 -2.855322191693073774e-01 -6.348830518850065441e-02 1.393511074119515580e-01
-2.429307011778533143e-01 2.511210403719373874e-01 3.417368261858496625e-01 -2.998139342606779278e-01 3.417368261858496625e-01 -2.998139342606779278e-01 3.649407220139868624e-01 -2.470745890292166402e-01
3.447096076020695898e-01 3.596509535692010706e-01 -4.252685549852388558e-01 -4.662257347780163208e-02 -4.252685549852388558e-01 -4.662257347780163208e-02 -5.926598857591685032e-01 -3.491268587391382350e-01
-1.442948290161188973e-01 2.470048290299451388e-01 -1.921175561823532663e-01 7.388552689234739734e-02 -1.921175561823532663e-01 7.388552689234739734e-02 2.155778681581821399e-01 -2.068144411466237009e-01
-3.976655711721741593e-01 3.303995700373394406e-01 -2.729988347853420372e-01 3.786609763158110820e-01 -2.729988347853420372e-01 3.786609763158110820e-01 6.604426386400528148e-01 -3.793736006521721826e-01
-9.186319723871883003e-02 2.113145181364867176e-01 2.883011896679689157e-01 1.820662584328148759e-01 2.883011896679689157e-01 1.820662584328148759e-01 1.306872517566726455e-01 -1.750995395681508859e-01
2.721780295432467689e-01 -5.588289298338555700e-02 4.909156325254501185e-01 -2.460661441222647960e-01 4.909156325254501185e-01 -2.460661441222647960e-01 -2.417578381484587480e-01 -1.507508905446643122e-02
5.624023399041888638e-02 2.875518396525071907e-01 -3.061522324904928372e-01 -1.097352954004190417e-01 -3.061522324904928372e-01 -1.097352954004190417e-01 -8.858419948328372096e-02 -2.080287430842630569e-01
5.971698205414244232e-02 2.790397840812663954e-02 -3.014084969460737451e-01 -3.735691097103149838e-01 -3.014084969460737451e-01 -3.735691097103149838e-01 -6.304966480981699650e-02 -3.069146434278021210e-02
4.156063497662745299e-01 3.773604746948125976e-01 -2.380002952806643535e-01 -2.051879882015046341e-01 -2.380002952806643535e-01 -2.051879882015046341e-01 -7.292731686342338593e-01 -4.076881847989652363e-01
6.810046191994212350e-02 -2.833827916712206019e-01 -1.696082536382972350e-01 3.790664013584654768e-01 -1.696082536382972350e-01 3.790664013584654768e-01 -2.950346389399641917e-02 3.590509253728855210e-01
3.729223764001110553e-01 -2.030529142130954590e-01 4.314470149929107157e-01 1.669425431939751681e-01 4.314470149929107157e-01 1.669425431939751681e-01 -2.214764257934801750e-01 1.052123013636200449e-01
-1.575458801564801892e-01 2.761877231156140144e-02 4.713204692732110290e-01 2.986203082780309881e-01 4.713204692732110290e-01 2.986203082780309881e-01 1.662483277418129179e-01 -5.167668008184354844e-02
-8.080548559670519548e-02 4.759890683309049297e-01 3.638291455014519560e-01 3.604566673368851948e-01 3.638291455014519560e-01 3.604566673368851948e-01 1.577305412071093316e-01 -2.559530016629013582e-01
-8.918865007781440202e-02 4.752223424373120952e-01 2.802245796913637177e-01 4.003400045106618732e-01 2.802245796913637177e-01 4.003400045106618732e-01 1.739575284954158474e-01 -2.573406829884090086e-01
4.033795205622537905e-01 -1.954820120793797633e-01 -1.966543282914309243e-01 -3.322633149497283833e-01 -1.966543282914309243e-01 -3.322633149497283833e-01 -2.456726399400039618e-01 7.098019151694881512e-02
-1.051243870764451138e-01 1.054790010309346604e-01 -3.772278705505800467e-01 4.200454054097136902e-01 -3.772278705505800467e-01 4.200454054097136902e-01 1.273012177420705660e-01 -1.054043181306490023e-01
-1.847551969046270504e-01 4.278489928250107655e-01 -2.571084250351293177e-01 1.590356596658832888e-01 -2.571084250351293177e-01 1.590356596658832888e-01 3.428498467342895317e-01 -2.789287149469021898e-01
-3.532714250941898504e-01 -4.947601623485341493e-01 3.837555081806008905e-01 -1.855827776092537906e-01 3.837555081806008905e-01 -1.855827776092537906e-01 3.702169828791068706e-03 6.147470808076022086e-01
3.749616449558981213e-01 -1.569718901695934532e-01 -4.283897205581954637e-01 -2.470198872798116119e-01 -4.283897205581954637e-01 -2.470198872798116119e-01 -2.572447686562434610e-01 4.101582928497536640e-02
4.368683813090936674e-01 -4.628873355060055816e-01 -2.107395045170900039e-01 1.407827044518461523e-01 -2.107395045170900039e-01 1.407827044518461523e-01 -3.242669932711761405e-02 4.862980382902272747e-01
4.904717836238406958e-01 -3.005044538614386473e-01 4.110179736986264709e-01 2.674235177414532316e-01 4.110179736986264709e-01 2.674235177414532316e-01 -1.956938726791848104e-01 1.502448101208485598e-01
1.865009276815836614e-01 4.843834501935107006e-01 3.146191812616553340e-01 -4.164657929382589163e-01 3.146191812616553340e-01 -4.164657929382589163e-01 -3.671768533109754928e-01 -2.845387193982327201e-01
-9.912626762887910559e-02 -1.043503885483143545e-02 -3.667928862488980535e-01 2.367109576935199078e-01 -3.667928862488980535e-01 2.367109576935199078e-01 9.705749472039555681e-02 7.179119567011105901e-04
3.007445686755366721e-01 4.727875919326551823e-01 4.438926277837961232e-01 5.782530371491045873e-02 4.438926277837961232e-01 5.782530371491045873e-02 -5.851211694974007838e-01 -3.397067804350109022e-01
-1.856233838859495666e-01 -4.601400733645474306e-01 -3.419681650361873215e-01 -4.704712550579790431e-01 -3.419681650361873215e-01 -4.704712550579790431e-01 1.479786892703680024e-02 6.374129198352078696e-01
-2.779508602000773099e-01 3.003322457764017184e-01 2.679628782813116006e-01 -3.369101079065861537e-02 2.679628782813116006e-01 -3.369101079065861537e-02 4.449060723188210664e-01 -2.873894686092676731e-01
-3.346458028830672227e-01 -1.464651373320096095e-01 3.467905717958874590e-02 1.095019257734966001e-01 3.467905717958874590e-02 1.095019257734966001e-01 2.366179159293690937e-01 5.592936039844136065e-02
4.501761192470796757e-01 -1.852343126759835590e-01 -1.280609092657625236e-02 4.978842782249023324e-01 -1.280609092657625236e-02 4.978842782249023324e-01 -2.833999911833308127e-01 1.688752492816669726e-02
-1.522341402544934441e-01 2.672845084217665423e-01 2.529259149799422124e-01 -3.307858153063094608e-01 2.529259149799422124e-01 -3.307858153063094608e-01 2.336137949403585268e-01 -2.190187334385259310e-01
1.980572484473029915e-01 -3.202057023070256081e-01 -3.251034910180777837e-01 -7.928680097480822475e-02 -3.251034910180777837e-01 -7.928680097480822475e-02 -7.121912777517155901e-02 3.835107204344443965e-01
-8.641358499883866617e-02 -1.643361988353502223e-01 -4.845563680572391174e-01 -7.386921957528780336e-02 -4.845563680572391174e-01 -7.386921957528780336e-02 5.801182482594949286e-02 1.838752774106504617e-01
-4.874440198408841463e-01 2.400775431590715936e-01 -4.745237642211797002e-01 2.783008900676275932e-01 -4.745237642211797002e-01 2.783008900676275932e-01 7.214927452628465687e-01 -4.200419889084159308e-01
4.152743199147874709e-01 5.791199424377246885e-02 1.399745691089122612e-01 3.656860140063340481e-01 1.399745691089122612e-01 3.656860140063340481e-01 -4.633730479637708788e-01 -2.270109559471709670e-01
-4.998856251826551134e-01 1.641025553547934557e-01 3.730681484470994569e-01 -4.120613162293966791e-01 3.730681484470994569e-01 -4.120613162293966791e-01 6.639506421378594814e-01 -3.870585449450743565e-01
-2.883718839999409589e-01 1.724698446537339391e-01 9.846469310463634717e-02 4.615725424345338279e-01 9.846469310463634717e-02 4.615725424345338279e-01 3.878427920718897637e-01 -2.258823408205262173e-01
2.550821884676801599e-01 1.477706331874811818e-01 -2.690915495158208159e-01 2.708318305538303106e-01 -2.690915495158208159e-01 2.708318305538303106e-01 -3.304695014771151795e-01 -1.910013960283131751e-01
4.737835383583225424e-01 -4.859077058075570443e-01 -2.557333367910241684e-01 4.180283190861799891e-01 -2.557333367910241684e-01 4.180283190861799891e-01 -1.335339401216412147e-02 4.975431631513883568e-01
-2.333612978483647904e-01 1.714291710812733127e-01 -3.147107606314476502e-01 -2.483404158476762991e-01 -3.147107606314476502e-01 -2.483404158476762991e-01 3.133711655535553753e-01 -1.964987057171340701e-01
8.683334065608294683e-02 1.957642142718394318e-01 -4.916169204749684107e-01 -3.693071756026119479e-01 -4.916169204749684107e-01 -3.693071756026119479e-01 -1.208310620683570452e-01 -1.649806157318641220e-01
1.935182436603299916e-02 -7.336084173185641877e-02 -4.469074045474749068e-01 -8.991470867070749939e-03 -4.469074045474749068e-01 -8.991470867070749939e-03 -1.651249211695453994e-02 7.836816172516911094e-02
-3.645720969278301027e-01 -3.118057399701787968e-01 -1.753616777970034013e-01 1.264974675711760810e-02 -1.753616777970034013e-01 1.264974675711760810e-02 1.372207520177064766e-01 2.761157455901743774e-01
1.166850671552361884e-01 -3.505532010611375204e-01 4.357362666081997515e-01 -3.524974946030645651e-01 4.357362666081997515e-01 -3.524974946030645651e-01 -3.487641954063250282e-02 4.598253429383258317e-01
-4.334635186458850598e-01 -2.797160122062724019e-01 4.919450119072810157e-01 -1.000540760148682651e-01 4.919450119072810157e-01 -1.000540760148682651e-01 1.909701449008327223e-01 1.700664376939803879e-01
4.672763300002720221e-01 5.108717418697172885e-02 2.249167472191191397e-01 -2.584415826591359711e-01 2.249167472191191397e-01 -2.584415826591359711e-01 -5.150199845286176359e-01 -2.668244433990848430e-01
-2.357025172730993212e-01 -2.261902958418914311e-01 4.357532076921331043e-01 4.467282696079524218e-01 4.357532076921331043e-01 4.467282696079524218e-01 1.290752730477375820e-01 2.217966691260581102e-01
1.884132523859433084e-01 2.797442954825999362e-01 4.786728051583469812e-01 1.494668079547463169e-01 4.786728051583469812e-01 1.494668079547463169e-01 -2.938283174825253030e-01 -2.369869783021929244e-01
-2.367032295128890240e-01 1.138710897412525958e-01 -3.765811401852701135e-01 1.192132979332389819e-01 -3.765811401852701135e-01 1.192132979332389819e-01 2.906105388927019972e-01 -1.569328835242236042e-01
-1.023231630144664228e-01 3.076984091122094700e-01 4.482094981876252326e-01 4.814104657541125043e-01 4.482094981876252326e-01 4.814104657541125043e-01 1.652925119642276175e-01 -2.234901278313098927e-01
2.996152617360280379e-01 6.566211254392750885e-02 -4.294579552563008162e-01 1.014334096987881129e-01 -4.294579552563008162e-01 1.014334096987881129e-01 -3.389620038080067843e-01 -1.511199045853446887e-01
-3.159897983725349357e-01 3.567024965177921780e-01 -1.724305558876748634e-01 -1.784607784253255947e-02 -1.724305558876748634e-01 -1.784607784253255947e-02 5.414184982798089241e-01 -3.293153781712819250e-01
4.318611166365405873e-01 -1.781712000297555054e-01 3.885421033562280746e-01 2.688528482877579062e-01 3.885421033562280746e-01 2.688528482877579062e-01 -2.779706898418953243e-01 2.341215248723893527e-02
4.648400471483855600e-01 -3.890796309657593710e-01 -3.770452284478215121e-01 7.817391840853815665e-02 -3.770452284478215121e-01 7.817391840853815665e-02 -1.031204591431854611e-01 3.243863207652975533e-01
3.073605288848414441e-01 -3.656613913443038655e-01 9.052054764711714441e-02 3.476267092393875435e-01 9.052054764711714441e-02 3.476267092393875435e-01 -8.258077161213700501e-02 4.048991497477865686e-01
-3.786565442592626507e-01 -3.228388355615826599e-01 1.888452590186650015e-01 8.742001923757691806e-02 1.888452590186650015e-01 8.742001923757691806e-02 1.341664686063961665e-01 2.836829707979743320e-01
-4.722166511513300469e-01 -6.762890080003192139e-05 -5.565184255387278789e-02 3.167539643767667279e-01 -5.565184255387278789e-02 3.167539643767667279e-01 4.721527801652163903e-01 -2.229209321501086916e-01
1.707887907875872413e-01 -9.136277498673761599e-02 4.825897893050853371e-01 -1.663897711521022948e-01 4.825897893050853371e-01 -1.663897711521022948e-01 -1.395813150616205534e-01 7.054112058132860907e-02
7.248851719160631646e-02 3.883864343953858933e-01 -4.935673132786555506e-02 2.233610443943061519e-01 -4.935673132786555506e-02 2.233610443943061519e-01 -1.287956306449195287e-01 -2.427969970976623093e-01
3.071051956187791365e-01 7.921699945287463684e-03 -7.233490030303579843e-02 -2.599048458387899219e-01 -7.233490030303579843e-02 -2.599048458387899219e-01 -3.119707860414406841e-01 -1.021725477913128927e-01
-4.299778562807776705e-01 4.339026083148878055e-01 3.992209495659687635e-01 1.191196332516605283e-01 3.992209495659687635e-01 1.191196332516605283e-01 8.031148829965244484e-01 -4.305120917042379869e-01
-1.511016580221574701e-01 -3.010520765729333137e-01 1.046720523491877497e-01 1.508312566756970785e-01 1.046720523491877497e-01 1.508312566756970785e-01 6.012272217979000577e-02 3.688527183247635732e-01
1.224959022999211333e-01 4.182585891320579341e-01 -1.194659227903599463e-01 -2.595156751969122100e-01 -1.194659227903599463e-01 -2.595156751969122100e-01 -2.249658288407679896e-01 -2.583235878295900845e-01
-4.216131001450520444e-01 -2.088460594475719523e-01 3.797221435013808932e-01 4.179907278273131688e-02 3.797221435013808932e-01 4.179907278273131688e-02 2.455086309915147647e-01 7.470512978042903596e-02
2.438258540750929404e-01 -3.234509657229169832e-01 3.646861447635343367e-01 4.762382645603884246e-01 3.646861447635343367e-01 4.762382645603884246e-01 -8.609443813748524077e-02 3.686204458345561097e-01
2.965886780072874984e-01 -4.352600165584511460e-01 -1.533051186414218225e-01 -4.854312682366682674e-01 -1.533051186414218225e-01 -4.854312682366682674e-01 -3.840229220628532669e-02 5.367464546508038392e-01
8.157740734429119733e-02 -3.021095991363975664e-02 4.904061968899466883e-01 1.020078384720013442e-01 4.904061968899466883e-01 1.020078384720013442e-01 -7.664834377801711673e-02 2.446878862352688810e-02
2.976388039585665668e-01 -1.424888326695585850e-01 4.588025156370004742e-01 3.370775463427633234e-02 4.588025156370004742e-01 3.370775463427633234e-02 -2.128183924921270842e-01 7.420304248320602758e-02
5.282197868576588018e-02 -1.049031311100268038e-01 2.608024563057560474e-01 -2.051791204630363241e-01 2.608024563057560474e-01 -2.051791204630363241e-01 -4.173959677463800338e-02 1.131176365944347728e-01
4.319720691968372828e-01 -7.365184576376937464e-02 -3.507639676902499781e-01 4.159157900099570426e-01 -3.507639676902499781e-01 4.159157900099570426e-01 -3.683409887673537719e-01 -1.075234284180177358e-01
-1.773190031632535524e-01 -3.273953798802075044e-01 3.442600050750984630e-01 -2.492268433269977379e-01 3.442600050750984630e-01 -2.492268433269977379e-01 6.121215836202732741e-02 4.031410857643029644e-01
4.107728311738374494e-01 3.701917462053776475e-01 4.473759179539592568e-01 4.620782128470934946e-01 4.473759179539592568e-01 4.620782128470934946e-01 -7.149022545057768241e-01 -4.018841360773608429e-01
4.085351509197991948e-01 -3.401663496559066413e-01 8.787150629618645237e-02 5.343370624826571103e-02 8.787150629618645237e-02 5.343370624826571103e-02 -1.305953289307731913e-01 2.889785255570680444e-01
-2.967067653390095261e-01 2.591960493171446833e-01 3.434941260636554805e-01 4.735188608362935758e-01 3.434941260636554805e-01 4.735188608362935758e-01 4.505172081020902830e-01 -2.800483619334670493e-01
1.627198123752622294e-01 -2.313498760937734433e-01 2.906369935895988244e-01 -1.043517277324511605e-01 2.906369935895988244e-01 -1.043517277324511605e-01 -8.742939551322427560e-02 2.583949039229372358e-01
2.986042447602101912e-01 4.507534280610022703e-01 3.600667708762161912e-01 -3.279226681711040481e-01 3.600667708762161912e-01 -3.279226681711040481e-01 -5.677980186786728556e-01 -3.367392701410726330e-01
8.201417994708004588e-02 3.379779620477293411e-01 -2.243968972391412464e-01 -3.892045603040438229e-01 -2.243968972391412464e-01 -3.892045603040438229e-01 -1.374521507421397892e-01 -2.304751849301849842e-01
4.607080414295161575e-02 1.684561675894820088e-01 -1.702649207557390687e-01 9.526978067325619914e-02 -1.702649207557390687e-01 9.526978067325619914e-02 -6.159262635032613370e-02 -1.422012061849245723e-01
3.946066635038473214e-01 -2.311766647880664216e-02 -6.540502659149050046e-02 3.284681480854713120e-01 -6.540502659149050046e-02 3.284681480854713120e-01 -3.763618930294540532e-01 -1.320623258994066129e-01
-4.860484270244029847e-01 -1.543011788244976756e-01 -1.051177374631995232e-01 4.029168334744089863e-01 -1.051177374631995232e-01 4.029168334744089863e-01 3.360527365130865363e-01 -5.813304080176909250e-02
-4.500465410539128408e-01 -2.258802248331478468e-01 -3.381522858761648598e-01 -4.989670673422653691e-01 -3.381522858761648598e-01 -4.989670673422653691e-01 2.467333132966361697e-01 7.436021168923001579e-02
1.704675101784022262e-01 -4.346282849577736140e-01 3.414221567958434234e-01 3.684881163027721174e-01 3.414221567958434234e-01 3.684881163027721174e-01 -2.228750699868067842e-02 5.944708590166856155e-01
-4.203739223017476379e-01 -2.717942666495158921e-01 4.305598192498450993e-01 -3.944929200026652261e-01 4.305598192498450993e-01 -3.944929200026652261e-01 1.918634784405794935e-01 1.689521554817082771e-01
-4.737814327036267148e-01 -1.596207092345327538e-01 4.281090785007262145e-01 -5.968079241440682470e-02 4.281090785007262145e-01 -5.968079241440682470e-02 3.225307760830148363e-01 -3.936936592363318721e-02
4.973228504514805026e-01 2.293189193611233634e-01 8.454726611662977120e-02 3.949395201529242172e-01 8.454726611662977120e-02 3.949395201529242172e-01 -7.254139277297346755e-01 -4.240617701653556226e-01
-1.756375402738135083e-01 9.613294217558632226e-03 1.495830548784788938e-01 -3.244994693466041191e-02 1.495830548784788938e-01 -3.244994693466041191e-02 1.790144509744144574e-01 -4.036942434528074941e-02
9.251186876579675644e-02 1.884973179489187745e-01 -3.950463316700719707e-01 1.196819920538627624e-01 -3.950463316700719707e-01 1.196819920538627624e-01 -1.273883470473868296e-01 -1.615245249375230063e-01
-4.149557886302220888e-01 -4.868636430769277545e-01 -2.641853628524862829e-01 5.779386789866447494e-03 -2.641853628524862829e-01 5.779386789866447494e-03 1.090201469348306418e-02 5.517115435093362663e-01
4.275085803960338993e-01 -2.863067623704188547e-01 -3.074439790449315923e-01 -8.236765318581673601e-02 -3.074439790449315923e-01 -8.236765318581673601e-02 -1.827113853185091397e-01 1.855147382372181464e-01
2.892793284514885155e-01 -1.874986215079504914e-01 -2.049214247505041220e-01 -4.157169485634432116e-01 -2.049214247505041220e-01 -4.157169485634432116e-01 -1.808003778206890289e-01 1.389718247059879841e-01
3.799982885634317631e-01 -1.697230634749190559e-01 -1.071770550030375357e-01 5.057955900786204051e-02 -1.071770550030375357e-01 5.057955900786204051e-02 -2.510093412630078902e-01 5.413028243909329129e-02
-1.976674273681602312e-01 -2.749906639468724379e-03 1.562015477440988898e-01 3.699761802716075021e-01 1.562015477440988898e-01 3.699761802716075021e-01 1.965802934263074231e-01 -3.631494321635238276e-02
-1.855329888141503680e-01 -4.058997255003605753e-01 -3.146823540623155946e-01 3.292255903165319797e-02 -3.146823540623155946e-01 3.292255903165319797e-02 3.491741035230017109e-02 5.362318227233169310e-01
-3.699714278817223256e-01 1.908232221198946643e-02 3.262275354923913628e-01 -3.104125998084142912e-01 3.262275354923913628e-01 -3.104125998084142912e-01 3.840912558738600047e-01 -1.555970446398277363e-01
4.475489413950998197e-01 2.774687500031892684e-01 1.433579246491355486e-01 -4.545017839593962217e-01 1.433579246491355486e-01 -4.545017839593962217e-01 -6.959106320633977605e-01 -4.007798977187314038e-01
2.111224587658159235e-01 -2.599371001194539232e-02 1.332092658064775170e-01 3.641440947640268710e-01 1.332092658064775170e-01 3.641440947640268710e-01 -2.001467468254808924e-01 -1.790330962319314212e-02
-4.302467256430719811e-02 -1.450471488504280204e-01 -8.289758189314200276e-02 -2.970107521782472393e-02 -8.289758189314200276e-02 -2.970107521782472393e-02 3.054346039295521148e-02 1.642347017908004081e-01
4.202065143056604724e-01 1.703500319361683779e-01 3.499305352314189266e-01 1.712053197042662234e-02 3.499305352314189266e-01 1.712053197042662234e-02 -5.633709005691709404e-01 -3.179044132204280615e-01
-4.016531661669499043e-01 -3.137165725389079451e-02 3.704248568230661398e-01 4.698705703447140225e-01 3.704248568230661398e-01 4.698705703447140225e-01 3.764521152390907233e-01 -1.289694277591890703e-01
4.092932045442544409e-01 4.372520621284489151e-01 -2.129560538444913442e-01 6.178626060997360891e-02 -2.129560538444913442e-01 6.178626060997360891e-02 -7.672217999485270168e-01 -4.135836235789728810e-01
-4.737890131222807222e-01 -7.443860973845306539e-02 2.043133983839096057e-01 -1.698844478009257086e-01 2.043133983839096057e-01 -1.698844478009257086e-01 4.032526222299281926e-01 -1.444963125971379103e-01
-4.991325299923887737e-02 2.969622519799001159e-01 7.380286916535294672e-02 1.039477410796814105e-01 7.380286916535294672e-02 1.039477410796814105e-01 7.955795702783183265e-02 -2.112670057038924520e-01
2.554630526024663784e-01 2.489283752458364418e-01 2.516404040812905141e-01 -7.317865055176442368e-02 2.516404040812905141e-01 -7.317865055176442368e-02 -3.826470578418135760e-01 -2.522244104882749860e-01
-4.690509937288492859e-01 -4.239761205578931325e-01 4.676952459611974922e-01 3.028664864324239758e-01 4.676952459611974922e-01 3.028664864324239758e-01 7.131815239888494862e-02 3.837230366431932382e-01
-4.784751947258020222e-01 7.327227154968463108e-02 -2.724022616777469485e-01 -1.035373099473760883e-01 -2.724022616777469485e-01 -1.035373099473760883e-01 5.485931235212764268e-01 -2.968419577395280395e-01
3.644794300545998178e-01 -1.781800366120960266e-01 -3.150170344491701746e-01 4.778803933599657938e-01 -3.150170344491701746e-01 4.778803933599657938e-01 -2.345935136716308378e-01 7.708290712625798236e-02
4.187334356336060992e-01 4.093119886549366759e-01 4.742126278950913321e-01 -4.488890961738837282e-01 4.742126278950913321e-01 -4.488890961738837282e-01 -7.615186661446164962e-01 -4.171133747158010108e-01
2.285856679745962294e-01 1.316466268659396421e-01 1.784824539979240621e-01 -3.493100077517288238e-01 1.784824539979240621e-01 -3.493100077517288238e-01 -2.887707322521027020e-01 -1.665672001041520467e-01
-2.522670982376451487e-01 2.744101333360394745e-01 -4.110017791776220397e-01 4.418862461867052449e-01 -4.110017791776220397e-01 4.418862461867052449e-01 3.907163943650210913e-01 -2.627479009117782427e-01
2.203244934421580981e-01 -2.711863290396241410e-01 -4.845964802080791056e-01 -3.040680535010078511e-01 -4.845964802080791056e-01 -3.040680535010078511e-01 -1.008265122939709102e-01 2.961854716870678805e-01
-3.891086992559708024e-01 -1.280778783323127668e-01 3.676832194246404395e-02 -3.150649776265983526e-01 3.676832194246404395e-02 -3.150649776265983526e-01 2.894362659732693799e-01 -6.923758586254047387e-03
-1.865758218407571611e-01 3.242378396244978145e-01 4.734873973251962909e-01 1.919839045242187625e-01 4.734873973251962909e-01 1.919839045242187625e-01 3.075657046403817430e-01 -2.539182002756902312e-01
-2.918055615912085177e-01 2.073166026816994911e-01 1.873031493743898546e-01 3.455176755307064473e-01 1.873031493743898546e-01 3.455176755307064473e-01 4.127978369366380740e-01 -2.494869147097784345e-01
3.516718749363669794e-01 1.483127561631245594e-01 -1.419200859870641818e-01 -6.588987021655112741e-04 -1.419200859870641818e-01 -6.588987021655112741e-04 -4.559867250100994585e-01 -2.499891901436818720e-01
-1.544392729569522560e-01 4.967534252082099755e-01 -2.649281359089854515e-01 -4.893009968558258427e-01 -2.649281359089854515e-01 -4.893009968558258427e-01 3.078757486130156984e-01 -2.738409487835933298e-01
3.163515118272141047e-01 -4.476870535625232517e-01 1.744988441622574715e-01 2.412517353318590629e-01 1.744988441622574715e-01 2.412517353318590629e-01 -3.309855938726369295e-02 5.480324724546528081e-01
-3.635447743393149800e-01 -3.934161232111988982e-01 3.207464986229382475e-01 2.598253967160973898e-01 3.207464986229382475e-01 2.598253967160973898e-01 7.749602287078810603e-02 4.160275662643047045e-01
-7.190881012870509181e-02 -4.733721153083785271e-01 -1.790136254755467782e-01 1.604577276110996653e-01 -1.790136254755467782e-01 1.604577276110996653e-01 3.829559008837718492e-03 6.922823978857811644e-01
-2.403016067016469082e-01 3.499698885159654438e-01 -4.052330835427708777e-01 4.460550298475631781e-01 -4.052330835427708777e-01 4.460550298475631781e-01 4.084982597168124174e-01 -2.852358278314811590e-01
-4.727127764825311829e-01 3.125073041746717628e-01 1.618883678367976087e-01 -4.329105396711446785e-01 1.618883678367976087e-01 -4.329105396711446785e-01 7.681651673374911837e-01 -4.383038580619744717e-01
3.928887085251513422e-01 3.959699670066484378e-01 1.232471451875840618e-01 -1.211688313382681681e-01 1.232471451875840618e-01 -1.211688313382681681e-01 -7.040329664291291589e-01 -3.935392895219634868e-01
-1.334433561487655684e-01 -2.631312964430014834e-01 -6.175342508914383188e-03 -3.155043955098223440e-01 -6.175342508914383188e-03 -3.155043955098223440e-01 6.321710953850585846e-02 3.145622463105299249e-01
5.662165676896702138e-03 -4.321930656590462494e-01 -4.992356145218119767e-01 1.021466271365452094e-01 -4.992356145218119767e-01 1.021466271365452094e-01 -7.678681925618732404e-04 6.189518515426583045e-01
4.445947559908133284e-01 3.558283672539277465e-01 -1.543207867039745329e-01 -3.162605881239982653e-01 -1.543207867039745329e-01 -3.162605881239982653e-01 -7.609936082185524420e-01 -4.268790373658625237e-01
-4.806330421297029254e-01 3.099887106624162891e-01 3.817706230828072922e-01 3.957291085287041321e-01 3.817706230828072922e-01 3.957291085287041321e-01 7.786146761927856819e-01 -4.449038311111218613e-01
1.114147829712819338e-02 7.117573918623343321e-02 -4.443015872878953720e-01 3.493711007306549154e-01 -4.443015872878953720e-01 3.493711007306549154e-01 -1.272748420397914679e-02 -6.623388587617208556e-02
1.968004961201784697e-01 -5.112116329323446173e-02 -3.984185240538338224e-01 3.671392999990884531e-01 -3.984185240538338224e-01 3.671392999990884531e-01 -1.766791555234800692e-01 1.500410135653962307e-02
-3.045705188906812078e-01 3.619665576670734186e-01 1.570654246228895268e-01 -4.565484582850232176e-01 1.570654246228895268e-01 -4.565484582850232176e-01 5.250592034701496713e-01 -3.237099697750614458e-01
-1.234196852542255307e-01 -3.556845997709519036e-01 -3.732866161530772331e-01 -1.483750936395573650e-01 -3.732866161530772331e-01 -1.483750936395573650e-01 3.562272254721340903e-02 4.669637155769220671e-01
3.438404289311888240e-01 -4.416373538523683528e-01 -4.424164943918262871e-01 -2.310639422149350919e-01 -4.424164943918262871e-01 -2.310639422149350919e-01 -4.013487456992170799e-02 5.184546656025064149e-01
3.365334497121141855e-02 -3.572067171969995902e-01 -5.789888937323417473e-02 -2.038700765040956098e-01 -5.789888937323417473e-02 -2.038700765040956098e-01 -9.610943211482248644e-03 4.836708083799055036e-01
-4.676769333764260184e-01 3.749025512123809190e-01 -2.304907751322204934e-02 1.193921656967597000e-01 -2.304907751322204934e-02 1.193921656967597000e-01 8.183434843084356203e-01 -4.530723423192070110e-01
-5.385376799654273405e-02 4.913465087318090729e-01 -1.463522129329949406e-01 -2.847904134055724290e-01 -1.463522129329949406e-01 -2.847904134055724290e-01 1.067754897708509398e-01 -2.528253454162968095e-01
1.047161009740530391e-01 2.159456994623945025e-01 -4.206584170416810542e-01 3.367520498538312257e-01 -4.206584170416810542e-01 3.367520498538312257e-01 -1.499420843136862747e-01 -1.802786161492997696e-01
-3.014301115728891256e-01 -2.479669198691606402e-01 3.700711684054069917e-02 -3.820058980093854473e-02 3.700711684054069917e-02 -3.820058980093854473e-02 1.519407189277956205e-01 2.185944010557149819e-01
-4.336651655715584308e-01 -4.968871421748078943e-01 4.563015097552320931e-01 -4.168101113030022731e-01 4.563015097552320931e-01 -4.168101113030022731e-01 2.699876008325330368e-03 5.557184984032484953e-01
4.038419558263719455e-01 1.973688756131394273e-01 -1.070270020583835580e-01 1.154770711146577700e-01 -1.070270020583835580e-01 1.154770711146577700e-01 -5.632536213200962649e-01 -3.215027278380138687e-01
-2.880398353563240477e-01 -4.564657362422346321e-01 -3.221352520486514548e-01 4.824781185020439178e-01 -3.221352520486514548e-01 4.824781185020439178e-01 2.507920433029103835e-02 5.818597578533016845e-01
9.348140819663719459e-02 3.026895196332985982e-01 3.369977822135121759e-01 -3.900240275546795754e-01 3.369977822135121759e-01 -3.900240275546795754e-01 -1.500730932800060091e-01 -2.198073480158878601e-01
-3.625252958537624748e-01 -2.103972538131225756e-01 1.157042872039487635e-01 3.922739292761724395e-01 1.157042872039487635e-01 3.922739292761724395e-01 2.099766424829196398e-01 1.232396680913680764e-01
-3.805429496662710021e-01 -5.336495417630948701e-02 4.380285431563524234e-01 -3.158724438242016541e-01 4.380285431563524234e-01 -3.158724438242016541e-01 3.399276355241546144e-01 -8.860016403015696929e-02
-2.208163209888605039e-01 4.046310029362428784e-01 -2.662313073958940679e-01 1.135500265601354641e-01 -2.662313073958940679e-01 1.135500265601354641e-01 3.995145798416884220e-01 -2.896646020141085964e-01
-4.554481214552382751e-01 7.240511243464931024e-02 -8.890038695703816884e-03 -4.095902843052013909e-01 -8.890038695703816884e-03 -4.095902843052013909e-01 5.214016663394709372e-01 -2.745956034650806066e-01
-3.544417688416029444e-01 4.934604630998499220e-01 -2.053079584390957724e-01 -1.079341310696131373e-01 -2.053079584390957724e-01 -1.079341310696131373e-01 7.042477676306175827e-01 -3.755862019566958976e-01
-4.776695720081938212e-01 -3.545343897337800421e-01 3.009945557983559894e-01 1.342807527738734130e-01 3.009945557983559894e-01 1.342807527738734130e-01 1.389689915955520383e-01 2.520608032151928080e-01
-4.813527106270569789e-01 -3.678388580570618460e-01 3.154769290056261832e-01 2.510898073228060579e-01 3.154769290056261832e-01 2.510898073228060579e-01 1.272322478276010083e-01 2.714438515257698858e-01
1.415662089463375350e-01 -5.231099985437148714e-02 4.108061390867584484e-01 -4.584257660508327392e-01 4.108061390867584484e-01 -4.584257660508327392e-01 -1.267552690751859723e-01 3.500644904469744911e-02
-4.723939880454963713e-01 -1.236367833129125016e-01 4.594706068497821372e-01 3.071099016661060777e-01 4.594706068497821372e-01 3.071099016661060777e-01 3.555834417688891191e-01 -8.423324244065197308e-02
3.288458079806929613e-01 6.449832024087409632e-02 -1.971416952824214253e-01 5.205588122476279000e-02 -1.971416952824214253e-01 5.205588122476279000e-02 -3.712658124467084209e-01 -1.684778523534545269e-01
-3.607236527492414524e-01 2.737992872441820102e-01 -4.408227928142776086e-01 -4.722882598776350083e-01 -4.408227928142776086e-01 -4.722882598776350083e-01 5.582554107789616804e-01 -3.289547912015152731e-01
-1.189838759377858102e-01 1.670635976761214447e-02 -4.942026070823110073e-01 -2.808461942427419311e-01 -4.942026070823110073e-01 -2.808461942427419311e-01 1.229594508137089731e-01 -3.058442004410565768e-02
9.911030764587835939e-02 -6.016918579142749302e-02 -3.091300568276925675e-01 -5.623020727527761053e-02 -3.091300568276925675e-01 -5.623020727527761053e-02 -8.718353461669757498e-02 5.396666362857015925e-02
3.346256718973729116e-01 -2.797657738408440009e-01 -4.458863396760001097e-01 1.191348314199072167e-01 -4.458863396760001097e-01 1.191348314199072167e-01 -1.473920518066111074e-01 2.460603217608419990e-01
