-5.298850078736684566e+00 -1.445318805142095098e-01 -1.445318805142095098e-01 -8.329043786589878096e-01
-2.904989241939940126e+00 6.044713527074683235e-01 6.044713527074683235e-01 2.344020263574813912e-01
1.926624322130246370e+00 -1.133612781939749015e+00 -1.133612781939749015e+00 -9.373583642371313696e-01
5.287924611983081391e+00 -2.066027855175344152e-01 -2.066027855175344152e-01 8.389008869537478708e-01
4.649011032244747099e+00 1.972361022927917595e-01 1.972361022927917595e-01 9.979922900212608861e-01
5.850921799949105662e+00 -1.050322256075908456e-02 -1.050322256075908456e-02 4.189271833079571405e-01
5.443429881555633898e+00 -5.351373431005274073e-01 -5.351373431005274073e-01 7.444798533973026045e-01
5.023122763835914384e+00 -9.922633540501930582e-01 -9.922633540501930582e-01 9.521094665403732060e-01
-3.961636576854304259e+00 -9.261698389958439304e-01 -9.261698389958439304e-01 -7.311757944041462620e-01
4.171512140463295992e-02 1.016401474008815198e+00 1.016401474008815198e+00 -4.170302401974724377e-02
1.155415085237214257e+00 5.904766042604496779e-01 5.904766042604496779e-01 -9.149625412374059463e-01
1.091274675854965182e+00 -7.767994463922749393e-01 -7.767994463922749393e-01 -8.872157129253178676e-01
-1.265841803501960072e+00 -5.267496968659119982e-01 -5.267496968659119982e-01 9.538606079261443549e-01
-4.237000113484910457e+00 -1.916420977255486324e-01 -1.916420977255486324e-01 -8.891148106052509936e-01
3.422684575553923025e+00 9.957393781651946441e-03 9.957393781651946441e-03 2.774048811489041588e-01
-5.787789927160055470e+00 -6.128715422250868849e-01 -6.128715422250868849e-01 -4.753795361778212492e-01
-5.282071501447533457e+00 -1.084697691193837743e+00 -1.084697691193837743e+00 -8.420722545398685588e-01
-3.133515554298275330e+00 8.169815818936132512e-01 8.169815818936132512e-01 8.077011467440140674e-03
1.294941578309720676e+00 -9.285423110573989280e-01 -9.285423110573989280e-01 -9.621927417519987591e-01
-4.102682907894156017e+00 1.036117226945460379e+00 1.036117226945460379e+00 -8.198163639427751281e-01
-5.569023367776049227e+00 -9.181091933826300844e-01 -9.181091933826300844e-01 -6.549843726441227920e-01
5.130182229160675789e-01 1.971101613206522885e-01 1.971101613206522885e-01 -4.908091567913865361e-01
5.467663971529782785e+00 2.171388301227765716e-01 2.171388301227765716e-01 7.280830673333550385e-01
2.463278644541549767e+00 -1.094943684933231909e+00 -1.094943684933231909e+00 -6.274811503789496925e-01
5.802119016873156454e+00 4.093995253236939469e-01 4.093995253236939469e-01 4.627247069346028252e-01
-4.215215721567285634e+00 -4.618489006865674762e-01 -4.618489006865674762e-01 -8.789342658551873022e-01
5.863623312326481596e+00 -7.160830280999896935e-01 -7.160830280999896935e-01 4.073604763028115250e-01
-4.679815000567515426e+00 5.312701280580940377e-01 5.312701280580940377e-01 -9.994695148284907793e-01
-4.616453314220011706e+00 -1.706154626173581601e-01 -1.706154626173581601e-01 -9.954017023632696359e-01
5.596927371801275086e+00 -8.972042447229816586e-01 -8.972042447229816586e-01 6.336466798051717531e-01
-1.360470654730150386e-02 4.161304889391026496e-01 4.161304889391026496e-01 1.360428687310654729e-02
1.911512017413793174e+00 5.067747602832277654e-01 5.067747602832277654e-01 -9.425157505197365726e-01
-2.467359874577454981e+00 -3.405170037928672011e-01 -3.405170037928672011e-01 6.242981581123062673e-01
-5.388581684600073807e+00 -6.785979519225132650e-01 -6.785979519225132650e-01 -7.799610783506382150e-01
3.047955288226996018e+00 7.583697439732905998e-02 7.583697439732905998e-02 -9.350059061874303745e-02
-2.626139008236866967e+00 9.968024631939826907e-01 9.968024631939826907e-01 4.929296025913396662e-01
5.200569408059896759e+00 -6.136809731992615147e-01 -6.136809731992615147e-01 8.831877353464578917e-01
-5.115034995030868004e+00 8.284186139926317249e-01 8.284186139926317249e-01 -9.200273642146753472e-01
-6.234338961812088797e+00 -8.321778397239705249e-01 -8.321778397239705249e-01 -4.882692340253484697e-02
1.084084460318288201e+00 -8.401584344245169866e-01 -8.401584344245169866e-01 -8.838755667728417365e-01
1.244569216301798065e+00 -7.854865086733560098e-01 -7.854865086733560098e-01 -9.472581858652683318e-01
-5.247122020759409367e-01 -3.787257973366092711e-01 -3.787257973366092711e-01 5.009639454860517205e-01
-3.121450884783181223e-01 8.819010024796025693e-01 8.819010024796025693e-01 3.071007727962316025e-01
4.289197556920647969e+00 1.192083456177319478e+00 1.192083456177319478e+00 9.117829562584014447e-01
3.860105233179389472e-01 1.136106615541262022e+00 1.136106615541262022e+00 -3.764954962628773161e-01
-4.159121477378642240e+00 -3.440166683490579747e-01 -3.440166683490579747e-01 -8.508120919894741618e-01
4.779912889798696440e+00 -1.013400012559900754e+00 -1.013400012559900754e+00 9.977211268988691595e-01
6.206715187510010168e+00 -1.037889844088300206e+00 -1.037889844088300206e+00 7.639561266950017915e-02
5.887410615293228844e+00 3.560153642376184813e-02 3.560153642376184813e-02 3.855231112154376416e-01
-3.333299839958234756e-01 -8.035296783513401486e-02 -8.035296783513401486e-02 3.271915318145715013e-01
4.595710658876511090e+00 -8.507754384689547589e-01 -8.507754384689547589e-01 9.932008034909518557e-01
-5.055062852956673680e+00 -1.629361886742080046e-01 -1.629361886742080046e-01 -9.418595944473185932e-01
3.325812316566116422e+00 6.912878900544450200e-01 6.912878900544450200e-01 1.831794560527048865e-01
-1.178857228120683942e+00 -9.532882573314190866e-01 -9.532882573314190866e-01 9.241700985911728283e-01
1.937286390926296065e-01 8.887422183844819745e-01 8.887422183844819745e-01 -1.925191130450171761e-01
3.569671603182618114e-01 -2.742263136874358853e-01 -2.742263136874358853e-01 -3.494341924731023674e-01
3.429197833912979831e+00 -8.494992620364398839e-01 -8.494992620364398839e-01 2.836565860194261157e-01
-5.565051637678767982e+00 8.459533591716386081e-01 8.459533591716386081e-01 -6.579804064437120292e-01
5.432157307125731194e+00 -1.101751572679671165e+00 -1.101751572679671165e+00 7.519584707597455342e-01
1.885784013831456107e+00 6.622868096123761816e-01 6.622868096123761816e-01 -9.508001936008619870e-01
5.346722230483861082e+00 1.058736667975867851e+00 1.058736667975867851e+00 8.054670185435390817e-01
-4.522920215689325119e+00 1.137975164065699429e+00 1.137975164065699429e+00 -9.821044250589869851e-01
6.172061561948176234e+00 -5.913801358421055809e-01 -5.913801358421055809e-01 1.108951847132072371e-01
-5.372379376570548537e+00 -3.575603461878623657e-01 -3.575603461878623657e-01 -7.899981197212264661e-01
-3.400392155734776711e+00 -1.927181409630926989e-01 -1.927181409630926989e-01 -2.559202178233683789e-01
-5.298349611170425355e+00 -1.192933369443348157e+00 -1.192933369443348157e+00 -8.331812415625693413e-01
-4.660129273980122555e+00 -1.201045612743807389e-01 -1.201045612743807389e-01 -9.986347722975094099e-01
-2.572379146062545363e+00 4.128445833545202337e-01 4.128445833545202337e-01 5.389697331222655929e-01
-1.876306499785825643e+00 9.294777431548599811e-01 9.294777431548599811e-01 9.536936269750595496e-01
-3.106796032832985777e+00 9.560073647379228046e-01 9.560073647379228046e-01 3.478959919590857847e-02
-4.386522788049305177e-01 4.235864313474708709e-01 4.235864313474708709e-01 4.247197256143023236e-01
-3.752737841667395546e+00 4.879102198677096602e-01 4.879102198677096602e-01 -5.738057353880653411e-01
-1.678622631222933315e+00 -1.034095133973396141e+00 -1.034095133973396141e+00 9.941923741784889357e-01
-6.132261617395422526e+00 -8.724892076540518016e-01 -8.724892076540518016e-01 -1.503513863367780257e-01
3.266714367238231276e+00 1.268383334899905179e-01 1.268383334899905179e-01 1.247954964595007349e-01
-5.005896269503955054e+00 -9.640159235996015319e-02 -9.640159235996015319e-02 -9.572350667313253014e-01
5.895274730023123411e+00 6.909161546657556219e-01 6.909161546657556219e-01 3.782550605197707583e-01
-6.048035407789722484e-01 7.701882188038700061e-01 7.701882188038700061e-01 5.686004771625102761e-01
-5.750567814168932479e+00 -5.073024951792780568e-01 -5.073024951792780568e-01 -5.077899983310221188e-01
-5.381759371657765634e+00 -3.968746448821609540e-01 -3.968746448821609540e-01 -7.842124886955031959e-01
3.214905247548736966e+00 -7.079648299088383556e-01 -7.079648299088383556e-01 7.324693896038526886e-02
-3.196628380707755124e+00 7.280136332630091633e-01 7.280136332630091633e-01 -5.500794808629258514e-02
5.003112817297424186e+00 -2.065768325993551091e-01 -2.065768325993551091e-01 9.580366417238843635e-01
-5.074158535531288372e+00 9.036742942935707124e-01 9.036742942935707124e-01 -9.352719900223838145e-01
-4.347821796764657520e+00 -2.495244885143108604e-01 -2.495244885143108604e-01 -9.342781671666074983e-01
3.937849989172539367e+00 -5.517511707278740518e-01 -5.517511707278740518e-01 7.147435333866103413e-01
-5.982793480320469648e+00 5.847138199621237931e-03 5.847138199621237931e-03 -2.958945104623397215e-01
-1.240445296217526305e+00 1.799267316760890800e-01 1.799267316760890800e-01 9.459285362325380309e-01
2.736624866848332616e+00 1.973146962292893214e-01 1.973146962292893214e-01 -3.939891528832060175e-01
-1.196239365342229632e+00 4.382370993454258734e-01 4.382370993454258734e-01 9.306698034347358206e-01
-2.368025458312843057e+00 -3.787869573294442294e-01 -3.787869573294442294e-01 6.986917316312810655e-01
3.332969226971787435e+00 -9.681623109141135330e-01 -9.681623109141135330e-01 1.902105165011780952e-01
-2.882705176176303397e-01 1.036980730782609106e+00 1.036980730782609106e+00 2.842945323732249396e-01
-4.175558437750646945e+00 -6.949415650933419286e-01 -6.949415650933419286e-01 -8.593339027059243573e-01
-1.977255549969235027e+00 -2.228682075761077019e-01 -2.228682075761077019e-01 9.185264575265404963e-01
3.517705450087943220e+00 -4.764054778543346247e-01 -4.764054778543346247e-01 3.673077677149562126e-01
3.986762267222534462e+00 9.869493124905608372e-01 9.869493124905608372e-01 7.480836792893368337e-01
2.336953546669688464e+00 -2.852068460699166419e-01 -2.852068460699166419e-01 -7.205804570143453658e-01
5.529273789046589727e+00 1.130423522866224717e+00 1.130423522866224717e+00 6.844955524824875015e-01
3.963380137317708218e+00 9.797756199825518042e-01 9.797756199825518042e-01 7.323641203433726155e-01
1.551334336167574435e+00 3.557472534396737274e-01 3.557472534396737274e-01 -9.998106214380861889e-01
8.470249253921755539e-01 8.865455595663049859e-01 8.865455595663049859e-01 -7.493135841230174066e-01
3.527333025240517728e+00 -5.166233943950002683e-01 -5.166233943950002683e-01 3.762452090389007409e-01
-1.437835023178859473e+00 -3.297942749046028910e-01 -3.297942749046028910e-01 9.911736605624034135e-01
5.275371489792588520e+00 8.295208270824623309e-01 8.295208270824623309e-01 8.456670772117208523e-01
5.302905924292167228e+00 5.688648763465338209e-01 5.688648763465338209e-01 8.306529606452671688e-01
-3.415382712788576747e+00 -8.324140667174425579e-01 -8.324140667174425579e-01 -2.703822609590473269e-01
2.299914125740158966e+00 -2.273823273865004380e-01 -2.273823273865004380e-01 -7.457624253872671138e-01
4.044442469110625993e+00 -4.252930894500622783e-01 -4.252930894500622783e-01 7.850952000927183816e-01
2.741501952120039221e+00 3.095629476183829887e-01 3.095629476183829887e-01 -3.895018822926001323e-01
-1.125963386226668916e+00 1.180570182930500200e+00 1.180570182930500200e+00 9.026825648492681209e-01
3.858874581960918704e+00 1.506744597712266209e-01 1.506744597712266209e-01 6.573387769279015469e-01
-1.934969670884312265e-01 -2.638523326625482612e-01 -2.638523326625482612e-01 1.922917697127475012e-01
-9.256567526162893245e-01 1.108667636307214766e+00 1.108667636307214766e+00 7.990158473813762097e-01
1.401261831793777723e+00 -4.693469460313758335e-01 -4.693469460313758335e-01 -9.856634153503331941e-01
6.474429419920992856e-01 5.783941616851584477e-01 5.783941616851584477e-01 -6.031487969839508523e-01
3.452864668631912437e+00 -7.623914435893894836e-01 -7.623914435893894836e-01 3.062697719469791857e-01
-2.139224385008466456e+00 -2.827534998585612414e-02 -2.827534998585612414e-02 8.427482048107713952e-01
-2.855975952560901199e+00 -1.118286119488115071e+00 -1.118286119488115071e+00 2.817492221214407122e-01
-4.757319977232789654e+00 -7.222135155143587504e-01 -7.222135155143587504e-01 -9.989907725634887825e-01
-3.142861682599180639e+00 -1.118752311441202574e+00 -1.118752311441202574e+00 -1.269028668772718580e-03
-3.767010743127741978e+00 -3.265494006926279447e-01 -3.265494006926279447e-01 -5.854362769893438623e-01
-4.181547391228963129e+00 1.084075620560418285e+00 1.084075620560418285e+00 -8.623813136360081177e-01
2.128780205265616843e+00 -2.524835139549501672e-01 -2.524835139549501672e-01 -8.483243242797497974e-01
4.383372460724300979e+00 -2.064910897874949747e-02 -2.064910897874949747e-02 9.463605759027030606e-01
3.519146548757412063e+00 7.289023638625740098e-01 7.289023638625740098e-01 3.686477509380082229e-01
5.482235710572236798e+00 -1.118783075940243288e+00 -1.118783075940243288e+00 7.180173576955442005e-01
-3.050080362652310306e+00 1.133600261828282330e+00 1.133600261828282330e+00 9.138461613902405800e-02
-5.659390837114063544e+00 6.205966745737412360e-01 6.205966745737412360e-01 -5.841192076993521054e-01
-2.083551726185703501e+00 -1.113298710876882147e+00 -1.113298710876882147e+00 8.713960730245746689e-01
7.083308780072332667e-01 -9.650521254769267587e-01 -9.650521254769267587e-01 -6.505670651297139617e-01
-4.468221333339853274e+00 9.600587798199240464e-01 9.600587798199240464e-01 -9.703388813619543418e-01
3.889019641842606845e+00 8.305793422469511800e-01 8.305793422469511800e-01 6.797538616899584385e-01
4.875063174246593078e+00 -9.459036411473651373e-01 -9.459036411473651373e-01 9.867977061297538155e-01
5.635415693605665410e-01 9.531761489525412134e-01 9.531761489525412134e-01 -5.341834731353227728e-01
-4.129060288943742663e+00 -1.251774927952471472e-01 -1.251774927952471472e-01 -8.346338166192134311e-01
-5.745886995439852818e+00 -5.509339897791772911e-01 -5.509339897791772911e-01 -5.118168566280691945e-01
-1.377018794071492636e+00 -1.177489386411402661e+00 -1.177489386411402661e+00 9.812838096872700255e-01
3.634442303312800604e+00 -7.426678487409121843e-02 -7.426678487409121843e-02 4.731383134960441827e-01
-4.241616383204549479e+00 6.070950563618993101e-02 6.070950563618993101e-02 -8.912181234717336809e-01
6.089202076520590978e+00 -6.152964887148344442e-01 -6.152964887148344442e-01 1.927689357819918348e-01
-5.290071256722825410e+00 -7.804807320589550734e-01 -7.804807320589550734e-01 -8.377305701515690428e-01
-4.184397268191925257e+00 -4.778636832321746519e-01 -4.778636832321746519e-01 -8.638205863328493050e-01
-3.241829495476606038e+00 1.061197275381435601e+00 1.061197275381435601e+00 -1.000690725084842359e-01
-3.654211004562125886e+00 4.334691236429901728e-01 4.334691236429901728e-01 -4.904607222895170926e-01
5.624074655796498234e+00 8.991478401058510261e-01 8.991478401058510261e-01 6.124140310979964141e-01
-2.987684776052339952e+00 -1.282770491103388810e-01 -1.282770491103388810e-01 1.533009778526359668e-01
4.543395447162041023e+00 1.034553444167141789e+00 1.034553444167141789e+00 9.857545441079564874e-01
-5.207457799695466960e+00 -4.874833307529756743e-01 -4.874833307529756743e-01 -8.799360164015834762e-01
3.920879668884843738e+00 9.335677453367281498e-01 9.335677453367281498e-01 7.027723700091597081e-01
5.035584974769211186e+00 9.574450184525413743e-01 9.574450184525413743e-01 9.482252189111036733e-01
2.037408377002154936e+00 -1.187639976574226042e+00 -1.187639976574226042e+00 -8.930975244603793772e-01
9.705068625049753095e-01 -5.223346279923339885e-01 -5.223346279923339885e-01 -8.251721365020801002e-01
-5.558386051105397740e+00 8.569241383996228922e-01 8.569241383996228922e-01 -6.629851725903688209e-01
-2.207567571729698308e+00 -6.345128697503358284e-01 -6.345128697503358284e-01 8.040197714762412629e-01
-3.954116276675327946e+00 -2.281319571584765615e-01 -2.281319571584765615e-01 -7.260249003129937151e-01
-3.304744036612211833e+00 2.400647404769440385e-01 2.400647404769440385e-01 -1.624285416537713522e-01
-5.410468245808629284e+00 -3.946566715950747817e-01 -3.946566715950747817e-01 -7.660781468744380929e-01
-1.872003100206116599e+00 -4.903928285763027306e-01 -4.903928285763027306e-01 9.549791676551210307e-01
-8.153547482218792553e-01 -5.186694855188072051e-01 -5.186694855188072051e-01 7.279688633966823197e-01
3.750387337774233387e+00 6.566247687696269431e-01 6.566247687696269431e-01 5.718791094936652719e-01
5.811763707045555449e+00 7.288511356290026111e-01 7.288511356290026111e-01 4.541532809206557664e-01
1.131099367309369441e-01 -6.317425998816772470e-01 -6.317425998816772470e-01 -1.128689055610607311e-01
-4.585616254951807136e+00 -3.781754428851662464e-01 -3.781754428851662464e-01 -9.919750942566871732e-01
-3.451359476658581116e+00 1.075478341696910922e+00 1.075478341696910922e+00 -3.048365659328946542e-01
-6.094637517730949305e+00 -8.375139119143693023e-02 -8.375139119143693023e-02 -1.874326194223371045e-01
-4.911515987109367209e+00 -2.742128475325129600e-01 -2.742128475325129600e-01 -9.802396413462055591e-01
2.312792914099338404e+00 9.174260142830552578e-01 9.174260142830552578e-01 -7.371208130395564551e-01
-1.697229606578734895e+00 8.576302850030830260e-01 8.576302850030830260e-01 9.920179543844299674e-01
1.282236708752789056e+00 3.551529702166726921e-01 3.551529702166726921e-01 -9.586547617619350925e-01
7.687513311330311794e-01 -6.034114232896157226e-01 -6.034114232896157226e-01 -6.952382634600072775e-01
5.902961012687752529e+00 3.273655496853165037e-01 3.273655496853165037e-01 3.711287544436199792e-01
-3.009426519991817095e+00 -4.759086491183571743e-01 -4.759086491183571743e-01 1.317816923421577524e-01
-5.564411489176125158e+00 6.191350047532364620e-01 6.191350047532364620e-01 -6.584623258527962930e-01
-5.829199377680321703e+00 3.924251058915715351e-01 3.924251058915715351e-01 -4.385511879932417756e-01
-2.250666251089489478e+00 -2.356822559402403927e-01 -2.356822559402403927e-01 7.776545028687072980e-01
-5.916762997715950156e+00 -9.880980449184920689e-01 -9.880980449184920689e-01 -3.582775460469044271e-01
3.440818177879839013e+00 -1.070148024130865849e+00 -1.070148024130865849e+00 2.947802332012731674e-01
2.185812420894208685e-01 4.186139997949669400e-01 4.186139997949669400e-01 -2.168448416848777482e-01
6.233758361295475225e+00 2.982899037501118844e-01 2.982899037501118844e-01 4.940682314818418269e-02
-6.898244120764829290e-02 -9.497082007865806919e-01 -9.497082007865806919e-01 6.892774451126230939e-02
2.241522880454628108e+00 4.623020682274985305e-01 4.623020682274985305e-01 -7.833702793970529488e-01
1.590579539110281715e-01 -1.113881268481796027e+00 -1.113881268481796027e+00 -1.583881224570401480e-01
4.720757455386655366e+00 -1.101217003107600956e+00 -1.101217003107600956e+00 9.999649845174199969e-01
5.060728569571434576e+00 3.720651562093340026e-01 3.720651562093340026e-01 9.399407689049952275e-01
3.058901278679726943e+00 1.462207719960275654e-01 1.462207719960275654e-01 -8.259716840223342571e-02
-4.879003017835600531e+00 -1.152465243382449822e+00 -1.152465243382449822e+00 -9.861519611805549257e-01
2.081337024250911938e+00 -6.369407222795570034e-01 -6.369407222795570034e-01 -8.724804238880816687e-01
-1.717938498341917253e+00 -8.186894935569686282e-01 -8.186894935569686282e-01 9.891941081670092561e-01
2.963247481766343228e+00 -2.164343439640054045e-01 -2.164343439640054045e-01 -1.774012367724787653e-01
-1.982126068047953993e+00 -4.687672633224578833e-01 -4.687672633224578833e-01 9.165899648737256822e-01
-5.954903039050396529e+00 -3.458049948102281945e-03 -3.458049948102281945e-03 -3.224175040483857613e-01
-4.504349448854179983e+00 9.091916884152173584e-01 9.091916884152173584e-01 -9.784377140238463832e-01
1.470137653290262136e+00 5.330410254648827451e-01 5.330410254648827451e-01 -9.949381918146965598e-01
-3.058018060290403906e+00 -1.090783249827613544e+00 -1.090783249827613544e+00 8.347733651803165844e-02
3.405940250096701760e+00 -1.858556270316920056e-01 -1.858556270316920056e-01 2.612795827371974244e-01
-6.606318867877352119e-01 1.086214855466573814e+00 1.086214855466573814e+00 6.136159151907871756e-01
-3.770854116543060464e+00 -5.131377601608430039e-01 -5.131377601608430039e-01 -5.885478390761924583e-01
4.615574140779598267e+00 3.516902675118422916e-01 3.516902675118422916e-01 9.953171029080288834e-01
1.752875852977291871e+00 7.054691285231846631e-01 7.054691285231846631e-01 -9.834692690906855495e-01
-6.105778906556982299e+00 8.534998790142858116e-01 8.534998790142858116e-01 -1.764772777535810744e-01
-2.204358259747337456e+00 -3.833388082698009347e-01 -3.833388082698009347e-01 8.059238927573776357e-01
-1.704894573755312948e+00 7.494981830557094771e-01 7.494981830557094771e-01 9.910222955302341319e-01
1.793533803883208932e+00 1.424786716156116739e-01 1.424786716156116739e-01 -9.752963949050540426e-01
-5.096363817097113724e-01 2.219328426236659713e-01 2.219328426236659713e-01 4.878598687511987442e-01
-4.712636221545279724e+00 5.443382804034357925e-01 5.443382804034357925e-01 -9.999999694359044122e-01
-1.361267038043164845e+00 1.083920258541647863e+00 1.083920258541647863e+00 9.781289307894924789e-01
4.505497757365269251e+00 1.128744910619466468e+00 1.128744910619466468e+00 9.786742429350083761e-01
-5.220793428176506268e+00 -2.392872588062984196e-01 -2.392872588062984196e-01 -8.735223086890001598e-01
-6.378441800867662437e-03 -3.188148547664760857e-01 -3.188148547664760857e-01 6.378398550315346645e-03
-6.265031762675153715e+00 1.161513228122453389e+00 1.161513228122453389e+00 -1.815254743386591693e-02
-5.685817876815272953e+00 -1.185682879085833363e+00 -1.185682879085833363e+00 -5.624677658212258180e-01
-3.704629460845368705e+00 1.189553468890491184e+00 1.189553468890491184e+00 -5.337566950842789204e-01
2.230478283053971111e+00 -4.352988918488938097e-01 -4.352988918488938097e-01 -7.901871895167277282e-01
-3.529638697218100862e+00 -2.632271388221253394e-01 -2.632271388221253394e-01 -3.783804585533086517e-01
-1.598605977304262460e+00 -1.032572846726439675e+00 -1.032572846726439675e+00 9.996133365899418921e-01
-2.232546525965953599e+00 -1.423783595090255538e-01 -1.423783595090255538e-01 7.889179454884582832e-01
-3.012374496664402379e+00 8.562246351789393195e-02 8.562246351789393195e-02 1.288588572777433217e-01
5.305254745581429177e+00 6.221339009869348846e-01 6.221339009869348846e-01 8.293428691326434343e-01
-1.696211377143430177e+00 9.024445899693731565e-01 9.024445899693731565e-01 9.921458354779165711e-01
1.220861335364880063e-01 1.420512795886508250e-02 1.420512795886508250e-02 -1.217830766863816361e-01
-5.998428603722567587e-01 5.784903372932457266e-01 5.784903372932457266e-01 5.645127734929594743e-01
4.977420582153188278e+00 9.625935273104631040e-01 9.625935273104631040e-01 9.650842236033666532e-01
2.238283871376292922e+00 -3.863283195792349689e-01 -3.863283195792349689e-01 -7.853793899381423804e-01
4.700526621818580608e+00 -7.720077626719290542e-02 -7.720077626719290542e-02 9.999296430496567023e-01
5.540247410622479052e+00 9.541138988613491190e-01 9.541138988613491190e-01 6.764545427763790642e-01
-3.651534065615812175e+00 -1.079121869427672964e+00 -1.079121869427672964e+00 -4.881261137125841310e-01
-2.404319305156895403e+00 -5.422703040965886068e-01 -5.422703040965886068e-01 6.722718611316234050e-01
-2.324715960547602212e+00 5.200790342553376355e-01 5.200790342553376355e-01 7.290114807698969690e-01
2.505597147801081448e+00 -1.697762186604905299e-01 -1.697762186604905299e-01 -5.939786738287443635e-01
5.542214259512684649e+00 6.376634128512390642e-01 6.376634128512390642e-01 6.750046817821560019e-01
6.910541996224290884e-01 -9.485168886467962857e-01 -9.485168886467962857e-01 -6.373498756256040787e-01
3.666860679294027037e+00 -1.301942942347524834e-01 -1.301942942347524834e-01 5.014449157268505708e-01
1.230361517352759115e+00 -2.392631137711317413e-01 -2.392631137711317413e-01 -9.426095730781773874e-01
-1.462298897721897362e+00 2.437767226392537623e-01 2.437767226392537623e-01 9.941199255411151681e-01
3.175565698325167219e+00 5.548111047898589554e-01 5.548111047898589554e-01 3.396651001362122752e-02
-3.356482204191992835e-01 6.602370580003169565e-01 6.602370580003169565e-01 3.293812868051279596e-01
1.142232978526359410e+00 3.888322545063194191e-01 3.888322545063194191e-01 -9.095637095909349101e-01
-9.905057197560820370e-01 9.057307800859337732e-04 9.057307800859337732e-04 8.363033549832977753e-01
2.082905382912077386e+00 1.234934368033919760e-01 1.234934368033919760e-01 -8.717129741658072861e-01
-1.348064989422542936e+00 -1.909015077274676120e-01 -1.909015077274676120e-01 9.752977511517625375e-01
-3.644301035502213626e+00 -8.945232423537625710e-01 -8.945232423537625710e-01 -4.818006060638660992e-01
5.022778537584180469e-01 2.617074316425935798e-01 2.617074316425935798e-01 -4.814232978350583281e-01
-3.551486840337149786e+00 -1.053325711615254789e+00 -1.053325711615254789e+00 -3.985122822157711187e-01
-6.263951525592481140e+00 6.196052017735749207e-01 6.196052017735749207e-01 -1.923259572345633467e-02
-1.871146944482198649e+00 -3.544123336217896991e-03 -3.544123336217896991e-03 9.552328157952419962e-01
4.119411307346753759e+00 8.422465223639183929e-01 8.422465223639183929e-01 8.292803365507175339e-01
4.152166505046086087e+00 -6.576118168201398051e-01 -6.576118168201398051e-01 8.471369142175840805e-01
2.733857921443409111e+00 5.821526867693875840e-01 5.821526867693875840e-01 -3.965307827242171568e-01
-2.360699071536168869e+00 6.146641252824183166e-01 6.146641252824183166e-01 7.039143979147337582e-01
-3.330775738723113388e+00 8.560790864075196183e-02 8.560790864075196183e-02 -1.880566181894381406e-01
2.144495074410350810e+00 -9.098262137225805457e-01 -9.098262137225805457e-01 -8.398992580547776088e-01
3.120680042229041717e+00 -7.435151444163018430e-01 -7.435151444163018430e-01 -2.091108708320312676e-02
-6.227497428321823847e+00 4.660804284010808818e-01 4.660804284010808818e-01 -5.565910067032074637e-02
-2.746473365936454858e+00 -1.180405114284988732e+00 -1.180405114284988732e+00 3.849182881643635756e-01
5.918032568308159824e+00 -3.248825293473637243e-01 -3.248825293473637243e-01 3.570919673217456403e-01
-2.959678049417509005e+00 -2.466704597002106203e-01 -2.466704597002106203e-01 1.809129153790089706e-01
-1.633763314016092316e+00 7.644428346529583695e-01 7.644428346529583695e-01 9.980182341722484418e-01
3.659866980146579962e-01 9.123415746120315806e-01 9.123415746120315806e-01 -3.578708186298620308e-01
5.336822537827462298e+00 -4.454027520266995444e-01 -4.454027520266995444e-01 8.112944133813433378e-01
1.690217434309764677e+00 -3.010276718418158914e-02 -3.010276718418158914e-02 -9.928777699938960977e-01
-1.616882664560197469e+00 8.146986785728049796e-02 8.146986785728049796e-02 9.989382126876278356e-01
9.267910267831087623e-01 3.014240512534769323e-01 3.014240512534769323e-01 -7.996973835982030820e-01
-4.447348533092119638e+00 -3.500612003067171685e-03 -3.500612003067171685e-03 -9.650819065710998235e-01
-4.833172552798806976e+00 1.835525465199292494e-01 1.835525465199292494e-01 -9.927145278950495477e-01
1.552977887052478856e+00 -9.000119613836281562e-01 -9.000119613836281562e-01 -9.998412558027041097e-01
-2.912077251326742555e+00 -1.041324632816103435e+00 -1.041324632816103435e+00 2.275056602535459327e-01
3.283299482644347123e+00 -1.062030784349832224e-01 -1.062030784349832224e-01 1.412330399932077429e-01
4.139666964885742928e+00 8.919876461353826169e-01 8.919876461353826169e-01 8.404289712005013069e-01
-6.081493917273864014e+00 -8.239683765447631814e-01 -8.239683765447631814e-01 -2.003267205448542587e-01
5.248092075851202409e+00 -5.496355790833383770e-01 -5.496355790833383770e-01 8.599099497468457587e-01
4.657601571995799716e+00 4.078615693720619717e-01 4.078615693720619717e-01 9.984995453185985248e-01
-3.760863820900860688e+00 -1.038608876009573079e+00 -1.038608876009573079e+00 -5.804418250437015647e-01
-1.499785366055492730e-01 8.847212439944425189e-01 8.847212439944425189e-01 1.494169100555122476e-01
-2.896767871037860598e+00 -8.101678537011209880e-01 -8.101678537011209880e-01 2.423863360797056943e-01
-7.052927139330424922e-01 2.618153730745955698e-01 2.618153730745955698e-01 6.482567360829527559e-01
2.617611971407535876e+00 6.106080549716204064e-01 6.106080549716204064e-01 -5.003307043323813597e-01
3.894407588419031896e+00 -5.858553605812921727e-01 -5.858553605812921727e-01 6.836957131818042210e-01
-3.281703436403562879e+00 1.186344063477365873e+00 1.186344063477365873e+00 -1.396528127020176535e-01
-1.005538104542872624e+00 -6.191668977894987380e-01 -6.191668977894987380e-01 8.444503159890619504e-01
-4.871488775161786577e+00 3.395738550911628906e-01 3.395738550911628906e-01 -9.873703024285692686e-01
6.264881166013365643e+00 1.125605401001720240e+00 1.125605401001720240e+00 1.830311907526862777e-02
-2.101405420555639836e-01 -3.838756834949264007e-01 -3.838756834949264007e-01 2.085973522620503118e-01
4.632636131731704410e-01 -8.998570935965768403e-01 -8.998570935965768403e-01 -4.468701062274836322e-01
1.716141661387432293e+00 -8.104460657506118437e-02 -8.104460657506118437e-02 -9.894559486367998646e-01
3.382841682705098663e+00 -4.420663602730492414e-01 -4.420663602730492414e-01 2.389156701062845334e-01
5.975615048100131332e-01 -1.002658278333268926e+00 -1.002658278333268926e+00 -5.626282197081993175e-01
-8.851247125790306924e-01 -4.158131588070408391e-01 -4.158131588070408391e-01 7.739939602784428052e-01
-4.987810228856431216e+00 -9.828829596068429097e-01 -9.828829596068429097e-01 -9.623107235081155286e-01
-8.560793180901438149e-02 -9.921231187124953665e-01 -9.921231187124953665e-01 8.550340405411961664e-02
-3.405891788407229281e+00 9.490138648435950675e-01 9.490138648435950675e-01 -2.612328041465934447e-01
-5.600037008417135809e+00 -3.420247241948694006e-01 -3.420247241948694006e-01 -6.312379349744809964e-01
-3.827404551437055602e+00 3.634722313019267403e-02 3.634722313019267403e-02 -6.333015520824329947e-01
-4.093134488070901966e+00 -3.706046601251523631e-01 -3.706046601251523631e-01 -8.143113966311799068e-01
-5.610531244286847574e+00 -8.151124765475323830e-01 -8.151124765475323830e-01 -6.230641094653590617e-01
-3.394979547373222495e+00 4.322689227285114733e-01 4.322689227285114733e-01 -2.506841374482245977e-01
-1.225116291843336036e+00 5.883252493382613579e-01 5.883252493382613579e-01 9.408452494642054464e-01
-3.083395051855277735e+00 -1.157770723382579137e+00 -1.157770723382579137e+00 5.816475513109996276e-02
3.274741561688943037e-01 2.417053586576951574e-01 2.417053586576951574e-01 -3.216524420399381468e-01
4.397887990816926163e+00 1.454714529168752435e-01 1.454714529168752435e-01 9.509508621792864824e-01
-3.789633593512078846e+00 -8.705220444930572565e-01 -8.705220444930572565e-01 -6.036256694183329552e-01
4.257359790873479710e+00 -3.162863801437056921e-01 -3.162863801437056921e-01 8.982482001057561227e-01
4.613492054936662257e+00 1.031218469123813763e+00 1.031218469123813763e+00 9.951136836097600469e-01
-1.083551215979178473e+00 4.818128336225731001e-01 4.818128336225731001e-01 8.836260309465723273e-01
-4.173641844948939195e+00 -2.161202882346456855e-01 -2.161202882346456855e-01 -8.583521508009159806e-01
5.252006510540601525e+00 -1.170770927826296548e+00 -1.170770927826296548e+00 8.579052601374210774e-01
1.622100079832993202e-01 9.912049873284576318e-01 9.912049873284576318e-01 -1.614995959501401845e-01
4.525518465016073577e+00 -6.227699171963548830e-01 -6.227699171963548830e-01 9.825904564510957728e-01
3.760166261419085387e+00 6.258203925346565999e-01 6.258203925346565999e-01 5.798736599870703001e-01
1.969822971725294636e-01 -1.158017279539101496e+00 -1.158017279539101496e+00 -1.957108810073750205e-01
3.775185969542384612e+00 3.476171880834511008e-02 3.476171880834511008e-02 5.920444463389732404e-01
-3.475645221580192512e-01 5.705740102270402403e-01 5.705740102270402403e-01 3.406089713320318291e-01
3.020164839875043583e+00 5.697039255411389114e-01 5.697039255411389114e-01 -1.211296305679214480e-01
5.383005820017421783e+00 3.991036615769913976e-01 3.991036615769913976e-01 7.834384680183731353e-01
1.159776721758329465e+00 3.670680805486474796e-01 3.670680805486474796e-01 -9.167139220917803755e-01
2.719784269115720576e+00 -9.702489938049351226e-01 -9.702489938049351226e-01 -4.094110012826684963e-01
3.072650130724731810e+00 -1.035144005294030833e-03 -1.035144005294030833e-03 -6.888792105336899452e-02
8.683995143358460567e-01 4.311583475655700326e-01 4.311583475655700326e-01 -7.632959228865320300e-01
3.745202215804805945e+00 -5.877996445556460392e-01 -5.877996445556460392e-01 5.676178888339497020e-01
1.616145638018334552e+00 4.477978202167993693e-01 4.477978202167993693e-01 -9.989718962003308889e-01
4.571761590997718727e+00 -9.564249716255570632e-01 -9.564249716255570632e-01 9.901282534660901247e-01
2.876167398994091684e-01 7.820124023096242105e-01 7.820124023096242105e-01 -2.836676707778658102e-01
5.485155900190422429e+00 -7.906763798371545526e-01 -7.906763798371545526e-01 7.159817735847063824e-01
4.918898953439265753e+00 2.781605633887807016e-02 2.781605633887807016e-02 9.787524875716299144e-01
-8.291081276960188262e-01 1.035455790617711314e+00 1.035455790617711314e+00 7.373291747020769282e-01
-1.635461081397086680e+00 1.110786727663448881e+00 1.110786727663448881e+00 9.979099632044625690e-01
5.381708591731600322e+00 2.321724504037701031e-01 2.321724504037701031e-01 7.842439962407847798e-01
-1.902577159694004649e+00 -3.150715410006176276e-01 -3.150715410006176276e-01 9.454637772249323557e-01
1.528326192271168615e+00 -3.528853535527606278e-01 -3.528853535527606278e-01 -9.990982793860414546e-01
-4.756477005167828231e+00 8.031074382621217200e-01 8.031074382621217200e-01 -9.990282804493003654e-01
4.120951670944522860e+00 -2.496927424796703265e-01 -2.496927424796703265e-01 8.301401581223674109e-01
-2.191243754026031887e+00 -3.163703647574664934e-01 -3.163703647574664934e-01 8.136184042525149707e-01
2.235572634664858782e+00 -9.835657052416024726e-01 -9.835657052416024726e-01 -7.870547967110993470e-01
3.336196520400489973e+00 3.013380467802988516e-01 3.013380467802988516e-01 1.933778942273208512e-01
5.592517688042896395e+00 5.880689989794358752e-01 5.880689989794358752e-01 6.370519389252472520e-01
-4.290826991626987663e+00 7.521469912367366728e-01 7.521469912367366728e-01 -9.124509094467607717e-01
2.575662987470828114e-01 3.345534748628533617e-01 3.345534748628533617e-01 -2.547278883821905704e-01
-3.637328652419488328e+00 -6.926128814733225614e-01 -6.926128814733225614e-01 -4.756791784921289290e-01
-2.982284554939166554e+00 2.715648009544786579e-01 2.715648009544786579e-01 1.586351046442404100e-01
-1.798437073531351515e-01 1.232508180135687414e-01 1.232508180135687414e-01 1.788758037049903160e-01
5.823136427041033514e-01 2.474546620477777736e-01 2.474546620477777736e-01 -5.499577440028613484e-01
1.411130785590518855e+00 -5.430454768216206318e-01 -5.430454768216206318e-01 -9.872805135331911286e-01
2.967528422437800018e+00 5.906329968538615027e-01 5.906329968538615027e-01 -1.731865850791162176e-01
-4.907838161616712824e+00 -2.566170409194261648e-01 -2.566170409194261648e-01 -9.809605342916637438e-01
-3.521574099034513239e+00 3.398786224900107733e-02 3.398786224900107733e-02 -3.709032383898175911e-01
2.458959889497672080e+00 2.497767388195870630e-01 2.497767388195870630e-01 -6.308380079650127703e-01
-3.282669257418877606e-01 3.550020411047412061e-01 3.550020411047412061e-01 3.224029809439535876e-01
-1.739959202295463747e+00 -8.229729417269138203e-01 -8.229729417269138203e-01 9.857260482445362459e-01
-5.652651988589830978e+00 -2.968959786964509018e-01 -2.968959786964509018e-01 -5.895756102282155853e-01
-6.786072921304997507e-01 -1.175221502070517676e+00 -1.175221502070517676e+00 6.277094829095914985e-01
-5.932324267590660227e+00 9.684704812633992965e-02 9.684704812633992965e-02 -3.437065173396729456e-01
6.124330228769910178e+00 4.426536517462960063e-01 4.426536517462960063e-01 1.581878046091319823e-01
3.379578123215530638e+00 6.562301718419778496e-01 6.562301718419778496e-01 2.357453555586715988e-01
6.599957975973635982e-01 -6.079439404074108433e-01 -6.079439404074108433e-01 -6.131135321025835694e-01
-2.525857376402029342e+00 -4.571035216484609087e-02 -4.571035216484609087e-02 5.775589211530914868e-01
-4.339779891801200939e+00 -4.936774279297381218e-01 -4.936774279297381218e-01 -9.313806866469954704e-01
1.131041985340409894e+00 1.530361733185343631e-01 1.530361733185343631e-01 -9.048562715883444740e-01
-6.017005058037946164e+00 -4.240830692712138639e-01 -4.240830692712138639e-01 -2.630481350626286963e-01
3.303860205611030665e+00 -1.138804488018234196e+00 -1.138804488018234196e+00 1.615563843273140898e-01
1.176933914483868193e+00 -4.238655125008102820e-01 -4.238655125008102820e-01 -9.234337200993882888e-01
5.137740630881530990e+00 -5.334065299471771882e-01 -5.334065299471771882e-01 9.108936838206179720e-01
-1.024611600680205292e+00 1.112006042830927077e+00 1.112006042830927077e+00 8.545125073560704276e-01
4.833077106484530816e+00 -6.766845512302114285e-01 -6.766845512302114285e-01 9.927260237099254647e-01
-3.955419405842635072e-01 8.731813060195883214e-01 8.731813060195883214e-01 3.853083415721204052e-01
-1.614119625931624391e+00 -1.090869769975988834e+00 -1.090869769975988834e+00 9.990616926494623184e-01
-4.035112813223745931e+00 -4.457350880552450878e-01 -4.457350880552450878e-01 -7.792825592134813295e-01
-2.401519144689550078e+00 -7.237957213888388530e-01 -7.237957213888388530e-01 6.743421938179354758e-01
3.273668651039411515e+00 -1.007006154700356149e+00 -1.007006154700356149e+00 1.316923417573198085e-01
-5.984602862724926808e+00 -9.356902008435064033e-02 -9.356902008435064033e-02 -2.941656676585459596e-01
-1.650808614349125847e+00 -7.650378985638326412e-01 -7.650378985638326412e-01 9.968007242712330074e-01
-2.457047667479121511e+00 -1.025009919281916204e-01 -1.025009919281916204e-01 6.323205746123958804e-01
4.325124346018442978e+00 5.709500144357850804e-01 5.709500144357850804e-01 9.259455526987732110e-01
-4.278399940129301804e+00 -5.616897972492120861e-01 -5.616897972492120861e-01 -9.072956077499987337e-01
1.355312066056973741e+00 2.040189429434469126e-02 2.040189429434469126e-02 -9.768729638732238651e-01
4.760034297852888230e+00 -1.227417033521955858e-01 -1.227417033521955858e-01 9.988651765640262914e-01
4.375137881505750670e+00 4.666721309610071255e-01 4.666721309610071255e-01 9.436678254747832284e-01
-2.963323538960232373e+00 4.379468057249091828e-03 4.379468057249091828e-03 1.773263854384668214e-01
4.794091259843925812e+00 9.335110338125451879e-01 9.335110338125451879e-01 9.966642249828913114e-01
-5.632156318459990985e-01 9.172631040644121381e-01 9.172631040644121381e-01 5.339079074354491361e-01
4.069607919993057266e+00 -3.051542414846341034e-01 -3.051542414846341034e-01 8.004318216157874089e-01
5.964082880485980453e+00 -3.018550095701758584e-01 -3.018550095701758584e-01 3.137144256444111545e-01
5.897154970959311626e+00 -1.155750380124108911e+00 -1.155750380124108911e+00 3.765138512272170335e-01
-3.027394712533810317e+00 -2.904547092086132709e-01 -2.904547092086132709e-01 1.139498903992034323e-01
-5.035463364479931592e+00 2.556950141254914488e-01 2.556950141254914488e-01 -9.482638351691052847e-01
-5.245403707499367130e+00 -8.210800143954124497e-01 -8.210800143954124497e-01 -8.612791069098337804e-01
3.144828266080365253e+00 1.036520426096150027e+00 1.036520426096150027e+00 3.235606844868958460e-03
-1.602511737211134601e+00 -3.000651418488768929e-01 -3.000651418488768929e-01 9.994971085266904920e-01
4.369009907268267767e+00 2.952310902164834161e-01 2.952310902164834161e-01 9.416224081601314300e-01
-2.371747386664670998e-01 -4.210872715254222465e-01 -4.210872715254222465e-01 2.349573977732233310e-01
3.834330964173792822e+00 -6.305294156659496663e-01 -6.305294156659496663e-01 6.386467042222354618e-01
6.014051019846521129e+00 -7.341312397639474518e-01 -7.341312397639474518e-01 2.658969881679879577e-01
3.391075873446666833e+00 5.983399256518617815e-01 5.983399256518617815e-01 2.469032115407790440e-01
3.263481978744749767e+00 -8.049324952436400782e-01 -8.049324952436400782e-01 1.215877308435091148e-01
-4.575235483160966510e-03 -3.196075729762137829e-01 -3.196075729762137829e-01 4.575219521111578529e-03
-1.150944116147405438e+00 -7.039018531466103568e-01 -7.039018531466103568e-01 9.131491929937212149e-01
-3.513563046105594001e+00 -8.077893392847013132e-02 -8.077893392847013132e-02 -3.634517796242250354e-01
-4.596408463796346489e+00 -5.036107074095452774e-02 -5.036107074095452774e-02 -9.932817957696342681e-01
4.399058423683106511e+00 -2.895061929426356873e-01 -2.895061929426356873e-01 9.513122747515279087e-01
1.636178250799676270e+00 -3.789723122393755528e-01 -3.789723122393755528e-01 -9.978633633099258660e-01
-1.132232146379451798e+00 1.079515996913678721e+00 1.079515996913678721e+00 9.053623026277587416e-01
-3.362715671345163582e+00 4.968412484766846493e-01 4.968412484766846493e-01 -2.193254354013351171e-01
-4.303884051694408797e-01 -9.678872463012959670e-01 -9.678872463012959670e-01 4.172238179720851314e-01
2.928350408825469486e+00 -5.425208631965786621e-01 -5.425208631965786621e-01 -2.116298142229902923e-01
5.171433826618869745e+00 6.489616762032328623e-01 6.489616762032328623e-01 8.964761274245445222e-01
-2.365886798951960746e+00 1.144732514361086251e+00 1.144732514361086251e+00 7.002201783949504321e-01
-4.940812275650869445e+00 -6.925502306094905025e-01 -6.925502306094905025e-01 -9.740246378309882491e-01
2.222888491110438736e+00 -1.410599153927665217e-01 -1.410599153927665217e-01 -7.948159077813412576e-01
4.684305724349668409e+00 -8.519068943368556246e-01 -8.519068943368556246e-01 9.996056912811884798e-01
-1.215891433971616031e+00 -5.417165519073520175e-01 -5.417165519073520175e-01 9.376795429169098028e-01
