-2.899871248305450511e+00 7.462478661537079727e-01 7.462478661537079727e-01 2.393743397397186945e-01
2.401344477820311241e+00 8.279077098970535342e-01 8.279077098970535342e-01 -6.744711608639597511e-01
-1.501406864015653042e-02 -5.412421499885645693e-01 -5.412421499885645693e-01 1.501350456230742154e-02
-4.374843736904169944e+00 9.049358064657564427e-03 9.049358064657564427e-03 -9.435704538817437648e-01
-4.077779568995657300e+00 -3.103243933724311177e-01 -3.103243933724311177e-01 -8.053033234383090155e-01
-3.382411242712822563e+00 -2.766354414283094254e-01 -2.766354414283094254e-01 -2.384976733984805475e-01
7.497444337467218389e-02 -9.645611289588027493e-01 -9.645611289588027493e-01 -7.490422246726970157e-02
2.835848130742885331e+00 -5.776677722252188119e-01 -5.776677722252188119e-01 -3.010032527639007749e-01
-2.676011579431882836e+00 5.874014857670291079e-01 5.874014857670291079e-01 4.489421023256194854e-01
-5.509841863047078903e+00 2.055623094864063027e-01 2.055623094864063027e-01 -6.985316374597767553e-01
4.253786533284634075e+00 6.351879626673999635e-01 6.351879626673999635e-01 8.966720632237042965e-01
-3.260089503039908188e+00 7.082386377722624804e-01 7.082386377722624804e-01 -1.182197317614452764e-01
-7.125665528257840720e-02 9.516105783809127860e-01 9.516105783809127860e-01 7.119636951545148251e-02
2.484728876092795247e+00 5.832853828499018345e-01 5.832853828499018345e-01 -6.106362493483944442e-01
5.521706957570890140e+00 7.277691917538695598e-01 7.277691917538695598e-01 6.899922529282572770e-01
-3.025322976660901553e+00 -2.000664663218287842e-02 -2.000664663218287842e-02 1.160078860033257053e-01
-1.174705375877347358e+00 1.152805521882383610e+00 1.152805521882383610e+00 9.225762083365722788e-01
5.372491328342457351e+00 3.805793213591446289e-02 3.805793213591446289e-02 7.899294761021767863e-01
-5.500558274730885877e+00 -1.166793402274843849e+00 -1.166793402274843849e+00 -7.051445832153017124e-01
-4.941537556804466824e+00 -9.410095723999276629e-01 -9.410095723999276629e-01 -9.738601475050927547e-01
-3.903083460360656787e-01 -2.973212788578902810e-01 -2.973212788578902810e-01 3.804735890873308102e-01
-5.321904672976620176e+00 1.138539364583306179e+00 1.138539364583306179e+00 -8.199253656636806831e-01
3.293844796343197601e+00 -1.009319286495722334e+00 -1.009319286495722334e+00 1.516646052231349351e-01
1.556031919169862832e+00 1.184666742750528634e-01 1.184666742750528634e-01 -9.998910081136703765e-01
-5.366882085104287547e+00 1.786635045650881715e-01 1.786635045650881715e-01 -7.933566061499079947e-01
-5.580899325488172913e+00 3.499356282455734490e-01 3.499356282455734490e-01 -6.459644177044477908e-01
-8.694040742623103668e-01 -1.080662008959232478e+00 -1.080662008959232478e+00 7.639445325953008181e-01
-4.658430686341947791e+00 -3.883742373520515656e-01 -3.883742373520515656e-01 -9.985446044184583814e-01
1.083885964107559552e+00 4.668604851476865214e-01 4.668604851476865214e-01 -8.837827082920830524e-01
2.589378370297056975e+00 1.080628090995779056e+00 1.080628090995779056e+00 -5.245736768134811046e-01
3.075648404876000441e+00 6.987870046008006764e-01 6.987870046008006764e-01 -6.589646442857777231e-02
-1.713627356111118161e+00 7.223870134802619081e-01 7.223870134802619081e-01 9.898169779391213785e-01
6.695077233874062728e-01 -7.039954925776683581e-01 -7.039954925776683581e-01 -6.206000547338764717e-01
7.208998528820806939e-01 9.186864811320043511e-01 9.186864811320043511e-01 -6.600609194688310533e-01
-4.457417837680708317e+00 2.434593763524641741e-01 2.434593763524641741e-01 -9.676705744060931647e-01
4.516763460899165139e+00 -5.151889523778296898e-02 -5.151889523778296898e-02 9.809262728846955826e-01
6.387812390757190428e-01 -1.145523881878697026e+00 -1.145523881878697026e+00 -5.962174351066724665e-01
-6.118781868643245581e+00 1.181675152617531088e+00 1.181675152617531088e+00 -1.636638426200222041e-01
-4.049325104226618066e+00 2.392661739716723801e-01 2.392661739716723801e-01 -7.881100123727353690e-01
-5.470477932417858291e+00 3.414720403989337516e-01 3.414720403989337516e-01 -7.261512482785558165e-01
-5.154839962967185940e+00 5.162335720982962339e-01 5.162335720982962339e-01 -9.037049764920929151e-01
-1.012938144252556683e+00 1.111720526415193033e+00 1.111720526415193033e+00 8.483908706748550799e-01
-4.106375667226345172e+00 6.851819015570053129e-01 6.851819015570053129e-01 -8.219253413611661285e-01
1.046928403520002604e+00 -7.318709945767895020e-01 -7.318709945767895020e-01 -8.658907985801216345e-01
4.919163568746558468e+00 5.143851508611483325e-01 5.143851508611483325e-01 9.786981951849570427e-01
2.712852953831500713e+00 3.911582179277424132e-01 3.911582179277424132e-01 -4.157249019087318476e-01
5.202166630374909673e+00 5.124069480302031465e-01 5.124069480302031465e-01 8.824374804690374718e-01
1.899064741637861431e+00 -1.827863147384867215e-01 -1.827863147384867215e-01 -9.466020330459414822e-01
2.498320121488548651e+00 1.490287051993426370e-01 1.490287051993426370e-01 -5.998171229737693233e-01
-4.311927168066827853e+00 -2.555005323007485396e-01 -2.555005323007485396e-01 -9.208810576043764407e-01
-2.783610902039332480e+00 3.831934642876566599e-01 3.831934642876566599e-01 3.503846447803105613e-01
2.112844269476283898e+00 7.779110515823182137e-01 7.779110515823182137e-01 -8.566539624143200138e-01
5.770906421337720360e+00 -2.187763763551171525e-01 -2.187763763551171525e-01 4.901648626335145531e-01
-3.455066990931168203e+00 -8.941830037662239494e-01 -8.941830037662239494e-01 -3.083655166875329812e-01
-6.575050296305589015e-01 7.506378592331808264e-01 7.506378592331808264e-01 6.111439385210887254e-01
5.478587947394800040e+00 -5.999955741910438789e-01 -5.999955741910438789e-01 7.205515101195807404e-01
1.502690952749883735e+00 1.911760271212896711e-01 1.911760271212896711e-01 -9.976817253001860619e-01
4.760249239661202836e+00 5.910425371671099715e-01 5.910425371671099715e-01 9.988549163938258424e-01
6.640644911661128802e-01 -3.730764108762740783e-02 -3.730764108762740783e-02 -6.163226952135522074e-01
-4.115257012717908225e+00 3.185681130007891326e-01 3.185681130007891326e-01 -8.269516311180790114e-01
5.921553186757057219e+00 1.336790215131877790e-01 1.336790215131877790e-01 3.538012597192788378e-01
-1.351237785853086848e+00 -4.642725490034658176e-01 -4.642725490034658176e-01 9.759936936769283422e-01
4.856706303273634617e+00 3.895004970756112961e-01 3.895004970756112961e-01 9.896043169605829304e-01
-1.404616187975095798e+00 3.092547110408294664e-02 3.092547110408294664e-02 9.862238279333261914e-01
-4.551415118534393400e+00 4.468622425677217791e-01 4.468622425677217791e-01 -9.870716613301241393e-01
3.821635626373375061e+00 -4.844624366220906531e-02 -4.844624366220906531e-02 6.288264379020367389e-01
-8.102725881102799121e-01 4.142949111164921927e-01 4.142949111164921927e-01 7.244750965338766502e-01
-3.923034610315149884e+00 5.739301166004553423e-01 5.739301166004553423e-01 -7.043037942595128387e-01
-9.348785366146339371e-01 -3.949861031346403317e-01 -3.949861031346403317e-01 8.045269449805187989e-01
4.279616817048509603e+00 4.566437037775168406e-01 4.566437037775168406e-01 9.078066245521549948e-01
-3.493980276908877691e+00 1.170024175764131646e+00 1.170024175764131646e+00 -3.451396961329187829e-01
4.262425674132183318e+00 -6.292185071826726928e-01 -6.292185071826726928e-01 9.004630622619553826e-01
-6.093423394115975888e+00 -5.251545004037287967e-01 -5.251545004037287967e-01 -1.886250872460789874e-01
-3.130457512863422664e-01 -7.697074152637493061e-01 -7.697074152637493061e-01 3.079577882018617596e-01
6.133805753432918451e+00 1.017055962819544357e+00 1.017055962819544357e+00 1.488246244388818362e-01
-2.329139109791697138e+00 -5.092671172881297892e-01 -5.092671172881297892e-01 7.259767072179709180e-01
5.846229335463300814e+00 8.462322325885602847e-01 8.462322325885602847e-01 4.231834062676411157e-01
-3.385578737436594210e+00 -5.611404076892526627e-01 -5.611404076892526627e-01 -2.415725623754058637e-01
-4.694327270194648349e+00 5.233644321873767158e-01 5.233644321873767158e-01 -9.998368917467487238e-01
-2.483120351867498243e-01 -5.683441765211599828e-01 -5.683441765211599828e-01 2.457681175014855279e-01
-2.613403132764454018e+00 7.539996211622745914e-01 7.539996211622745914e-01 5.039704192981374620e-01
5.061096433192847854e+00 1.572255119872698614e-01 1.572255119872698614e-01 9.398151396274160296e-01
-1.485030343288891608e+00 1.027498082830943682e+00 1.027498082830943682e+00 9.963243519777179591e-01
1.912892205657625411e+00 6.586732419309035969e-01 6.586732419309035969e-01 -9.420536468703277766e-01
-3.185129235888843446e+00 5.592328610408683343e-01 5.592328610408683343e-01 -4.352283014938640449e-02
2.700345561846084763e+00 4.930726886933864961e-01 4.930726886933864961e-01 -4.270674418843040665e-01
2.377311192222062886e+00 -7.025132255540622594e-02 -7.025132255540622594e-02 -6.920184787379034530e-01
-3.652122200311803901e+00 -9.000115763080044351e-01 -9.000115763080044351e-01 -4.886393374072198759e-01
1.874199377252715237e+00 6.302458120122880203e-01 6.302458120122880203e-01 -9.543252891397610016e-01
4.264489431586651946e+00 -5.649453097790098077e-01 -5.649453097790098077e-01 9.013587392213935345e-01
4.668275238292492801e+00 8.512331082701656282e-01 8.512331082701656282e-01 9.990271466608499074e-01
-4.669549259931944363e+00 6.592590220398113487e-01 6.592590220398113487e-01 -9.990825195051766805e-01
2.239820310905932033e+00 -4.190848373569666663e-02 -4.190848373569666663e-02 -7.844273846378141402e-01
2.399720675405017545e+00 6.894586910526157020e-02 6.894586910526157020e-02 -6.756691263988372498e-01
-1.662493342982779509e+00 6.407559656539787429e-01 6.407559656539787429e-01 9.957987736284328317e-01
-1.930173127089650720e+00 -2.842999036354172393e-01 -2.842999036354172393e-01 9.361161791212642136e-01
-5.711449299839884475e+00 -4.592695434156077727e-01 -4.592695434156077727e-01 -5.410927811218927408e-01
-3.117335756290607662e+00 7.691171798049243336e-01 7.691171798049243336e-01 2.425451858796544638e-02
-5.568503463890840166e+00 -1.075769956373439529e+00 -1.075769956373439529e+00 -6.553771455368717636e-01
2.316003067838112273e+00 4.380443468784225303e-01 4.380443468784225303e-01 -7.349477220734637051e-01
-4.359408417157099258e+00 4.825476814269800130e-01 4.825476814269800130e-01 -9.383465131884575205e-01
-1.360843974759727182e+00 -2.651535165997093157e-01 -2.651535165997093157e-01 9.780408463038952060e-01
6.208631941827130518e+00 -9.754106148304267920e-01 -9.754106148304267920e-01 7.448432073765463846e-02
-5.927631514102731813e+00 -8.004541855223485936e-01 -8.004541855223485936e-01 -3.481095740426055629e-01
5.362393098998355256e+00 -5.973779108018669737e-01 -5.973779108018669737e-01 7.960813060133030694e-01
3.073878100577811523e+00 8.910171901164207764e-01 8.910171901164207764e-01 -6.766281672828354521e-02
5.776850889108587239e+00 -4.100888196455182433e-01 -4.100888196455182433e-01 4.849748578603016447e-01
-2.830191637520425907e+00 -9.180847685435025163e-01 -9.180847685435025163e-01 3.063925712502512666e-01
4.956993417652197920e-01 5.217487224164500947e-01 5.217487224164500947e-01 -4.756469339276876429e-01
2.041341716300122400e-01 7.109775548315109273e-01 7.109775548315109273e-01 -2.027193849313987661e-01
-4.319533778228351828e+00 -1.842910474372916330e-01 -1.842910474372916330e-01 -9.238197765398135086e-01
2.214884420879878135e+00 7.061620740198275570e-01 7.061620740198275570e-01 -7.996476710245172814e-01
-9.535877207110825537e-01 -7.558862903190894933e-01 -7.558862903190894933e-01 8.154971817489026220e-01
2.939638285775076909e+00 -7.179918397096229921e-01 -7.179918397096229921e-01 -2.005843607377844062e-01
-2.641665061057443253e-01 4.065092045432423529e-01 4.065092045432423529e-01 2.611047785600256188e-01
-2.001967547408876058e+00 -8.114274745798268906e-01 -8.114274745798268906e-01 9.084768786690162745e-01
-5.619761177419686504e-01 4.675034027675339932e-01 4.675034027675339932e-01 5.328594355363538426e-01
-3.752585790370384977e+00 -9.762058102129372861e-01 -9.762058102129372861e-01 -5.736812000448443527e-01
3.032983638804344295e+00 2.946169213191589531e-01 2.946169213191589531e-01 -1.083956168451493396e-01
-3.543895352691781575e+00 -1.032406015540274780e-01 -1.032406015540274780e-01 -3.915382343281151312e-01
-7.438054414079671162e-01 -5.024581621982238122e-01 -5.024581621982238122e-01 6.770932213721265747e-01
-1.066869823086929792e+00 8.242004330632479725e-01 8.242004330632479725e-01 8.756933355467101388e-01
-5.981820085198156889e+00 1.303526250733360037e-01 1.303526250733360037e-01 -2.968241772309794801e-01
-1.941286375198211012e+00 3.777745081398771188e-01 3.777745081398771188e-01 9.321500246000695711e-01
6.383452701842253774e-01 9.601104554356918452e-01 9.601104554356918452e-01 -5.958673726029943829e-01
4.388846976008249356e-01 -1.120144764755393041e-02 -1.120144764755393041e-02 -4.249301286616460893e-01
5.478224646865230696e-01 -9.685714714389481728e-02 -9.685714714389481728e-02 -5.208295889432564829e-01
-4.147027740277341223e+00 -1.358272861652984886e-01 -1.358272861652984886e-01 -8.443951316536606466e-01
-1.724257817743482413e+00 -4.395281273129160171e-01 -4.395281273129160171e-01 9.882478765442512803e-01
4.626525872818273655e+00 -2.882439713709044060e-01 -2.882439713709044060e-01 9.963160275464422178e-01
7.289008087461645857e-01 -7.811768347021912362e-01 -7.811768347021912362e-01 -6.660501431199529199e-01
1.218978692283793741e+00 3.935793493115280484e-02 3.935793493115280484e-02 -9.387478985548449728e-01
4.441096400189612936e+00 -5.721036851335382645e-01 -5.721036851335382645e-01 9.634253195728923469e-01
2.406177366879166613e+00 -1.196825917786401572e+00 -1.196825917786401572e+00 -6.708951702567177433e-01
6.629673121358283794e-01 4.806046479779624292e-02 4.806046479779624292e-02 -6.154583028421763968e-01
4.127197256505887424e+00 1.022682318042448246e+00 1.022682318042448246e+00 8.336062007574200905e-01
-3.139218333500331859e+00 1.047006200321262126e+00 1.047006200321262126e+00 2.374317858631623621e-03
-1.739628493442268109e+00 1.150522427633097200e+00 1.150522427633097200e+00 9.857816715672712560e-01
-2.339617999288630124e+00 1.165672067327831352e+00 1.165672067327831352e+00 7.187304463273527233e-01
-5.760227732347197538e+00 -2.731758692979320280e-01 -2.731758692979320280e-01 -4.994446011012445008e-01
-5.195966224231653996e+00 1.178824645742777344e+00 1.178824645742777344e+00 -8.853373543018731029e-01
-2.199486599176996293e-01 -1.008162228173414832e+00 -1.008162228173414832e+00 2.181795201379207183e-01
-5.125425579322497427e+00 3.323002265708623337e-01 3.323002265708623337e-01 -9.159061796632107511e-01
-4.216332482430724227e+00 -9.007349765264633934e-01 -9.007349765264633934e-01 -8.794663488567519005e-01
-2.786176713672539051e-02 3.685097926677183278e-01 3.685097926677183278e-01 2.785816253017651262e-02
-6.229571714233295587e+00 -1.092790710341489113e+00 -1.092790710341489113e+00 -5.358791199717601733e-02
3.050326541343720166e+00 -7.528963411886555601e-01 -7.528963411886555601e-01 -9.113946477343010111e-02
5.999112784991918801e+00 -5.033951327203478598e-01 -5.033951327203478598e-01 2.802672656047831556e-01
-1.990785113512615112e+00 -9.062961452867822620e-01 -9.062961452867822620e-01 9.130935125879666714e-01
4.290405467758724001e+00 -4.954609327534589269e-01 -4.954609327534589269e-01 9.122783466431222399e-01
-2.878750243202121695e-01 -8.254671278588914252e-01 -8.254671278588914252e-01 2.839153360950291693e-01
1.511087300523220378e+00 8.371784796916428295e-01 8.371784796916428295e-01 -9.982179456288098329e-01
-4.927888449229151036e+00 9.322006190716483065e-01 9.322006190716483065e-01 -9.768697119550894259e-01
-4.766737690479049050e+00 1.156276744500728926e+00 1.156276744500728926e+00 -9.985234723543235935e-01
2.178501493403430800e+00 -3.387874838142790335e-01 -3.387874838142790335e-01 -8.209604938289751797e-01
-2.449042541051787314e+00 7.858779275096270389e-01 7.858779275096270389e-01 6.385018744999666485e-01
4.631394117965745849e+00 2.009032213667221178e-01 2.009032213667221178e-01 9.967217088971648264e-01
5.275621426725274787e+00 5.440812592085424448e-01 5.440812592085424448e-01 8.455336567645582724e-01
3.519236614716891864e-01 2.041932267662938116e-01 2.041932267662938116e-01 -3.447042069943093701e-01
-5.082257291372577868e+00 9.826899191654347998e-01 9.826899191654347998e-01 -9.323749583006881725e-01
-2.622825165795324320e+00 4.531465247058030776e-02 4.531465247058030776e-02 4.958101629815254707e-01
1.499510737917624681e+00 -6.949352225584682907e-01 -6.949352225584682907e-01 -9.974602581859773887e-01
-1.608742842710732646e+00 -1.126074520014749503e+00 -1.126074520014749503e+00 9.992801173533466530e-01
3.629574271861560675e+00 -1.925296111660321774e-01 -1.925296111660321774e-01 4.688440462275056952e-01
-7.612514722256902289e-01 -2.066299792122219259e-01 -2.066299792122219259e-01 6.898280175210248499e-01
-3.869533645946526601e+00 5.507981270865500711e-01 5.507981270865500711e-01 -6.653339026972618919e-01
5.338299587612301167e+00 1.077926476756369878e+00 1.077926476756369878e+00 8.104299895457296454e-01
-5.187028730623382877e+00 4.223065199160154215e-01 4.223065199160154215e-01 -8.894574199798818137e-01
-5.701410062332593398e+00 3.392855883699938957e-01 3.392855883699938957e-01 -5.495079984739611456e-01
-2.223136145762094174e+00 1.085464190969922305e+00 1.085464190969922305e+00 7.946655940302820298e-01
-6.057273990641066419e+00 -2.756991484860438213e-02 -2.756991484860438213e-02 -2.239946153555389396e-01
4.776788993978442477e+00 -8.257573786146127359e-01 -8.257573786146127359e-01 9.979270357175523687e-01
-2.281250078398535663e-01 -5.342009862468951598e-01 -5.342009862468951598e-01 2.261515070093715329e-01
-1.075444333478577263e+00 -3.887661244870282973e-01 -3.887661244870282973e-01 8.798014473596188489e-01
-3.707836217463311268e+00 -1.013699004238143297e+00 -1.013699004238143297e+00 -5.364657016148113300e-01
5.076970451061814771e+00 4.524994900765524353e-01 4.524994900765524353e-01 9.342730730930987049e-01
-5.317283881354581965e-01 -1.319980981558781519e-01 -1.319980981558781519e-01 5.070238508700871671e-01
-9.880138161065046276e-01 8.275550937958764397e-01 8.275550937958764397e-01 8.349345313234789456e-01
-4.056256286200309091e+00 5.228643632649216944e-01 5.228643632649216944e-01 -7.923574283782699457e-01
-1.318705007663416140e+00 8.519380966792213794e-01 8.519380966792213794e-01 9.683929026300813758e-01
-4.307190652783663865e+00 -9.961158162358180190e-01 -9.961158162358180190e-01 -9.190242342948714560e-01
5.377606742820889352e+00 6.378831405763363271e-02 6.378831405763363271e-02 7.867823941714834346e-01
4.169032818117488048e+00 -1.111379274088043045e+00 -1.111379274088043045e+00 8.559783302519788917e-01
-5.025237013061635061e+00 -9.763012865362300507e-01 -9.763012865362300507e-01 -9.514608917709436176e-01
-2.238836523916390320e+00 -6.227513627452516687e-01 -6.227513627452516687e-01 7.850371699653481139e-01
2.282200920427143842e+00 2.803102601204119360e-01 2.803102601204119360e-01 -7.574455666478904226e-01
-5.636429356016788184e+00 -9.164110333251799245e-01 -9.164110333251799245e-01 -6.026006911011914102e-01
5.062162703998499325e+00 5.024160443326100012e-01 5.024160443326100012e-01 9.394502784750080604e-01
-3.815394198904078937e+00 -7.549561443722527798e-01 -7.549561443722527798e-01 -6.239612262799563158e-01
5.852865745623342164e+00 7.030678798050367106e-01 7.030678798050367106e-01 4.171612516484686783e-01
-5.255372517627019846e+00 -4.549415959325059378e-01 -4.549415959325059378e-01 -8.561709223191229512e-01
2.255686192161077130e+00 1.147855863762459849e+00 1.147855863762459849e+00 -7.744887216055376111e-01
-1.407794697016307772e+00 6.293721586302107873e-01 6.293721586302107873e-01 9.867446224728501081e-01
4.556629913143087407e+00 1.131901523805454390e+00 1.131901523805454390e+00 9.878940612716174963e-01
-2.614669829431888193e+00 9.128000456439193666e-01 9.128000456439193666e-01 5.028759428725829705e-01
-1.731944794609210803e+00 -5.705944631753524510e-01 -5.705944631753524510e-01 9.870436605176983180e-01
-3.311897534129918608e+00 -1.115603062236308229e+00 -1.115603062236308229e+00 -1.694828268154846551e-01
4.353054796375008806e-01 -2.584269579230638048e-01 -2.584269579230638048e-01 -4.216874120315738939e-01
-5.601262241018645227e-01 -1.282540819264059717e-01 -1.282540819264059717e-01 5.312931377044688430e-01
-2.790016936491930277e+00 -9.139619983946589699e-02 -9.139619983946589699e-02 3.443775668001136658e-01
-4.462358983217221464e+00 3.949684588682182973e-01 3.949684588682182973e-01 -9.689049998567195177e-01
4.024897991726373192e+00 2.978672394904555709e-01 2.978672394904555709e-01 7.728406647823253817e-01
4.344833588907688338e+00 4.275001196963061911e-01 4.275001196963061911e-01 9.332085670481889972e-01
-5.124352196749851984e+00 -8.564828913716162617e-01 -8.564828913716162617e-01 -9.163364995718384920e-01
9.147547472257171464e-01 7.079751094722086524e-01 7.079751094722086524e-01 -7.924130102101044626e-01
4.693628664164466002e+00 -5.127715428759012095e-01 -5.127715428759012095e-01 9.998240304287824287e-01
-8.554516723163816394e-01 6.166580461367441313e-01 6.166580461367441313e-01 7.548672348896490192e-01
-2.961572776582999111e+00 -4.708039257187973670e-01 -4.708039257187973670e-01 1.790491292582219174e-01
4.061645326269394118e-01 -1.863708377798194427e-01 -1.863708377798194427e-01 -3.950888176863308066e-01
4.530602769136185870e+00 -6.025397454964555033e-01 -6.025397454964555033e-01 9.835223388191646210e-01
9.672950633647978691e-01 1.196511858028344255e+00 1.196511858028344255e+00 -8.233535980799387977e-01
4.364912540764152027e-01 7.538981423802944004e-01 7.538981423802944004e-01 -4.227623059384653104e-01
-5.902281517028816538e+00 -8.469289333282706833e-01 -8.469289333282706833e-01 -3.717596357590167711e-01
-1.101030622934395353e+00 1.051955700946300754e+00 1.051955700946300754e+00 8.916743732314761361e-01
1.370079265431455084e+00 -3.145116600422382946e-01 -3.145116600422382946e-01 -9.799238677884007931e-01
2.427042661206940011e+00 -4.905936559174844946e-01 -4.905936559174844946e-01 -6.552775526148979512e-01
-2.579957586088634347e+00 -8.636426286470597624e-01 -8.636426286470597624e-01 5.325708065522506418e-01
4.395160835207816419e-01 8.300880332041919996e-01 8.300880332041919996e-01 -4.255015909714351952e-01
-6.809693778188492530e-01 -3.511088581628400984e-01 -3.511088581628400984e-01 6.295464902102269056e-01
4.970883347475837155e+00 -1.128367746576182107e-01 -1.128367746576182107e-01 9.667759515581949570e-01
5.610761081553663487e-01 9.931752003198368595e-01 9.931752003198368595e-01 -5.320976283204479351e-01
2.519705327034651887e+00 -1.042089344325126676e+00 -1.042089344325126676e+00 -5.825701792255602030e-01
-7.997604673420530830e-01 -3.850389050735022467e-01 -3.850389050735022467e-01 7.171891863117457744e-01
-4.146480773422716481e+00 6.266984414632175149e-01 6.266984414632175149e-01 -8.441019837933917414e-01
3.654981458996802601e+00 -2.907019351229467308e-01 -2.907019351229467308e-01 4.911319994170066927e-01
1.761511319420616672e+00 -9.621644228290926470e-01 -9.621644228290926470e-01 -9.818689514041963884e-01
-2.821043697482722656e+00 -1.012465706721824121e+00 -1.012465706721824121e+00 3.150876017719930200e-01
-4.112447834117089585e+00 -7.391148816722257209e-01 -7.391148816722257209e-01 -8.253688447973068776e-01
7.033350759792611484e-02 -5.313466229926030460e-01 -5.313466229926030460e-01 -7.027553427949102816e-02
9.155946968940327224e-01 -2.378766290569938047e-01 -2.378766290569938047e-01 -7.929250872641190329e-01
-4.596550043560584164e+00 1.802551757390102871e-02 1.802551757390102871e-02 -9.932981695201184014e-01
-2.575188024804315745e-01 6.811640228376092399e-01 6.811640228376092399e-01 2.546819585983730039e-01
2.609867061379976150e+00 8.998891071534809161e-01 8.998891071534809161e-01 -5.070214409702575864e-01
1.316055836037115512e-01 1.132853565177778021e+00 1.132853565177778021e+00 -1.312260103624823537e-01
2.889935273864370657e+00 -7.861108287434546149e-01 -7.861108287434546149e-01 -2.490094745249622488e-01
2.486944390009606209e+00 9.614246542698594578e-01 9.614246542698594578e-01 -6.088802618140596312e-01
1.298109392601603851e+00 9.190384391129626795e-01 9.190384391129626795e-01 -9.630507283851057476e-01
3.154502178087390973e+00 -4.921475454326741383e-01 -4.921475454326741383e-01 1.290916592601456560e-02
-1.684640295086346384e+00 1.060448213667432027e+00 1.060448213667432027e+00 9.935267713039582782e-01
-5.358002993780151435e+00 4.418784480060760078e-01 4.418784480060760078e-01 -7.987304724362925823e-01
7.106966650798796081e-03 -3.949590759967065434e-01 -3.949590759967065434e-01 -7.106906823349768212e-03
-1.079112952642758749e+00 -3.465999671880206634e-01 -3.465999671880206634e-01 8.815393693743870385e-01
4.203918233586001918e+00 1.921965167403927310e-01 1.921965167403927310e-01 8.734900334657199616e-01
4.376915857126560283e+00 9.904907577851582712e-01 9.904907577851582712e-01 9.442546555965704025e-01
1.553678636133007274e+00 4.472863662237944737e-01 4.472863662237944737e-01 -9.998534959105830344e-01
-2.062702839073722316e-01 3.197245924755363067e-01 3.197245924755363067e-01 2.048106807431554210e-01
4.233762799551675116e+00 -8.890978645586145035e-02 -8.890978645586145035e-02 8.876284866142890584e-01
-2.885339263187229886e+00 -4.938938315339264085e-01 -4.938938315339264085e-01 2.534580700673761955e-01
4.134349484637265704e+00 7.797502295328035959e-01 7.797502295328035959e-01 8.375354449817675739e-01
4.828520228440256190e+00 2.252176457637244944e-02 2.252176457637244944e-02 9.932643417391806562e-01
-3.814358931088430715e+00 -7.242038157870478443e-01 -7.242038157870478443e-01 -6.231518765271748528e-01
-1.915514606396204300e+00 7.680056109130097841e-01 7.680056109130097841e-01 9.411706921631262102e-01
-1.971740651717511561e+00 1.470939339324854878e-01 1.470939339324854878e-01 9.206928459337372361e-01
-1.992063408110733569e+00 3.712969325352837302e-01 3.712969325352837302e-01 9.125715418193560691e-01
5.526432630286688408e-01 -3.799270302365193031e-01 -3.799270302365193031e-01 -5.249388468919659045e-01
5.932563004482723557e+00 5.771493972760370905e-01 5.771493972760370905e-01 3.434823151948740994e-01
-4.832001772008123197e-01 -8.011847216556355900e-01 -8.011847216556355900e-01 4.646153470564036714e-01
-5.241797371779954418e+00 -9.593591768506274375e-01 -9.593591768506274375e-01 -8.631059973803995033e-01
2.842110837612677798e+00 1.014390486697729132e+00 1.014390486697729132e+00 -2.950251269025940815e-01
9.226390152565722147e-01 1.352670444715831088e-01 1.352670444715831088e-01 -7.971976163737835019e-01
-6.003811181245569450e+00 -4.843149627303611204e-02 -4.843149627303611204e-02 -2.757540948017858096e-01
-1.588387685553555251e+00 -8.565779511730874374e-01 -8.565779511730874374e-01 9.998452760385940774e-01
2.014714758900590041e+00 9.381857558860307034e-01 9.381857558860307034e-01 -9.030757067965351492e-01
3.457068465452639572e-02 -1.154581581051705497e+00 -1.154581581051705497e+00 -3.456379897605368207e-02
4.575662713792089775e+00 -1.475421852364875441e-01 -1.475421852364875441e-01 9.906675161215552361e-01
2.848667431702805786e+00 -2.204590359574798430e-01 -2.204590359574798430e-01 -2.887540736302149358e-01
4.874829175839208162e-01 1.873141642216686886e-01 1.873141642216686886e-01 -4.684034951204385511e-01
4.740186281572373872e+00 3.582374222456459201e-01 3.582374222456459201e-01 9.996136798997733441e-01
3.099760349257032033e+00 6.199496268747806127e-02 6.199496268747806127e-02 -4.182010471804676471e-02
3.388176878769764144e-01 -1.073302733001243459e+00 -1.073302733001243459e+00 -3.323722290459740214e-01
-5.907749768726764827e+00 6.013762053095519367e-01 6.013762053095519367e-01 -3.666777661834179636e-01
-3.514357305135169973e+00 -1.148757366486486298e+00 -1.148757366486486298e+00 -3.641916069518757459e-01
1.679691012931931127e+00 -3.680118279340984788e-01 -3.680118279340984788e-01 -9.940768302424259906e-01
1.492087907216578024e+00 1.651705782815398038e-01 1.651705782815398038e-01 -9.969040911058448806e-01
8.427831286716704895e-01 -8.132975402157645028e-01 -8.132975402157645028e-01 -7.464978685721720408e-01
3.100704487193143066e+00 -6.107252197822209405e-01 -6.107252197822209405e-01 -4.087677425563986805e-02
-5.226596307262273200e+00 -6.028657991255070847e-01 -6.028657991255070847e-01 -8.706828679780702629e-01
6.115697566357010118e-01 -2.854391278308766600e-01 -2.854391278308766600e-01 -5.741534016755299730e-01
6.269845366619982485e+00 -1.040479891684691349e-01 -1.040479891684691349e-01 1.333954491379586542e-02
1.927818257394084966e+00 1.103132574290035306e+00 1.103132574290035306e+00 -9.369417690586587799e-01
4.059505885936033565e+00 9.614828154806784877e-01 9.614828154806784877e-01 7.943356827845282631e-01
-2.720304051174704973e+00 -6.651090413561489001e-02 -6.651090413561489001e-02 4.089367228053299996e-01
5.353393795263295729e+00 -3.776641931478197378e-01 -3.776641931478197378e-01 8.014952822012172406e-01
6.230234461135406576e+00 1.006702984392259692e+00 1.006702984392259692e+00 5.292610565217083923e-02
-5.441622706209555460e+00 -2.253540422469261228e-01 -2.253540422469261228e-01 -7.456851885000533864e-01
-5.421761628717317372e+00 -4.359633797999552529e-01 -4.359633797999552529e-01 -7.587706557325042400e-01
-3.782778817358023016e+00 -1.332778452806500091e-01 -1.332778452806500091e-01 -5.981464379436294276e-01
-4.980240681293208738e-01 3.754471084003512260e-01 3.754471084003512260e-01 4.776905604675036887e-01
2.847927475726814706e+00 -1.018738187840178888e+00 -1.018738187840178888e+00 -2.894624308097411003e-01
-4.530589736183935123e+00 -3.057733002460454319e-01 -3.057733002460454319e-01 -9.835199825519942429e-01
3.839608444856354552e+00 1.613097546116657455e-01 1.613097546116657455e-01 6.426988135165484506e-01
-2.627568544526135419e+00 6.759631152016920552e-02 6.759631152016920552e-02 4.916853038552680411e-01
1.763697632606753274e-01 1.504225374028913542e-01 1.504225374028913542e-01 -1.754568160713133596e-01
2.156015318169703932e+00 8.674099310508298633e-01 8.674099310508298633e-01 -8.335911389948420513e-01
1.667001622557762630e+00 8.613432895898032182e-01 8.613432895898032182e-01 -9.953758387459196166e-01
3.608546085108891077e+00 -1.056886047216228475e+00 -1.056886047216228475e+00 4.501679639870790339e-01
4.611276089626962005e+00 1.783691732703918120e-02 1.783691732703918120e-02 9.948924454451407717e-01
-5.666725251938867558e+00 1.461349019539954774e-01 1.461349019539954774e-01 -5.781504412445074292e-01
-1.322587002997065220e+00 1.179450957621340335e+00 1.179450957621340335e+00 9.693538884373200659e-01
-1.669921262724463062e-01 -7.838853518842314738e-01 -7.838853518842314738e-01 1.662170736889485578e-01
5.636364642485240495e+00 -4.177402436031704136e-01 -4.177402436031704136e-01 6.026523340111822336e-01
-1.010552883307217265e+00 -1.189155916361602561e+00 -1.189155916361602561e+00 8.471257720878910824e-01
3.571996696999473642e+00 9.988313417526561988e-01 9.988313417526561988e-01 4.172380300126962149e-01
1.648860033933337021e+00 1.127079291224185598e+00 1.127079291224185598e+00 -9.969545758385244261e-01
2.109185617132114388e-01 3.702792642539671775e-01 3.702792642539671775e-01 -2.093581935277666339e-01
1.214712816629887726e+00 -6.120563338018513155e-01 -6.120563338018513155e-01 -9.372693208032959467e-01
5.599666716977216296e+00 -1.176540328407255087e+00 -1.176540328407255087e+00 6.315250857481110591e-01
-1.039654862557470416e+00 5.815318279511410005e-01 5.815318279511410005e-01 8.622294603171366534e-01
3.580759307578391670e-01 1.051188085128965666e+00 1.051188085128965666e+00 -3.504728520269969616e-01
-2.967087599800853681e+00 -1.093253998428523444e+00 -1.093253998428523444e+00 1.736207296183463200e-01
2.538659816739802011e+00 2.747660878048154842e-01 2.747660878048154842e-01 -5.670606162365378067e-01
-4.297275832658947969e+00 1.178573836558589383e+00 1.178573836558589383e+00 -9.150706946132177722e-01
-1.832623070313252889e+00 1.139339232874099883e+00 1.139339232874099883e+00 9.659187457465276960e-01
1.025092741718403033e-01 -8.047496268164343602e-01 -8.047496268164343602e-01 -1.023298379812977443e-01
7.646965914810177622e-02 -4.729297267760644852e-01 -4.729297267760644852e-01 -7.639515349385243848e-02
2.412460563816679837e+00 8.540267515057038406e-01 8.540267515057038406e-01 -6.662226394344676894e-01
4.676945637617189178e+00 -1.165742761925028237e-01 -1.165742761925028237e-01 9.993719504787788033e-01
5.681271775142629821e+00 -1.157633724784560503e+00 -1.157633724784560503e+00 5.662207448231114659e-01
-1.497394794015463049e+00 9.806393258269048285e-01 9.806393258269048285e-01 9.973073167850898813e-01
2.092058563652141601e+00 -2.637495228227054733e-01 -2.637495228227054733e-01 -8.671913080977317057e-01
3.756896435798205758e+00 3.400275320958421332e-01 3.400275320958421332e-01 5.772066169011395020e-01
-4.456414591783923740e-01 7.891409559974369436e-01 7.891409559974369436e-01 4.310367795968134130e-01
5.092708946478856191e+00 6.707556333770443580e-01 6.707556333770443580e-01 9.285459060671373832e-01
-1.035947586545409749e+00 -9.525462875253251083e-01 -9.525462875253251083e-01 8.603457378616237161e-01
5.735913725957333398e+00 8.432737892703177085e-01 8.432737892703177085e-01 5.203592423911630460e-01
-5.352798919654728316e+00 -1.155505958956130952e+00 -1.155505958956130952e+00 -8.018508766316696512e-01
-4.857604905336645018e+00 2.637672401561801383e-01 2.637672401561801383e-01 -9.894746832845379148e-01
-1.511467349209311806e+00 1.017128751360443450e+00 1.017128751360443450e+00 9.982405523941809689e-01
4.410436901590324865e+00 -5.035192417808473930e-01 -5.035192417808473930e-01 9.547577905556678957e-01
-4.351228867945724943e+00 2.078705227268051736e-02 2.078705227268051736e-02 -9.354875162562695801e-01
2.121047260060908712e+00 4.785108055511508862e-01 4.785108055511508862e-01 -8.523933356067533440e-01
2.758198959407812012e+00 1.799826631488878892e-01 1.799826631488878892e-01 -3.740699311609823052e-01
-1.370261986813201993e+00 -7.122867017331152573e-01 -7.122867017331152573e-01 9.799602809657957936e-01
-2.160589584686844589e+00 -5.105968565389948921e-01 -5.105968565389948921e-01 8.310556845919016000e-01
3.522539219526654719e+00 1.138310553641837197e+00 1.138310553641837197e+00 3.717993454225584360e-01
-2.649562416668107545e-01 -7.848787041443190393e-01 -7.848787041443190393e-01 2.618670370595750363e-01
-2.188971810125273088e+00 2.400293223792320241e-01 2.400293223792320241e-01 8.149372097666304215e-01
1.141815838718714282e+00 -8.425048514877697681e-01 -8.425048514877697681e-01 -9.093902819634949175e-01
-1.105447334958453709e-01 -4.907397743081269859e-01 -4.907397743081269859e-01 1.103197257028455253e-01
2.014980484804857142e+00 -6.767726619389264897e-01 -6.767726619389264897e-01 -9.029615505828878508e-01
3.614316890395379289e+00 -6.860569862881736869e-01 -6.860569862881736869e-01 4.553134449811173656e-01
-5.788554768059130495e+00 6.398796350933917410e-01 6.398796350933917410e-01 -4.747065048436114321e-01
-6.030398138588308754e-01 -3.555237402664800372e-01 -3.555237402664800372e-01 5.671487273931475892e-01
-2.433307616616286140e+00 5.961193066780070549e-01 5.961193066780070549e-01 6.505322505277001399e-01
-5.371342590735191713e+00 4.483198751017458683e-01 4.483198751017458683e-01 -7.906333580145552542e-01
-2.616409163670769367e+00 -1.182498905682340729e+00 -1.182498905682340729e+00 5.013717744553271016e-01
-2.632844445728279137e+00 -1.155945339681934803e+00 -1.155945339681934803e+00 4.870843699718402919e-01
1.360636997797950443e-01 4.921310153942377585e-01 4.921310153942377585e-01 -1.356442561948033587e-01
4.599490428868078240e+00 -4.890174648563877513e-01 -4.890174648563877513e-01 9.936337249335787103e-01
-5.702358167016177148e-01 4.959260705996042518e-01 4.959260705996042518e-01 5.398305680388419958e-01
-5.535193320093378944e-01 4.023495045612588417e-01 4.023495045612588417e-01 5.256843026567019628e-01
3.577593529237956815e+00 1.101061758855964134e+00 1.101061758855964134e+00 4.223178542821402481e-01
-7.957561019424277404e-01 1.017812528340025002e+00 1.017812528340025002e+00 7.143928875020575386e-01
-5.282742227651905154e+00 -2.057720582645513607e-01 -2.057720582645513607e-01 -8.417102990919860250e-01
5.981534889533355326e+00 -1.558031000315804881e-01 -1.558031000315804881e-01 2.970965076648258152e-01
-5.402043801114289501e+00 -7.007036522212863883e-01 -7.007036522212863883e-01 -7.714656884863948516e-01
2.899163791549074887e+00 -8.495490225593280709e-01 -8.495490225593280709e-01 -2.400611688956602874e-01
1.322115638676174321e+00 -4.340627339025481257e-01 -4.340627339025481257e-01 -9.692379813623462903e-01
4.930958221769165206e+00 -3.464359911755813259e-01 -3.464359911755813259e-01 9.762086842723329827e-01
8.272986472004291159e-01 4.293189738317499948e-01 4.293189738317499948e-01 -7.361056033491668593e-01
-3.229831449942986765e+00 -6.700310653199196276e-01 -6.700310653199196276e-01 -8.812433512506666344e-02
3.518624265624129777e+00 3.159106503215007855e-01 3.159106503215007855e-01 3.681622023832751278e-01
-1.598297833374782151e+00 4.434863112702283061e-01 4.434863112702283061e-01 9.996218574022923686e-01
-3.647936510156201795e+00 3.659008311187450513e-01 3.659008311187450513e-01 -4.849831120681002972e-01
-2.610578346007940365e+00 -6.068534300983580154e-01 -6.068534300983580154e-01 5.064082327567330788e-01
2.615662681590997352e+00 -8.221306468039875082e-01 -8.221306468039875082e-01 -5.020175148569041568e-01
-4.999728837398230041e+00 -5.081286681934984450e-01 -5.081286681934984450e-01 -9.590011579839834432e-01
-7.482806524567537920e-01 -5.408279971981718726e-01 -5.408279971981718726e-01 6.803797256690379269e-01
-3.560841178500543602e+00 -5.841389811937568455e-01 -5.841389811937568455e-01 -4.070741743970593407e-01
8.822627450497124713e-01 -3.664255875481977620e-01 -3.664255875481977620e-01 -7.721786151696299338e-01
-3.678894493308657143e+00 -8.183939795845478482e-01 -8.183939795845478482e-01 -5.118198874926492836e-01
5.039297461077257623e+00 -4.017707077633980717e-01 -4.017707077633980717e-01 9.470396063190618108e-01
-2.627974351381278328e+00 -4.074491545161788020e-01 -4.074491545161788020e-01 4.913318977400671916e-01
2.603508213857644193e+00 1.114324109195985457e-02 1.114324109195985457e-02 -5.124920567088967482e-01
-3.861055476018401045e+00 -4.368563420390603191e-02 -4.368563420390603191e-02 -6.589807236792236678e-01
1.189818427230397546e+00 9.708615702349752130e-01 9.708615702349752130e-01 -9.283014686336357180e-01
1.402329495756386102e+00 5.056424222359614529e-01 5.056424222359614529e-01 -9.858429935733323823e-01
1.612446542071919175e+00 -3.692507443940895584e-02 -3.692507443940895584e-02 -9.991327551649539229e-01
-3.476826063196933436e+00 3.565819105920069454e-01 3.565819105920069454e-01 -3.289895953555725949e-01
5.926333131874722326e+00 -8.755388324483581730e-01 -8.755388324483581730e-01 3.493264537006255388e-01
-3.701922788850079638e+00 1.147827873705247415e+00 1.147827873705247415e+00 -5.314658777556028335e-01
-3.648632284712589158e+00 -6.654790551059156511e-01 -6.654790551059156511e-01 -4.855914658400892203e-01
1.537025912920937820e+00 7.773966304208836942e-01 7.773966304208836942e-01 -9.994298337632199214e-01
5.926605707818536573e+00 7.388596244134590929e-01 7.388596244134590929e-01 3.490710367722842378e-01
2.961810446467346480e+00 2.931370653225200407e-01 2.931370653225200407e-01 -1.788152950325823387e-01
-1.180396595953210337e-01 2.087463535045803731e-01 2.087463535045803731e-01 1.177657356294757041e-01
-1.248986503366920076e-01 9.783423927638217332e-01 9.783423927638217332e-01 1.245741738455770631e-01
3.083358145405783901e+00 -4.144735114941102694e-01 -4.144735114941102694e-01 -5.820159905826153418e-02
-6.199063278023996482e+00 3.806843080100128507e-01 3.806843080100128507e-01 -8.402284910996206391e-02
-4.311135788783460043e-01 -9.400829180075136460e-01 -9.400829180075136460e-01 4.178827488080468222e-01
2.957170954586926470e+00 7.547420705330336599e-01 7.547420705330336599e-01 -1.833780697870603660e-01
3.455347470824809974e+00 -4.108434979019196520e-01 -4.108434979019196520e-01 3.086323160874016036e-01
5.035481268790782394e+00 -4.234409052089507242e-01 -4.234409052089507242e-01 9.482581506959245621e-01
5.196644278029561193e+00 -6.413566551472742461e-01 -6.413566551472742461e-01 8.850218902274877841e-01
-2.820490933160026970e+00 3.699604619457461663e-01 3.699604619457461663e-01 3.156121615487912369e-01
1.890947969198228051e+00 3.681677952382216290e-01 3.681677952382216290e-01 -9.491877055393312945e-01
-4.099169645061258471e+00 2.963632745175404093e-01 2.963632745175404093e-01 -8.177995211196995573e-01
-5.557710035077812805e+00 -6.276473303084952882e-01 -6.276473303084952882e-01 -6.634911086477117692e-01
2.449982782228822487e+00 6.045194246642222602e-01 6.045194246642222602e-01 -6.377779637054558082e-01
5.426929652468103882e+00 5.643516902123240087e-01 5.643516902123240087e-01 7.553943049274618460e-01
3.026150073304625820e+00 -9.403816725435307777e-01 -9.403816725435307777e-01 -1.151863340881002090e-01
4.240677997350960737e+00 -2.004242503867893488e-01 -2.004242503867893488e-01 8.907921028066656532e-01
-5.333589862172275708e+00 1.023223801956114398e+00 1.023223801956114398e+00 -8.131801154340687621e-01
-5.224824852292666577e+00 1.187701020096577187e+00 1.187701020096577187e+00 -8.715527823786590744e-01
4.487029126517938948e+00 1.431910063019632418e-01 1.431910063019632418e-01 9.747137582681802970e-01
2.814102221232056777e+00 -9.947702369268146549e-01 -9.947702369268146549e-01 -3.216678532338044239e-01
-2.716042773787056053e+00 3.064182950639229297e-01 3.064182950639229297e-01 4.128216811806799114e-01
-1.126949541756375517e+00 3.483658646489340427e-01 3.483658646489340427e-01 9.031064755609139461e-01
7.268484567903605864e-01 -6.717042195284572692e-01 -6.717042195284572692e-01 -6.645178778167867284e-01
