4.655627777612510343e+00 -1.195970954617815885e+00 -1.195970954617815885e+00 9.983895153924491339e-01
3.979269464882705165e+00 9.196237968591878253e-01 9.196237968591878253e-01 7.430904697711514517e-01
-4.295861872368596401e+00 1.977022894279483189e-01 1.977022894279483189e-01 -9.144995391068762025e-01
1.049288725790240129e+00 1.089002442075080568e+00 1.089002442075080568e+00 -8.670690967505022551e-01
-5.300923531930464172e+00 8.870416419916444806e-01 8.870416419916444806e-01 -8.317551049706918276e-01
-2.950203729929356644e+00 -4.074367656948189031e-01 -4.074367656948189031e-01 1.902226412901144859e-01
-2.568426652119985665e+00 1.206140325087758924e-01 1.206140325087758924e-01 5.422947994895840340e-01
3.787523334880553705e+00 6.551820361964251216e-01 6.551820361964251216e-01 6.019418852399183173e-01
5.795750118899091419e+00 -1.352011676357638414e-01 -1.352011676357638414e-01 4.683613250473286360e-01
-4.699246402360824248e+00 -1.108900048495995438e+00 -1.108900048495995438e+00 -9.999136375645503172e-01
1.054709516277233305e+00 -1.157954736807917939e-01 -1.157954736807917939e-01 -8.697569163730306530e-01
4.930205341746491499e+00 8.858979465357663674e-01 8.858979465357663674e-01 9.763716569147570246e-01
5.928009635837979019e+00 1.186186207315853336e+00 1.186186207315853336e+00 3.477550774881891238e-01
1.339611398882554205e+00 -1.077696964279646785e+00 -1.077696964279646785e+00 -9.733955745974708362e-01
3.127959639126416391e+00 1.786437510408880325e-01 1.786437510408880325e-01 -1.363259216403934528e-02
1.618396593627905666e+00 -3.225653758620599110e-01 -3.225653758620599110e-01 -9.988673211902036053e-01
-3.027268885387974340e+00 2.806035538068032409e-01 2.806035538068032409e-01 1.140748970673380880e-01
8.944566874637711607e-01 4.441015497126430400e-01 4.441015497126430400e-01 -7.798691138181020888e-01
-2.397276827479665418e+00 1.160298005914430997e+00 1.160298005914430997e+00 6.774687238681487145e-01
-1.173481290848215508e+00 2.486311019691718194e-01 2.486311019691718194e-01 9.221032470203438525e-01
3.801287969902510611e+00 6.307649032700393121e-01 6.307649032700393121e-01 6.128761257726632605e-01
-6.121731647861130554e+00 -1.191637633914200078e+00 -1.191637633914200078e+00 -1.607531299190912977e-01
-5.338564946337394090e+00 9.132639730699299019e-01 9.132639730699299019e-01 -8.102745044530736962e-01
2.757060240462550382e+00 1.067526175347216055e+00 1.067526175347216055e+00 -3.751257369268312103e-01
4.152402607884416952e+00 9.857791914480136253e-01 9.857791914480136253e-01 8.472623496745117500e-01
3.198740137873391731e+00 -5.461045347932560468e-01 -5.461045347932560468e-01 5.711638365383472221e-02
-9.344688266713356839e-01 2.472648977000602155e-01 2.472648977000602155e-01 8.042835441097990756e-01
5.573689052934806654e+00 -8.026648373524553071e-01 -8.026648373524553071e-01 6.514516667571452757e-01
6.050314595984778165e+00 -7.805820227374627995e-01 -7.805820227374627995e-01 2.307716953374822078e-01
-7.769926110072349346e-01 -2.306648563541079389e-01 -2.306648563541079389e-01 7.011382485104228346e-01
4.397978794590335028e+00 9.786498853535330333e-02 9.786498853535330333e-02 9.509789476774348493e-01
1.735854029214605632e+00 1.214525759124676085e-01 1.214525759124676085e-01 -9.864088759472378065e-01
-4.879616872373502723e+00 -1.671402779668744731e-01 -1.671402779668744731e-01 -9.860499711526319322e-01
-1.557827607322574082e+00 -1.088539959188100648e+00 -1.088539959188100648e+00 9.999159073362465788e-01
-1.510749314425845924e+00 -1.875017533731937469e-02 -1.875017533731937469e-02 9.981977197821099157e-01
-3.672033643849045959e+00 -9.169080257103516818e-01 -9.169080257103516818e-01 -5.059137815500833746e-01
-3.515165390985976135e+00 9.215854151369955449e-01 9.215854151369955449e-01 -3.649440777427342963e-01
1.109215562998548066e+00 -8.440509359841765757e-01 -8.440509359841765757e-01 -8.953496011887348560e-01
-6.007580987481020429e+00 -2.948043811928887648e-01 -2.948043811928887648e-01 -2.721284998412537015e-01
-3.828412344838760806e+00 7.815459649487341842e-01 7.815459649487341842e-01 -6.340811668244362709e-01
-2.110545198302109071e+00 -9.178605436288065356e-01 -9.178605436288065356e-01 8.578377685132169139e-01
5.974796658745470168e+00 -7.159929213707008078e-01 -7.159929213707008078e-01 3.035236968831739324e-01
-5.683287167842056675e+00 1.047990443261320737e+00 1.047990443261320737e+00 -5.645584012334351476e-01
3.455916915848693094e+00 -1.069445201988422633e+00 -1.069445201988422633e+00 3.091739115447375563e-01
-3.811821923032105985e-01 2.575554661910586240e-01 2.575554661910586240e-01 3.720180701464680384e-01
-1.499456320470183179e+00 -1.166349929766006266e+00 -1.166349929766006266e+00 9.974563808139190746e-01
-6.709458222338513522e-01 1.076586539813477961e+00 1.076586539813477961e+00 6.217270651242828849e-01
3.359385211974565522e+00 -4.184465074594321266e-01 -4.184465074594321266e-01 2.160748564942763517e-01
1.670140282281123767e+00 -8.241550122977344683e-01 -8.241550122977344683e-01 -9.950694463165052905e-01
-3.096501929995795876e+00 6.572711501002661549e-01 6.572711501002661549e-01 4.507544560426443581e-02
-4.293804837592237966e+00 -3.194713352590973221e-01 -3.194713352590973221e-01 -9.136653554833702451e-01
3.919481043077871263e+00 6.696324838846408056e-01 6.696324838846408056e-01 7.017766798907209003e-01
5.367365851876812144e+00 5.256060565518170247e-01 5.256060565518170247e-01 7.930620168339046483e-01
6.102536225014279836e+00 -5.966801322411876551e-01 -5.966801322411876551e-01 1.796681310621577599e-01
-2.052610520494818402e+00 2.420658382282070420e-02 2.420658382282070420e-02 8.861557066855594300e-01
1.256551192129173877e+00 -7.221232440102953731e-02 -7.221232440102953731e-02 -9.510299777137816157e-01
4.971250687607934537e+00 1.120923739007092523e+00 1.120923739007092523e+00 9.666819849258547759e-01
2.234973302159620090e+00 1.039245328973160687e+00 1.039245328973160687e+00 -7.874243734220326418e-01
9.125528544327972114e-01 -3.495231299318375395e-01 -3.495231299318375395e-01 -7.910679689228213851e-01
2.688688831294157922e+00 -1.179918331812536358e+00 -1.179918331812536358e+00 -4.375784349550209118e-01
-1.603061049883420353e+00 -1.404010871560814611e-01 -1.404010871560814611e-01 9.994795389748905023e-01
-2.248830737367057075e+00 -1.038936072007071720e+00 -1.038936072007071720e+00 7.788071647835146383e-01
1.830420095813805048e-01 7.126876129842814045e-01 7.126876129842814045e-01 -1.820216023966763907e-01
6.240599132758720913e+00 -6.863808165132427863e-01 -6.863808165132427863e-01 4.257330333304283621e-02
5.567521826183314815e-01 -8.500026182434704536e-01 -8.500026182434704536e-01 -5.284316713243748520e-01
3.052895732498356551e+00 -1.029222944476765544e+00 -1.029222944476765544e+00 -8.858066825744360939e-02
-3.499950859788127921e+00 2.002044917684386860e-01 2.002044917684386860e-01 -3.507372095860871730e-01
4.317239030544676837e+00 -1.134123564325817179e+00 -1.134123564325817179e+00 9.229388520602180845e-01
3.004756259796691253e+00 3.451436008623085527e-01 3.451436008623085527e-01 -1.364097680965557224e-01
1.273490523468999491e+00 4.228131999473783154e-02 4.228131999473783154e-02 -9.561292104739628206e-01
5.829922967583488713e+00 -9.638124107054258927e-01 -9.638124107054258927e-01 4.379007785002378972e-01
-6.127746696727938591e+00 4.800009787978316567e-01 4.800009787978316567e-01 -1.548134366112407512e-01
3.630988647624894483e+00 5.189907575670835715e-01 5.189907575670835715e-01 4.700928680463158371e-01
-3.213335735283400663e+00 3.024158299810251194e-01 3.024158299810251194e-01 -7.168155308916716872e-02
4.291952674896561959e+00 1.697471753633994496e-01 1.697471753633994496e-01 9.129109452855056484e-01
6.201554263353544982e+00 5.154261761052967294e-01 5.154261761052967294e-01 8.154041421849456128e-02
-1.022222726894907119e+00 -7.642236775475395039e-01 -7.642236775475395039e-01 8.532692156419044993e-01
3.721439185021262475e+00 -7.555027697228953176e-01 -7.555027697228953176e-01 5.478955596131708239e-01
2.693194269039008049e+00 7.696769916093781916e-02 7.696769916093781916e-02 -4.335228068568748871e-01
-4.886926449216118407e+00 9.553527157940953085e-01 9.553527157940953085e-01 -9.848069640086265508e-01
5.007039105934785184e+00 1.088094301861027846e+00 1.088094301861027846e+00 9.569038062019721291e-01
2.856279189777115590e+00 -1.165147176102152127e+00 -1.165147176102152127e+00 -2.814582566776862582e-01
4.188141665508588574e+00 3.201402633182279800e-01 3.201402633182279800e-01 8.657009520417494608e-01
-5.239492394789304619e+00 -2.167621801516721458e-01 -2.167621801516721458e-01 -8.642677694983136316e-01
-3.321748695950973662e+00 -2.761003479137376093e-01 -2.761003479137376093e-01 -1.791830925384411966e-01
-2.443549241963779206e+00 -5.476303630342419515e-01 -5.476303630342419515e-01 6.427199737519876388e-01
8.304108538382104499e-01 1.048721134336184191e+00 1.048721134336184191e+00 -7.382085841167722595e-01
2.639554176248953610e+00 -5.509965692430055517e-01 -5.509965692430055517e-01 -4.812134734327128682e-01
-7.375300567341991353e-01 -6.831316809553801273e-01 -6.831316809553801273e-01 6.724618812530429590e-01
-6.232646098913916077e+00 -2.625137250058218186e-02 -2.625137250058218186e-02 -5.051769637471723029e-02
-9.343849021119217113e-01 9.712297704098562523e-01 9.712297704098562523e-01 8.042336694668565933e-01
3.510640547710501380e+00 -2.488919468303106841e-01 -2.488919468303106841e-01 3.607275938487038425e-01
2.291320260545607113e+00 -8.331126820538812261e-01 -8.331126820538812261e-01 -7.514601520845481941e-01
2.905143822454297364e+00 6.446841000408820577e-03 6.446841000408820577e-03 -2.342517496952412070e-01
5.558401377536377197e-01 8.574878820316287342e-01 8.574878820316287342e-01 -5.276571475994429328e-01
3.853222013677829239e+00 -8.470301674066531561e-01 -8.470301674066531561e-01 6.530685497992135824e-01
6.248319491727333030e+00 -2.648792805056786603e-01 -2.648792805056786603e-01 3.485875192160608343e-02
1.108349021289241954e+00 -5.450606321501367812e-01 -5.450606321501367812e-01 -8.949633385994919532e-01
-3.420707564737819339e-01 2.944928945842180124e-01 2.944928945842180124e-01 3.354385910709837271e-01
-8.405657226292806428e-02 -1.905929077417498618e-01 -1.905929077417498618e-01 8.395762350416505204e-02
1.190675466730768406e-01 -1.026099072174928351e+00 -1.026099072174928351e+00 -1.187864076645357009e-01
-5.636545868477217169e+00 -7.858551721501989551e-01 -7.858551721501989551e-01 -6.025077050740068607e-01
-1.987895771959133029e+00 -8.029602371956887641e-01 -8.029602371956887641e-01 9.142678292022108355e-01
2.380814599199000625e+00 8.247924049122135060e-02 8.247924049122135060e-02 -6.894851983687051433e-01
-1.614620095057992089e+00 -6.311749377687291274e-01 -6.311749377687291274e-01 9.990398923414108845e-01
5.507112563750069967e+00 -8.049249616128062446e-01 -8.049249616128062446e-01 7.004820630607473397e-01
-6.315410772309606457e-01 -1.070841813974937162e+00 -1.070841813974937162e+00 5.903892906590207934e-01
-1.586950177615458202e+00 -5.057997281353753261e-01 -5.057997281353753261e-01 9.998695293890289548e-01
-9.569341135802291731e-01 -1.021179925747814021e+00 -1.021179925747814021e+00 8.174293738609704763e-01
-4.969243001513842017e+00 -2.156614432976329265e-01 -2.156614432976329265e-01 -9.671939645194674862e-01
1.455355859750143921e+00 1.862754398773436293e-02 1.862754398773436293e-02 -9.933441458162539650e-01
4.774429544194614294e+00 -8.214985253711537538e-01 -8.214985253711537538e-01 9.980761014353766170e-01
4.868249325968854180e+00 -9.788424114441092172e-01 -9.788424114441092172e-01 9.878783448935773981e-01
-6.106026070499394720e+00 4.585716283249761105e-01 4.585716283249761105e-01 -1.762339877318565562e-01
5.960851352405143189e+00 2.267341023178204296e-02 2.267341023178204296e-02 3.167811743649311396e-01
-4.143759759588764524e+00 3.483452787087883973e-01 3.483452787087883973e-01 -8.426399003400273369e-01
5.008592848474584969e+00 2.752678501400005473e-01 2.752678501400005473e-01 9.564514366317219407e-01
-1.893616964550233206e-01 -4.363946028123734111e-01 -4.363946028123734111e-01 1.882320397610851015e-01
-6.802342300762616034e-01 -6.249866620771561410e-01 -6.249866620771561410e-01 6.289751376850502007e-01
-2.133100546459091085e+00 -6.892509011343536107e-01 -6.892509011343536107e-01 8.460288931947942404e-01
-3.924210775639434878e+00 9.136919990215275345e-01 9.136919990215275345e-01 -7.051382651481279407e-01
1.003271511880684308e+00 -5.579450300004614727e-01 -5.579450300004614727e-01 -8.432340840280569960e-01
-1.077754535960951721e+00 -7.174707366371870787e-01 -7.174707366371870787e-01 8.808972334193446718e-01
1.963008826610797897e+00 4.078545365914409970e-01 4.078545365914409970e-01 -9.240656299592364675e-01
-3.493536845409075831e+00 1.152050995556036073e+00 1.152050995556036073e+00 -3.447234789920887721e-01
4.505030453041269922e+00 5.792056692621248004e-01 5.792056692621248004e-01 9.785781431656369600e-01
2.550245354312373536e+00 -8.247371856566614312e-01 -8.247371856566614312e-01 -5.574800433931612620e-01
-1.727402259827610642e+00 7.794508391283061499e-02 7.794508391283061499e-02 9.877623327288388433e-01
-4.050221833621337808e+00 7.549860010030873259e-01 7.549860010030873259e-01 -7.886616632276670646e-01
-3.085905355059159749e+00 -9.335438593453944112e-01 -9.335438593453944112e-01 5.565852124278750784e-02
5.970911358411928660e+00 8.324134482647327360e-02 8.324134482647327360e-02 3.072234036199743556e-01
-6.278373714651795723e+00 -9.230883957369029336e-01 -9.230883957369029336e-01 -4.811573961943537391e-03
-2.783059047204962777e+00 -3.450297197987521880e-01 -3.450297197987521880e-01 3.509014618908595784e-01
-5.640505889150860597e+00 1.104923768130076089e+00 1.104923768130076089e+00 -5.993424449096221851e-01
5.865060296204484658e+00 -7.853729150384944901e-01 -7.853729150384944901e-01 4.060477055630399845e-01
-2.951681263374044573e+00 -8.084379055069719211e-01 -8.084379055069719211e-01 1.887718790517756984e-01
-7.975177559340256295e-01 2.701271874397519479e-01 2.701271874397519479e-01 7.156244865740643002e-01
1.756717993359968588e+00 1.045262604782548399e+00 1.045262604782548399e+00 -9.827662957974867552e-01
6.113557417095014657e+00 -3.701494553208863891e-01 -3.701494553208863891e-01 1.688155914982140127e-01
-1.519617987895429678e+00 5.954303226781578751e-01 5.954303226781578751e-01 9.986906746357001596e-01
-3.208493238671554781e+00 -9.471408376032928178e-01 -9.471408376032928178e-01 -6.685069188757933323e-02
3.415392876722558313e-01 -5.766441753828615013e-01 -5.766441753828615013e-01 -3.349378671191848289e-01
-3.629909238055852416e+00 -5.086850208385210736e-01 -5.086850208385210736e-01 -4.691398891820736661e-01
2.107275562447554762e-01 6.974234271446924094e-01 6.974234271446924094e-01 -2.091714171100138575e-01
1.146333373220901564e+00 1.151999516515911370e-01 1.151999516515911370e-01 -9.112600369652172905e-01
-5.203108525898827885e+00 4.695134057676459971e-01 4.695134057676459971e-01 -8.819939934806394488e-01
6.123114513012222204e-01 -3.105053717506027766e-01 -3.105053717506027766e-01 -5.747605045313251004e-01
9.758855520795881588e-01 7.980859886287561267e-01 7.980859886287561267e-01 -8.281985070962081252e-01
-4.729207527863900751e+00 -1.504971709286051507e-01 -1.504971709286051507e-01 -9.998585715641375993e-01
5.843320116068847270e+00 1.052362320409572227e-01 1.052362320409572227e-01 4.258174926292015439e-01
-4.052540831153217837e+00 -3.861351029353499165e-01 -3.861351029353499165e-01 -7.900853246540974206e-01
-5.257415599013848251e+00 -2.686704298392947887e-01 -2.686704298392947887e-01 -8.551134908986813832e-01
1.583602357098426339e+00 1.002877735901607670e+00 1.002877735901607670e+00 -9.999180039145166843e-01
-3.472238024575150739e+00 -8.349579788401961800e-01 -8.349579788401961800e-01 -3.246535091493593650e-01
5.092349641094777724e+00 -8.615519985431407957e-01 -8.615519985431407957e-01 9.286792266057958267e-01
-4.862710185352600689e+00 4.634455343065524424e-02 4.634455343065524424e-02 -9.887230266592652583e-01
-1.811799508595264285e+00 -3.253791945309620903e-01 -3.253791945309620903e-01 9.710990271788280115e-01
3.910855377624063323e+00 -2.268661643206892897e-01 -2.268661643206892897e-01 6.956057511919204739e-01
-1.418570495033819157e+00 1.501533625384556814e-01 1.501533625384556814e-01 9.884360047224941548e-01
-2.278956076318106483e+00 5.755110315140510302e-02 5.755110315140510302e-02 7.595601286172184441e-01
-3.740344343549941275e+00 5.784266300537432848e-01 5.784266300537432848e-01 -5.636117589933694605e-01
-5.511433952175810447e+00 -2.254839346828786395e-01 -2.254839346828786395e-01 -6.973914868199291295e-01
-1.167680270224194850e+00 3.675083620591876876e-01 3.675083620591876876e-01 9.198430747229687787e-01
-2.127431212667364235e+00 -5.825687462245942028e-01 -5.825687462245942028e-01 8.490378126677965431e-01
-4.338600909923528093e+00 -4.825646053869857566e-01 -4.825646053869857566e-01 -9.309508349486663725e-01
6.096408798508868188e+00 2.877079521238514737e-01 2.877079521238514737e-01 1.856924371155604936e-01
5.220079587592111992e+00 -7.713742362174729195e-01 -7.713742362174729195e-01 8.738695723581276775e-01
-5.195871439054918106e+00 -8.808093046416654026e-01 -8.808093046416654026e-01 -8.853814206179351221e-01
-3.866932414996981482e+00 4.119973040032247624e-01 4.119973040032247624e-01 -6.633897155998911277e-01
-1.318314947098209622e+00 1.007869927661379394e+00 1.007869927661379394e+00 9.682955362651145537e-01
-6.256734998309874562e+00 -8.787648197610229417e-01 -8.787648197610229417e-01 -2.644722478853284847e-02
1.913491130461215661e+00 -3.266953393959776131e-01 -3.266953393959776131e-01 -9.418525612530055380e-01
-3.535149648225650143e+00 -2.841658150052950305e-01 -2.841658150052950305e-01 -3.834758996408653142e-01
-1.882698947236567832e+00 -9.718427209140554357e-01 -9.718427209140554357e-01 9.517514357319264429e-01
-1.700102033645279676e+00 -7.763168982291006603e-01 -7.763168982291006603e-01 9.916516588170201096e-01
4.874487583323153572e+00 -2.788624861860735660e-01 -2.788624861860735660e-01 9.868907640245234703e-01
-6.255360691877941193e+00 -4.291706186965621450e-01 -4.291706186965621450e-01 -2.782102509502378321e-02
5.635088455551860775e+00 8.262313442555591081e-02 8.262313442555591081e-02 6.036702450809248166e-01
-5.243461784018702332e+00 -1.169979171562918419e+00 -1.169979171562918419e+00 -8.622642361076563455e-01
-2.699494361359415340e+00 9.446986726600303808e-01 9.446986726600303808e-01 4.278369593890318789e-01
2.897695309074499903e+00 -8.702590591412828758e-02 -8.702590591412828758e-02 -2.414864503071116331e-01
5.296355334886731825e+00 1.030879943207147376e+00 1.030879943207147376e+00 8.342824188123688645e-01
3.123695761196575660e+00 -1.098032430086732569e+00 -1.098032430086732569e+00 -1.789593701645239218e-02
5.520398467438138113e+00 -1.063817644499898574e+00 -1.063817644499898574e+00 6.909387690524869674e-01
-9.549666778901588771e-01 -1.086792472908823193e+00 -1.086792472908823193e+00 8.162944928500099895e-01
-5.016152428352468107e+00 -1.843726952207842551e-01 -1.843726952207842551e-01 -9.542175513642033868e-01
-2.553480205845087614e+00 -4.817912751619521927e-01 -4.817912751619521927e-01 5.547915887751690978e-01
2.511308920027305547e+00 -1.015078103773695561e+00 -1.015078103773695561e+00 -5.893739987482438103e-01
-1.113586326620804812e+00 4.403753282240410183e-01 4.403753282240410183e-01 8.972876235813292967e-01
-1.923699193311638744e+00 -9.286268345475787722e-01 -9.286268345475787722e-01 9.383733698091636377e-01
-3.431783989645122990e+00 7.164718033950203679e-01 7.164718033950203679e-01 -2.861355664726193404e-01
5.153436330601474324e+00 -5.433447507506246055e-01 -5.433447507506246055e-01 9.043050592802288623e-01
5.783379470909187248e+00 -1.632665703086688680e-01 -1.632665703086688680e-01 4.792551348649599641e-01
-6.811920227700376529e-01 8.567084145723662392e-01 8.567084145723662392e-01 6.297194614533756507e-01
-9.857611392559171293e-01 -4.706021167269014427e-02 -4.706021167269014427e-02 8.336926548336156539e-01
-3.125946118630100301e+00 -3.164513734693841229e-02 -3.164513734693841229e-02 1.564589655222593453e-02
4.144494622118184424e+00 -4.550550495007589236e-01 -4.550550495007589236e-01 8.430353797062620780e-01
1.962234897572393777e+00 7.019067183871845472e-01 7.019067183871845472e-01 -9.243611750590615683e-01
3.984605460508792163e+00 5.541456804940405600e-01 5.541456804940405600e-01 7.466506739862132092e-01
3.942478587118346312e+00 3.351089068866035525e-01 3.351089068866035525e-01 7.179730451335923913e-01
-9.487763026052826731e-01 -2.527741729525975201e-01 -2.527741729525975201e-01 8.127030918674175153e-01
4.702131308225986572e+00 5.413039777987807000e-01 5.413039777987807000e-01 9.999473905422412434e-01
3.512483874209792134e+00 -2.954489894726779475e-01 -2.954489894726779475e-01 3.624461975990666551e-01
9.759402582289116168e-01 1.081322845042336001e+00 1.081322845042336001e+00 -8.282291650900556190e-01
5.185220838105346175e+00 4.628542767981767003e-01 4.628542767981767003e-01 8.902822054585943778e-01
-2.579289729411853305e+00 -2.366482585546947348e-03 -2.366482585546947348e-03 5.331359519145734138e-01
-5.801366402718841186e+00 9.076358706225942097e-01 9.076358706225942097e-01 -4.633917697955707848e-01
1.041888040832527729e+00 -1.384586469595068259e-01 -1.384586469595068259e-01 -8.633584540864760459e-01
5.068950123572669497e+00 1.135850732299399146e+00 1.135850732299399146e+00 9.371027081080689491e-01
-3.834204285418323366e-01 -6.807604705609450191e-01 -6.807604705609450191e-01 3.740947244859821885e-01
-8.428191193269265469e-01 -6.415889907800195191e-01 -6.415889907800195191e-01 7.465218158318204233e-01
-2.771976724933633562e-01 2.865179315730539411e-01 2.865179315730539411e-01 2.736613748836929094e-01
-4.002625173842481843e+00 4.731728072581775635e-02 4.731728072581775635e-02 -7.585158137078604756e-01
1.197388226576489245e+00 9.521689547046665592e-01 9.521689547046665592e-01 -9.310895118047760599e-01
-4.613041812893563964e+00 3.848245878038847323e-01 3.848245878038847323e-01 -9.950691277427086145e-01
-2.942803759846500888e+00 5.942643075483053927e-01 5.942643075483053927e-01 1.974822206188963647e-01
-3.731810190032428753e+00 -1.569959319092768535e-01 -1.569959319092768535e-01 -5.565417696266437009e-01
-5.955991643941295877e+00 -9.666431320757207235e-01 -9.666431320757207235e-01 -3.213868424690827230e-01
-5.387630538845194828e+00 -8.806243994862748004e-01 -8.806243994862748004e-01 -7.805559791227960620e-01
3.867645319311794339e+00 5.827663260202502471e-01 5.827663260202502471e-01 6.639229947904182749e-01
-2.166895340620392574e+00 -8.233066500250496578e-01 -8.233066500250496578e-01 8.275319919612644792e-01
2.251675975500575078e+00 5.838752192998482027e-01 5.838752192998482027e-01 -7.770193010167352199e-01
-1.905916369476711836e+00 -6.679278444834833017e-01 -6.679278444834833017e-01 9.443708364952957401e-01
-5.486465070387930965e+00 -1.189263778811777250e+00 -1.189263778811777250e+00 -7.150672037225299649e-01
-8.370724492538270667e-01 -6.792353263870444247e-01 -6.792353263870444247e-01 7.426859004686898746e-01
4.938386288491097176e+00 7.048745970179397524e-01 7.048745970179397524e-01 9.745711165457799918e-01
-2.804789713015765074e-02 1.034775976263846209e+00 1.034775976263846209e+00 2.804421980032766396e-02
-3.903143594938748961e+00 7.422772954418039859e-01 7.422772954418039859e-01 -6.900447942279108737e-01
2.267413477225584728e+00 -1.037575901515954691e+00 -1.037575901515954691e+00 -7.670170983567045075e-01
-1.835108184360727535e-01 4.774523523699643057e-01 4.774523523699643057e-01 1.824825595605552575e-01
4.341904931778454824e+00 4.075940425313784310e-01 4.075940425313784310e-01 9.321521969434644062e-01
6.134497031373522091e+00 7.187883115216808783e-01 7.187883115216808783e-01 1.481410093372177161e-01
5.842297870169511853e+00 7.833724277501283861e-01 7.833724277501283861e-01 4.267422073483604916e-01
1.996107449859064076e+00 1.694096306481198688e-01 1.694096306481198688e-01 -9.109104063579039900e-01
2.166546374346449255e+00 8.198556483586967314e-01 8.198556483586967314e-01 -8.277278577137825444e-01
5.215462546870927696e+00 3.577012183134471446e-01 3.577012183134471446e-01 8.761048727673110825e-01
3.879917958711539328e+00 -1.092334025885160598e+00 -1.092334025885160598e+00 6.730502571384617827e-01
-2.489572719747448204e+00 -1.488144025978457297e-01 -1.488144025978457297e-01 6.067932066285608439e-01
-6.026939688262468842e+00 4.229724687869365063e-01 4.229724687869365063e-01 -2.534505523414581352e-01
3.357428294660600443e-01 8.082882903066623825e-02 8.082882903066623825e-02 -3.294706149087426317e-01
-4.549838472749579310e+00 -1.197184899256525048e+00 -1.197184899256525048e+00 -9.868177305147666223e-01
3.392074058742327480e+00 -3.265855054901276588e-01 -3.265855054901276588e-01 2.478703700006254229e-01
-6.216738737381861668e+00 3.977355175981398538e-01 3.977355175981398538e-01 -6.639768536569601309e-02
3.215279730430735228e+00 6.624865544091684821e-01 6.624865544091684821e-01 7.362041077494700658e-02
-9.467870582019664027e-01 -1.035315532684222717e+00 -1.035315532684222717e+00 8.115423956550074092e-01
-4.882615394454093760e+00 -6.793343753583842570e-01 -6.793343753583842570e-01 -9.855464363835855224e-01
-1.692275193587180482e+00 2.419370808627676617e-01 2.419370808627676617e-01 9.926305118510364567e-01
-4.563112657700530761e+00 7.374681146237231921e-01 7.374681146237231921e-01 -9.888789639991212299e-01
-1.824819719462843715e+00 -9.780570815155714692e-01 -9.780570815155714692e-01 9.679091789048196448e-01
-3.196495145098544377e+00 -5.425303125371054858e-01 -5.425303125371054858e-01 -5.487491371905665882e-02
1.560598873530528508e+00 -1.735067672281722650e-01 -1.735067672281722650e-01 -9.999480064240220401e-01
1.742537168530402525e+00 8.121521222914951377e-01 8.121521222914951377e-01 -9.852887539424532992e-01
-4.568125866738931506e+00 2.812873664483139802e-01 2.812873664483139802e-01 -9.896121117109207832e-01
2.360551956272473717e+00 -8.586278643641065411e-01 -8.586278643641065411e-01 -7.040188840350454225e-01
-3.048760461239614195e+00 1.144102511319475601e+00 1.144102511319475601e+00 9.269891466682671222e-02
-3.889571012139794171e+00 -1.053586370457397781e-01 -1.053586370457397781e-01 -6.801581555451429173e-01
-4.778123404209610570e+00 9.325579224063382799e-01 9.325579224063382799e-01 -9.978402706154122503e-01
-5.527994564135551236e+00 -8.742361830311713433e-01 -8.742361830311713433e-01 -6.854275689212459000e-01
1.920516918401114381e+00 -2.581619096981250250e-01 -2.581619096981250250e-01 -9.394684847037771958e-01
-1.622786336873234703e+00 3.234099342229646012e-01 3.234099342229646012e-01 9.986488238152245733e-01
-2.002278735275872634e+00 2.712788163419814769e-01 2.712788163419814769e-01 9.083467783464308498e-01
1.700936244295460753e+00 6.514990061583523229e-01 6.514990061583523229e-01 -9.915437459237665951e-01
1.852027554327291270e-01 -5.160130549436697800e-01 -5.160130549436697800e-01 -1.841458254105179659e-01
1.319523119424236945e+00 1.119237649015834224e+00 1.119237649015834224e+00 -9.685966399202661226e-01
3.953908128083554629e+00 -6.521912343217883823e-02 -6.521912343217883823e-02 7.258817473747561921e-01
4.092940127034440323e+00 8.652735516515976943e-01 8.652735516515976943e-01 8.141985686155117641e-01
-4.201668724403321065e+00 2.777098959748400819e-01 2.777098959748400819e-01 -8.723926687178689132e-01
1.016852207809510134e+00 -8.447711294451432096e-01 -8.447711294451432096e-01 -8.504563558224470521e-01
-5.059393663108616934e+00 -8.238763344729422844e-01 -8.238763344729422844e-01 -9.403955850502655478e-01
-3.544844843119197009e-01 -6.463616548577022503e-01 -6.463616548577022503e-01 3.471069475951490402e-01
-5.268560600006586547e+00 -1.123740270048109613e+00 -1.123740270048109613e+00 -8.492824799750015030e-01
6.158219704682558415e+00 1.072315214659236959e+00 1.072315214659236959e+00 1.246406041892703098e-01
3.775898064027781942e+00 -5.333572099847314618e-01 -5.333572099847314618e-01 5.926181769131139143e-01
4.948167434610310167e+00 2.482195075063737821e-01 2.482195075063737821e-01 9.723327890775264049e-01
-2.031496451025014416e+00 -9.395061952775398684e-01 -9.395061952775398684e-01 8.957414591135347548e-01
1.655821053093704975e+00 -6.347572646540644570e-02 -6.347572646540644570e-02 -9.963875749922262992e-01
5.797722234301689426e+00 8.422551917399223598e-02 8.422551917399223598e-02 4.666179784226772709e-01
-3.641016354676640532e-01 -6.298605384936438734e-01 -6.298605384936438734e-01 3.561099668944163743e-01
5.431705786065599284e-02 6.799489924637029947e-01 6.799489924637029947e-01 -5.429035281054653272e-02
-6.262549156216972612e+00 9.727838544409170840e-01 9.727838544409170840e-01 -2.063468634048628778e-02
3.444029372484944673e+00 -9.626697937624680845e-01 -9.626697937624680845e-01 2.978472134921403836e-01
1.255747319984763521e+00 -6.625857105009871351e-01 -6.625857105009871351e-01 -9.507811946553293980e-01
7.511595188975164206e-01 -1.098595324127102479e+00 -1.098595324127102479e+00 -6.824867086776070790e-01
1.924716565819807101e+00 2.900649494761440295e-01 2.900649494761440295e-01 -9.380212566647637695e-01
-1.858629852900412160e+00 4.778901797075278957e-01 4.778901797075278957e-01 9.588611342486107469e-01
-1.913491712851757676e+00 -9.827074390791543657e-01 -9.827074390791543657e-01 9.418523655542386797e-01
-8.274889834163889901e-02 5.631228647512551699e-01 5.631228647512551699e-01 8.265449514047412682e-02
1.686586334263473930e+00 -5.702879571971873895e-01 -5.702879571971873895e-01 -9.933038235881321842e-01
-5.088411682768301247e+00 9.175693601933354593e-02 9.175693601933354593e-02 -9.301325475707642454e-01
2.003296627253034146e+00 6.958872435787522015e-02 6.958872435787522015e-02 -9.079206073032853874e-01
-6.445378333443931851e-01 -3.739941907018884404e-01 -3.739941907018884404e-01 6.008290570530082642e-01
-3.685475788097069216e+00 5.117207750603061100e-01 5.117207750603061100e-01 -5.174627052057572119e-01
-5.917358608904700112e+00 -3.216696421703313380e-01 -3.216696421703313380e-01 -3.577214109159068123e-01
-3.887327151668725556e+00 2.770504945652021433e-01 2.770504945652021433e-01 -6.785115481806877069e-01
9.471859760664944616e-01 -2.706809381863299890e-01 -2.706809381863299890e-01 -8.117754162071895152e-01
-6.787332593328532226e-02 -6.786972865789007159e-01 -6.786972865789007159e-01 6.782122492752161447e-02
6.215761643096495703e-01 1.028279554111048322e+00 1.028279554111048322e+00 -5.823172444510326118e-01
3.354883328717317426e+00 -1.999036939081815234e-01 -1.999036939081815234e-01 2.116771473852825380e-01
-4.110747510713521180e+00 -8.387575026111540044e-01 -8.387575026111540044e-01 -8.244076599295140362e-01
5.913805734453822183e+00 3.640029795276535918e-01 3.640029795276535918e-01 3.610369210900297721e-01
-2.290846807593670320e+00 8.438783760464485528e-01 8.438783760464485528e-01 7.517724419180514817e-01
-4.932431991110289182e+00 2.976495695133278829e-01 2.976495695133278829e-01 -9.758880622135051031e-01
4.271319697815233241e+00 -3.091331066388921522e-01 -3.091331066388921522e-01 9.042956964303755507e-01
-6.200145373122884607e+00 -3.798398122771075025e-01 -3.798398122771075025e-01 -8.294453150329809954e-02
2.849919282778781593e+00 -1.155934346928274792e+00 -1.155934346928274792e+00 -2.875553213302958766e-01
3.708178548380365314e+00 -3.557289521786234365e-01 -3.557289521786234365e-01 5.367545708093914847e-01
3.226415607757049386e+00 8.894758484178482139e-01 8.894758484178482139e-01 8.472127483310941398e-02
3.754659060688430472e+00 -4.543964348330037373e-01 -4.543964348330037373e-01 5.753781373699707880e-01
5.131903185520796384e+00 1.132688076898260343e+00 1.132688076898260343e+00 9.132869204953488751e-01
5.794392219397057175e+00 3.242301015097102113e-01 3.242301015097102113e-01 4.695606473572310202e-01
-3.756904896404833494e-02 -1.135405814448981365e+00 -1.135405814448981365e+00 3.756021188571558034e-02
5.211705424417717225e+00 -8.051823439145344707e-03 -8.051823439145344707e-03 8.779100710278100461e-01
4.751473908341724339e+00 -5.966756459189276329e-01 -5.966756459189276329e-01 9.992362814341073651e-01
-2.607767454001247653e+00 -2.493657261738398967e-01 -2.493657261738398967e-01 5.088300438914907797e-01
-6.621201325342118693e-01 4.152435333512758397e-01 4.152435333512758397e-01 6.147903609824985072e-01
-5.214158356491711110e+00 7.400191415955881258e-01 7.400191415955881258e-01 -8.767329045199795390e-01
-4.152545705724630665e-02 6.830489553565071148e-01 6.830489553565071148e-01 4.151352392182085932e-02
-1.934867309212569886e+00 -3.369532237584330625e-01 -3.369532237584330625e-01 9.344549701787586704e-01
-2.936464876725657369e+00 1.109060006801646514e+00 1.109060006801646514e+00 2.036922595850241546e-01
4.367981816030219733e+00 -6.269952011077495335e-02 -6.269952011077495335e-02 9.412757822678315955e-01
-3.243894796952947246e+00 4.015075412418478429e-02 4.015075412418478429e-02 -1.021237923072335213e-01
-2.573699761539871123e+00 7.752238889720561854e-01 7.752238889720561854e-01 5.378568758519609583e-01
3.227440553063901874e+00 7.080841555251067287e-01 7.080841555251067287e-01 8.574249046431030308e-02
-3.605983328332590165e+00 4.617773396230195893e-01 4.617773396230195893e-01 -4.478780901793848468e-01
-3.271774728824409006e+00 -2.932186567433607838e-01 -2.932186567433607838e-01 -1.298146793343554484e-01
3.485684946252094463e+00 -1.100113842925814378e+00 -1.100113842925814378e+00 3.373423169458095172e-01
-3.038719515171656393e+00 3.579483054869991854e-02 3.579483054869991854e-02 1.026917853487524790e-01
3.150401509597397620e+00 -7.195814074316329023e-01 -7.195814074316329023e-01 8.808742086129891027e-03
-5.979224177228523729e-01 -1.186271648435506254e-01 -1.186271648435506254e-01 5.629265533860418058e-01
-3.414514738260345794e-01 5.792988545053228133e-01 5.792988545053228133e-01 3.348551240904371062e-01
-3.688196115249845697e+00 -9.116933279491721276e-01 -9.116933279491721276e-01 -5.197885872927253681e-01
3.954703147185320233e+00 7.027787974254933179e-01 7.027787974254933179e-01 7.264283475735152651e-01
3.920006322107246532e+00 7.356231561284654052e-01 7.356231561284654052e-01 7.021507902639695375e-01
-6.389478627860816218e-01 6.541963198270652757e-01 6.541963198270652757e-01 5.963511961766255753e-01
-4.471563275808803084e+00 1.081546593084783403e-01 1.081546593084783403e-01 -9.711413716046995992e-01
1.314484014145710589e+00 4.104761761462660807e-02 4.104761761462660807e-02 -9.673314377055757252e-01
4.081691892547517853e+00 -1.117631123348524991e+00 -1.117631123348524991e+00 8.076166263773350007e-01
-2.838913245406822217e+00 7.378344542813823903e-01 7.378344542813823903e-01 2.980788792021050182e-01
-1.692860276129658281e+00 1.054846835250797588e+00 1.054846835250797588e+00 9.925594414732127335e-01
-2.577984368010014737e+00 1.079588693194306392e+00 1.079588693194306392e+00 5.342398717411888098e-01
5.700489056949024302e+00 4.090991268352992538e-01 4.090991268352992538e-01 5.502772546704717271e-01
-1.932631398677280288e-01 -1.055231171654751110e+00 -1.055231171654751110e+00 1.920623009679879034e-01
-3.379940573654534930e+00 -5.875641132969945390e-01 -5.875641132969945390e-01 -2.360975747895986132e-01
-4.202032714820032488e+00 -1.008707683040133585e+00 -1.008707683040133585e+00 -8.725705315203025059e-01
1.745188422833690467e+00 -9.483397750835531603e-02 -9.483397750835531603e-02 -9.848321979734611098e-01
5.312428325918551408e+00 -1.002911783032696347e+00 -1.002911783032696347e+00 8.253133981112883433e-01
2.122628890572647364e+00 -4.060204154184445802e-01 -4.060204154184445802e-01 -8.515652334009139457e-01
5.260419812361309511e+00 -7.255461187227867370e-01 -7.255461187227867370e-01 8.535521274880785159e-01
-1.786717066393882725e+00 7.852275181437162743e-03 7.852275181437162743e-03 9.767795426876262344e-01
5.837895709673812661e-01 -3.593460749853716329e-02 -3.593460749853716329e-02 -5.511898287388264928e-01
-5.549488273975464736e+00 2.083208338880759847e-01 2.083208338880759847e-01 -6.696200058361958529e-01
3.178110448789057685e+00 7.265840617498482423e-01 7.265840617498482423e-01 3.650967935998637032e-02
-1.958859180764514818e+00 5.299287126614065091e-01 5.299287126614065091e-01 9.256438044997067349e-01
-1.129117294880630951e+00 -2.021305390750363085e-01 -2.021305390750363085e-01 9.040352222864009857e-01
-5.977740045382691214e+00 5.199417469520573043e-01 5.199417469520573043e-01 -3.007178570355192870e-01
-5.135666923050555610e+00 9.960211045608802216e-02 9.960211045608802216e-02 -9.117474217954127935e-01
2.532787592591411396e+00 4.262866832680269891e-01 4.262866832680269891e-01 -5.718876219567214925e-01
-4.196416569619586312e+00 1.174190381176870579e+00 1.174190381176870579e+00 -8.698133647173176275e-01
2.021230228023950914e+00 1.135188859769529879e+00 1.135188859769529879e+00 -9.002582855150407237e-01
3.436318252679081198e+00 1.927243728165173309e-02 1.927243728165173309e-02 2.904772918019600247e-01
1.777698760586412519e+00 2.139326141711861418e-01 2.139326141711861418e-01 -9.786719399744459036e-01
5.511018704033233462e+00 3.569421163000712216e-01 3.569421163000712216e-01 6.976890310383730975e-01
-4.276575519004364168e+00 9.780873559238856263e-01 9.780873559238856263e-01 -9.065269412036222052e-01
-5.418412812693863323e+00 1.647451765643201949e-01 1.647451765643201949e-01 -7.609476747328662860e-01
3.244832860144690301e+00 -1.004861069723846478e+00 -1.004861069723846478e+00 1.030569059518587349e-01
4.658759558140991075e+00 -6.887907318399310030e-01 -6.887907318399310030e-01 9.985622871700738923e-01
4.512561281187615236e+00 6.412031620934066645e-02 6.412031620934066645e-02 9.801007941783890232e-01
-2.705717022364989344e+00 1.857185174382127713e-01 1.857185174382127713e-01 4.222043234370529419e-01
3.198076111628633811e-01 6.705935956003352683e-01 6.705935956003352683e-01 -3.143839324973914384e-01
-2.563571930303821578e+00 8.336443820812378114e-02 8.336443820812378114e-02 5.463672733762294786e-01
2.314472615821774326e-01 7.904174910945001020e-01 7.904174910945001020e-01 -2.293864342536575951e-01
-8.075319331135100143e-01 -2.778223854034551632e-01 -2.778223854034551632e-01 7.225832419034000642e-01
3.899162955979798895e+00 1.005364961301563165e+00 1.005364961301563165e+00 6.871582810214759141e-01
1.301222210015700043e-01 -1.099228238933817048e+00 -1.099228238933817048e+00 -1.297553313389259444e-01
-1.655714809913332530e+00 -1.298115297203092933e-01 -1.298115297203092933e-01 9.963965917861311583e-01
3.271564011813117290e-01 5.941395600377989972e-01 5.941395600377989972e-01 -3.213515570159810597e-01
3.050495784819803546e+00 8.493769304781919605e-01 8.493769304781919605e-01 -9.097092436079964872e-02
-4.665044735927698305e+00 -8.958316747863451779e-01 -8.958316747863451779e-01 -9.988794705853122347e-01
-4.169419253159000860e+00 -1.074105537718716974e-01 -1.074105537718716974e-01 -8.561780577723391294e-01
5.825561888334158667e-01 1.033053300780173211e+00 1.033053300780173211e+00 -5.501603005276701763e-01
3.403652841417995845e+00 4.789408313131293671e-01 4.789408313131293671e-01 2.590709497812216378e-01
-3.675131330427295229e+00 1.542193383762158199e-02 1.542193383762158199e-02 -5.085833650283435592e-01
5.552387229552724790e+00 -1.029196759401970196e+00 -1.029196759401970196e+00 6.674641295852621337e-01
-5.891993393015390268e+00 -3.679968978297536442e-01 -3.679968978297536442e-01 -3.812905570120873056e-01
4.349633328710497793e+00 -7.848991614139737560e-01 -7.848991614139737560e-01 9.349225264074441100e-01
5.722116683188701813e+00 1.028006215416022995e+00 1.028006215416022995e+00 5.320912915906593765e-01
-5.137613714748119342e+00 1.287353893508937919e-01 1.287353893508937919e-01 -9.109460473001510517e-01
1.325279352796382426e-02 -1.102066298761395169e+00 -1.102066298761395169e+00 -1.325240558557876959e-02
3.317957463737300827e+00 4.332846858971710624e-01 4.332846858971710624e-01 1.754519397930026925e-01
1.680330810881106807e+00 -1.078028611939631842e+00 -1.078028611939631842e+00 -9.940070938032207204e-01
3.482572226326817955e+00 7.885033426637186871e-01 7.885033426637186871e-01 3.344104287602943093e-01
5.289236797716752037e-01 9.543540785009667626e-01 9.543540785009667626e-01 -5.046043918596411215e-01
-1.615973094977050550e+00 5.564028408401986425e-01 5.564028408401986425e-01 9.989797033564028483e-01
-5.744440555298218065e+00 2.113572321470806870e-01 2.113572321470806870e-01 -5.130589496786517323e-01
5.798971453619543581e+00 -1.774669072991919005e-01 -1.774669072991919005e-01 4.655127313940609080e-01
-3.912316616231394484e+00 6.817655706782252967e-01 6.817655706782252967e-01 -6.966547966569045514e-01
-5.830500717325431737e+00 -2.900453952442514360e-01 -2.900453952442514360e-01 -4.373812949604891087e-01
3.899523647634088874e+00 1.184666226903462016e+00 1.184666226903462016e+00 6.874202815954041368e-01
-5.531444448963277694e+00 7.905116654962212053e-01 7.905116654962212053e-01 -6.829114930764843550e-01
-2.246250782096229415e+00 -9.271136997702089655e-01 -9.271136997702089655e-01 7.804228826242927131e-01
-4.817752885472135205e-01 -5.089956140538243190e-02 -5.089956140538243190e-02 4.633531189593483313e-01
-2.962667962165944413e+00 -3.236907888203922612e-01 -3.236907888203922612e-01 1.779715345643451407e-01
-5.524598344751125545e+00 -3.522312009259429555e-01 -3.522312009259429555e-01 -6.878965371589489397e-01
-7.099406078110419571e-01 1.881511072068522417e-01 1.881511072068522417e-01 6.517887291000761252e-01
4.887420222337054199e+00 -5.203773239586811927e-01 -5.203773239586811927e-01 9.847210989462175101e-01
-1.690456224286577047e+00 1.014464936836054987e+00 1.014464936836054987e+00 9.928492928561107878e-01
3.822830057225734990e+00 4.595395368717147822e-01 4.595395368717147822e-01 6.297547136885780494e-01
3.396187359577192311e+00 -5.158411518922246808e-01 -5.158411518922246808e-01 2.518531997878354911e-01
1.944345755753209559e-01 -2.018327163899491516e-02 -2.018327163899491516e-02 -1.932117957037984002e-01
