-4.800872387876156111e-01 -8.825351331824684564e-01 -8.825351331824684564e-01 4.618565541458595214e-01
5.223138333062061989e+00 -4.501539743949186656e-01 -4.501539743949186656e-01 8.723784457171498419e-01
-3.367995798720100353e-01 1.223983954971625820e-01 1.223983954971625820e-01 3.304681783833974262e-01
2.475719453005039483e+00 -5.138176576934571083e-01 -5.138176576934571083e-01 -6.177460335903112165e-01
1.128128388890360156e+00 8.879342975906598934e-01 8.879342975906598934e-01 -9.036120645634779791e-01
8.981619059104977154e-01 -9.249622807477018149e-01 -9.249622807477018149e-01 -7.821830093923998195e-01
-5.044056904111302586e+00 9.173344709961457344e-01 9.173344709961457344e-01 -9.455005487932881536e-01
3.274263534376780527e+00 7.154051184248815254e-01 7.154051184248815254e-01 1.322820207029658524e-01
-3.956550754794267988e-01 -2.450842911673395408e-01 -2.450842911673395408e-01 3.854127386167214842e-01
-1.106136661086562611e+00 -4.422252361543835830e-01 -4.422252361543835830e-01 8.939741274957443418e-01
-1.391458123301426042e+00 -1.272663590486768914e-01 -1.272663590486768914e-01 9.839619584764575100e-01
-3.847082147315479261e-01 7.642242862787469448e-01 7.642242862787469448e-01 3.752886946345624919e-01
4.446169086955794825e+00 -3.192922370142335931e-01 -3.192922370142335931e-01 9.647722814691144233e-01
-5.281992188178234571e+00 8.688388433881539807e-01 8.688388433881539807e-01 -8.421150306717902767e-01
6.246950095655844137e+00 -1.044761298694603324e+00 -1.044761298694603324e+00 3.622728262921191128e-02
-8.913031718070847376e-01 6.047224642395352401e-01 6.047224642395352401e-01 7.778913194691537969e-01
5.466458783497147422e+00 -2.155276810063858628e-01 -2.155276810063858628e-01 7.289086814030422135e-01
-4.225018235715172210e-02 -4.417082118897398546e-01 -4.417082118897398546e-01 4.223761350115920465e-02
6.988059316561061607e-01 9.115554322471035587e-01 9.115554322471035587e-01 -6.433039543483241030e-01
-2.296806284435415346e+00 -1.000035956376163604e+00 -1.000035956376163604e+00 7.478293016329303766e-01
-6.260747196171960738e-01 -4.942403097124881128e-01 -4.942403097124881128e-01 5.859684928458853692e-01
-5.879053998029899475e-01 -7.087765004262533974e-01 -7.087765004262533974e-01 5.546193152005086668e-01
-6.252211139929553241e-02 -1.088791344268311034e+00 -1.088791344268311034e+00 6.248138605413478680e-02
-1.130600275738016691e+00 -2.917756095977661612e-01 -2.917756095977661612e-01 9.046681399506802945e-01
1.308027177572146371e+00 -2.039085309574194538e-01 -2.039085309574194538e-01 -9.656743794065120179e-01
6.336870294893399702e-01 4.254440241320467386e-01 4.254440241320467386e-01 -5.921199679762961798e-01
-5.244383582699412294e+00 -7.027049030657863682e-01 -7.027049030657863682e-01 -8.617970168990071178e-01
-6.109102793574252566e+00 5.872104945969169876e-01 5.872104945969169876e-01 -1.732045912379578112e-01
-4.063687954468220731e+00 2.513315097455683933e-01 2.513315097455683933e-01 -7.968692481553331097e-01
6.236982411993979625e+00 2.337228214798903192e-01 2.337228214798903192e-01 4.618645866206985001e-02
-5.235788859032433074e+00 -4.342466216861637918e-01 -4.342466216861637918e-01 -8.661248351290796732e-01
2.596159475514474124e+00 5.121137074890227403e-01 5.121137074890227403e-01 -5.187884642480800057e-01
2.908877626742290445e+00 1.259936035336364224e-01 1.259936035336364224e-01 -2.306202104374880935e-01
-4.647625712957518473e+00 -6.706335714519878755e-01 -6.706335714519878755e-01 -9.979035924932514456e-01
3.426112489330693123e+00 1.007820795415573345e+00 1.007820795415573345e+00 2.806966236750563781e-01
-3.000055028235513177e+00 -6.964282768516151245e-01 -6.964282768516151245e-01 1.410655303059722976e-01
-3.824067214790022540e+00 -4.181358380895394689e-03 -4.181358380895394689e-03 -6.307152481435810421e-01
-3.222579559251395054e-01 -8.599365648036043641e-01 -8.599365648036043641e-01 3.167090886442574527e-01
3.178795498919317453e+00 -1.091416732535952505e-01 -1.091416732535952505e-01 3.719426414649480012e-02
-2.390928874699647544e+00 7.743722350337984839e-01 7.743722350337984839e-01 6.821242894471455376e-01
-1.324972259338110803e+00 -1.141335983590364034e+00 -1.141335983590364034e+00 9.699371128176742518e-01
-3.255224423692594904e+00 1.914682385375776619e-02 1.914682385375776619e-02 -1.133873889681969033e-01
3.531601060784517188e-02 8.281342173775276816e-01 8.281342173775276816e-01 -3.530866992294522111e-02
-4.396060329737646377e+00 1.175038691123352352e+00 1.175038691123352352e+00 -9.503839019539407351e-01
-2.595244700150641126e+00 3.553199599752336901e-01 3.553199599752336901e-01 5.195702909507899925e-01
8.459477101574170987e-01 9.769279412416620456e-01 9.769279412416620456e-01 -7.485998010622469945e-01
-5.366025956471515812e+00 -6.315753811539744911e-01 -6.315753811539744911e-01 -7.938774897844929068e-01
5.598123243585563458e+00 3.310019876512564352e-01 3.310019876512564352e-01 6.327210735272045250e-01
-4.360209884002939518e+00 -4.707279670881844291e-01 -4.707279670881844291e-01 -9.386232757807075888e-01
-6.100853615536892427e+00 1.171415399945124003e+00 1.171415399945124003e+00 -1.813231047908221150e-01
3.304859477852506444e-02 1.950968242639854466e-01 1.950968242639854466e-01 -3.304257910821311456e-02
-4.477933658914754922e+00 9.036789374385747475e-01 9.036789374385747475e-01 -9.726410216412597620e-01
5.563015491166089177e+00 -1.006522889303861357e+00 -1.006522889303861357e+00 6.595123311152111256e-01
-4.610801794656132380e+00 -1.104442023531533090e+00 -1.104442023531533090e+00 -9.948444578840638375e-01
5.750418183388404714e+00 -7.940482562718413906e-01 -7.940482562718413906e-01 5.079188967034303781e-01
5.779006031131785903e+00 -9.367464790127293384e-01 -9.367464790127293384e-01 4.830890008076951792e-01
6.208483821475379472e+00 4.118716460050428907e-01 4.118716460050428907e-01 7.463202882082944911e-02
-2.089898351765855367e+00 7.836109027208382205e-01 7.836109027208382205e-01 8.682650156869500258e-01
6.106318917295210369e-01 8.349602977660919301e-02 8.349602977660919301e-02 -5.733852745003028550e-01
5.118627773839003581e+00 -1.181880801142243254e-01 -1.181880801142243254e-01 9.186135841979756744e-01
-4.981107660232728662e-01 9.515274993673650261e-01 9.515274993673650261e-01 4.777667252133973030e-01
-1.580287084717153512e+00 -9.987192016417676399e-01 -9.987192016417676399e-01 9.999549630950884671e-01
-9.837209334632692759e-01 2.486229209617587532e-01 2.486229209617587532e-01 8.325642602882639132e-01
-5.967053569680901504e+00 -1.445845345676022298e-01 -1.445845345676022298e-01 -3.108923245024692306e-01
-2.430025720792105659e+00 -1.057359126086143020e+00 -1.057359126086143020e+00 6.530212724147503867e-01
-8.449925158896220978e-02 -2.378094692489992612e-01 -2.378094692489992612e-01 8.439873163298292069e-02
-4.068341034962374536e+00 1.122955815773376775e+00 1.122955815773376775e+00 -7.996717784268169149e-01
-5.979684350503688961e-01 4.760267619524283234e-01 4.760267619524283234e-01 5.629645864298217228e-01
2.900848219450447019e+00 2.899601170253336413e-01 2.899601170253336413e-01 -2.384256576443921916e-01
4.151792991473596928e+00 -2.199330770868110907e-01 -2.199330770868110907e-01 8.469383794747895600e-01
-3.073796928112845439e+00 5.475808194311746480e-01 5.475808194311746480e-01 6.774380294288855076e-02
-2.698090080980316774e+00 9.563338853614522517e-01 9.563338853614522517e-01 4.291058042673270290e-01
-5.740085922858737533e-01 1.198219265244273801e+00 1.198219265244273801e+00 5.430025418330139964e-01
2.797991455855749265e+00 3.711001760760397339e-01 3.711001760760397339e-01 -3.368799683356963337e-01
-2.236022378119405296e+00 1.765327350678940199e-01 1.765327350678940199e-01 7.867772779899537827e-01
5.346781464338270951e+00 1.112612619442654660e+00 1.112612619442654660e+00 8.054319127434276249e-01
-1.541162494424411555e+00 7.308053596556340903e-01 7.308053596556340903e-01 9.995609501207470826e-01
2.442828313458990763e+00 3.208610903677175941e-01 3.208610903677175941e-01 -6.432721108675591992e-01
-1.873864732260219768e+00 6.369568208094413819e-01 6.369568208094413819e-01 9.544252174347311879e-01
2.022735441427119696e+00 -6.883334358163183397e-01 -6.883334358163183397e-01 -8.996019619349935326e-01
-2.790190526481394429e+00 7.708557329637948374e-01 7.708557329637948374e-01 3.442145899077522775e-01
-1.622730974531861214e+00 2.080814427406056932e-01 2.080814427406056932e-01 9.986516992770101409e-01
-3.091424724749475050e+00 -7.174986955578954717e-01 -7.174986955578954717e-01 5.014688753817699018e-02
2.837851916783602491e+00 8.958826000225694752e-01 8.958826000225694752e-01 -2.990917930728294039e-01
-4.020251165659281867e+00 -8.372980259932161218e-01 -8.372980259932161218e-01 -7.698834550786415321e-01
-3.628148756953053056e+00 1.738345407112134033e-01 1.738345407112134033e-01 -4.675844401049991106e-01
5.839903453256813037e+00 6.931692783964198412e-01 6.931692783964198412e-01 4.289064287286455390e-01
6.037543661330460054e-01 -8.828622031226998068e-01 -8.828622031226998068e-01 -5.677370988087716563e-01
5.812644515113799315e+00 -6.248118039934080770e-02 -6.248118039934080770e-02 4.533683721872630024e-01
3.993047492066699178e+00 -3.569017196361161659e-01 -3.569017196361161659e-01 7.522397786133208086e-01
2.923920391162720733e+00 2.619535910763519659e-01 2.619535910763519659e-01 -2.159574007488554159e-01
-3.149655088414248016e+00 1.111319938934102192e+00 1.111319938934102192e+00 -8.062347477857959022e-03
2.128296525018889440e+00 -2.353924721904194772e-01 -2.353924721904194772e-01 -8.485803225804070538e-01
-5.750844666434404395e+00 -5.309805477345919122e-02 -5.309805477345919122e-02 -5.075514759386795527e-01
1.648294676001809123e-01 -1.053199288656467614e+00 -1.053199288656467614e+00 -1.640841123135978741e-01
-4.440774852905819081e+00 -9.331651491390642317e-01 -9.331651491390642317e-01 -9.633391025037101318e-01
-1.982286837226716614e+00 1.334120837948671312e-01 1.334120837948671312e-01 9.165256729276022307e-01
2.869316102355897513e+00 -4.515082999606390146e-01 -4.515082999606390146e-01 -2.689248174246681722e-01
2.039749072535871122e+00 -7.734391118230525830e-01 -7.734391118230525830e-01 -8.920420862899327563e-01
-4.647239381185312546e+00 5.244841743469081941e-01 5.244841743469081941e-01 -9.978785154028817495e-01
-3.397498364313262353e+00 -1.495740381378656281e-01 -1.495740381378656281e-01 -2.531217280782173118e-01
-8.096856349539196529e-01 3.792794330095428101e-01 3.792794330095428101e-01 7.240703843780873505e-01
-3.228472898129421065e+00 1.176855470922755442e+00 1.176855470922755442e+00 -8.677098787318918149e-02
