1.055129572098630675e+00 -2.292912741005581623e-02 -2.292912741005581623e-02 -8.699641289492749952e-01
-3.922536391757191154e+00 -1.006523629683430343e+00 -1.006523629683430343e+00 -7.039500221553857129e-01
3.475785917362962607e+00 -1.088302095288401938e+00 -1.088302095288401938e+00 3.280071729614539855e-01
5.064893762987646042e+00 -8.249418064719191701e-01 -8.249418064719191701e-01 9.385108825022230317e-01
6.246783833697875821e+00 -1.334603648641947693e-01 -1.334603648641947693e-01 3.639343494745072433e-02
1.645305380965257136e+00 -1.115573959629467593e+00 -1.115573959629467593e+00 -9.972254843629164700e-01
1.855253667211167468e+00 -1.186745253316461080e+00 -1.186745253316461080e+00 -9.598140841350932817e-01
4.990145898801934266e-02 -7.104946129627498497e-01 -7.104946129627498497e-01 -4.988075116680520255e-02
-3.188796259174981884e-01 1.140953171526722931e+00 1.140953171526722931e+00 3.135028646500532257e-01
-2.641189294117034514e+00 8.997097895729757600e-01 8.997097895729757600e-01 4.797794808330758665e-01
1.324212735909464200e+00 6.257252200125271724e-01 6.257252200125271724e-01 -9.697519987124590957e-01
-1.113367379000517410e+00 -8.896345155811785643e-01 -8.896345155811785643e-01 8.971909484370922394e-01
-5.081483877828804729e+00 -3.873823270990196521e-01 -3.873823270990196521e-01 -9.326542627268524788e-01
-1.657543886580379322e+00 -3.671015081435108351e-01 -3.671015081435108351e-01 9.962397893321500719e-01
1.686094745981414178e+00 3.258157498191027734e-01 3.258157498191027734e-01 -9.933604974684234756e-01
-8.608764238014776637e-01 -3.982550381522781402e-01 -3.982550381522781402e-01 7.584140834916527352e-01
-4.036858398380352320e+00 -1.714830032058789477e-01 -1.714830032058789477e-01 -7.803752819859494094e-01
-5.892702589026195703e+00 -8.810936734231813450e-01 -8.810936734231813450e-01 -3.806348412041049012e-01
-4.235467586375659010e+00 1.115038978689957050e+00 1.115038978689957050e+00 -8.884123532864401929e-01
-1.916748204644613374e+00 6.522088827580829751e-02 6.522088827580829751e-02 9.407531043884436173e-01
-8.191234321735691992e-01 1.186027502689871005e+00 1.186027502689871005e+00 7.305475357469968234e-01
3.488951582076243341e+00 7.264592592009582184e-01 7.264592592009582184e-01 3.404156639273859808e-01
-1.721670047444617602e+00 -6.356116719257794978e-01 -6.356116719257794978e-01 9.886401333626045895e-01
4.012225163108107395e+00 -4.796931022835454472e-01 -4.796931022835454472e-01 7.647366430352201538e-01
3.563454169349245859e+00 1.459485691700996846e-01 1.459485691700996846e-01 4.094594750361812974e-01
-1.098887643187006269e+00 -5.070834132818924367e-01 -5.070834132818924367e-01 8.907022480673055798e-01
6.082634167309496576e+00 -1.109792383702349339e+00 -1.109792383702349339e+00 1.992094543606902912e-01
-6.222555828281324253e+00 -1.022356716387252451e+00 -1.022356716387252451e+00 -6.059234073389239972e-02
2.344036114984731967e+00 5.733297613598991038e-01 5.733297613598991038e-01 -7.156515751581525864e-01
-6.045812939458384605e+00 -9.148848834300749022e-01 -9.148848834300749022e-01 -2.351494897452075239e-01
-1.863784571796093914e+00 3.975919543262067535e-01 3.975919543262067535e-01 9.573851031091694663e-01
-2.043093922580485611e-02 -9.636682274030370365e-01 -9.636682274030370365e-01 2.042951786386781182e-02
5.514172601694291131e+00 1.049006989029193315e+00 1.049006989029193315e+00 6.954261101973066017e-01
4.748744411203137616e+00 -7.391948995879540352e-01 -7.391948995879540352e-01 9.993392141108271565e-01
1.517163451538449337e+00 4.444602672305353330e-02 4.444602672305353330e-02 -9.985621020697973416e-01
4.411530996272674088e+00 9.015619466961388717e-02 9.015619466961388717e-02 9.550825858854979922e-01
4.592053807634087548e+00 2.479920155408670279e-01 2.479920155408670279e-01 9.927684558183756947e-01
-3.259085053879529514e+00 -2.867135439177078693e-01 -2.867135439177078693e-01 -1.172222668720404731e-01
-1.441789227312846755e+00 -9.333174697701165368e-01 -9.333174697701165368e-01 9.916901187346708335e-01
-3.358634885356816646e+00 -1.061690661208849251e+00 -1.061690661208849251e+00 -2.153421942367203523e-01
-2.193801793947456780e+00 1.823422881139062923e-01 1.823422881139062923e-01 8.121285013907899586e-01
3.968222567740973261e+00 9.743994709550081179e-01 9.743994709550081179e-01 7.356527956505315435e-01
-2.121652225569863326e+00 9.619085732309293757e-01 9.619085732309293757e-01 8.520768424913747197e-01
1.329579219812382362e-01 1.127024277814299147e-01 1.127024277814299147e-01 -1.325665339602304371e-01
5.781066131093284710e+00 8.624919676571327631e-01 8.624919676571327631e-01 4.812842126637021933e-01
1.661572934326212447e+00 -3.312125501128206917e-01 -3.312125501128206917e-01 -9.958826323216782850e-01
-4.871539055793676631e+00 1.034170424571257962e+00 1.034170424571257962e+00 -9.873623352483634763e-01
2.138989654197880341e+00 -6.809154635234060393e-02 -6.809154635234060393e-02 -8.428745390570641094e-01
-5.429973936595059669e+00 -5.149318444408598205e-01 -5.149318444408598205e-01 -7.533959780214227742e-01
4.735638375566207259e+00 5.913130353881053125e-01 5.913130353881053125e-01 9.997297449856863416e-01
1.353098164919902757e+00 6.127251882544879624e-01 6.127251882544879624e-01 -9.763971927783736682e-01
-2.196544871718707270e+00 8.087901863241502287e-01 8.087901863241502287e-01 8.105249207533081757e-01
1.483811877765893072e+00 9.769445216451335678e-01 9.769445216451335678e-01 -9.962192375791343313e-01
1.732159357965914026e+00 -1.117080704705335714e+00 -1.117080704705335714e+00 -9.870092106992183201e-01
-6.139943708068859252e+00 -6.863394385823617938e-02 -6.863394385823617938e-02 -1.427522591590074108e-01
4.113614680437118309e+00 -1.815484261436228763e-02 -1.815484261436228763e-02 8.260270770780998584e-01
-3.909402770871140742e+00 -4.475167284080255881e-01 -4.475167284080255881e-01 -6.945614305273477562e-01
-5.238799067892694339e+00 3.303053863111653499e-01 3.303053863111653499e-01 -8.646163273785193448e-01
-1.786285820024239079e+00 3.861161315553418572e-01 3.861161315553418572e-01 9.768718450458431235e-01
-5.916915488200799267e+00 9.747671390059358121e-01 9.747671390059358121e-01 -3.581351744589393871e-01
5.533856896058475527e+00 5.018107367718174228e-01 5.018107367718174228e-01 6.811472122328185996e-01
5.954640578481365409e+00 -3.638727620346978719e-01 -3.638727620346978719e-01 3.226659374765518118e-01
3.497780280794541952e+00 1.183931074275904161e+00 1.183931074275904161e+00 3.487036943217257101e-01
2.744162517094750342e-02 -8.032782852080277980e-01 -8.032782852080277980e-01 -2.743818118095092337e-02
-3.940699990976699318e+00 -5.920169808541921874e-01 -5.920169808541921874e-01 -7.167338811390523423e-01
3.872845996166208948e+00 -6.467699112463032307e-03 -6.467699112463032307e-03 6.678030697826032869e-01
5.439354983276565747e+00 -7.785837386516918368e-01 -7.785837386516918368e-01 7.471942500707312584e-01
4.607826655693937568e+00 2.987951069996532816e-01 2.987951069996532816e-01 9.945383390047263239e-01
-1.770489592966897341e+00 7.562507122361730172e-01 7.562507122361730172e-01 9.801274703395310706e-01
5.468104074292378769e+00 -7.198538372087688320e-01 -7.198538372087688320e-01 7.277813112682829377e-01
-3.719726754836333082e+00 4.947696090303197458e-01 4.947696090303197458e-01 -5.464622290879214139e-01
-2.209635519875632781e+00 -9.502785680569303395e-02 -9.502785680569303395e-02 8.027884459280854035e-01
-4.136208630582514090e+00 4.446499142033417673e-01 4.446499142033417673e-01 -8.385498026900549684e-01
3.133869209413395751e-01 2.088703547396395521e-01 2.088703547396395521e-01 -3.082823590899841371e-01
6.091541084028778030e+00 -8.613968822680012627e-01 -8.613968822680012627e-01 1.904732730594542178e-01
1.285597507043818588e+00 -2.637155543171856298e-01 -2.637155543171856298e-01 -9.596057340359156473e-01
2.251054423006866756e+00 -4.340290890152287417e-02 -4.340290890152287417e-02 -7.774104037566371694e-01
-3.015540199574242131e+00 8.742574125400863760e-01 8.742574125400863760e-01 1.257189065629789049e-01
7.870451236303388498e-02 7.561819328444769894e-01 7.561819328444769894e-01 -7.862328298342359523e-02
-2.883058151145391879e+00 4.124233793485918564e-01 4.124233793485918564e-01 2.556640341846567188e-01
1.971076627070361909e+00 -5.201431545978169035e-01 -5.201431545978169035e-01 -9.209518037526216450e-01
-1.782305720232443491e+00 -5.189098815073294180e-01 -5.189098815073294180e-01 9.777151527304791534e-01
-2.315203281213547015e-01 -4.083006910964176450e-01 -4.083006910964176450e-01 2.294575518927765567e-01
2.119959938348344508e+00 4.318876939247431324e-01 4.318876939247431324e-01 -8.529613933780876289e-01
-3.965542197894407206e+00 1.482268274152833687e-01 1.482268274152833687e-01 -7.338345830775142575e-01
2.315026660877014919e+00 -8.037594177474347568e-01 -8.037594177474347568e-01 -7.356094963978720980e-01
-3.980704386576281451e-01 -6.380349024247402578e-01 -6.380349024247402578e-01 3.876403747811777434e-01
3.614926211396671363e+00 -3.686452415478929101e-01 -3.686452415478929101e-01 4.558558579304601288e-01
1.648948868926317424e+00 -7.775146836574946541e-01 -7.775146836574946541e-01 -9.969476441570681580e-01
-3.906258988963786205e+00 7.415123551498603582e-02 7.415123551498603582e-02 -6.922962602425726253e-01
2.560433291857197702e+00 -8.369784498462351507e-02 -8.369784498462351507e-02 -5.489933310568609892e-01
5.933577701789825909e+00 3.422073749754741545e-01 3.422073749754741545e-01 3.425291762767906922e-01
-5.826197175919623383e+00 6.834692269818933852e-01 6.834692269818933852e-01 -4.412473049355301602e-01
4.976066770080205259e+00 7.792421512679956752e-01 7.792421512679956752e-01 9.654379563070382142e-01
-8.737545985909154211e-01 1.002596966365436382e+00 1.002596966365436382e+00 7.667446088126383952e-01
3.354643547380430135e+00 2.771007145280759421e-01 2.771007145280759421e-01 2.114427934952189947e-01
5.452047759206504196e-01 3.323764541380462845e-01 3.323764541380462845e-01 -5.185931891120771908e-01
6.017755866249668628e+00 1.138331235784891815e+00 1.138331235784891815e+00 2.623236942072315059e-01
7.826760859783199464e-01 1.002840259682760360e+00 1.002840259682760360e+00 -7.051793644367223557e-01
-3.141381933201848664e+00 -1.948149986261571431e-01 -1.948149986261571431e-01 2.107203863851352739e-04
5.392570330677791901e+00 1.402292447248039142e-01 1.402292447248039142e-01 7.774586741659685885e-01
-2.772614252312245675e+00 5.874987769257604686e-01 5.874987769257604686e-01 3.606627790029802716e-01
-2.317377935228011054e-01 -4.119905550498464963e-01 -4.119905550498464963e-01 2.296692096005869543e-01
