-2.759022166327868231e+00 -9.004258965319769104e-01 -9.004258965319769104e-01 3.733063619903909669e-01
1.122246474640999914e+00 -3.737173076549860085e-02 -3.737173076549860085e-02 -9.010769196761267974e-01
2.912889849842173362e+00 -3.619982089030143735e-01 -3.619982089030143735e-01 -2.267142956798136044e-01
3.151797842575806641e+00 -4.592593256864373474e-01 -4.592593256864373474e-01 1.020501184886741380e-02
1.612378918665091199e+00 4.051118542148872681e-01 4.051118542148872681e-01 -9.991355685956703203e-01
-1.632570117673076915e+00 6.597519521390347030e-01 6.597519521390347030e-01 9.980926060474909489e-01
3.202683830477216276e+00 6.650357502618791106e-01 6.650357502618791106e-01 6.105318392290840640e-02
3.400221410903467856e-01 -5.272486088331995724e-02 -5.272486088331995724e-02 -3.335079656752946708e-01
-4.312886532914641080e+00 -5.325958833288413352e-01 -5.325958833288413352e-01 -9.212546360680698987e-01
-1.002875794473916393e+00 1.378084188194494963e-02 1.378084188194494963e-02 8.430213014899686774e-01
-3.419305800531422079e+00 -1.668677214120599661e-01 -1.668677214120599661e-01 -2.741571352835536768e-01
4.358379259257789684e+00 1.413691467862521201e-01 1.413691467862521201e-01 9.379902404057464116e-01
5.146155584818155049e-01 -7.668755784117226026e-01 -7.668755784117226026e-01 -4.922002359917622138e-01
4.854047486799544231e-01 -1.160217881037757914e+00 -1.160217881037757914e+00 -4.665663922692621091e-01
5.652428791908908678e+00 -9.005968798339698544e-01 -9.005968798339698544e-01 5.897558744448399004e-01
-4.519031007376595355e+00 1.140840082248687493e+00 1.140840082248687493e+00 -9.813645167112474699e-01
6.143209622138201098e+00 6.117394969452785158e-01 6.117394969452785158e-01 1.395190375420212736e-01
-1.481540512384958319e+00 -2.233872140895409864e-01 -2.233872140895409864e-01 9.960193435416186958e-01
-3.338104475023453865e+00 4.199318515418526410e-01 4.199318515418526410e-01 -1.952494818549542765e-01
-4.103797505356992836e+00 9.486248777549299849e-01 9.486248777549299849e-01 -8.204541026348698418e-01
3.118541586692028744e+00 -8.674131863929046560e-02 -8.674131863929046560e-02 -2.304902558145808036e-02
7.119249593453735869e-01 3.044534451908031958e-01 3.044534451908031958e-01 -6.532923782259757450e-01
3.404027612833624872e+00 9.556921104411288947e-01 9.556921104411288947e-01 2.594329076589469985e-01
-4.364656845201357882e+00 -1.705623983282329448e-01 -1.705623983282329448e-01 -9.401479423591023732e-01
-5.426041355611329386e+00 2.611948180651098017e-01 2.611948180651098017e-01 -7.559760815572194037e-01
2.536855291258504508e+00 2.894646605740502920e-02 2.894646605740502920e-02 -5.685460366117610631e-01
-1.506190446214964673e+00 6.487740607918981439e-01 6.487740607918981439e-01 9.979137658965309132e-01
4.816766400833564887e+00 5.867355673865570775e-01 5.867355673865570775e-01 9.945576208091198023e-01
5.134562523228378694e+00 6.483598951490210371e-01 6.483598951490210371e-01 9.122004993485274271e-01
-5.605741414750483820e+00 -2.448224654209860685e-01 -2.448224654209860685e-01 -6.268034125025501169e-01
9.850729467054000210e-01 1.001600551395913419e+00 1.001600551395913419e+00 -8.333124177513636655e-01
1.174106787379812111e+00 1.188125573613866726e+00 1.188125573613866726e+00 -9.223450987036129201e-01
1.554110788556546829e+00 -6.686479178203174056e-01 -6.686479178203174056e-01 -9.998607996364250461e-01
-1.945625386644611154e+00 5.202499539513023574e-01 5.202499539513023574e-01 9.305702189982115735e-01
-8.334475790958846275e-01 -5.313118936266914005e-02 -5.313118936266914005e-02 7.402536686150150702e-01
3.928380507193280025e+00 9.048825342488446832e-01 9.048825342488446832e-01 7.080887574427540132e-01
4.606935443467000013e+00 3.203376302938103493e-01 3.203376302938103493e-01 9.944449265483866762e-01
6.154401467517409685e+00 1.150760050031535142e+00 1.150760050031535142e+00 1.284281488019090867e-01
3.103120654756464702e+00 -1.000313672553898581e+00 -1.000313672553898581e+00 -3.846250916874425357e-02
3.105422149464722281e+00 -9.406432111266316287e-01 -9.406432111266316287e-01 -3.616261763019680553e-02
-6.084369705989980837e+00 -1.651637876151097473e-01 -1.651637876151097473e-01 -1.975084020308453259e-01
2.557469899444381412e+00 -8.358603095232632896e-01 -8.358603095232632896e-01 -5.514677994774241920e-01
8.652950309555542674e-01 -1.293186743173686537e-01 -1.293186743173686537e-01 -7.612865994176238882e-01
6.226375448477758923e-01 -8.835816599339948452e-01 -8.835816599339948452e-01 -5.831797779526212144e-01
-3.346850001472715608e+00 3.402010446211889416e-02 3.402010446211889416e-02 -2.038191124326987902e-01
-5.567788885238432073e+00 -6.107551675523820167e-01 -6.107551675523820167e-01 -6.559167007024794271e-01
-3.304616427843310777e+00 1.293230665233942034e-01 1.293230665233942034e-01 -1.623026261676960291e-01
-5.927475487919362962e+00 6.772363603953726052e-01 6.772363603953726052e-01 -3.482558371513906348e-01
1.507408014492114923e+00 5.206296040619275978e-01 5.206296040619275978e-01 -9.979916335479390721e-01
2.416797266023561264e+00 3.182779602671934605e-01 3.182779602671934605e-01 -6.629822764945194624e-01
4.751563841439999436e+00 -1.122176819245302992e+00 -1.122176819245302992e+00 9.992327632594288911e-01
-1.080004309144303676e+00 3.579700730699468814e-01 3.579700730699468814e-01 8.819598378986946985e-01
-6.052810521994031134e+00 8.422823636151655080e-03 8.422823636151655080e-03 -2.283424232558566858e-01
3.143406168673445578e+00 5.735072559871601250e-02 5.735072559871601250e-02 1.813514089593264026e-03
5.085436273379949412e+00 -1.159882586215184475e+00 -1.159882586215184475e+00 9.312210703486784036e-01
-6.087988409752820296e+00 -5.862115348657651603e-01 -5.862115348657651603e-01 -1.939596969668147541e-01
-5.901171536972824150e+00 6.160666644235046618e-02 6.160666644235046618e-02 -3.727898332330543685e-01
-3.262787446079430165e+00 2.819064288411745611e-01 2.819064288411745611e-01 -1.208983218621424854e-01
-6.247115713921629343e+00 -1.552657016891521025e-01 -1.552657016891521025e-01 -3.606177258305013483e-02
9.388524573184531263e-01 7.069880428434052178e-01 7.069880428434052178e-01 -8.068807619037863255e-01
-6.278133313398591042e+00 -4.938823482137887355e-01 -4.938823482137887355e-01 -5.051972290985453674e-03
3.553133937171070400e+00 -1.072813097596825083e+00 -1.072813097596825083e+00 4.000223972319064125e-01
-3.720824110325180900e+00 -3.254926311162469332e-01 -3.254926311162469332e-01 -5.473809172719077409e-01
-3.912705354868047269e+00 -1.586798970919185425e-01 -1.586798970919185425e-01 -6.969336276383538697e-01
-3.858344101868142584e+00 -3.472610121117066795e-01 -3.472610121117066795e-01 -6.569389172020525525e-01
4.009792877740405714e+00 -4.119326637897836596e-01 -4.119326637897836596e-01 7.631671565010973435e-01
4.298086954950793626e+00 -4.798054897791445006e-01 -4.798054897791445006e-01 9.153975138805893197e-01
3.153435628856895434e+00 -6.861308716304437283e-01 -6.861308716304437283e-01 1.184269842752907857e-02
-2.369461886693219999e+00 9.355856194736997811e-01 9.355856194736997811e-01 6.976633574746261557e-01
3.829658794416225476e+00 9.192684205532020147e-01 9.192684205532020147e-01 6.350445117063274747e-01
-5.792408426811726407e+00 -3.527853946996205581e-01 -3.527853946996205581e-01 -4.713112131564806129e-01
1.529273522329183344e+00 7.194636885537268878e-01 7.194636885537268878e-01 -9.991380522087863758e-01
9.645435258994403682e-01 -4.180560801283084160e-01 -4.180560801283084160e-01 -8.217889067177489570e-01
3.862792857549356640e+00 -1.734304095934171563e-01 -1.734304095934171563e-01 6.602865170494741642e-01
5.260305081895284118e+00 1.115973417866193307e+00 1.115973417866193307e+00 8.536118972980990538e-01
6.140131684509780641e+00 6.732709365041824601e-01 6.732709365041824601e-01 1.425662053669145835e-01
-7.829207953249284202e-02 6.209926344536078613e-01 6.209926344536078613e-01 7.821212020536234821e-02
1.087682717488911877e+00 -7.319100335791024481e-01 -7.319100335791024481e-01 -8.855528256535809550e-01
-1.976829484408630933e+00 -5.304218629032698695e-01 -5.304218629032698695e-01 9.186948232243242751e-01
5.648448612086628629e+00 -6.439144548340990371e-01 -6.439144548340990371e-01 5.929655144677177248e-01
2.421259607326215146e+00 -3.584243941627982544e-01 -3.584243941627982544e-01 -6.596350214864591388e-01
5.232710275463665184e+00 6.303170290682655885e-01 6.303170290682655885e-01 8.676594897445512045e-01
-2.988621171379740371e+00 1.266422317197419822e-01 1.266422317197419822e-01 1.523755840707784748e-01
4.879655458672367274e-01 -7.385999596268455480e-01 -7.385999596268455480e-01 -4.688298497179917979e-01
1.407825291109527477e+00 4.403157603991227909e-01 4.403157603991227909e-01 -9.867495868442197615e-01
5.953972509087337883e+00 8.579627978006316713e-01 8.579627978006316713e-01 3.232982017315498280e-01
2.510237585339609723e+00 8.623627346342399580e-01 8.623627346342399580e-01 -5.902391491323163430e-01
-6.033364177485651680e+00 1.068740255999879318e+00 1.068740255999879318e+00 -2.472306456362316773e-01
-3.713962564113822751e+00 2.294590406463492549e-01 2.294590406463492549e-01 -5.416257614330172165e-01
5.515210132258378195e+00 6.192472788352798574e-02 6.192472788352798574e-02 6.946801690447763633e-01
-6.173363218544292153e-01 -6.205950048825628063e-01 -6.205950048825628063e-01 5.788651915690873340e-01
2.771041454839195950e-01 -5.188755961275016704e-01 -5.188755961275016704e-01 -2.735714169679313024e-01
-1.897677820688450367e+00 8.344811237698503970e-01 8.344811237698503970e-01 9.470482718881060302e-01
5.231449873699213882e+00 4.616642918961813002e-01 4.616642918961813002e-01 8.682854203942812488e-01
1.022386432902451681e+00 -1.152539761160773724e+00 -1.152539761160773724e+00 -8.533545720870967521e-01
4.101751303330559040e+00 -7.058908920267437104e-02 -7.058908920267437104e-02 8.192825467883114721e-01
-3.852418422212153359e+00 1.035994325714268971e-01 1.035994325714268971e-01 -6.524597801512566075e-01
-1.238044067202790366e+00 -4.312336180271248987e-01 -4.312336180271248987e-01 9.451469110198261747e-01
-8.765386462230173592e-01 -2.997815558546135239e-01 -2.997815558546135239e-01 7.685288606882308970e-01
3.345310876358533747e+00 9.263951307968432136e-01 9.263951307968432136e-01 2.023120549448383931e-01
-4.585730544888763305e+00 8.229596164628396604e-01 8.229596164628396604e-01 -9.919895378467852298e-01
-3.143469061222033734e+00 9.515786422404137745e-02 9.515786422404137745e-02 -1.876406531131664859e-03
-8.970022538979298687e-01 -3.134401785314249178e-01 -3.134401785314249178e-01 7.814599638852052221e-01
-5.204511463731877896e-01 -9.374810059353969605e-01 -9.374810059353969605e-01 4.972716007401860039e-01
2.053866435352594166e+00 4.189536570321852338e-01 4.189536570321852338e-01 -8.855730325962538618e-01
1.992651520647275021e-01 -7.585117402866670133e-01 -7.585117402866670133e-01 -1.979490773178584628e-01
5.901114212312364771e+00 7.367385234273471362e-02 7.367385234273471362e-02 3.728430250789375733e-01
4.524244634676655608e+00 8.046518459759182118e-01 8.046518459759182118e-01 9.823530009930225848e-01
6.402342035770711703e-01 6.014983660204207272e-01 6.014983660204207272e-01 -5.973832786778471293e-01
-3.166303687813013745e+00 2.726128668068055205e-01 2.726128668068055205e-01 -2.470851939539868078e-02
-5.454293795516789167e+00 -4.220675282461280320e-01 -4.220675282461280320e-01 -7.371828259888563162e-01
-5.939022660819143873e+00 -9.754149700380461141e-01 -9.754149700380461141e-01 -3.374085458193672449e-01
-4.398043536264646391e-01 5.003060881241212510e-01 5.003060881241212510e-01 4.257624455333201552e-01
-4.301090792157697962e+00 8.027676336432711945e-01 8.027676336432711945e-01 -9.166025802168018544e-01
-3.189205782322670490e+00 -1.065261504811403137e+00 -1.065261504811403137e+00 -4.759514086521726695e-02
4.568401678225241014e+00 -3.430521386812993567e-01 -3.430521386812993567e-01 9.896517256216581515e-01
-4.559886652865140277e+00 3.453495463479907546e-01 3.453495463479907546e-01 -9.883940395107916332e-01
2.247313585939107128e+00 -1.169750959128296852e+00 -1.169750959128296852e+00 -7.797579217053012268e-01
-4.858888699537970979e+00 4.152985301198928170e-01 4.152985301198928170e-01 -9.892880951121597599e-01
5.436154914615311640e+00 6.103342813831167391e-01 6.103342813831167391e-01 7.493172045570334339e-01
4.877854655251807614e-01 2.264942971943466610e-01 2.264942971943466610e-01 -4.686707792220384805e-01
-3.793768576082571009e+00 -7.968400963209241183e-01 -7.968400963209241183e-01 -6.069171883436136339e-01
-1.039178501482360240e+00 -1.158404431404593815e-01 -1.158404431404593815e-01 8.619880770982348839e-01
1.532083962354920281e+00 3.271347020543604600e-01 3.271347020543604600e-01 -9.992507699960297973e-01
-1.042732241744007915e+00 -1.063285441241201390e+00 -1.063285441241201390e+00 8.637841226566750352e-01
-1.944049432628603746e+00 1.019290035686467144e+00 1.019290035686467144e+00 9.311460411448020391e-01
1.550188934070054536e+00 -7.137548994728097895e-01 -7.137548994728097895e-01 -9.997876751966044973e-01
-4.267600036579003664e+00 7.087228017735427432e-01 7.087228017735427432e-01 -9.027014960942180144e-01
-2.927059327100417718e+00 6.848037642615634191e-02 6.848037642615634191e-02 2.128914760818041430e-01
-1.617370296147586650e+00 -1.100459809016402613e+00 -1.100459809016402613e+00 9.989156287229012943e-01
5.094432203324036124e+00 -2.336235547801939205e-01 -2.336235547801939205e-01 9.279048244167522608e-01
-5.041594486955780496e-01 -4.268891673245529539e-01 -4.268891673245529539e-01 4.830716404531304464e-01
-2.755490072276067792e-01 -7.399782266162637789e-01 -7.399782266162637789e-01 2.720752743957630115e-01
5.069297974049867150e+00 5.935699447966156228e-01 5.935699447966156228e-01 9.369812329052765731e-01
-2.872548286108704829e-01 -8.918611510017626642e-02 -8.918611510017626642e-02 2.833206072754761440e-01
1.609452974808325720e+00 1.699181588192733017e-02 1.699181588192733017e-02 -9.992529248209394144e-01
4.459779078209162861e+00 1.058913206048572864e-01 1.058913206048572864e-01 9.682634223972919063e-01
-6.053368036174283873e+00 -3.871007388439687835e-01 -3.871007388439687835e-01 -2.277996026485768488e-01
-5.378729833899951629e+00 -8.401644361985857179e-01 -8.401644361985857179e-01 -7.860886920750350670e-01
3.395920092773309307e+00 -1.727100732761517321e-01 -1.727100732761517321e-01 2.515945392171165529e-01
-2.380230793038252912e+00 1.141542491542884008e-01 1.141542491542884008e-01 6.899079315159256653e-01
4.134095908792811969e+00 1.169582819540223584e+00 1.169582819540223584e+00 8.373968685265663625e-01
-1.715923966632182385e-01 8.589530508909450912e-01 8.589530508909450912e-01 1.707515757977710602e-01
-6.165707611735117055e+00 6.587454384361910442e-01 6.587454384361910442e-01 -1.172076633936502549e-01
1.310804187335166127e+00 3.749503961211153591e-01 3.749503961211153591e-01 -9.663919988966881425e-01
3.618225462959767214e+00 -1.954127381661632246e-01 -1.954127381661632246e-01 4.587898823750561350e-01
3.100162476196439698e-01 -8.679487444969282706e-01 -8.679487444969282706e-01 -3.050741095567950367e-01
-4.704329147302804159e+00 3.824278468688753208e-01 3.824278468688753208e-01 -9.999675197211757016e-01
7.353406659663805911e-01 1.312015458904001175e-01 1.312015458904001175e-01 -6.708398332115882434e-01
-4.932374241964649464e+00 -1.092371196986188453e+00 -1.092371196986188453e+00 -9.759006655844628675e-01
-9.211022821910681557e-01 7.028536271445302575e-01 7.028536271445302575e-01 7.962689213325054860e-01
-1.226571770201394962e+00 -6.794604297316911845e-01 -6.794604297316911845e-01 9.413374220235104506e-01
6.156958355684571060e+00 -1.031199740122739295e+00 -1.031199740122739295e+00 1.258920176476616692e-01
2.911987478839760612e+00 2.382474135792722603e-01 2.382474135792722603e-01 -2.275930776980200909e-01
3.819685214843012488e+00 1.154216821801395509e+00 1.154216821801395509e+00 6.273087087100801540e-01
3.807148323364462073e+00 -5.516881343456825348e-02 -5.516881343456825348e-02 6.174963033139277968e-01
-3.455249794248045792e+00 4.783382968723541850e-01 4.783382968723541850e-01 -3.085394064702904893e-01
3.482725169615914496e-01 -2.898841966751430910e-02 -2.898841966751430910e-02 -3.412745461970768668e-01
5.773421951418463038e+00 3.143020808148730971e-01 3.143020808148730971e-01 4.879707032560057223e-01
3.082963383233998655e+00 2.717069077062232996e-01 2.717069077062232996e-01 -5.859568750379524904e-02
1.589597610565641972e+00 -1.964732790592420564e-01 -1.964732790592420564e-01 -9.998232610706395684e-01
1.716621517976006928e+00 -1.053511965312789345e+00 -1.053511965312789345e+00 -9.893863351098954872e-01
5.094310121107298528e+00 -1.013485031202272291e+00 -1.013485031202272291e+00 9.279503318475247342e-01
-2.887648143451774452e+00 7.398672328929121189e-01 7.398672328929121189e-01 2.512239095175080039e-01
4.332060804334224358e+00 1.174416134799931344e+00 1.174416134799931344e+00 9.285428583556391002e-01
-2.178444412220478910e+00 4.945243304062396650e-01 4.945243304062396650e-01 8.209930849906206252e-01
-4.913215114596609645e+00 -8.586689926253119332e-01 -8.586689926253119332e-01 -9.799021158822908140e-01
-2.946227570103197912e+00 4.483397439767804471e-01 4.483397439767804471e-01 1.941246863450025173e-01
4.760543116692369736e+00 -1.180961097133144566e+00 -1.180961097133144566e+00 9.988408135996689197e-01
2.725377665542746186e+00 8.979022454352680871e-01 8.979022454352680871e-01 -4.043014879094971037e-01
9.326645770342922859e-01 -1.623465725655743874e-01 -1.623465725655743874e-01 -8.032100679608963345e-01
-3.112366485364775670e+00 5.349964645349127856e-01 5.349964645349127856e-01 2.922200772200508889e-02
5.991132160510792559e+00 -9.516970653206366926e-01 -9.516970653206366926e-01 2.879190362405921744e-01
2.234311897326993090e+00 2.870081744845771610e-01 2.870081744845771610e-01 -7.878318985545454955e-01
5.906445379040787813e+00 8.645687938154764662e-01 8.645687938154764662e-01 3.678909902464739257e-01
-2.294821015220135596e+00 1.157978267939748784e+00 1.157978267939748784e+00 7.491458295379690435e-01
-4.986009051484659338e+00 1.084600728238704903e-02 1.084600728238704903e-02 -9.627989966486369955e-01
-3.174315022710444190e+00 -6.941651940751071281e-01 -6.941651940751071281e-01 -3.271652983505992512e-02
2.473289960918879871e+00 -6.942422590000302263e-01 -6.942422590000302263e-01 -6.196547069329382262e-01
-5.001826934704507011e+00 9.007985432508938128e-01 9.007985432508938128e-01 -9.584044423647076760e-01
5.821528624131090623e+00 6.402590093690450068e-01 6.402590093690450068e-01 4.454319720401203053e-01
2.398881414656420574e+00 -8.477964461656941619e-01 -8.477964461656941619e-01 -6.762875956008677081e-01
8.652126757599587492e-01 4.005307901169219420e-02 4.005307901169219420e-02 -7.612331964473278978e-01
2.839974442012287881e+00 5.597881625434260044e-01 5.597881625434260044e-01 -2.970657556279464595e-01
2.390473892512545717e+00 1.138568325391206004e+00 1.138568325391206004e+00 -6.824569183012536566e-01
-2.891171380107639521e+00 -8.579559893619728150e-01 -8.579559893619728150e-01 2.478121143986890818e-01
-1.297258178273785312e+00 7.604042610998924534e-01 7.604042610998924534e-01 9.628211304223993627e-01
5.754009536305995098e+00 -8.696094217305523344e-01 -8.696094217305523344e-01 5.048220188494265681e-01
1.472086400145108165e+00 1.016294916285060301e+00 1.016294916285060301e+00 -9.951321296853251619e-01
-6.245260545799680152e+00 -9.268887445262236069e-01 -9.268887445262236069e-01 -3.791567091513126792e-02
4.071628114311685920e+00 -1.027171115592552031e+00 -1.027171115592552031e+00 8.016411400043529367e-01
-4.637030405973911584e+00 4.817424875580911259e-01 4.817424875580911259e-01 -9.971618861300695080e-01
-4.149033313339097973e+00 -1.902767641545977106e-02 -1.902767641545977106e-02 -8.454678600850831227e-01
3.797068166838293735e+00 8.528553902288875666e-01 8.528553902288875666e-01 6.095362792423467679e-01
4.553377303887156557e+00 3.461568477096763630e-01 3.461568477096763630e-01 9.873842591244158529e-01
-5.612611788312891647e+00 9.954928481806419871e-01 9.954928481806419871e-01 -6.214354213968620311e-01
-2.637720754816607283e+00 -4.176787024584338592e-01 -4.176787024584338592e-01 4.828198472854529633e-01
3.139812133662431393e+00 -1.125367018906685113e+00 -1.125367018906685113e+00 -1.780518986579418669e-03
-8.951179726718114793e-01 -5.546591466896498845e-01 -5.546591466896498845e-01 7.802828698669171947e-01
-2.666893748830831967e+00 -1.145003684826283674e+00 -1.145003684826283674e+00 4.570706646458571609e-01
-4.480878122948015019e+00 -1.138191642224199773e+00 -1.138191642224199773e+00 -9.733208423104345863e-01
-2.510153396250649038e+00 -1.853936120530537135e-01 -1.853936120530537135e-01 5.903071068670416865e-01
4.167672625017697641e-01 -1.173867038871650337e+00 -1.173867038871650337e+00 -4.048065506771488242e-01
-2.318298953334005041e+00 -4.321131886135718414e-01 -4.321131886135718414e-01 7.333888919289771602e-01
-1.078455105519969592e+00 1.883989914940813470e-01 1.883989914940813470e-01 8.812286021028220562e-01
-3.500579501519700987e+00 -1.237659796184731320e-02 -1.237659796184731320e-02 -3.513258468323022798e-01
-3.052141535780827031e+00 -1.808421217647846468e-01 -1.808421217647846468e-01 8.933187496826873464e-02
-1.224778469424565586e-01 8.669079320803063649e-01 8.669079320803063649e-01 1.221718651145431017e-01
-3.426726916773940701e+00 8.642038737495294498e-02 8.642038737495294498e-02 -2.812862959899400939e-01
-6.547892614809809331e-01 4.172376192404823048e-01 4.172376192404823048e-01 6.089921040581712797e-01
8.732925461856364535e-01 -7.806328492142221576e-01 -7.806328492142221576e-01 -7.664479113900383167e-01
-2.954107962596627779e+00 4.735392462344183429e-01 4.735392462344183429e-01 1.863882560497621965e-01
-6.094451228924153696e+00 -7.332820571330771475e-01 -7.332820571330771475e-01 -1.876156034654092031e-01
1.070182357493267844e-01 9.864461751767239495e-01 9.864461751767239495e-01 -1.068140744547028259e-01
-1.534050005615146262e+00 4.378889034403570246e-01 4.378889034403570246e-01 9.993249299068250879e-01
5.884348504953759829e+00 6.419396852712313528e-01 6.419396852712313528e-01 3.883467030050114510e-01
2.250245365763300143e+00 -7.450759131985744688e-01 -7.450759131985744688e-01 -7.779190411673450045e-01
-2.359086794931509079e+00 -5.918495172328808174e-01 -5.918495172328808174e-01 7.050586581207630710e-01
5.642505497656538083e+00 -7.861002257627092149e-02 -7.861002257627092149e-02 5.977405756607595544e-01
-1.409184707145155535e+00 -5.722810756008308575e-01 -5.722810756008308575e-01 9.869692410631664137e-01
4.729845582976494711e+00 4.049586484961569255e-01 4.049586484961569255e-01 9.998476373821942875e-01
-3.011969301928198117e+00 -4.749678449037640915e-01 -4.749678449037640915e-01 1.292606632936249000e-01
-1.760464693201688746e-01 -1.032823186522791037e-01 -1.032823186522791037e-01 1.751385281845042607e-01
3.777861583689956504e+00 -7.045102586653606558e-01 -7.045102586653606558e-01 5.941986162278141137e-01
-4.000970909026695388e+00 -1.998624903103294326e-01 -1.998624903103294326e-01 -7.574367669946260317e-01
3.190302274364917423e+00 3.317249054888002924e-01 3.317249054888002924e-01 4.869036143185949406e-02
-4.097193929204939522e+00 1.128145943014646768e-02 1.128145943014646768e-02 -8.166608949240400372e-01
-4.438537939457103398e+00 -5.914038015080919086e-01 -5.914038015080919086e-01 -9.627365586243687989e-01
-5.817462443232633618e+00 -2.432182561862911152e-01 -2.432182561862911152e-01 -4.490687956164608474e-01
-4.486121069274911832e+00 -9.419786971555974553e-01 -9.419786971555974553e-01 -9.745104445708195895e-01
5.824112669075294235e-01 1.070765749096236563e+00 1.070765749096236563e+00 -5.500392763826852383e-01
5.629359698354138075e+00 1.062630181039078137e+00 1.062630181039078137e+00 6.082274749812103254e-01
9.313892996614994146e-01 3.464666034167831477e-01 3.464666034167831477e-01 -8.024497375411510092e-01
-2.186676515972262536e+00 6.683231068310280243e-02 6.683231068310280243e-02 8.162652979286445509e-01
2.631237800894387746e+00 -1.155930013899104658e-01 -1.155930013899104658e-01 -4.884869118816009825e-01
-1.677068901079600494e+00 -1.131621961220238726e+00 -1.131621961220238726e+00 9.943583826135423687e-01
3.086768000233160336e+00 -2.903774596891128823e-02 -2.903774596891128823e-02 -5.479719268444616098e-02
-3.642060805083712882e+00 -6.256423021499888382e-01 -6.256423021499888382e-01 -4.798363276397377697e-01
9.258837361996814508e-01 8.036497143163161549e-01 8.036497143163161549e-01 -7.991523142878297348e-01
-5.453802676142430528e+00 2.422901954583358552e-01 2.422901954583358552e-01 -7.375145831591722878e-01
-1.968569209127558395e+00 -1.609475790380086035e-01 -1.609475790380086035e-01 9.219259895012897887e-01
2.658098511038243572e+00 -4.908425144268070417e-01 -4.908425144268070417e-01 -4.648756370020929451e-01
-5.924603927788831825e-01 -4.519129974744445777e-01 -4.519129974744445777e-01 5.584037773226889767e-01
-2.295091652571357610e+00 4.966949885970264322e-01 4.966949885970264322e-01 7.489665305410664331e-01
1.489285404646920163e+00 -1.029795838871070623e+00 -1.029795838871070623e+00 -9.966798236755111118e-01
-1.058948035914424324e-01 -1.218077913920698752e-01 -1.218077913920698752e-01 1.056970022687858529e-01
2.126643259273075515e+00 -2.355217824771902446e-01 -2.355217824771902446e-01 -8.494538501135939779e-01
1.530662251188580569e+00 -6.505953793160879073e-03 -6.505953793160879073e-03 -9.991947360858222105e-01
5.124765144970119479e+00 7.875248657556288556e-01 7.875248657556288556e-01 9.161710732359501508e-01
1.467480113818774967e+00 -6.684430662395309808e-01 -6.684430662395309808e-01 -9.946676258541299331e-01
5.042990541833942686e+00 2.968089863944842755e-01 2.968089863944842755e-01 9.458472405712741171e-01
4.913689096876700191e+00 1.082725484204860811e+00 1.082725484204860811e+00 9.798074563360148481e-01
3.176219963119510936e+00 -9.101587576578487049e-01 -9.101587576578487049e-01 3.462038996206542180e-02
4.346097913251549372e+00 -2.181820033995361952e-01 -2.181820033995361952e-01 9.336621372663876928e-01
1.662572520336191850e+00 1.904652967133593222e-01 1.904652967133593222e-01 -9.957915203503014956e-01
-1.793601093685019521e+00 1.142504521122594374e+00 1.142504521122594374e+00 9.752815283596969476e-01
-4.069037858761094029e+00 8.350545418643429141e-01 8.350545418643429141e-01 -8.000899833030152841e-01
1.077682788762279742e+00 -3.116299738710281986e-01 -3.116299738710281986e-01 -8.808632726592043882e-01
-3.052757224607045128e+00 6.026904968926496409e-01 6.026904968926496409e-01 8.871863082497370712e-02
4.331748683457927740e+00 8.631622885660823474e-01 8.631622885660823474e-01 9.284269459890713838e-01
-1.813262299152137658e+00 5.928115896718684219e-01 5.928115896718684219e-01 9.707488539789324022e-01
-4.997212947920365522e+00 7.929589680896145243e-01 7.929589680896145243e-01 -9.597111306274367371e-01
-1.154386982321716992e+00 5.071548435275681221e-01 5.071548435275681221e-01 9.145471783571210711e-01
3.420289992326438266e+00 -1.341189431601252924e-01 -1.341189431601252924e-01 2.751034847492014879e-01
7.067356237618840353e-01 6.901244151660173021e-01 6.901244151660173021e-01 -6.493547239134878080e-01
7.504257284633899516e-01 6.696954817950384609e-02 6.696954817950384609e-02 -6.819501990200359520e-01
5.222663420843993265e+00 9.056651392675501011e-01 9.056651392675501011e-01 8.726104991930813126e-01
8.557756434950460900e-01 -6.801187000109294445e-01 -6.801187000109294445e-01 -7.550796807184230186e-01
4.686280792231345416e+00 -4.873269941114291015e-01 -4.873269941114291015e-01 9.996592006148042886e-01
-1.979779918811744643e+00 6.628505354774727465e-02 6.628505354774727465e-02 9.175254987180401223e-01
-1.015431679681459087e+00 1.142373763994171787e+00 1.142373763994171787e+00 8.497082354161502593e-01
-1.120777631472209990e+00 1.140533621849548984e+00 1.140533621849548984e+00 9.004389703742996520e-01
5.069016553627797350e+00 -4.691568289905113653e-01 -4.691568289905113653e-01 9.370795183811007067e-01
-1.321032008609958730e+00 2.531496024742432294e-01 2.531496024742432294e-01 9.689707034147108100e-01
-2.321702277232448264e+00 1.026837582780025793e+00 1.026837582780025793e+00 7.310710377599911602e-01
-4.439339655196414824e+00 -1.187424389636482003e+00 -1.187424389636482003e+00 -9.629530659854453889e-01
4.711906996685575777e+00 -3.767325364070243099e-01 -3.767325364070243099e-01 9.999998838458591388e-01
5.489849989225252358e+00 -1.110929605214413307e+00 -1.110929605214413307e+00 7.126968648794114181e-01
6.163450208902961691e+00 -7.212106892674527980e-01 -7.212106892674527980e-01 1.194492063730980130e-01
2.343639777168577965e+00 1.162520280464425459e+00 1.162520280464425459e+00 -7.159283440465633586e-01
-1.245657416642648840e+00 -2.504409325159540067e-02 -2.504409325159540067e-02 9.476063620399522991e-01
3.779267710232387500e+00 1.134690220638372216e+00 1.134690220638372216e+00 5.953290018101753400e-01
-2.332612236602308542e+00 -1.104336176074913745e+00 -1.104336176074913745e+00 7.235837971363903165e-01
-3.492833521854105783e+00 7.207973898633641685e-01 7.207973898633641685e-01 -3.440631809549423714e-01
-4.205283183568408134e+00 -3.515163295968229962e-01 -3.515163295968229962e-01 -8.741537345841542406e-01
5.657079956192752945e+00 -4.445623504223604749e-01 -4.445623504223604749e-01 5.859933142062331290e-01
-1.913030626596299300e+00 6.414828202122395684e-01 6.414828202122395684e-01 9.420072028448178703e-01
2.488860786849022233e+00 -7.684936855368613706e-01 -7.684936855368613706e-01 -6.073589396023623133e-01
-1.085905135210834871e+00 -3.944068772048404670e-01 -3.944068772048404670e-01 8.847256712645635846e-01
-6.125402207073595839e+00 5.761861035817719134e-01 5.761861035817719134e-01 -1.571292328509880099e-01
5.218491010675174735e+00 1.389887861850538364e-01 1.389887861850538364e-01 8.746407726432711138e-01
-6.281748030835880847e+00 3.938461328515043824e-01 3.938461328515043824e-01 -1.437275848860229948e-03
-3.623787969104250273e+00 4.139276271689613651e-01 4.139276271689613651e-01 -4.637252949414295555e-01
3.205457317406684936e+00 3.546495196499548364e-01 3.546495196499548364e-01 6.382125858581413902e-02
5.953739533993136490e+00 -1.166178493938136773e+00 -1.166178493938136773e+00 3.235186566204540370e-01
-2.932504555810409475e+00 4.114300105950559061e-01 4.114300105950559061e-01 2.075679447326980731e-01
1.091179940367240420e+00 4.698341142524147251e-01 4.698341142524147251e-01 -8.871720022692953789e-01
2.431821970475569472e-01 -1.760660201564554495e-01 -1.760660201564554495e-01 -2.407924065138240532e-01
-4.581348085649188384e+00 -7.483337759284290902e-01 -7.483337759284290902e-01 -9.914264210828666046e-01
1.466307799034086479e+00 -8.413276825467299602e-01 -8.413276825467299602e-01 -9.945460386219447946e-01
-5.447063223108378871e+00 -6.713184292950536980e-01 -6.713184292950536980e-01 -7.420491626830898468e-01
5.871967542101018012e+00 1.226092180487321492e-01 1.226092180487321492e-01 3.997258698600698601e-01
-2.961925186791160680e+00 -5.428567100205393681e-01 -5.428567100205393681e-01 1.787024028406501153e-01
2.367670758138556764e+00 6.713863091582397136e-01 6.713863091582397136e-01 -6.989454482860084639e-01
-2.974500507674683547e+00 2.732906153790062298e-01 2.732906153790062298e-01 1.663157011454747536e-01
-1.285830788873274066e+00 7.384761818693026392e-01 7.384761818693026392e-01 9.596713413576583029e-01
3.765076420693155512e+00 1.575890701054261100e-01 1.575890701054261100e-01 5.838669918937186010e-01
-3.970844916705902783e+00 8.560859916427012717e-01 8.560859916427012717e-01 -7.374265353665777623e-01
5.426926845585763104e+00 -4.276108800714132352e-01 -4.276108800714132352e-01 7.553961441917150799e-01
5.841352308862804321e+00 -9.337911143178224682e-01 -9.337911143178224682e-01 4.275971568599644113e-01
3.862406318192364907e+00 -8.775873392263292549e-01 -8.775873392263292549e-01 6.599961713409605579e-01
-4.758338470714392088e+00 -7.748132053477982950e-01 -7.748132053477982950e-01 -9.989445078987622129e-01
-5.934049448639170166e+00 -1.623093619200766113e-04 -1.623093619200766113e-04 -3.420859286214805728e-01
2.146195241815073373e+00 -2.192706599681703006e-01 -2.192706599681703006e-01 -8.389752917882350447e-01
9.109175723150713111e-01 9.321274425489260995e-01 9.321274425489260995e-01 -7.900665633621973827e-01
3.859197705740850637e+00 1.901207986868991284e-02 1.901207986868991284e-02 6.575822471386681967e-01
-5.403261097991915562e+00 1.041366259955730511e+00 1.041366259955730511e+00 -7.706905864825629449e-01
-1.898799435150588799e+00 -7.225249837750399307e-01 -7.225249837750399307e-01 9.466875357067806585e-01
1.539328907041141115e+00 1.003820613916938997e+00 1.003820613916938997e+00 -9.995049415995503894e-01
-5.298146472291652920e+00 -5.012305426741726633e-01 -5.012305426741726633e-01 -8.332935601744138054e-01
3.064006047670275734e+00 -7.762823177350006709e-01 -7.762823177350006709e-01 -7.750878823676882190e-02
3.727043247862411590e+00 -1.044624039740282617e+00 -1.044624039740282617e+00 5.525749921504741202e-01
1.025131934446909199e+00 -7.250630379273537152e-02 -7.250630379273537152e-02 -8.547826690595442534e-01
3.740239519757940556e+00 -3.419731984069406261e-01 -3.419731984069406261e-01 5.635251672707043413e-01
6.637805607491147342e-01 -2.517675146640643291e-01 -2.517675146640643291e-01 -6.160990769576378812e-01
5.428321116579063244e+00 -1.767644298330464103e-01 -1.767644298330464103e-01 7.544817885344012875e-01
-2.228256310718170319e+00 -7.857489117124980549e-01 -7.857489117124980549e-01 7.915470080958977306e-01
5.161923634840032804e+00 8.884601908929063985e-01 8.884601908929063985e-01 9.006494141244281160e-01
5.133804115451354733e+00 -8.163992391741758947e-01 -8.163992391741758947e-01 9.125109901098641396e-01
-3.728527177037691764e+00 6.220705183611472400e-01 6.220705183611472400e-01 -5.538111836332905158e-01
2.044797468606533997e+00 -5.552397026250562861e-01 -5.552397026250562861e-01 -8.897490941685248789e-01
3.752371606677618487e+00 1.081808227346405582e+00 1.081808227346405582e+00 5.735057535915570881e-01
1.030620580847751988e+00 8.111471089145505520e-01 8.111471089145505520e-01 -8.576183108016063317e-01
5.789427993618838642e-01 4.042948022147567766e-01 4.042948022147567766e-01 -5.471393218535488545e-01
4.958773580485065224e+00 -5.548239954913603000e-02 -5.548239954913603000e-02 9.698005516348521260e-01
-6.107864670514956629e+00 -3.703228291787944437e-01 -3.703228291787944437e-01 -1.744238680713494638e-01
-5.655451628593879398e+00 -5.421125395995548546e-01 -5.421125395995548546e-01 -5.873119964786965852e-01
2.142157910608846194e+00 -1.043107883898656718e+00 -1.043107883898656718e+00 -8.411654407218512874e-01
-5.282574504255586945e+00 -6.523062399588380744e-01 -6.523062399588380744e-01 -8.418008460475621124e-01
-5.953713073555842783e+00 -3.830897021628786314e-01 -3.830897021628786314e-01 -3.235436939495759945e-01
6.249543253762825046e+00 5.503654064666960721e-01 5.503654064666960721e-01 3.363570783182912721e-02
-2.207126424875175630e+00 2.307190612214071734e-02 2.307190612214071734e-02 8.042820002824135894e-01
1.162538429137960350e+00 4.523935630774049699e-01 4.523935630774049699e-01 -9.178138490155283158e-01
-5.214488228501059197e+00 -1.168472743384626478e+00 -1.168472743384626478e+00 -8.765741957872941192e-01
5.372231262075125358e+00 -6.871362296890052290e-01 -6.871362296890052290e-01 7.900889214248688619e-01
3.635191252394340822e+00 -4.499966916190811794e-01 -4.499966916190811794e-01 4.737979960094088616e-01
4.775199326910286146e+00 -4.073353523398056675e-01 -4.073353523398056675e-01 9.980280786046712427e-01
-2.483962150695224746e+00 -6.599775934724938509e-03 -6.599775934724938509e-03 6.112432482426621849e-01
-2.331476298628368138e+00 -9.741593412008653363e-01 -9.741593412008653363e-01 7.243673960306575843e-01
-4.649198079485379331e+00 4.579757330877476385e-02 4.579757330877476385e-02 -9.980041192986524035e-01
5.624065865634937822e+00 6.659250000076541998e-01 6.659250000076541998e-01 6.124209800239881485e-01
2.653043061866005914e+00 -6.238490402866903040e-02 -6.238490402866903040e-02 -4.693456507153231372e-01
-5.406639810045357208e-01 -3.481131572410272046e-01 -3.481131572410272046e-01 5.147053805493556622e-01
5.280470793332948887e+00 4.088400766468041070e-01 4.088400766468041070e-01 8.429345408738343481e-01
-5.047322544484680762e+00 -7.529197740933790683e-02 -7.529197740933790683e-02 -9.444321496241372405e-01
5.143330098241817083e+00 1.049404949108277529e+00 1.049404949108277529e+00 9.085730226397832343e-01
-5.953808331906060403e+00 -1.786526633722873569e-01 -1.786526633722873569e-01 -3.234535577704514830e-01
-6.272284357567103896e-01 7.127094047517601449e-01 7.127094047517601449e-01 5.869029978833656402e-01
3.210243397278125244e+00 5.974281005900075048e-01 5.974281005900075048e-01 6.859683209740471965e-02
-5.894268624230179832e+00 -1.017542689338943429e+00 -1.017542689338943429e+00 -3.791862224744049770e-01
-6.012696626702101810e+00 1.758534517192431590e-01 1.758534517192431590e-01 -2.672023808430264435e-01
4.580183599376502102e+00 -4.276320878690303973e-01 -4.276320878690303973e-01 9.912735899389046867e-01
5.261959540795805523e+00 9.823487727718480667e-01 9.823487727718480667e-01 8.527489060307275048e-01
2.872492220899628634e+00 3.159519044782550523e-01 3.159519044782550523e-01 -2.658643520908403057e-01
-3.170081850263202661e+00 6.585843200064946945e-01 6.585843200064946945e-01 -2.848534302813836294e-02
2.768679240015105236e+00 -6.508471896950979163e-01 -6.508471896950979163e-01 -3.643301485761703540e-01
-4.889684124121751907e+00 -3.073869079975506402e-01 -3.073869079975506402e-01 -9.843243424408354425e-01
-2.344580924929603238e+00 7.781708150987947104e-01 7.781708150987947104e-01 7.152709423977897663e-01
-3.666936834286338431e+00 4.975598464360788675e-01 4.975598464360788675e-01 -5.015108027779485722e-01
4.419239115096955217e+00 3.559506147914990315e-01 3.559506147914990315e-01 9.573384123374305554e-01
-1.940741141389239921e+00 1.192208220499703986e+00 1.192208220499703986e+00 9.323473000806606903e-01
3.975390342033602309e+00 -1.074448928550055804e+00 -1.074448928550055804e+00 7.404890114461394335e-01
-4.568438369261404119e+00 -9.441986957068773112e-01 -9.441986957068773112e-01 -9.896569897627532919e-01
-9.036327585148926644e-01 -1.136093076740108510e+00 -1.136093076740108510e+00 7.855798948146217597e-01
-3.019719049038871006e+00 8.399277324383171983e-01 8.399277324383171983e-01 1.215721268605051697e-01
-5.940283943422215884e+00 7.500175300192122307e-01 7.500175300192122307e-01 -3.362209588904677138e-01
4.937185121523988585e+00 9.503279208159562952e-01 9.503279208159562952e-01 9.748395690219688881e-01
-1.676898669389313312e+00 -6.315151114632034934e-01 -6.315151114632034934e-01 9.943764251321657310e-01
7.115287237578815649e-02 -1.037263357581710954e+00 -1.037263357581710954e+00 -7.109284959337813792e-02
5.586942476981143102e+00 8.539880814094267247e-01 8.539880814094267247e-01 6.413395050417952659e-01
-6.039812936908752761e+00 7.439729055897990051e-01 7.439729055897990051e-01 -2.409769798468252011e-01
1.400079454735525530e-01 1.708217740469601953e-01 1.708217740469601953e-01 -1.395509823748408984e-01
2.473067971335916937e+00 -1.226907919037627526e-01 -1.226907919037627526e-01 -6.198289256353116672e-01
-3.827346018587981735e+00 8.687197384009761603e-01 8.687197384009761603e-01 -6.332562521256427379e-01
-1.550937506012157741e+00 -8.536430394502845242e-01 -8.536430394502845242e-01 9.998028200988858805e-01
4.320826262149545016e+00 -1.059929649245684002e+00 -1.059929649245684002e+00 9.243138033754689786e-01
4.229004053211236069e-01 -8.572961212727989722e-01 -8.572961212727989722e-01 -4.104070622567712046e-01
-5.877001672595132398e+00 8.997661229097142499e-01 8.997661229097142499e-01 -3.951063654923991364e-01
-6.767464076242708515e-01 1.179231620956341819e+00 1.179231620956341819e+00 6.262597956571236413e-01
1.315901334130607836e+00 5.182696787097467173e-01 5.182696787097467173e-01 -9.676897779718437453e-01
-3.787882496352560580e+00 -5.951206076859855143e-01 -5.951206076859855143e-01 -6.022286511742087622e-01
-5.449597193109637416e+00 -1.192529141219538902e+00 -1.192529141219538902e+00 -7.403481468574077962e-01
5.074827686541855343e+00 4.736853014715345367e-01 4.736853014715345367e-01 9.350349481653172923e-01
-3.619615322786564615e+00 -1.095517766981363161e+00 -1.095517766981363161e+00 -4.600243915608794865e-01
1.174722020951135981e+00 7.264548471199165913e-01 7.264548471199165913e-01 -9.225826301263068130e-01
-4.555627224778586282e+00 -5.049534091514941148e-01 -5.049534091514941148e-01 -9.877380176233284681e-01
-4.782043740187789993e+00 -1.280758900231426800e-01 -1.280758900231426800e-01 -9.975750878857393422e-01
-2.774859727245319263e+00 9.711144070469830414e-01 9.711144070469830414e-01 3.585675253761816950e-01
-5.723329889820194083e+00 1.737722698431583002e-01 1.737722698431583002e-01 -5.310636939880962748e-01
-4.454046628472605462e+00 1.184305111439639679e+00 1.184305111439639679e+00 -9.668147993031097620e-01
-6.002572873057289371e+00 -8.508825353610720565e-01 -8.508825353610720565e-01 -2.769441798440381852e-01
-6.048856557965983427e+00 -8.828132593369484304e-01 -8.828132593369484304e-01 -2.321901320881208930e-01
1.778973448089486098e+00 -1.255463996504915247e-01 -1.255463996504915247e-01 -9.784092866835158997e-01
-5.936277929774863793e+00 -2.967282799509900482e-01 -2.967282799509900482e-01 -3.399910470193004963e-01
4.132398298063778341e+00 1.547959685780977424e-01 1.547959685780977424e-01 8.364677561900522029e-01
-4.532987109812370186e+00 6.571182893860367802e-01 6.571182893860367802e-01 -9.839505996486572759e-01
-1.495195482167148704e+00 4.009526344226910233e-02 4.009526344226910233e-02 9.971436170031532376e-01
1.245456857581262788e+00 -1.444060458994260721e-01 -1.444060458994260721e-01 -9.475422763111314151e-01
4.205030210141341485e+00 -6.714378572180256244e-01 -6.714378572180256244e-01 8.740308502452243111e-01
