-5.246980565940763341e+00 -7.203894532160532993e-01 -7.203894532160532993e-01 -8.604767839661591200e-01
3.692641272800983643e+00 3.132790279820678592e-01 3.132790279820678592e-01 5.235809149846656352e-01
3.781650565063594982e+00 -4.376074261552842515e-02 -4.376074261552842515e-02 5.972418909084165062e-01
4.315424689965658089e+00 -5.593495608855465484e-01 -5.593495608855465484e-01 9.222389091493530255e-01
-9.330379590076800511e-01 -5.717176579700387062e-01 -5.717176579700387062e-01 8.034324340711925805e-01
5.836237405945299273e+00 1.033459587744035568e+00 1.033459587744035568e+00 4.322152589712094373e-01
-2.663836981080279553e+00 -1.020390762863893297e+00 -1.020390762863893297e+00 4.597873071318435700e-01
-4.768331609573183805e+00 -4.827262159244757322e-01 -4.827262159244757322e-01 -9.984356191712095985e-01
5.470779514564330981e+00 1.623398163831257790e-01 1.623398163831257790e-01 7.259438669807902755e-01
-5.568410704300266190e-01 -2.416353357192866369e-01 -2.416353357192866369e-01 5.285071328408671443e-01
3.981874395981350290e+00 -8.710887231580015655e-01 -8.710887231580015655e-01 7.448311429867701117e-01
4.417016778163405988e+00 -4.863753475480515620e-01 -4.863753475480515620e-01 9.566938620304313856e-01
7.700060205635121946e-01 -2.135118379839747726e-01 -2.135118379839747726e-01 -6.961395608415227310e-01
6.052986848914645890e+00 1.031677226468684205e+00 1.031677226468684205e+00 2.281707511877784644e-01
4.617051547295204728e+00 6.091134729747136323e-01 6.091134729747136323e-01 9.954588281345420064e-01
3.039600063308704136e+00 4.726648519823726247e-01 4.726648519823726247e-01 -1.018158527741899744e-01
-4.812504808527810596e+00 -8.904225268314671649e-01 -8.904225268314671649e-01 -9.949925950842131162e-01
3.800610889347860066e+00 7.989794892824315653e-01 7.989794892824315653e-01 6.123409704940420140e-01
-4.508348024704936563e+00 -9.237250814050818049e-01 -9.237250814050818049e-01 -9.792557641646005839e-01
1.796869831774356996e+00 3.823114389761126386e-01 3.823114389761126386e-01 -9.745540396416292328e-01
-1.204402998302508188e+00 -7.753127712404638272e-01 -7.753127712404638272e-01 9.336255069661542061e-01
5.151190461589854053e+00 1.120001594344530726e-01 1.120001594344530726e-01 9.052615097381255804e-01
2.831776999282110907e+00 -4.131005492118878797e-01 -4.131005492118878797e-01 -3.048830726697251414e-01
4.514766343202122556e+00 -7.549952742569883135e-01 -7.549952742569883135e-01 9.805361168810516892e-01
1.094209445326952412e+00 -3.479260445602038176e-01 -3.479260445602038176e-01 -8.885658603163281155e-01
2.729131583338869405e+00 -8.630821141035511790e-01 -8.630821141035511790e-01 -4.008652173182801204e-01
-4.704116015011017282e+00 -7.872657750786626885e-01 -7.872657750786626885e-01 -9.999657792171418036e-01
-4.221540143187791472e+00 9.230844969566642799e-01 9.230844969566642799e-01 -8.819330560271514408e-01
3.477845871120850418e+00 2.690025166592069361e-02 2.690025166592069361e-02 3.299524629457773472e-01
4.965906366018462137e+00 -5.978254456288604191e-01 -5.978254456288604191e-01 9.680362146861241079e-01
6.210393831583155944e+00 -8.292707415526752168e-01 -8.292707415526752168e-01 7.272721048555506884e-02
-3.645647941372096135e+00 -3.965228719873340468e-01 -3.965228719873340468e-01 -4.829804365338350447e-01
1.244144997519191165e+00 -7.719109640752011003e-01 -7.719109640752011003e-01 -9.471221506397988765e-01
-4.017247121405115529e+00 -7.154649893550301121e-01 -7.154649893550301121e-01 -7.679628496392422177e-01
4.579643935053741899e+00 4.577613976895438253e-01 4.577613976895438253e-01 9.912023067208970417e-01
-3.504015736490958766e+00 -5.043694467264699943e-01 -5.043694467264699943e-01 -3.545409524879135077e-01
5.944804423776096414e+00 -4.975529001072231949e-05 -4.975529001072231949e-05 3.319602259578136039e-01
-1.247231456887599954e+00 -7.141989616290802534e-01 -7.141989616290802534e-01 9.481080000151775877e-01
3.026515073016383894e+00 7.497461875516722163e-01 7.497461875516722163e-01 -1.148237561852599037e-01
-4.930331567992768171e+00 2.735871263084261873e-01 2.735871263084261873e-01 -9.763443718849074138e-01
-4.946129616255753092e+00 1.061636898559837450e+00 1.061636898559837450e+00 -9.728068041559576606e-01
-6.250214268050815036e+00 6.242079758207734752e-01 6.242079758207734752e-01 -3.296506570882212078e-02
-5.966705451066597554e+00 4.269495581786413307e-01 4.269495581786413307e-01 -3.112231733026181169e-01
4.233718241633916080e+00 4.428998879353505114e-01 4.428998879353505114e-01 8.876079641309868595e-01
-3.556675100360290998e+00 -2.468598205399471501e-01 -2.468598205399471501e-01 -4.032653774004600344e-01
5.092630150731546124e+00 -3.139114927076459560e-01 -3.139114927076459560e-01 9.285751535520893052e-01
1.043148427093140818e+00 -7.119950437730564463e-01 -7.119950437730564463e-01 -8.639937478556053430e-01
4.978042311332750103e+00 7.006077303749926877e-01 7.006077303749926877e-01 9.649211814923626118e-01
-3.002247528417791855e-01 1.088179530722545918e+00 1.088179530722545918e+00 2.957349137863880539e-01
-4.025767129014694135e+00 5.153708872303230937e-01 5.153708872303230937e-01 -7.733919274348646233e-01
-1.994325852492616846e+00 9.143136480018807521e-01 9.143136480018807521e-01 9.116440548824584766e-01
1.036232223013324294e+00 -1.068071578034934799e+00 -1.068071578034934799e+00 -8.604907853209142754e-01
-2.939062608874257965e+00 3.311628633519339004e-01 3.311628633519339004e-01 2.011483045624205546e-01
-4.720737031492003410e+00 5.206783149558580348e-02 5.206783149558580348e-02 -9.999651552237164287e-01
1.194459466475478848e+00 -7.830792023345685138e-01 -7.830792023345685138e-01 -9.300171353485381376e-01
-8.951683959529388446e-01 -8.662774775482889877e-01 -8.662774775482889877e-01 7.803144049447485742e-01
6.091514156383107448e+00 -2.896239397466219279e-01 -2.896239397466219279e-01 1.904997076550065394e-01
5.307021469240382316e+00 -5.298283686053117947e-01 -5.298283686053117947e-01 8.283544361220067653e-01
9.175494952763916245e-01 7.392990778914103611e-01 7.392990778914103611e-01 -7.941146675845618397e-01
-3.350578270253948165e+00 1.526065905449072169e-01 1.526065905449072169e-01 -2.074676945045499377e-01
7.976207156866514936e-01 -5.607004097448934354e-01 -5.607004097448934354e-01 -7.156963986457223204e-01
-1.090749222079791636e+00 2.024342663863096803e-01 2.024342663863096803e-01 8.869731698187307556e-01
-5.774344283232697883e+00 1.143035303816806847e+00 1.143035303816806847e+00 -4.871654292584802204e-01
4.139183448952797661e+00 7.384336027729105911e-01 7.384336027729105911e-01 8.401668451865078602e-01
4.345055790452658329e+00 8.584066248437556279e-01 8.584066248437556279e-01 9.332883888414208462e-01
-3.669191161037790749e+00 -9.756157187229330674e-03 -9.756157187229330674e-03 -5.034598606960399847e-01
-2.033161896861125584e+00 -2.220736383831225513e-01 -2.220736383831225513e-01 8.949998010335364906e-01
5.325231587670993250e+00 -9.313784335554327054e-01 -9.313784335554327054e-01 8.180162712760614685e-01
6.288360856779853236e-01 9.001158455082347576e-01 9.001158455082347576e-01 -5.882038843089659741e-01
2.996416539089651110e+00 -6.181301138634980319e-01 -6.181301138634980319e-01 -1.446666938068144614e-01
-5.668198589016565592e+00 1.642696469948001781e-01 1.642696469948001781e-01 -5.769476739827367195e-01
6.658475611481229350e-01 -1.607076946678320795e-01 -1.607076946678320795e-01 -6.177258711068592811e-01
-5.062608811302382605e+00 4.970226232891339357e-01 4.970226232891339357e-01 -9.392973106104082204e-01
5.752548842046394384e+00 -8.961300553520399337e-01 -8.961300553520399337e-01 5.060823853921181392e-01
-3.556896621338474951e+00 3.220650848972079761e-01 3.220650848972079761e-01 -4.034680776024183735e-01
-5.750692436563780596e+00 -5.581687934997041634e-01 -5.581687934997041634e-01 -5.076826345769460680e-01
9.331032168135946492e-01 -1.804222805540716124e-01 -1.804222805540716124e-01 -8.034712865930372372e-01
8.817463623043968468e-01 -5.171393962558913371e-01 -5.171393962558913371e-01 -7.718503997816101858e-01
-9.564900938681812903e-01 -1.486048475388441759e-01 -1.486048475388441759e-01 8.171735251323960503e-01
-2.938042014451845763e+00 -1.159267279631221559e+00 -1.159267279631221559e+00 2.021479339177350565e-01
3.559508311016697846e+00 7.117977365279302138e-01 7.117977365279302138e-01 4.058563785322639172e-01
4.941417229993101401e+00 4.922729312123468315e-01 4.922729312123468315e-01 9.738874725022977907e-01
3.988498189918525227e+00 -1.071424718310025836e+00 -1.071424718310025836e+00 7.492345175140509017e-01
-2.054927126837643669e+00 -8.894111114085013758e-01 -8.894111114085013758e-01 8.850798431538765554e-01
-1.291622089022419928e+00 8.472033142838071296e-01 8.472033142838071296e-01 9.612833146769957926e-01
3.422509186003960480e+00 1.441467148741581994e-02 1.441467148741581994e-02 2.772363708280753958e-01
3.432919398478206929e-01 2.070034792983261873e-01 2.070034792983261873e-01 -3.365887712094737805e-01
2.850662025050512582e+00 2.196123421495557171e-01 2.196123421495557171e-01 -2.868438702470179624e-01
-2.779242550037736237e+00 -9.640245491494296992e-01 -9.640245491494296992e-01 3.544727128976761787e-01
3.972051710361530041e+00 -2.573587021974590439e-01 -2.573587021974590439e-01 7.382410996335347919e-01
-4.366293754018338191e+00 -1.015859156912545691e+00 -1.015859156912545691e+00 -9.407044863428990489e-01
-5.797399861654230158e+00 -1.541785027732567315e-02 -1.541785027732567315e-02 -4.669030795496859065e-01
1.444505746741032048e+00 4.327887791953519692e-01 4.327887791953519692e-01 -9.920359382493152411e-01
9.428734334779029780e-01 -7.416525063004273388e-01 -7.416525063004273388e-01 -8.092494808811324658e-01
3.746960240575774037e-01 -4.767362123394607298e-01 -4.767362123394607298e-01 -3.659896602370590890e-01
3.999665904744414746e+00 1.047670384398996957e+00 1.047670384398996957e+00 7.565840738424061129e-01
2.964181969673326478e+00 5.416225626314883357e-01 5.416225626314883357e-01 -1.764814938183034976e-01
-4.372406113807954853e+00 -1.598074330256897824e-01 -1.598074330256897824e-01 -9.427603791654741716e-01
-3.713070249841505355e+00 4.127337247991560432e-01 4.127337247991560432e-01 -5.408754489198116522e-01
-4.490313144566542292e-01 2.535086552190013442e-01 2.535086552190013442e-01 4.340930800817421886e-01
2.626212870517671050e+00 6.021423628603583822e-02 6.021423628603583822e-02 -4.928653359514567622e-01
5.506185494063037922e+00 -3.011269409737620251e-01 -3.011269409737620251e-01 7.011433837787867107e-01
-5.483088478915062680e+00 3.265157294703104895e-01 3.265157294703104895e-01 -7.174235484381031869e-01
