-4.663049668911513734e+00 9.287058749218017883e-01 9.287058749218017883e-01 -9.987830630743859128e-01
-5.316122073181275276e+00 -3.955649417409912161e-02 -3.955649417409912161e-02 -8.232220061310669967e-01
-1.919720231115583431e+00 -2.596873474448020414e-01 -2.596873474448020414e-01 9.397411597369614844e-01
4.682866246035832347e+00 -5.738292014854565748e-01 -5.738292014854565748e-01 9.995642357303780035e-01
3.149069932239491720e+00 -2.121227673269788783e-01 -2.121227673269788783e-01 7.477208974497216373e-03
2.890146645225621924e+00 -2.271034011634653904e-01 -2.271034011634653904e-01 -2.488047555788165666e-01
3.745366975381628549e+00 4.361758681664669179e-01 4.361758681664669179e-01 5.677535263921742459e-01
-2.363168882688312600e+00 -6.651268367640473800e-01 -6.651268367640473800e-01 7.021579834112352536e-01
-5.260430110020104522e-01 -1.408284715670140574e-01 -1.408284715670140574e-01 5.021152742738120844e-01
-3.943414989485725108e+00 -6.686485288973466057e-01 -6.686485288973466057e-01 -7.186245327056769439e-01
1.021305038435809998e+00 -8.455546123039023865e-01 -8.455546123039023865e-01 -8.527903088145942778e-01
2.287169166986444679e-01 2.708802074807816762e-01 2.708802074807816762e-01 -2.267280411254651018e-01
-6.644420883848143333e-01 3.301984668739028628e-01 3.301984668739028628e-01 6.166200067016874842e-01
5.271373990595645154e+00 1.151909583221542244e+00 1.151909583221542244e+00 8.477938230649352258e-01
-2.886144662546531681e+00 5.469315800868275179e-01 5.469315800868275179e-01 2.526788877969203817e-01
-5.062974688436875148e+00 9.789014264503823615e-01 9.789014264503823615e-01 -9.391717137242163727e-01
-2.279929784448087915e+00 4.328367984360037557e-01 4.328367984360037557e-01 7.589264327601940030e-01
2.595894318578640281e+00 -6.776091757014276462e-01 -6.776091757014276462e-01 -5.190151293731912752e-01
-2.720382404872440762e+00 -1.965378918047979706e-01 -1.965378918047979706e-01 4.088652188849163371e-01
5.942881569818020182e+00 -3.421808361726886849e-01 -3.421808361726886849e-01 3.337734265679667134e-01
4.033719890969331701e+00 -1.286534028403130137e-01 -1.286534028403130137e-01 7.784088971289699899e-01
-5.671325002628253564e+00 6.077762870212244373e-01 6.077762870212244373e-01 -5.743912628887029026e-01
-3.256841604158142722e+00 -6.805025737338964431e-01 -6.805025737338964431e-01 -1.149939910314672492e-01
-4.436599300541655744e+00 -1.047470940393219641e+00 -1.047470940393219641e+00 -9.622104624265765960e-01
-5.023697095689596992e+00 -1.030589728047184295e-01 -1.030589728047184295e-01 -9.519337033281646265e-01
-6.372199358330092878e-01 -4.699834622658082273e-01 -4.699834622658082273e-01 5.949632587720956600e-01
2.955535248274317794e+00 -9.676705123719018253e-01 -9.676705123719018253e-01 -1.849857925146930482e-01
-4.235439596227760006e+00 7.680538460874042350e-01 7.680538460874042350e-01 -8.883995041650575297e-01
-2.427695888066221386e+00 -3.384113319848830459e-01 -3.384113319848830459e-01 6.547839729849415091e-01
1.438405923852242196e+00 3.775653998811403511e-01 3.775653998811403511e-01 -9.912491832699248384e-01
3.446122176373439316e+00 2.129750639286915881e-01 2.129750639286915881e-01 2.998443787319772791e-01
4.985847759630333442e+00 -1.094458963142182606e+00 -1.094458963142182606e+00 9.628425681839569705e-01
-6.047065711126499821e+00 4.715578336834802542e-01 4.715578336834802542e-01 -2.339316625692892115e-01
-4.580768007526780039e+00 -2.871955595338244738e-01 -2.871955595338244738e-01 -9.913504576897338438e-01
-3.769954853747511603e+00 -9.365173006499982744e-01 -9.365173006499982744e-01 -5.878205810509032903e-01
-2.556549372374851359e+00 -9.324094624830825406e-01 -9.324094624830825406e-01 5.522354658849977227e-01
-8.059451184917563182e-01 8.629940074070916456e-01 8.629940074070916456e-01 7.214853932060495412e-01
1.141940796594720808e+00 3.762287002580089190e-01 3.762287002580089190e-01 -9.094422503278832837e-01
2.084247141019320182e+00 -4.539840548560415412e-01 -4.539840548560415412e-01 -8.710547056340984806e-01
-9.593820861349424689e-01 -7.081831512967158293e-01 -7.081831512967158293e-01 8.188370259814167218e-01
2.816973601405642569e+00 9.959298487574843595e-01 9.959298487574843595e-01 -3.189477572220738577e-01
4.130024593279175704e+00 -5.019818240238178575e-01 -5.019818240238178575e-01 8.351645723442701064e-01
3.625969846753848813e+00 7.616138675078913955e-01 7.616138675078913955e-01 4.656572874600051759e-01
1.964495559211245634e+00 1.085142473509009831e+00 1.085142473509009831e+00 -9.234963293866099709e-01
-3.950415231684452522e+00 -5.343833488674155641e-01 -5.343833488674155641e-01 -7.234748419513751250e-01
-4.213577498607545380e+00 8.380045182500150958e-02 8.380045182500150958e-02 -8.781517479195880549e-01
4.800873950981221938e+00 -1.606141221569556965e-01 -1.606141221569556965e-01 9.960877585927250255e-01
5.077371585847187063e+00 5.461127791956712496e-01 5.461127791956712496e-01 9.341299699912433141e-01
-1.649648157811076210e+00 9.271311986077435119e-01 9.271311986077435119e-01 9.968928048176332046e-01
-5.973063259923010015e+00 -1.608379049251662529e-01 -1.608379049251662529e-01 -3.051748638706996974e-01
-2.948202606878399301e+00 -7.044252188661714875e-02 -7.044252188661714875e-02 1.921868436063650654e-01
-3.199810011557497447e+00 8.600103327222299310e-01 8.600103327222299310e-01 -5.818447790558413379e-02
-1.235104140795064254e+00 1.088821671425551196e+00 1.088821671425551196e+00 9.441825139906385722e-01
2.012800034746033973e+00 8.355609128327634583e-01 8.355609128327634583e-01 -9.038963892797028388e-01
1.833359495248821247e+00 -3.799245243246428538e-01 -3.799245243246428538e-01 -9.657278635868909999e-01
5.773409633506014771e+00 1.015932738140900016e+00 1.015932738140900016e+00 4.879814550321378008e-01
3.502189633911475752e+00 5.598939223601424597e-01 5.598939223601424597e-01 3.528328824560514332e-01
-1.165641817767911093e+00 -7.607200990081892655e-01 -7.607200990081892655e-01 9.190415067398541860e-01
-2.854804169599198360e+00 5.694685913140029587e-01 5.694685913140029587e-01 2.828733402169244515e-01
-3.364845007351741302e+00 -2.327375942297071898e-01 -2.327375942297071898e-01 -2.214024270317023757e-01
-5.022854458296198921e+00 -8.014852211490104406e-01 -8.014852211490104406e-01 -9.521914686629556757e-01
4.179824252846294996e+00 -2.257384272761190358e-01 -2.257384272761190358e-01 8.615076789579991789e-01
-2.974178730046641128e+00 9.080939889119858943e-01 9.080939889119858943e-01 1.666329886182157105e-01
2.183923014452595623e-01 -5.587031235304352750e-01 -5.587031235304352750e-01 -2.166603928094730791e-01
1.683864731330286801e+00 1.013516408801874435e+00 1.013516408801874435e+00 -9.936145751515562674e-01
-5.414670448451612828e-01 -1.274952865291221205e-01 -1.274952865291221205e-01 5.153937350344712787e-01
4.495275324084746060e+00 -1.239139706448064704e-01 -1.239139706448064704e-01 9.765232690655347714e-01
-5.960698081134536253e+00 -1.004712962752067229e+00 -1.004712962752067229e+00 -3.169265482365717923e-01
2.419423315889083881e+00 -6.194359099164363780e-01 -6.194359099164363780e-01 -6.610140396639992977e-01
1.752663331583647732e+00 3.352922545803047605e-01 3.352922545803047605e-01 -9.835077292165227414e-01
4.471156666333282459e+00 8.861520259773714159e-02 8.861520259773714159e-02 9.710443131037446163e-01
-2.092206889390706870e+00 -2.529927495672446014e-02 -2.529927495672446014e-02 8.671174360289725103e-01
1.129842084799808966e+00 8.226644704436216760e-01 8.226644704436216760e-01 -9.043448020333646475e-01
3.964989244303732008e+00 -2.365729216667521451e-01 -2.365729216667521451e-01 7.334588339408898428e-01
-1.072389689589503980e+00 3.532719693456864984e-01 3.532719693456864984e-01 8.783453463778773118e-01
-2.829650474662135373e+00 -5.801712994266550183e-02 -5.801712994266550183e-02 3.069076621227707635e-01
4.615494791768968597e+00 -1.833262394187817890e-02 -1.833262394187817890e-02 9.953094296082485304e-01
4.596679235730869451e-01 6.024519572553561630e-01 6.024519572553561630e-01 -4.436505245811500631e-01
-3.359908300376878820e+00 -4.785386923018641880e-02 -4.785386923018641880e-02 -2.165855582902106724e-01
2.480963133272828358e+00 2.748664795447697262e-01 2.748664795447697262e-01 -6.136140466127367743e-01
9.079442257618781653e-01 1.198267185413210756e+00 1.198267185413210756e+00 -7.882403495752998701e-01
-2.382824816326356121e+00 -5.098931945266523824e-01 -5.098931945266523824e-01 6.880278064451716968e-01
3.767346194174027829e+00 -7.751861242380098105e-01 -7.751861242380098105e-01 5.857082003895375255e-01
-2.603826994425694430e+00 1.647110036955234946e-02 1.647110036955234946e-02 5.122182963609639428e-01
5.108927078519146292e+00 -5.074321016359305547e-01 -5.074321016359305547e-01 9.224036000517173983e-01
-3.032465450617610525e+00 9.024644350093777856e-01 9.024644350093777856e-01 1.089107372060792445e-01
-5.722570595660948278e+00 5.050938228107797467e-01 5.050938228107797467e-01 -5.317069150043203241e-01
-3.148880632615539188e+00 -4.263995086881164909e-01 -4.263995086881164909e-01 -7.287914509522330081e-03
-1.651414543807210755e+00 -2.200730199846124835e-01 -2.200730199846124835e-01 9.967521111974712023e-01
1.109825580505052756e+00 2.551614803405044540e-03 2.551614803405044540e-03 -8.956211144187238293e-01
-3.897486085847319703e+00 5.016851044398960013e-01 5.016851044398960013e-01 -6.859390563538578789e-01
-4.006775184846064874e+00 -9.426942109714895324e-01 -9.426942109714895324e-01 -7.612136480469368083e-01
5.804863733079393739e+00 4.216539543462403117e-01 4.216539543462403117e-01 4.602897705470689882e-01
2.175052419489720279e-01 5.247033368187645763e-01 5.247033368187645763e-01 -2.157943184772734002e-01
-7.843022343487078274e-01 4.229819574659108294e-01 4.229819574659108294e-01 7.063314178406461252e-01
-3.249429454090185576e+00 -1.034755285215902543e+00 -1.034755285215902543e+00 -1.076279203303858595e-01
3.631042704871649818e-01 5.048083895381121344e-01 5.048083895381121344e-01 -3.551778081546264620e-01
3.559228922601226586e+00 -8.630785012815674895e-01 -8.630785012815674895e-01 4.056010193218480553e-01
-4.626964522025678761e+00 2.573984976276983971e-01 2.573984976276983971e-01 -9.963535492150253914e-01
5.689947772599243336e+00 5.851154658532786712e-02 5.851154658532786712e-02 5.590483016132830052e-01
-8.947793404148196572e-01 9.627892095579879683e-01 9.627892095579879683e-01 7.800710354544785341e-01
-1.508882372953379125e+00 -7.849167497492246515e-01 -7.849167497492246515e-01 9.980839433515331649e-01
3.957985510866441459e+00 8.486545015110527057e-01 8.486545015110527057e-01 7.286802091608892695e-01
