-3.095352824780222001e+00 -9.407735307214031284e-01 -9.407735307214031284e-01 4.622335284029430863e-02
6.301711604281958756e-01 1.094894308912932823e+00 1.094894308912932823e+00 -5.892830516461503576e-01
7.297380358339733419e-02 4.103914358277287455e-01 4.103914358277287455e-01 -7.290905443447288914e-02
3.260799006606470485e+00 1.094441812327176633e+00 1.094441812327176633e+00 1.189242300908811972e-01
-3.901143322501069211e+00 -9.037277669878436281e-01 -9.037277669878436281e-01 -6.885956842215812390e-01
-5.190971443704663457e+00 4.929872828694170650e-01 4.929872828694170650e-01 -8.876486203112728957e-01
2.971949967356209754e+00 3.942481419900767392e-01 3.942481419900767392e-01 -1.688301752692827340e-01
2.947053336235232024e+00 3.548298800667057940e-01 3.548298800667057940e-01 -1.933145627813082912e-01
-1.499923358280580210e+00 5.122746752905618095e-01 5.122746752905618095e-01 9.974895622536775752e-01
5.120351759264089253e+00 -8.361884745354788429e-01 -8.361884745354788429e-01 9.179309744479233757e-01
5.576923936654596403e+00 1.177262863149256100e+00 1.177262863149256100e+00 6.489939881148852896e-01
-2.771467747401985093e+00 8.378933686988394580e-01 8.378933686988394580e-01 3.617318825983064645e-01
-1.916983039613961992e+00 1.087762958136260227e-01 1.087762958136260227e-01 9.406734477162251862e-01
-1.136108104165499455e+00 -3.416036736697730669e-01 -3.416036736697730669e-01 9.070013844478815868e-01
-8.133418988104423875e-01 -2.875124763073364509e-01 -2.875124763073364509e-01 7.265873595539787955e-01
-5.219296126288396565e+00 1.511487316105906142e-01 1.511487316105906142e-01 -8.742501920133183280e-01
2.097676242996017848e+00 4.273980397709058465e-01 4.273980397709058465e-01 -8.643801746665364938e-01
-2.929192127701579995e+00 -8.437604849197020140e-01 -8.437604849197020140e-01 2.108070854941477834e-01
-1.122082573649212378e-01 9.331156963097095858e-01 9.331156963097095858e-01 1.119729422656423473e-01
-8.075810591555905305e-01 9.296083066465474776e-01 9.296083066465474776e-01 7.226172010744169594e-01
1.202452342470878399e+00 1.760944913183282168e-01 1.760944913183282168e-01 -9.329249077550039182e-01
3.572461909140022485e+00 4.289716200938045176e-01 4.289716200938045176e-01 4.176607683577148733e-01
-3.408076087544243293e+00 -2.012945890737884991e-01 -2.012945890737884991e-01 -2.633406304338298809e-01
-4.830152789048730355e+00 3.368495605417476391e-01 3.368495605417476391e-01 -9.930738527370899238e-01
-4.009114109521413560e+00 8.461798265605409153e-01 8.461798265605409153e-01 -7.627283599438945405e-01
6.081692548919852115e+00 -7.645855379111576866e-01 -7.645855379111576866e-01 2.001321113807841001e-01
-1.017448328965192772e+00 4.791225185094691863e-01 4.791225185094691863e-01 8.507697916133076799e-01
-2.867728491181014139e+00 -7.999292300937417277e-01 -7.999292300937417277e-01 2.704536033079574242e-01
2.552605355580052304e+00 -4.395738383985806630e-01 -4.395738383985806630e-01 -5.555192424848454102e-01
1.903822604292018994e+00 -1.167813547989094092e+00 -1.167813547989094092e+00 -9.450573688075645240e-01
5.498686694239715678e+00 1.198473695124313343e+00 1.198473695124313343e+00 7.064704169515483301e-01
4.906637909707720624e+00 -5.758909539205356864e-01 -5.758909539205356864e-01 9.811929251904876192e-01
-4.294891332628736791e+00 -8.731817969146311587e-01 -8.731817969146311587e-01 -9.141064407586866336e-01
-7.371344488302868925e-01 4.124459292395226129e-01 4.124459292395226129e-01 6.721690266655010459e-01
4.827972747958373390e+00 -7.964872087447253390e-01 -7.964872087447253390e-01 9.933276296553412710e-01
3.333146823815130944e+00 -1.092674822118317790e+00 -1.092674822118317790e+00 1.903848680163666984e-01
-1.832861222995995298e+00 4.431781743996117129e-01 4.431781743996117129e-01 9.658570736124854061e-01
2.868518385400635751e+00 5.027471011926616384e-01 5.027471011926616384e-01 -2.696930617749906389e-01
4.212237937989897318e+00 1.112710268573479544e+00 1.112710268573479544e+00 8.775101382986738585e-01
2.484733691030923453e+00 -1.044241535195726156e+00 -1.044241535195726156e+00 -6.106324363378172748e-01
5.113697459119087796e+00 3.572982190790634505e-01 3.572982190790634505e-01 9.205506600467945333e-01
-1.965125634458130044e+00 9.138243941839221396e-01 9.138243941839221396e-01 9.232544446521880888e-01
2.947054932006301087e+00 3.076420870535148122e-01 3.076420870535148122e-01 -1.933129971112935441e-01
-2.121523763310301014e+00 5.289474612838223067e-01 5.289474612838223067e-01 8.521440747539956728e-01
5.704579011311896153e+00 -3.248895526029725866e-01 -3.248895526029725866e-01 5.468576234737360098e-01
-4.794755051322626471e+00 1.764718028120142446e-01 1.764718028120142446e-01 -9.966098324520796803e-01
3.210101720182390039e-02 6.480373293312502447e-02 6.480373293312502447e-02 -3.209550426829458486e-02
2.819855941364252772e+00 2.563845222777523247e-01 2.563845222777523247e-01 -3.162146341500098878e-01
4.536639638576904332e+00 8.699306935463930746e-01 8.699306935463930746e-01 9.845957959421337558e-01
-1.341501175641218069e+00 7.890550504435889234e-01 7.890550504435889234e-01 9.738268428220064887e-01
4.319149469233897420e+00 -9.529901293543844298e-01 -9.529901293543844298e-01 9.236725842077160298e-01
7.889621511765936290e-01 -5.439467340901826820e-01 -5.439467340901826820e-01 -7.096224049445961635e-01
-2.119767843200290436e+00 9.502746366928163102e-01 9.502746366928163102e-01 8.530616463137813410e-01
-5.857466605136528948e+00 3.253623163819225894e-01 3.253623163819225894e-01 -4.129754405971717834e-01
-3.567724619846648348e+00 -1.049395648736083375e+00 -1.049395648736083375e+00 -4.133517824644867278e-01
-5.508731272270548374e+00 -1.099976498014386239e+00 -1.099976498014386239e+00 -6.993259221361978195e-01
4.342172397578959675e+00 -2.857846417644815951e-02 -2.857846417644815951e-02 9.322490040549388235e-01
4.624026398174047259e+00 -9.161518822645164928e-01 -9.161518822645164928e-01 9.960985665389979760e-01
-8.398274648947321452e-01 -4.099315952282528430e-01 -4.099315952282528430e-01 7.445279481191086068e-01
-2.851357538180761431e+00 -2.229763055918183579e-01 -2.229763055918183579e-01 2.861775150998902006e-01
-9.296882438887106304e-01 2.778666548092365574e-01 2.778666548092365574e-01 8.014335235338102548e-01
-1.425387300611547836e+00 1.040729531515588002e+00 1.040729531515588002e+00 9.894467219136309222e-01
-1.610585146113084676e+00 5.112765583849103734e-01 5.112765583849103734e-01 9.992085293549702874e-01
1.710710482746868877e+00 9.265300595240422155e-02 9.265300595240422155e-02 -9.902279715099078228e-01
3.896608689425038463e+00 -5.315733708029656279e-01 -5.315733708029656279e-01 6.853003470118244067e-01
9.120818494779543428e-01 -4.036451232101434528e-02 -4.036451232101434528e-02 -7.907797541427804555e-01
4.679515156390207764e+00 6.704283391685152971e-01 6.704283391685152971e-01 9.994597045082040943e-01
-4.740170049461602808e+00 3.279498524367934209e-01 3.279498524367934209e-01 -9.996141309188503188e-01
5.561697816340309686e+00 9.784864876878420770e-01 9.784864876878420770e-01 6.605022462073992795e-01
5.120321129886763245e+00 -1.107364377666754551e+00 -1.107364377666754551e+00 9.179431259203034710e-01
5.277716664513510736e+00 6.204155404711531041e-02 6.204155404711531041e-02 8.444131078166190463e-01
2.753272875051607116e+00 4.188666588932521417e-01 4.188666588932521417e-01 -3.786338271385559784e-01
1.405075411791251838e+00 -9.890190941400565094e-01 -9.890190941400565094e-01 -9.862996870569152863e-01
-2.662825599530599163e+00 7.141893641685164162e-01 7.141893641685164162e-01 4.606852080409278294e-01
-1.150528385349881333e+00 -1.197823991483306427e+00 -1.197823991483306427e+00 9.129796516120801675e-01
-2.691003122487864108e+00 4.222153439312021916e-01 4.222153439312021916e-01 4.354963000674966778e-01
4.937022848235590899e+00 8.722512776460267236e-01 8.722512776460267236e-01 9.748757281420482590e-01
-3.333643828630383332e+00 6.261459480648519094e-01 6.261459480648519094e-01 -1.908727588462125757e-01
3.317421902960514757e+00 -2.971293544145847676e-02 -2.971293544145847676e-02 1.749246614996073645e-01
-1.679669611911315918e+00 -2.425097713180640602e-01 -2.425097713180640602e-01 9.940791558691521868e-01
2.927948237981683022e+00 -7.279965212293828536e-01 -7.279965212293828536e-01 -2.120228587306124401e-01
4.770425957341313250e+00 -2.702001931260019640e-01 -2.702001931260019640e-01 9.983163273240539537e-01
5.718527226771874084e+00 -7.848917318143455724e-02 -7.848917318143455724e-02 5.351270033294371897e-01
-4.707783117177681831e-01 -3.640952311578062872e-01 -3.640952311578062872e-01 4.535800661826435709e-01
2.811505648550985725e+00 3.059795416363169096e-01 3.059795416363169096e-01 -3.241253376190938451e-01
5.796914479574329704e+00 9.180631367690910150e-01 9.180631367690910150e-01 4.673322520292098603e-01
2.476221398513761329e+00 5.839635662616358136e-01 5.839635662616358136e-01 -6.173512370475372490e-01
2.323884450653634914e+00 6.478958262817260394e-01 6.478958262817260394e-01 -7.295803984256948871e-01
2.225093726515204651e+00 -1.077321860719293367e+00 -1.077321860719293367e+00 -7.934757277782685803e-01
5.802563323204426027e+00 1.588636265464011821e-01 1.588636265464011821e-01 4.623307828110466700e-01
-3.146126704048937128e-01 -4.631782321194822805e-01 -4.631782321194822805e-01 3.094481764203516061e-01
5.135126872344411453e+00 6.341561146970278173e-01 6.341561146970278173e-01 9.119691153620284041e-01
1.800867991033829441e+00 6.477244124202758968e-01 6.477244124202758968e-01 -9.736500546694109026e-01
-3.363083703811266201e+00 -7.802726679462228532e-01 -7.802726679462228532e-01 -2.196844920622929020e-01
5.985041312870100327e+00 -2.966985087214800698e-01 -2.966985087214800698e-01 2.937465887216332283e-01
-2.720552896547303590e-01 8.910694255199158587e-01 8.910694255199158587e-01 2.687117002817431821e-01
-3.799001394825565203e+00 -1.155429853024596998e+00 -1.155429853024596998e+00 -6.110677215479872748e-01
3.325771391813200140e+00 3.915722320826775515e-02 3.915722320826775515e-02 1.831392236140260144e-01
-1.702074997394681155e+00 -4.847685578127546302e-01 -4.847685578127546302e-01 9.913953237920659634e-01
5.515304404536786720e+00 -3.419632325570960418e-01 -3.419632325570960418e-01 6.946123541405992974e-01
-2.087242074740259135e+00 7.360654447386969501e-01 7.360654447386969501e-01 8.695797317629542222e-01
5.133481580977839798e+00 1.185870198688730559e+00 1.185870198688730559e+00 9.126428760762711478e-01
-3.840296620633718128e+00 -1.118267657047967933e+00 -1.118267657047967933e+00 -6.432258857876701486e-01
