4.824688094538201355e+00 -3.964878439803186660e-01 -3.964878439803186660e-01 9.937010783458694041e-01
4.457130341373503057e-01 7.945079175621403422e-01 7.945079175621403422e-01 -4.311013630373431438e-01
-1.456167789642864641e+00 4.698096023868609805e-01 4.698096023868609805e-01 9.934373399082874201e-01
5.197221318245508925e+00 -1.646554429988400514e-01 -1.646554429988400514e-01 8.847531021646426463e-01
-5.511219606185619568e+00 5.525837032836480311e-01 5.525837032836480311e-01 -6.975450905093588672e-01
4.250717120465209220e+00 4.146872675108854711e-01 4.146872675108854711e-01 8.953090265400638348e-01
-4.646895702220081859e+00 -1.170333977829203009e+00 -1.170333977829203009e+00 -9.978560817601329624e-01
-2.027217802685705728e+00 -1.912307810138322850e-01 -1.912307810138322850e-01 8.976354357948012064e-01
-5.814183109870646682e+00 -2.429378930526687741e-01 -2.429378930526687741e-01 -4.519964508403741532e-01
-5.314501546329886139e+00 -8.239790989394386589e-01 -8.239790989394386589e-01 -8.241409296275730156e-01
-4.035026310725511323e+00 3.883454799110295230e-01 3.883454799110295230e-01 -7.792283475424827133e-01
4.330608329832006831e+00 4.520125550326967723e-01 4.520125550326967723e-01 9.280026839209790657e-01
-2.516668646097936168e+00 -3.950771763662797031e-01 -3.950771763662797031e-01 5.850356441296310495e-01
-8.991145313129402794e-01 -3.616905760861416352e-01 -3.616905760861416352e-01 7.827761864513516077e-01
3.780615341741608404e+00 1.011823516679175805e+00 1.011823516679175805e+00 5.964112585974804537e-01
-2.444662765451842468e+00 -1.509043409574437611e-01 -1.509043409574437611e-01 6.418665037922006711e-01
-3.124973953286627193e-01 5.216158832719299809e-01 5.216158832719299809e-01 3.074360360575782436e-01
-2.662241145521506702e+00 -4.967788772654019303e-01 -4.967788772654019303e-01 4.612038694321902166e-01
-4.442014980070057462e+00 -5.510083757804450366e-01 -5.510083757804450366e-01 -9.636710713226506186e-01
-5.571574323090837666e+00 -1.544280411254990160e-01 -1.544280411254990160e-01 -6.530546335667812841e-01
-5.282737710525350572e+00 6.107819397798353034e-01 6.107819397798353034e-01 -8.417127380128935910e-01
-5.802242671548125230e+00 -1.578287710652446219e-01 -1.578287710652446219e-01 -4.626150832771134258e-01
-2.973163515337786666e+00 2.071703568393847839e-01 2.071703568393847839e-01 1.676339235562843144e-01
2.153528211290476335e+00 2.518137739182013668e-01 2.518137739182013668e-01 -8.349623923421838345e-01
-4.416658908804437900e+00 -3.193270989467472676e-01 -3.193270989467472676e-01 -9.565896264481296152e-01
-1.321249614263225070e+00 -3.744160945006642649e-01 -3.744160945006642649e-01 9.690244672801615611e-01
-5.427449730074312306e+00 -4.721303105139316170e-01 -4.721303105139316170e-01 -7.550534112636567707e-01
-7.633523435919977729e-01 -4.246238000321379547e-01 -4.246238000321379547e-01 6.913474687976542965e-01
-4.654875502583155189e+00 -5.718862785390069758e-01 -5.718862785390069758e-01 -9.983465557828924419e-01
1.910023596544517588e+00 -5.937759617678470825e-01 -5.937759617678470825e-01 -9.430120796018421903e-01
2.720261397239189805e-01 -2.357235540612265812e-01 -2.357235540612265812e-01 -2.686836223522555134e-01
-6.035219907886556712e+00 -7.112476059563100916e-01 -7.112476059563100916e-01 -2.454320986398751681e-01
-5.146439598707603480e+00 5.822177782673778612e-01 5.822177782673778612e-01 -9.072697128602797978e-01
-3.433467430191357028e+00 6.084500940241248657e-01 6.084500940241248657e-01 -2.877482147183785810e-01
1.296384188362519119e+00 1.003911113755689533e+00 1.003911113755689533e+00 -9.625846633290522369e-01
3.293228559398995614e+00 5.734221086659574418e-01 5.734221086659574418e-01 1.510554681402841992e-01
7.735526032744832747e-01 -8.202316798554386557e-01 -8.202316798554386557e-01 -6.986812921048038971e-01
5.345192107821340244e+00 -4.141731772640598885e-01 -4.141731772640598885e-01 8.063728880942602206e-01
5.384933047994520550e+00 2.945894257657484250e-01 2.945894257657484250e-01 7.822393006939752924e-01
-1.876143672832775167e-02 -5.114623239895014217e-01 -5.114623239895014217e-01 1.876033610329707474e-02
3.433278495089032489e+00 -9.466858950182059917e-01 -9.466858950182059917e-01 2.875672652845493449e-01
-4.108578347260213093e+00 -9.283967059759892226e-01 -9.283967059759892226e-01 -8.231779824934301049e-01
-5.060823095234771252e+00 -1.184766057597334221e+00 -1.184766057597334221e+00 -9.399084995436104428e-01
4.342679923156573807e-01 -6.541466065156124055e-01 -6.541466065156124055e-01 -4.207464526830004270e-01
3.894213517719629536e+00 -1.007293499867214059e+00 -1.007293499867214059e+00 6.835540738758812962e-01
-2.007994147432530241e-01 -3.382518881986106285e-01 -3.382518881986106285e-01 1.994527469021096788e-01
-5.188298082945467904e+00 -6.792868286064890349e-02 -6.792868286064890349e-02 -8.888765866412394745e-01
4.754163850522665768e-01 5.638499318229250878e-01 5.638499318229250878e-01 -4.577086957187572192e-01
-1.794706951489419389e+00 3.217530074948315999e-01 3.217530074948315999e-01 9.750365751694539673e-01
-1.457312347720264967e+00 -6.332060149769360713e-01 -6.332060149769360713e-01 9.935676010592454643e-01
-5.964002232414006066e+00 6.683812086688849519e-01 6.683812086688849519e-01 -3.137910013702937539e-01
5.973961071367329012e+00 -1.699296429253331908e-01 -1.699296429253331908e-01 3.043197584455668570e-01
-6.114060073136596607e+00 -6.097630369089187541e-01 -6.097630369089187541e-01 -1.683201284446395607e-01
1.823030107013112300e+00 -1.058149577286309206e-01 -1.058149577286309206e-01 -9.683573587741196587e-01
-3.458307346574227115e+00 8.233077246332125565e-01 8.233077246332125565e-01 -3.114463388524964516e-01
5.474790710635932811e+00 1.026285597381179970e+00 1.026285597381179970e+00 7.231793183184159757e-01
6.384478301954290558e-01 6.298608899407533990e-01 6.298608899407533990e-01 -5.959497336557691982e-01
3.233151736506970408e+00 1.086947346126288183e+00 1.086947346126288183e+00 9.143121222565196715e-02
4.862621052808698607e+00 6.207011592939575273e-01 6.207011592939575273e-01 9.887363708402876483e-01
-4.049026000993997343e+00 -2.879966051293691987e-01 -2.879966051293691987e-01 -7.879258687907819692e-01
-4.745866782999425659e+00 -6.327435947309526520e-01 -6.327435947309526520e-01 -9.994396707020184456e-01
-2.615362461085446899e+00 -1.187624764718598902e+00 -1.187624764718598902e+00 5.022771401708960859e-01
-2.299626189914182106e+00 -4.263581321389332546e-01 -4.263581321389332546e-01 7.459542207674346725e-01
3.685380137496320430e+00 8.966035450599181278e-01 8.966035450599181278e-01 5.173808540686737345e-01
4.662186018687258127e+00 8.525797172889475473e-01 8.525797172889475473e-01 9.987400959670197365e-01
2.925391624966458437e+00 -1.163756206586876951e+00 -1.163756206586876951e+00 -2.145206507588660882e-01
-2.862518580891704190e-01 -7.504318376353589226e-01 -7.504318376353589226e-01 2.823585908765199326e-01
4.793758383983366400e-01 -2.994964278888487819e-01 -2.994964278888487819e-01 -4.612254574563277587e-01
-1.691873669398336055e+00 -4.561016656687487680e-01 -4.561016656687487680e-01 9.926790886576538631e-01
-4.647351218686970320e+00 -6.041009809588859802e-02 -6.041009809588859802e-02 -9.978857901775018968e-01
7.199953092668298638e-01 -4.261894756241108029e-01 -4.261894756241108029e-01 -6.593811454441477204e-01
1.233684686749433546e+00 -4.349287610894854161e-01 -4.349287610894854161e-01 -9.437139624305783681e-01
-1.044285415661136973e+00 -1.138319646127012197e+00 -1.138319646127012197e+00 8.645656658986701215e-01
-5.430490319908961361e+00 6.833989606691139862e-01 6.833989606691139862e-01 -7.530563209074844222e-01
1.269692934968472464e+00 -3.662483876505262526e-01 -3.662483876505262526e-01 -9.550098330628159493e-01
-2.575152264993480156e+00 -9.687074921898064517e-02 -9.687074921898064517e-02 5.366317959604778309e-01
-4.442576949294736899e+00 1.628314740944207806e-01 1.628314740944207806e-01 -9.638210165568984467e-01
9.551582762428800777e-02 -7.538046490729123361e-01 -7.538046490729123361e-01 -9.537065769428652862e-02
1.871197319452862828e+00 -2.040854400865493856e-01 -2.040854400865493856e-01 -9.552179108889121695e-01
-2.564748964929331798e+00 7.066024528088079570e-01 7.066024528088079570e-01 5.453810748409677611e-01
-5.817043162753827268e+00 1.160221131368367908e+00 1.160221131368367908e+00 -4.494433820600913232e-01
-5.910530330568453117e+00 4.028746926549309215e-02 4.028746926549309215e-02 -3.640894618585282516e-01
-1.089445828715130737e+00 -7.468489635926878201e-02 -7.468489635926878201e-02 8.863704822084748081e-01
-5.154578965228036935e+00 -6.501808441774217240e-01 -6.501808441774217240e-01 -9.038166933840819928e-01
2.409910793229171233e+00 2.490001608559087032e-01 2.490001608559087032e-01 -6.681219705303041989e-01
-6.040057934042879495e+00 -5.279699530189694290e-01 -5.279699530189694290e-01 -2.407391953447155508e-01
5.147971764219940738e+00 9.774845661094586635e-01 9.774845661094586635e-01 9.066242971400102491e-01
-4.964251568991058683e+00 3.560306262968597757e-01 3.560306262968597757e-01 -9.684499294888162524e-01
-5.190295482521085191e+00 7.091120396150885075e-01 7.091120396150885075e-01 -8.879597120601967486e-01
-3.963096035335069267e+00 -1.025493430832071784e-01 -1.025493430832071784e-01 -7.321706419979144842e-01
1.056277246842852513e+00 1.118951952536481942e+00 1.118951952536481942e+00 -8.705294915297238090e-01
1.274737362373156380e+00 1.406491114145502763e-01 1.406491114145502763e-01 -9.564937227396821395e-01
5.510531921790722265e+00 5.912369216335122690e-01 5.912369216335122690e-01 6.980376795207610119e-01
1.431751027659283082e+00 -7.073358157938821611e-01 -7.073358157938821611e-01 -9.903487668565670310e-01
-3.794253943668452589e+00 2.809069271457995676e-01 2.809069271457995676e-01 -6.073028700456022388e-01
4.492150413784568030e-02 -3.151340137262318430e-01 -3.151340137262318430e-01 -4.490639750064680247e-02
5.697508822370025428e+00 -6.716496158864672106e-01 -6.716496158864672106e-01 5.527632494968952592e-01
1.907403802011662819e+00 6.704173650692728526e-01 6.704173650692728526e-01 -9.438806014008394030e-01
-5.475782666122736231e+00 5.367206539665438925e-01 5.367206539665438925e-01 -7.224938583443443196e-01
-1.213033759983161985e+00 1.832950688372307901e-01 1.832950688372307901e-01 9.366826704822379668e-01
-2.398855324408295964e+00 1.000932441283827190e+00 1.000932441283827190e+00 6.763068144308309604e-01
-6.344160152433797606e-01 -6.122970537727145945e-02 -6.122970537727145945e-02 5.927072636357173518e-01
-2.693724588171470646e+00 -2.108728120915456250e-01 -2.108728120915456250e-01 4.330448527586178153e-01
