3.714299445394079413e+00 -7.319322243095858216e-01 -7.319322243095858216e-01 5.419089197450490669e-01
5.570900606049438153e+00 6.905151805223441741e-03 6.905151805223441741e-03 6.535646985097954831e-01
-4.077500792141982799e+00 7.865518914876621359e-01 7.865518914876621359e-01 -8.051380156611408490e-01
4.147677157630491607e+00 6.211429566348616316e-01 6.211429566348616316e-01 8.447428600065294280e-01
-5.110134956971554843e-01 1.970409964700399197e-01 1.970409964700399197e-01 4.890615188133450864e-01
4.883653671894009562e+00 1.147039115850901014e+00 1.147039115850901014e+00 9.853700152921877065e-01
2.201170092741904227e+00 -7.411436469903394109e-01 -7.411436469903394109e-01 -8.078072496277840520e-01
6.246977340182112926e+00 -8.158841897540947130e-02 -8.158841897540947130e-02 3.620005597344728987e-02
-5.931385168953313247e+00 -3.555377727679285282e-01 -3.555377727679285282e-01 -3.445882516916686233e-01
-5.615568080633266845e+00 -1.030867618623559245e+00 -1.030867618623559245e+00 -6.191165564889117290e-01
-1.577722705119123603e+00 1.978384816805911495e-01 1.978384816805911495e-01 9.999760127375535435e-01
-2.186585526698456405e+00 2.535687526736740693e-02 2.535687526736740693e-02 8.163178569798045237e-01
-5.561678992176611658e+00 1.069029061160588823e+00 1.069029061160588823e+00 -6.605163797255595437e-01
-5.012504054167570722e+00 1.042866829768437809e+00 1.042866829768437809e+00 -9.553024761723116765e-01
-4.540743712641310381e+00 6.915793735538864340e-01 6.915793735538864340e-01 -9.853050828311369358e-01
-2.088856949838516996e+00 8.027561381189090017e-01 8.027561381189090017e-01 8.687811849501450023e-01
-5.419999632594589833e+00 4.415700508131026325e-02 4.415700508131026325e-02 -7.599171673524482973e-01
1.668218050938082619e+00 2.151220584117010670e-01 2.151220584117010670e-01 -9.952582559342504354e-01
-3.007748650528822676e+00 -4.239638782507524351e-01 -4.239638782507524351e-01 1.334447424282657335e-01
4.785622590875934890e+00 1.164747926168227421e+00 1.164747926168227421e+00 9.973196174122859192e-01
1.302434902185442667e+00 4.654138886596632663e-01 4.654138886596632663e-01 -9.642066619102801495e-01
-3.558731376137203029e-02 -1.181543401995071019e+00 -1.181543401995071019e+00 3.557980260383362958e-02
-4.894167647875772964e+00 -1.342018251208128010e-01 -1.342018251208128010e-01 -9.835237026017331630e-01
-4.429447377876209124e+00 9.399398200473154663e-01 9.399398200473154663e-01 -9.602383529985816235e-01
-1.734140246865595536e+00 3.777750389088123661e-01 3.777750389088123661e-01 9.866890175351612502e-01
-4.826495287121087330e+00 -1.074478649739344593e+00 -1.074478649739344593e+00 -9.934969359369570929e-01
-2.037171106402124288e+00 2.132531605463319213e-01 2.132531605463319213e-01 8.932042386083475227e-01
4.602580048929672429e+00 9.753660127313461548e-01 9.753660127313461548e-01 9.939770549935094124e-01
6.139884927502576417e+00 1.153947165870542024e+00 1.153947165870542024e+00 1.428104374746263228e-01
3.148683355489623636e+00 -9.374319848267360644e-01 -9.374319848267360644e-01 7.090642482198269460e-03
3.310040009062838351e+00 5.395488123595049146e-02 5.395488123595049146e-02 1.676518829633103502e-01
-3.185093269603390453e+00 3.866690889367232487e-01 3.866690889367232487e-01 -4.348689791626766943e-02
-3.727062723735317995e+00 -1.533062864224021826e-01 -1.533062864224021826e-01 -5.525912244687062325e-01
5.838619560382344531e+00 -1.001875119561466354e+00 -1.001875119561466354e+00 4.300658781539576370e-01
3.211560118115295737e+00 -4.214039956639532569e-01 -4.214039956639532569e-01 6.991039150539053726e-02
-1.537611271669267587e+00 -4.891302188318396027e-01 -4.891302188318396027e-01 9.994494265874205308e-01
-1.650943223712501684e+00 -9.008940324420280366e-01 -9.008940324420280366e-01 9.967899563256015227e-01
2.258338979250487100e+00 5.027117755528496268e-01 5.027117755528496268e-01 -7.728078778991990250e-01
-9.031791279208647438e-01 7.679848891873015670e-01 7.679848891873015670e-01 7.852991254225260009e-01
3.780653291494582291e-01 -1.159492752810832528e+00 -1.159492752810832528e+00 -3.691231159649955851e-01
-3.315833295801508207e+00 1.843545976611431492e-01 1.843545976611431492e-01 -1.733603277013254784e-01
-5.599296174873462206e+00 5.880340658185276848e-01 5.880340658185276848e-01 -6.318123442246245114e-01
-1.975775871109893167e+00 7.009519426801995579e-01 7.009519426801995579e-01 9.191104568971294464e-01
-6.230843875571689949e+00 7.280734816768337225e-01 7.280734816768337225e-01 -5.231753556164382701e-02
8.658285404374588268e-01 3.674569385448700487e-01 3.674569385448700487e-01 -7.616324268970416922e-01
3.632161943015894678e-01 1.120641409868322169e+00 1.120641409868322169e+00 -3.552824321728743628e-01
-2.530550337113024462e+00 1.084643933810896632e+00 1.084643933810896632e+00 5.737214813915911815e-01
4.191500367746677114e+00 6.005605489546164133e-01 6.005605489546164133e-01 8.673773031366355246e-01
1.377477923097094603e+00 6.988414100239679350e-01 6.988414100239679350e-01 -9.813721193983386826e-01
-2.235170373478375438e+00 6.494583300107477086e-01 6.494583300107477086e-01 7.873028811499260815e-01
2.668777606982237316e+00 9.315462623901822337e-01 9.315462623901822337e-01 -4.553942939046902727e-01
2.035534795560067778e+00 -4.356484416438181073e-01 -4.356484416438181073e-01 -8.939388116063053946e-01
-1.931563827134684885e+00 -1.056428846346693540e+00 -1.056428846346693540e+00 9.356261774625742600e-01
1.737160071029686392e+00 3.876965594993573294e-01 3.876965594993573294e-01 -9.861934399768738091e-01
-2.879858195170013069e+00 8.007670521419447685e-01 8.007670521419447685e-01 2.587563275925793271e-01
-5.690842440002439773e+00 9.057365265158034973e-02 9.057365265158034973e-02 -5.583062778354815903e-01
-4.490656010268089915e+00 1.141734044563006867e+00 1.141734044563006867e+00 -9.755177987044115762e-01
-5.115962717905640389e+00 -2.040427212181528116e-01 -2.040427212181528116e-01 -9.196634363189810646e-01
-6.178779194857041190e+00 -1.575680409518278591e-01 -1.575680409518278591e-01 -1.042165335023859385e-01
4.029108582294378849e+00 -1.115383652468408648e+00 -1.115383652468408648e+00 7.755058472843925355e-01
2.918927251017272795e+00 8.549031713622867734e-02 8.549031713622867734e-02 -2.208300043812685964e-01
-5.227831724960243065e+00 9.895005144440760514e-01 9.895005144440760514e-01 -8.700745698739191791e-01
-4.733839600067808462e-01 1.193434282212305630e+00 1.193434282212305630e+00 4.559007180116223523e-01
-2.053981578980666356e+00 1.191830248303940243e+00 1.191830248303940243e+00 8.855195424915647262e-01
-1.836806984182355329e+00 8.500011188157430286e-01 8.500011188157430286e-01 9.648273075033123591e-01
-4.089750934017613915e+00 3.761221324459365078e-01 3.761221324459365078e-01 -8.123428287400936698e-01
-4.455463519458632504e+00 -1.027567178827263117e+00 -1.027567178827263117e+00 -9.671758135537901202e-01
-2.531685724646952629e+00 -3.188112364718578284e-01 -3.188112364718578284e-01 5.727911721119194333e-01
2.300705162873773801e+00 8.191355785921585753e-01 8.191355785921585753e-01 -7.452351936990706527e-01
-5.539233486974016962e+00 -2.770280956587103383e-01 -2.770280956587103383e-01 -6.772009338730990979e-01
4.978104948357184867e+00 6.007356564458572468e-01 6.007356564458572468e-01 9.649047348915670286e-01
2.807118781831277943e+00 -1.174419296694721782e+00 -1.174419296694721782e+00 -3.282722434579315451e-01
-4.345584941159045478e+00 -4.538360144650580574e-01 -4.538360144650580574e-01 -9.334782909058192413e-01
-1.201402022053854601e+00 -6.525021285024967810e-02 -6.525021285024967810e-02 9.325462033254043881e-01
1.370619186714963966e+00 -1.053807077886859123e+00 -1.053807077886859123e+00 -9.800313701637261010e-01
4.663987610523649963e+00 9.633957329348852294e-01 9.633957329348852294e-01 9.988288823552908813e-01
-2.987791339278009772e-01 3.085164551542047828e-01 3.085164551542047828e-01 2.943536488055025213e-01
3.732880188930467469e-01 1.450403053588893432e-01 1.450403053588893432e-01 -3.646789816454539812e-01
6.214427499478158978e+00 4.838266677757980805e-01 4.838266677757980805e-01 6.870364352390323504e-02
1.504513956902740368e+00 6.836923978868609808e-01 6.836923978868609808e-01 -9.978041278340858966e-01
-5.347284732772159543e+00 -6.952373206042713472e-01 -6.952373206042713472e-01 -8.051335294384446284e-01
5.865821194634888158e-01 9.492785668973013902e-01 9.492785668973013902e-01 -5.535177227924327203e-01
-5.475523867515676990e+00 -1.099166304386296478e-01 -1.099166304386296478e-01 -7.226727616394559295e-01
4.539909185984569717e-02 -3.102100420788779234e-01 -3.102100420788779234e-01 -4.538349829213574743e-02
2.886776282339479138e+00 2.158859355880782260e-02 2.158859355880782260e-02 -2.520677135814756720e-01
-2.680656292040203059e+00 2.006616297336720756e-01 2.006616297336720756e-01 4.447869413271787753e-01
-1.574082369655316782e+00 6.042772396156452785e-01 6.042772396156452785e-01 9.999946009660179991e-01
3.680998119099170296e-01 -1.869644992052346133e-01 -1.869644992052346133e-01 -3.598431828680090372e-01
3.278510494672968179e+00 3.279352007983191708e-01 3.279352007983191708e-01 1.364904536055232265e-01
-5.883166502018211119e+00 -1.170103682644596521e-01 -1.170103682644596521e-01 -3.894356629404224224e-01
6.065362500254062539e+00 1.172220462304319311e+00 1.172220462304319311e+00 2.161043903688567580e-01
1.484321039252973762e+00 4.447147535702087318e-01 4.447147535702087318e-01 -9.962633417463668817e-01
5.029473652470484168e+00 7.214430341038433614e-01 7.214430341038433614e-01 9.501484476204359320e-01
-7.504721884756238026e-01 -3.604880506420284902e-01 -3.604880506420284902e-01 6.819841790723655262e-01
3.016901078910162681e+00 -1.390623966753783414e-01 -1.390623966753783414e-01 -1.243687085767789940e-01
3.223431980843368905e+00 -7.664995700018042424e-01 -7.664995700018042424e-01 8.174800229953947672e-02
-2.375608383885208230e+00 8.109363849059050278e-01 8.109363849059050278e-01 6.932466977882607573e-01
1.755590952851218134e+00 -1.029494550309625556e+00 -1.029494550309625556e+00 -9.829740077256154951e-01
-3.189147355352697222e+00 4.925302293670468234e-01 4.925302293670468234e-01 -4.753678002879204584e-02
6.158983123134548876e+00 1.407483798209052672e-01 1.407483798209052672e-01 1.238831026614378994e-01
5.404528783237525502e+00 2.577868508090497279e-02 2.577868508090497279e-02 7.698821862849968278e-01
-6.052884725039434421e+00 6.497743397467885540e-01 6.497743397467885540e-01 -2.282701799607446125e-01
-3.755441263153225240e+00 -6.161004959522002888e-01 -6.161004959522002888e-01 -5.760177149206832103e-01
1.882131857498094973e+00 -2.763755079578162910e-01 -2.763755079578162910e-01 -9.519253055205073588e-01
5.519201948635389599e+00 5.629952933628554756e-01 5.629952933628554756e-01 6.918032535904922176e-01
-2.351122960210216828e+00 -1.372449359511624944e-01 -1.372449359511624944e-01 7.106837855342793553e-01
-9.045034622684644532e-01 -5.735821047820591767e-01 -5.735821047820591767e-01 7.861183538221662159e-01
1.336642407594038851e+00 -1.113638665803050598e+00 -1.113638665803050598e+00 -9.727109971998988414e-01
-4.150275054240477601e+00 -5.283964385278584475e-01 -5.283964385278584475e-01 -8.461303304016263294e-01
-1.472621472464815007e+00 -1.158132349018723417e+00 -1.158132349018723417e+00 9.951847184480259179e-01
5.686055252985225295e+00 8.179852301790695446e-01 8.179852301790695446e-01 5.622714827980284102e-01
1.503969575539174208e+00 9.300720684747132427e-01 9.300720684747132427e-01 -9.977679235138122715e-01
-2.756302632237250805e-02 -1.159388345666684472e+00 -1.159388345666684472e+00 2.755953642261997974e-02
3.836755619332075540e+00 1.829131560004375601e-01 1.829131560004375601e-01 6.405105974685932901e-01
-5.493849817313955164e+00 1.588536673181202286e-01 1.588536673181202286e-01 -7.098854032700883110e-01
7.134611286759415805e-01 -1.043818742122428533e+00 -1.043818742122428533e+00 -6.544546495280443299e-01
7.616551927840831127e-03 9.077945002377940664e-01 9.077945002377940664e-01 -7.616478286326265092e-03
1.596628347030189410e+00 2.578442563093541473e-01 2.578442563093541473e-01 -9.996663719182151686e-01
5.546422271701079154e+00 -1.177255389678203645e+00 -1.177255389678203645e+00 6.718939867068779437e-01
-4.729972029866003069e-01 1.090064709234584539e+00 1.090064709234584539e+00 4.555564583260153788e-01
-2.715367022577623857e-01 8.360295921101352778e-01 8.360295921101352778e-01 2.682121500814211856e-01
-3.533650086102686050e+00 -1.491539778171624420e-03 -1.491539778171624420e-03 -3.820905470779264457e-01
-2.650561369748034579e+00 -2.038264693200451116e-01 -2.038264693200451116e-01 4.715355733637987545e-01
1.269191210700344463e+00 8.324013728609991336e-01 8.324013728609991336e-01 -9.548609144262203419e-01
4.692652273780774763e+00 6.977337196127859631e-01 6.977337196127859631e-01 9.998052375286139437e-01
2.838731335946402368e+00 -7.900379781598916296e-01 -7.900379781598916296e-01 -2.982525143514699884e-01
3.930981087499773707e+00 5.759242538208984019e-01 5.759242538208984019e-01 7.099226916760635886e-01
-6.226019826729952911e+00 8.383345575543474926e-01 8.383345575543474926e-01 -5.713435043236250732e-02
4.453148325192156420e+00 -1.672162599788804549e-01 -1.672162599788804549e-01 9.665849122855236786e-01
3.276037179700766799e+00 5.492508578826229559e-01 5.492508578826229559e-01 1.340398704555648690e-01
1.331552094971979905e+00 -1.020718228487245804e+00 -1.020718228487245804e+00 -9.715173455085018839e-01
2.161219509358843993e+00 -6.231871995530862129e-01 -6.231871995530862129e-01 -8.307051624191600370e-01
1.450228570846394227e+00 -4.615735086288523803e-01 -4.615735086288523803e-01 -9.927405085253735439e-01
1.245154577233927640e+00 6.653698397163165801e-01 6.653698397163165801e-01 -9.474456150143290012e-01
2.551927069172272411e+00 6.374452482204182591e-01 6.374452482204182591e-01 -5.560831122967778706e-01
-5.310977962701824318e+00 -8.267501082049156791e-01 -8.267501082049156791e-01 -8.261315135503007889e-01
-3.833881285372800374e+00 5.565371568890777887e-01 5.565371568890777887e-01 -6.383006117857482620e-01
3.783179843211858184e+00 -3.816181306836520237e-01 -3.816181306836520237e-01 5.984677666721617273e-01
-3.303811183572802790e+00 4.180762126771488951e-01 4.180762126771488951e-01 -1.615080060738062206e-01
-5.934140961506841450e+00 1.082369158254403940e+00 1.082369158254403940e+00 -3.419999354141383119e-01
-8.087215908574307832e-01 7.582685818698187141e-02 7.582685818698187141e-02 7.234051216477445090e-01
-3.930126953105945287e+00 7.461764875191592150e-01 7.461764875191592150e-01 -7.093208833492876675e-01
-8.000937499441453937e-01 2.631869541875115903e-01 2.631869541875115903e-01 7.174214039620741001e-01
-1.611260131046883259e+00 -1.053057123752939139e+00 -1.053057123752939139e+00 9.991814519672571615e-01
-3.532388237243429430e+00 5.004850134805505224e-01 5.004850134805505224e-01 -3.809241372538991199e-01
-1.794331375900727110e+00 -6.263566026050919611e-01 -6.263566026050919611e-01 9.751199008233103482e-01
-1.582750212738632811e+00 -4.402978612643232426e-01 -4.402978612643232426e-01 9.999285531562135398e-01
-1.911783809885445606e+00 9.590374858589172380e-01 9.590374858589172380e-01 9.424248930666881963e-01
9.781480731891285529e-01 1.044788556136879043e+00 1.044788556136879043e+00 -8.294643819428514364e-01
3.158660257767413881e+00 7.760042168537657492e-01 7.760042168537657492e-01 1.706677554865358715e-02
4.475364838258707678e+00 3.682926559145884848e-01 3.682926559145884848e-01 9.720410420902229065e-01
-2.391740927366518665e+00 9.687414194306487314e-01 9.687414194306487314e-01 6.815302622588033099e-01
5.579743462720397673e+00 -1.022899048771542585e+00 -1.022899048771542585e+00 6.468463340925922900e-01
4.179919856753418372e+00 -3.278977079799494376e-01 -3.278977079799494376e-01 8.615562173827462367e-01
-1.034517406438038023e+00 -2.969150713036157185e-01 -2.969150713036157185e-01 8.596158798247960364e-01
4.612788992230534291e+00 7.753112171979017475e-01 7.753112171979017475e-01 9.950440202211837670e-01
-2.181556897146061935e+00 6.727261254541323510e-01 6.727261254541323510e-01 8.192120748124269713e-01
-1.900782859629157606e+00 6.282842557712735587e-01 6.282842557712735587e-01 9.460467073837675045e-01
-7.795372385309029539e-03 -8.302914914841503791e-01 -8.302914914841503791e-01 7.795293434237451566e-03
2.007228278906328711e+00 -3.410260149513155703e-01 -3.410260149513155703e-01 -9.062656732291552997e-01
-3.357391976558804281e+00 -8.155124044141903727e-01 -8.155124044141903727e-01 -2.141282797340281763e-01
6.030524054484503793e+00 -1.981059181969835326e-01 -1.981059181969835326e-01 2.499816009146763329e-01
2.634424255964409767e+00 7.399084878025934398e-01 7.399084878025934398e-01 -4.857040276706032222e-01
6.971057643455704778e-01 8.310256214560696186e-02 8.310256214560696186e-02 -6.420013586246293702e-01
2.045396944304819442e+00 -5.907529689684730689e-01 -5.907529689684730689e-01 -8.894753036622273790e-01
2.610528576908865972e-02 4.744087940064944942e-01 4.744087940064944942e-01 -2.610232080589548753e-02
1.072893404336912049e+00 1.115478696481751575e+00 1.115478696481751575e+00 -8.785860239968169560e-01
-4.386038982665782626e+00 -1.179033021551419536e+00 -1.179033021551419536e+00 -9.472187968695425786e-01
-4.729582248704015335e+00 -5.227671691353296124e-01 -5.227671691353296124e-01 -9.998521994032294469e-01
-5.949296404472186772e+00 -7.624381781587530327e-01 -7.624381781587530327e-01 -3.277196354128096845e-01
6.241092560073575157e+00 9.249537552393547468e-01 9.249537552393547468e-01 4.208031822341371658e-02
4.658368282603282395e-01 1.558578761506841381e-01 1.558578761506841381e-01 -4.491706194930308871e-01
-1.267097186170147438e+00 -8.240542269549416821e-01 -8.240542269549416821e-01 9.542367845833067408e-01
-4.186703155242346597e+00 -1.143965481874651635e+00 -1.143965481874651635e+00 -8.649799936644132492e-01
5.418813026447725889e+00 -8.133005511783510944e-01 -8.133005511783510944e-01 7.606879498116593252e-01
1.707746273505217793e+00 5.845360128187238047e-01 5.845360128187238047e-01 -9.906370035890816883e-01
-5.598591790937055279e-01 6.760802089508284318e-01 6.760802089508284318e-01 5.310668814218308942e-01
-3.740474700512731232e+00 9.853446471708269261e-01 9.853446471708269261e-01 -5.637194342465045027e-01
-6.273837316737634673e+00 6.741360382581016442e-01 6.741360382581016442e-01 -9.347854296972239393e-03
-1.718756569922748056e+00 6.540739737481204852e-01 6.540739737481204852e-01 9.890738382385818594e-01
2.564368104162921824e-01 6.625341792494654491e-02 6.625341792494654491e-02 -2.536354964879941609e-01
5.996307651880378842e+00 -1.005211993586277774e+00 -1.005211993586277774e+00 2.829588684013287780e-01
-2.495384430492127770e+00 9.814907981941300985e-01 9.814907981941300985e-01 6.021634902592913896e-01
2.773121678695250836e+00 -4.234018989562857715e-01 -4.234018989562857715e-01 -3.601894578890058041e-01
-2.947989453500206025e-01 -9.464057957079323735e-01 -9.464057957079323735e-01 2.905474747288304682e-01
-8.036824938373765548e-02 9.834894967856671055e-01 9.834894967856671055e-01 8.028176015641078078e-02
2.849383237751830222e-01 -3.569803238888349384e-01 -3.569803238888349384e-01 -2.810982624527386120e-01
-1.495914716609376249e+00 -5.740713579092437957e-01 -5.740713579092437957e-01 9.971976820379566675e-01
3.626444254782118293e+00 -4.901265206969221966e-01 -4.901265206969221966e-01 4.660770696080587250e-01
-5.887399205664409330e+00 7.810614478256361348e-01 7.810614478256361348e-01 -3.855336388340859788e-01
-1.641725796060129028e+00 2.388430419474354416e-01 2.388430419474354416e-01 9.974855596370519883e-01
4.545269261755725765e+00 -8.452570509839976154e-01 -8.452570509839976154e-01 9.860679707910963154e-01
-1.941986657780438996e+00 -1.058344347944122354e+00 -1.058344347944122354e+00 9.318962431525957824e-01
-3.484988389949521537e+00 1.052628411143110787e+00 1.052628411143110787e+00 -3.366865095621668913e-01
5.520478044084764946e+00 -5.120232535633141291e-01 -5.120232535633141291e-01 6.908812398498718199e-01
-5.021687646166488328e+00 2.416635163268248121e-01 2.416635163268248121e-01 -9.525472837164727924e-01
4.043820955408092388e+00 -1.034101022421073823e+00 -1.034101022421073823e+00 7.847100983666760454e-01
-2.734231167815581731e+00 4.397674138045544190e-01 4.397674138045544190e-01 3.961881069444739278e-01
-6.271526295459493916e+00 8.172683538805680659e-01 8.172683538805680659e-01 -1.165874758201388209e-02
-5.794198953549915210e+00 -8.841342168540378132e-02 -8.841342168540378132e-02 -4.697312730456851271e-01
-3.018183172012550486e+00 5.491917327841420171e-01 5.491917327841420171e-01 1.230964676840037020e-01
4.408016273977006350e+00 9.368549848586218420e-01 9.368549848586218420e-01 9.540351368719275360e-01
3.319534112282459759e+00 6.946186016414215292e-01 6.946186016414215292e-01 1.770039126476090074e-01
-2.265844843145864651e+00 7.139090442896338651e-01 7.139090442896338651e-01 7.680226317234052358e-01
-3.657746066905884774e-01 -1.682286008309583636e-01 -1.682286008309583636e-01 3.576727658322336745e-01
1.672743680884677175e+00 1.164784027075884909e+00 1.164784027075884909e+00 -9.948078677678884318e-01
3.687818406361978774e+00 1.136311870387638479e-01 1.136311870387638479e-01 5.194658754355587771e-01
-3.801491080499843633e-01 1.199672334021547160e+00 1.199672334021547160e+00 3.710589366619933549e-01
-7.764175373277542036e-01 -9.693177117339391025e-02 -9.693177117339391025e-02 7.007280904821012735e-01
3.646415696567354203e+00 9.519630406996448801e-01 9.519630406996448801e-01 4.836525644807375679e-01
-2.792262749338530803e+00 3.137724219531201619e-01 3.137724219531201619e-01 3.422682608557914841e-01
-5.452539202093095838e+00 1.462116917353379897e-01 1.462116917353379897e-01 -7.383672577155784289e-01
2.481797073616281324e+00 1.175026044854765361e+00 1.175026044854765361e+00 -6.129553489313457337e-01
-1.238337916087171919e+00 -4.274768166006884806e-01 -4.274768166006884806e-01 9.452428546440863055e-01
2.381984395136909072e-01 -1.001674480998755223e+00 -1.001674480998755223e+00 -2.359523175132707540e-01
6.067930246748622025e+00 -9.376181081148753371e-01 -9.376181081148753371e-01 2.135966093784826547e-01
-9.030715803116704521e-01 6.276680436704928923e-01 6.276680436704928923e-01 7.852325363779518730e-01
-2.768178406039279782e+00 3.850260654889379186e-01 3.850260654889379186e-01 3.647965144474039079e-01
-3.188344371626359752e+00 9.192546207599765484e-01 9.192546207599765484e-01 -4.673468884574156351e-02
-4.081974640313783098e+00 1.665703216928029473e-01 1.665703216928029473e-01 -8.077833326782075662e-01
-5.391691227611643988e+00 -1.189414509281804699e+00 -1.189414509281804699e+00 -7.780112715074036789e-01
-1.861375779093142668e+00 1.098029377145805840e+00 1.098029377145805840e+00 9.580780189755874199e-01
-3.316327199881067500e+00 2.331109688785990564e-01 2.331109688785990564e-01 -1.738467321505095531e-01
-1.664157705418462641e+00 1.042388423826324795e+00 1.042388423826324795e+00 9.956449911838668454e-01
-4.612874958963702809e+00 -5.680311495239168673e-01 -5.680311495239168673e-01 -9.950525646804347923e-01
-3.553629458062194324e+00 -2.826316470501392120e-01 -2.826316470501392120e-01 -4.004764956569281109e-01
3.760232010440510919e+00 5.829757328369713498e-01 5.829757328369713498e-01 5.799272248830202869e-01
1.814563110854715333e+00 1.604660570221829730e-01 1.604660570221829730e-01 -9.704357115201531769e-01
-1.721062487247417394e+00 -6.963700658407244726e-01 -6.963700658407244726e-01 9.887312683925920664e-01
6.147494839470727612e+00 -1.397028593935019103e-01 -1.397028593935019103e-01 1.352744642421747356e-01
-2.324293562788604106e-02 4.467081690573433406e-01 4.467081690573433406e-01 2.324084291351435558e-02
3.975559351619821769e+00 -7.722572567992207482e-01 -7.722572567992207482e-01 7.406025868833131520e-01
2.904822526903144464e+00 2.881205406627647125e-01 2.881205406627647125e-01 -2.345640934131494604e-01
-5.996966907009924519e+00 -5.708453908256371223e-01 -5.708453908256371223e-01 -2.823264942374695829e-01
-3.856632807118507866e+00 3.519651071511789020e-01 3.519651071511789020e-01 -6.556477358267474020e-01
-4.780703697278941178e+00 1.068167391196681359e+00 1.068167391196681359e+00 -9.976674570850295742e-01
-2.210422305030595780e+00 -2.071975626927270442e-01 -2.071975626927270442e-01 8.023190658681940146e-01
2.555403130881014562e+00 9.002041056379315176e-01 9.002041056379315176e-01 -5.531907108839456688e-01
1.701460369982798149e+00 2.251201489944649747e-01 2.251201489944649747e-01 -9.914755924355244110e-01
6.144187933617757835e+00 -2.646315352200999671e-01 -2.646315352200999671e-01 1.385502279347391730e-01
-3.525546279402214545e+00 1.984350847399896089e-01 1.984350847399896089e-01 -3.745891533678000762e-01
-3.524474819217742194e-01 7.752702293112934129e-02 7.752702293112934129e-02 3.451958758854413167e-01
-2.562308538266502289e+00 -1.074263054449228649e+00 -1.074263054449228649e+00 5.474249856206812037e-01
5.975393588261729505e+00 -2.688028481860627039e-02 -2.688028481860627039e-02 3.029548741366740461e-01
-3.764037188936691258e+00 -7.648386599581773471e-01 -7.648386599581773471e-01 -5.830229771507260406e-01
4.542027533345907031e-01 -6.110820936660920077e-01 -6.110820936660920077e-01 -4.387460386107243093e-01
2.707412859364966451e+00 1.402150002277195995e-01 1.402150002277195995e-01 -4.206664396547369345e-01
2.778461305285707894e+00 -8.704751675977606684e-01 -8.704751675977606684e-01 -3.552031203341363685e-01
-3.970416863378460448e+00 -1.062552118424212377e+00 -1.062552118424212377e+00 -7.371373488916520555e-01
-6.066957052432012887e+00 -2.894104099705515631e-01 -2.894104099705515631e-01 -2.145472429645360057e-01
2.810266592968705623e+00 3.099626582673742359e-01 3.099626582673742359e-01 -3.252972526202937420e-01
1.157034803855039762e+00 -2.936768381142608186e-01 -2.936768381142608186e-01 -9.156149600323930660e-01
4.567174804612619710e+00 -1.134699502116087722e-02 -1.134699502116087722e-02 9.894749363999979508e-01
-2.351099214651930946e+00 1.635288696016270471e-01 1.635288696016270471e-01 7.107004906093780106e-01
-2.130978033359816060e+00 -2.989670607948150538e-01 -2.989670607948150538e-01 8.471585770075626964e-01
-3.429631126934475027e+00 -6.374305808458436973e-01 -6.374305808458436973e-01 -2.840720552932260445e-01
5.214686944201307739e+00 3.816718887434249474e-01 3.816718887434249474e-01 8.764785432227507611e-01
-5.870181347489879187e+00 -8.669480393165373000e-01 -8.669480393165373000e-01 -4.013625193444937400e-01
-2.798393066809519603e+00 2.864801616497254511e-01 2.864801616497254511e-01 3.365018053474667092e-01
5.661051690163699135e+00 -2.523399364485588992e-01 -2.523399364485588992e-01 5.827703416148376503e-01
-9.829767553015313908e-01 2.218937957047268927e-01 2.218937957047268927e-01 8.321518083165110324e-01
1.203233076069023078e+00 7.780784521593713254e-01 7.780784521593713254e-01 -9.332057429147728733e-01
3.853431495824413133e+00 4.525603136927287551e-01 4.525603136927287551e-01 6.532271760466092925e-01
5.680176633240320072e+00 -4.318763741852987836e-01 -4.318763741852987836e-01 5.671230798009785357e-01
5.557043941948593968e-01 3.864269013865635483e-01 3.864269013865635483e-01 -5.275418343630945417e-01
-4.055003169831429055e+00 4.170126933773503630e-01 4.170126933773503630e-01 -7.915923338792520969e-01
-2.468770547212665978e+00 -5.966899551183278971e-01 -5.966899551183278971e-01 6.231955393693056067e-01
-6.192626894451190189e+00 8.479295344817543434e-01 8.479295344817543434e-01 -9.043468783892348595e-02
2.421608240249220501e+00 2.406475565298531460e-01 2.406475565298531460e-01 -6.593729537515212735e-01
-4.487560106775027258e+00 -6.000251076034764930e-01 -6.000251076034764930e-01 -9.748322721821168768e-01
6.956299659554758819e-01 -9.522074280052570394e-01 -9.522074280052570394e-01 -6.408691601124985038e-01
5.399378153944805803e+00 4.137156984026320039e-01 4.137156984026320039e-01 7.731590193805981670e-01
-4.544191795225796859e+00 1.390151933528942507e-01 1.390151933528942507e-01 -9.858881695496248820e-01
9.226412573267239736e-01 2.587071110360323889e-01 2.587071110360323889e-01 -7.971989699508846838e-01
2.883566431040316402e+00 -3.626666061031428301e-01 -3.626666061031428301e-01 -2.551726136166871939e-01
5.524817902606043774e+00 -6.649685596997456649e-02 -6.649685596997456649e-02 6.877371635658440230e-01
-2.526954957247291134e+00 2.060147892882568943e-01 2.060147892882568943e-01 5.766625644177872934e-01
4.682092840641949749e+00 5.233406685464532249e-01 5.233406685464532249e-01 9.995411070597615133e-01
-5.501896485417896443e-01 -1.397629479212780801e-01 -1.397629479212780801e-01 5.228488995625052427e-01
-8.485324539445322500e-01 -9.809396845541931143e-01 -9.809396845541931143e-01 7.503110408125976960e-01
1.445554119155199047e+00 9.573860499304884808e-01 9.573860499304884808e-01 -9.921674409533111083e-01
-5.456212716712019350e+00 5.160363840640243005e-01 5.160363840640243005e-01 -7.358848672768123489e-01
4.287673500899451540e-01 1.028858817188091246e+00 1.028858817188091246e+00 -4.157500494612814679e-01
5.794789435640058883e+00 1.124221889342498004e+00 1.124221889342498004e+00 4.692099080143110612e-01
1.094912285382032557e+00 5.759764083964054038e-01 5.759764083964054038e-01 -8.888880680447291960e-01
-1.426133630270943975e+00 -3.876607825970591614e-01 -3.876607825970591614e-01 9.895545873804331150e-01
1.329804337408768689e-01 9.424535055688962881e-01 9.424535055688962881e-01 -1.325888469999362551e-01
-1.110037372858765359e+00 5.723038500989714450e-01 5.723038500989714450e-01 8.957153033265824460e-01
-4.016392180424007030e+00 -7.789677387816844600e-01 -7.789677387816844600e-01 -7.674149841438817621e-01
-3.105520840861054843e+00 4.803431314071273661e-01 4.803431314071273661e-01 3.606399061011609369e-02
-4.520524678101424776e+00 2.726959596772118299e-01 2.726959596772118299e-01 -9.816504387143458743e-01
4.639435421126050230e+00 -7.537754055761735072e-01 -7.537754055761735072e-01 9.973400691382566796e-01
-3.577422039136787468e+00 7.722317337735897791e-01 7.722317337735897791e-01 -4.221624012465358122e-01
-4.140393056130900362e+00 1.949052028809861170e-01 1.949052028809861170e-01 -8.408222342375609726e-01
-1.526255404371775093e+00 5.118245791191462502e-01 5.118245791191462502e-01 9.990082170971080755e-01
-6.054518471403758539e+00 -8.093135843115895067e-01 -8.093135843115895067e-01 -2.266792641203438652e-01
2.325635937672963394e+00 1.647286260503244559e-01 1.647286260503244559e-01 -7.283814466627802631e-01
5.016527666107318595e+00 2.678746590673788397e-01 2.678746590673788397e-01 9.541052455234341201e-01
-6.200307036662827009e+00 7.678529746333451200e-02 7.678529746333451200e-02 -8.278342394598559029e-02
5.556605476755223094e+00 -1.760931823894251735e-01 -1.760931823894251735e-01 6.643171167830728141e-01
5.638830955157585478e+00 -3.178449532270555267e-02 -3.178449532270555267e-02 6.006823760929601574e-01
-1.358480434855569463e+00 4.153153941832654628e-01 4.153153941832654628e-01 9.775455217914084116e-01
-6.709246927861354237e-01 1.049232329146505327e+00 1.049232329146505327e+00 6.217105156842156477e-01
-5.672691492985242334e+00 4.585261929908299727e-01 4.585261929908299727e-01 -5.732721440620415221e-01
3.650428913479665027e+00 1.077747038871838869e+00 1.077747038871838869e+00 4.871612687557138055e-01
4.056203523771841901e+00 8.908417414699363324e-01 8.908417414699363324e-01 7.923252391795252425e-01
-2.133444212388146966e-01 1.401335513775536779e-01 1.401335513775536779e-01 2.117296752849546493e-01
-3.917032966982759046e+00 1.113535068687303786e+00 1.113535068687303786e+00 -7.000305766569150379e-01
1.935457658444503792e+00 -8.947559976114645153e-01 -8.947559976114645153e-01 -9.342445950208501104e-01
3.483880284372249392e-01 3.383923698944402148e-01 3.383923698944402148e-01 -3.413831205095703702e-01
4.867017713506527343e-02 -2.363135436003347412e-01 -2.363135436003347412e-01 -4.865096453720928193e-02
4.359858849577516793e+00 -3.384646217763076503e-01 -3.384646217763076503e-01 9.385021307419831871e-01
7.545231656949447085e-02 -1.132652732918351779e+00 -1.132652732918351779e+00 -7.538074461776446411e-02
-4.311405138601561049e+00 -1.037504874517109821e+00 -1.037504874517109821e+00 -9.206774222604158231e-01
-4.155897753999946431e-01 -8.326523696093506288e-01 -8.326523696093506288e-01 4.037295733265122699e-01
-5.677086919952229138e+00 -8.522131089434998863e-01 -8.522131089434998863e-01 -5.696651587830080521e-01
-3.203110553826345797e+00 -1.063651652935990288e+00 -1.063651652935990288e+00 -6.147910565415336953e-02
-3.040556261234739210e-01 -4.321802666818842509e-01 -4.321802666818842509e-01 2.993922532919201518e-01
4.908639895672456177e+00 -4.169994987524119345e-01 -4.169994987524119345e-01 9.808045165257200937e-01
5.830459921484564489e+00 -7.937908379901674749e-01 -7.937908379901674749e-01 4.374179813234240211e-01
-9.668653053093754224e-01 6.898089290371605120e-01 6.898089290371605120e-01 8.231096220132331220e-01
2.992276184750808810e+00 4.071724731173453904e-02 4.071724731173453904e-02 -1.487622417734914826e-01
1.038456246464556365e+00 9.901732103759848247e-01 9.901732103759848247e-01 -8.616217206120387884e-01
-5.503023587867181377e+00 3.017562277915810665e-01 3.017562277915810665e-01 -7.033943784519747222e-01
-4.268812524136347264e+00 -5.639586870546344777e-01 -5.639586870546344777e-01 -9.032225262553857936e-01
-7.532112472975711626e-01 -7.237783081910329486e-01 -7.237783081910329486e-01 6.839848753242439017e-01
1.328699756815616695e-01 1.560395139590533553e-01 1.560395139590533553e-01 -1.324793633524620484e-01
3.392989207444360389e+00 -7.810921447581610222e-01 -7.810921447581610222e-01 2.487568559282652969e-01
4.397693007720873126e+00 1.135525067641196317e+00 1.135525067641196317e+00 9.508905276467548573e-01
-2.753406783437168492e+00 6.552931761746161321e-02 6.552931761746161321e-02 3.785098852992946350e-01
-4.465739341637007698e+00 8.827604216669560078e-01 8.827604216669560078e-01 -9.697358748213169566e-01
1.919846084775651107e+00 4.079432998755512241e-01 4.079432998755512241e-01 -9.396981245953829331e-01
2.480274793750597340e+00 1.050397561421987591e+00 1.050397561421987591e+00 -6.141574182905794599e-01
-4.044928436022357410e+00 -8.703350093492778772e-01 -8.703350093492778772e-01 -7.853961031846967700e-01
-3.458642951140235677e+00 -4.572444876463651608e-01 -4.572444876463651608e-01 -3.117652341578335262e-01
-3.989829211818941346e+00 -2.513041295935507513e-01 -2.513041295935507513e-01 -7.501153957578536868e-01
-6.171692878320143905e+00 -7.520788493542207576e-01 -7.520788493542207576e-01 -1.112615867951157606e-01
-9.287582036472912250e-01 -6.501225735096071157e-01 -6.501225735096071157e-01 8.008769349436335450e-01
-3.470451304418812999e+00 -2.688886296211584481e-01 -2.688886296211584481e-01 -3.229630529229731151e-01
2.468365093024253554e+00 8.006822534129629521e-01 8.006822534129629521e-01 -6.235125800950911401e-01
2.909975779623794168e+00 3.870555412178824373e-01 3.870555412178824373e-01 -2.295515206962615018e-01
-1.582607008709541851e+00 -6.786891724797603498e-01 -6.786891724797603498e-01 9.999302547071049485e-01
2.368833233299302066e+00 -5.626126557593861266e-01 -5.626126557593861266e-01 -6.981136030572822060e-01
-1.336623079246496815e+00 -8.770892319211487376e-01 -8.770892319211487376e-01 9.727065124535275720e-01
2.595150856058742406e+00 -3.479442706253039752e-01 -3.479442706253039752e-01 -5.196504716554198877e-01
-5.880958950850641465e+00 6.613014592849799644e-01 6.613014592849799644e-01 -3.914679854807142645e-01
-1.213176880430096638e+00 1.932203336997062593e-01 1.932203336997062593e-01 9.367327787134142048e-01
3.877440556500095781e-01 4.269840222114043016e-01 4.269840222114043016e-01 -3.781009060819847667e-01
3.155507885476453112e+00 -3.146115866995845556e-01 -3.146115866995845556e-01 1.391478281475152894e-02
-6.732696005698324271e-01 -4.256021558984501851e-02 -4.256021558984501851e-02 6.235454469792933718e-01
1.860011685673704562e+00 8.094800960373393917e-01 8.094800960373393917e-01 -9.584679503871817996e-01
-2.185714437588004877e+00 9.868620375949774814e-01 9.868620375949774814e-01 8.168206908379924691e-01
4.635742126250201878e+00 -8.989348817900444377e-01 -8.989348817900444377e-01 9.970640676179468587e-01
2.114574425665196600e+00 8.387127551530932923e-01 8.387127551530932923e-01 -8.557601079027864488e-01
-5.922127731396901851e+00 2.754243621130481046e-02 2.754243621130481046e-02 -3.532638179029445880e-01
2.797095639028810865e+00 -1.101827063523664663e+00 -1.101827063523664663e+00 -3.377232872371486172e-01
8.145912332274791723e-01 -2.010068801201101429e-01 -2.010068801201101429e-01 -7.274451775998566072e-01
-5.398192691812028876e+00 2.104185278024877093e-01 2.104185278024877093e-01 -7.739103104987817838e-01
4.745312132178753473e+00 -3.549573690358215350e-01 -3.549573690358215350e-01 9.994580819909018032e-01
4.798768067557661610e+00 9.558674161850564399e-01 9.558674161850564399e-01 9.962716457266754810e-01
5.465834123636085451e+00 -9.352206885979490458e-01 -9.352206885979490458e-01 7.293361881375570732e-01
-1.274625039766159595e+00 2.524052675439980575e-02 2.524052675439980575e-02 9.564609462589733768e-01
-2.827527648662382820e+00 6.398054983872312196e-01 6.398054983872312196e-01 3.089273460045953157e-01
4.813842535805299860e+00 -2.530702405147521317e-01 -2.530702405147521317e-01 9.948580007913634393e-01
2.084001560096224281e+00 8.115656421251971064e-01 8.115656421251971064e-01 -8.711753052808267617e-01
5.887855616905328660e+00 -6.068810499128379776e-01 -6.068810499128379776e-01 3.851124708796830887e-01
3.270740410449910485e-01 -5.247212177438074221e-01 -5.247212177438074221e-01 -3.212735641743020842e-01
-4.676503033400523535e+00 -3.874620351319281175e-01 -3.874620351319281175e-01 -9.993561685028879982e-01
-4.876316454711673742e+00 -1.131192932693420916e+00 -1.131192932693420916e+00 -9.865939528103682132e-01
-5.770982970071707463e+00 -7.935511515509534597e-01 -7.935511515509534597e-01 -4.900981390441992991e-01
-1.227088999758597865e+00 2.983789118776563054e-01 2.983789118776563054e-01 9.415118439158237651e-01
-4.571688990687409415e+00 -5.253876958349954496e-01 -5.253876958349954496e-01 -9.901180748822687727e-01
-2.525177634819139261e+00 2.490793466130334366e-01 2.490793466130334366e-01 5.781136940428278637e-01
4.007862663095977496e+00 6.746005897071178925e-01 6.746005897071178925e-01 7.619184287285503121e-01
4.265262789203728033e+00 1.042831139725334255e+00 1.042831139725334255e+00 9.016933901265867801e-01
-5.830504393968901411e+00 -9.700874783690053293e-01 -9.700874783690053293e-01 -4.373779886397304861e-01
1.755380056954830792e+00 -4.456918279938344440e-01 -4.456918279938344440e-01 -9.830127368602320503e-01
2.385284408832001546e+00 9.459431123479571379e-01 9.459431123479571379e-01 -6.862408393771139981e-01
3.230804908102138384e-01 5.894045060896127008e-01 5.894045060896127008e-01 -3.174891744470676458e-01
-3.947302023775154822e+00 -1.074038832951091704e+00 -1.074038832951091704e+00 -7.213221340399604831e-01
-3.918539740567630325e+00 -5.278777957042982694e-01 -5.278777957042982694e-01 -7.011057879966917650e-01
-1.359646644332598520e+00 -4.186786533035133928e-01 -4.186786533035133928e-01 9.777906057202246926e-01
-6.205307459074713705e-01 -1.745827594364555146e-01 -1.745827594364555146e-01 5.814670413408286054e-01
3.999413895551873210e-01 2.756444597646883210e-01 2.756444597646883210e-01 -3.893643578452614107e-01
5.582477294736447604e-01 -3.460491301401247277e-01 -3.460491301401247277e-01 -5.297007630306405090e-01
-1.158944791307834343e+00 1.968371739240564189e-01 1.968371739240564189e-01 9.163812118931965456e-01
-6.268376284040425794e+00 -1.013629944857612486e-01 -1.013629944857612486e-01 -1.480848185761258692e-02
-1.225792174206898011e+00 -9.417802233694594349e-03 -9.417802233694594349e-03 9.410740482069359647e-01
3.702797135592447830e+00 -7.992687084744061199e-01 -7.992687084744061199e-01 5.322063158907175406e-01
-2.009593085730811524e+00 8.324195931336630938e-01 8.324195931336630938e-01 9.052635160067777909e-01
2.607770824738111060e+00 -1.124590587486184790e+00 -1.124590587486184790e+00 -5.088271421324790378e-01
3.457212261403050491e+00 -3.060182405589717547e-02 -3.060182405589717547e-02 3.104055325836854173e-01
5.852289927419759508e+00 -4.477729250547802797e-01 -4.477729250547802797e-01 4.176845047514241016e-01
-5.152638715417433346e+00 -4.571564214743185639e-01 -4.571564214743185639e-01 -9.046452630012253859e-01
1.999600706827544983e+00 -7.749798394375564392e-01 -7.749798394375564392e-01 -9.094635189249046237e-01
2.776218726175821772e+00 -5.480181828693271306e-01 -5.480181828693271306e-01 -3.572985639964829097e-01
2.882314796995142814e+00 7.050317232268172862e-01 7.050317232268172862e-01 -2.563826127704982860e-01
4.811740470293912608e+00 -6.150557140852686011e-02 -6.150557140852686011e-02 9.950686990194557158e-01
-4.310219048576477974e-01 -4.607439932182219033e-01 -4.607439932182219033e-01 4.177994611156797822e-01
4.180288899645425715e-01 2.984244909426299053e-01 2.984244909426299053e-01 -4.059598633210631524e-01
-5.841377046387337124e+00 1.185322784020200304e+00 1.185322784020200304e+00 -4.275747947639884639e-01
-2.952207460009885764e-01 -1.202326659414074683e-01 -1.202326659414074683e-01 2.909510532848805786e-01
-6.119306544161228878e+00 1.339775238238409827e-01 1.339775238238409827e-01 -1.631462192361011476e-01
2.493032178400282461e+00 -6.343887344929198813e-01 -6.343887344929198813e-01 -6.040397967094769394e-01
-2.183739979937057818e+00 1.340558592568457108e-01 1.340558592568457108e-01 8.179581460209464083e-01
-2.432901417946916389e+00 -1.027496123504097580e+00 -1.027496123504097580e+00 6.508406960605134239e-01
-2.867651406212559095e-01 9.640703843763811509e-01 9.640703843763811509e-01 2.828509501773896484e-01
-2.289319211562006018e+00 5.323073016564945359e-01 5.323073016564945359e-01 7.527788957592005392e-01
-2.888433798450329881e+00 5.108429111928662891e-01 5.108429111928662891e-01 2.504633738049062974e-01
