-1.791520061879801951e+00 2.190354213719234444e-01 2.190354213719234444e-01 9.757392533257460698e-01
-5.513895317885566527e-01 -2.113703456667810343e-01 -2.113703456667810343e-01 5.238713338715762502e-01
-9.422013243548201800e-01 -7.591029097694288463e-01 -7.591029097694288463e-01 8.088544574568216072e-01
-5.239306757089490674e+00 -7.138935675413073945e-01 -7.138935675413073945e-01 -8.643611363147292170e-01
8.152702092553969493e-01 -4.787183482515036115e-01 -4.787183482515036115e-01 -7.279109000184619260e-01
-1.547588179488894156e+00 7.182552877264425373e-01 7.182552877264425373e-01 9.997307030369885217e-01
2.668834496476804929e+00 -7.641893819664140608e-01 -7.641893819664140608e-01 -4.553436450275689107e-01
-1.348073153064968999e+00 7.383069848409919977e-01 7.383069848409919977e-01 9.752995544214314583e-01
-7.610678939281001476e-02 1.114495579713927098e+00 1.114495579713927098e+00 7.603333916013148286e-02
5.855783035426528116e+00 1.116931106465740120e+00 1.116931106465740120e+00 4.145081525201417816e-01
5.010106272163266539e+00 -1.157812627402683647e+00 -1.157812627402683647e+00 9.560085859331135527e-01
-1.131451010488267350e+00 -1.124420980590507657e+00 -1.124420980590507657e+00 9.050303249290527763e-01
3.933496942562634047e+00 -1.567162422182759585e-01 -1.567162422182759585e-01 7.116923084982121894e-01
3.031683562266806575e+00 4.736316773059439100e-01 4.736316773059439100e-01 -1.096879411497994755e-01
-1.753191332178741568e+00 6.025586997581762194e-01 6.025586997581762194e-01 9.834120947184670225e-01
3.171989725009053629e+00 -5.589214845846557367e-01 -5.589214845846557367e-01 3.039239057795782920e-02
-1.864516740959119900e+00 1.108499350701015684e+00 1.108499350701015684e+00 9.571733855085451381e-01
-8.868741739523944290e-02 -9.662778527623486768e-01 -9.662778527623486768e-01 8.857120191621654925e-02
-5.423092619508751433e+00 4.755343794759609999e-01 4.755343794759609999e-01 -7.579030325491656894e-01
-3.964977990051328671e+00 7.244252683527321324e-01 7.244252683527321324e-01 -7.334511839978601344e-01
2.699403012587909600e+00 -4.818886730113397521e-01 -4.818886730113397521e-01 -4.279195237323730194e-01
-3.778779511496534127e+00 3.868417591359127883e-01 3.868417591359127883e-01 -5.949366719675199811e-01
-5.513405955078973797e+00 -1.189354423053418985e+00 -1.189354423053418985e+00 -6.959768162016002346e-01
-1.662985565483678485e+00 9.166530202499711955e-02 9.166530202499711955e-02 9.957535808887104656e-01
-4.877394039689197491e+00 8.502692323133083097e-01 8.502692323133083097e-01 -9.864175243311646968e-01
-4.097987225615357332e+00 1.194551582889709751e+00 1.194551582889709751e+00 -8.171184634039601047e-01
3.155670526791398700e-01 -3.114625951238331192e-01 -3.114625951238331192e-01 -3.103555730221418396e-01
-3.411548922844054310e+00 2.980127222144226540e-01 2.980127222144226540e-01 -2.666892900137793343e-01
-2.665266177252478830e+00 -1.641268633935557553e-01 -1.641268633935557553e-01 4.585176702327352638e-01
-3.185119164514135015e+00 -1.145969202591446967e+00 -1.145969202591446967e+00 -4.351276831577630816e-02
-1.833053062507665310e+00 -8.584931888141781320e-01 -8.584931888141781320e-01 9.658073549229552190e-01
-5.312356561238642527e-01 1.196034695130948622e+00 1.196034695130948622e+00 5.065990878381934071e-01
-5.834192406458489799e+00 -1.002061327029277749e+00 -1.002061327029277749e+00 -4.340584740554026544e-01
-6.332661106801644735e-01 -1.707086723723283406e-01 -1.707086723723283406e-01 5.917807181830675445e-01
1.659848466673442324e+00 6.157693581846142017e-01 6.157693581846142017e-01 -9.960374778905359827e-01
5.266891930940520439e+00 5.803199831655594387e-01 5.803199831655594387e-01 8.501622521461085213e-01
5.156430004243917509e+00 9.113724254407358227e-01 9.113724254407358227e-01 9.030230491334219067e-01
2.665422560981449251e+00 -2.981926814263544667e-01 -2.981926814263544667e-01 -4.583786887069208893e-01
1.884114557592919681e-02 -8.039068218682028366e-01 -8.039068218682028366e-01 -1.884003086320997639e-02
4.385997485312492117e+00 4.109146938653973624e-01 4.109146938653973624e-01 9.472054925079155252e-01
-4.233169804903303302e+00 -4.555514992843511246e-01 -4.555514992843511246e-01 -8.873552208505016692e-01
-5.287429208689593096e+00 9.809694801691841715e-01 9.809694801691841715e-01 -8.391704241898441108e-01
6.192300857128865132e+00 -9.614413658410382313e-01 -9.614413658410382313e-01 9.075938437456551600e-02
-5.047291763655183949e+00 -1.209639120807242119e-01 -1.209639120807242119e-01 -9.444422670331955594e-01
3.451604925256640755e+00 8.006594767572650095e-01 8.006594767572650095e-01 3.050703231407705940e-01
4.999995019394894769e+00 -7.530128173024674965e-01 -7.530128173024674965e-01 9.589256874605738279e-01
3.462234614649071673e+00 1.035141488111693375e+00 1.035141488111693375e+00 3.151758679301196464e-01
4.879752749588245564e+00 8.036738541090115984e-01 8.036738541090115984e-01 9.860273453482288897e-01
3.826924494990587178e+00 -8.392989437048343770e-01 -8.392989437048343770e-01 6.329299609784890812e-01
-3.153434453498835666e-01 -7.104534687761221434e-01 -7.104534687761221434e-01 3.101429995440518339e-01
-6.209373141035719357e+00 5.896842560516868392e-01 5.896842560516868392e-01 -7.374516005117348616e-02
1.521413338936113746e+00 -9.345827080819437693e-01 -9.345827080819437693e-01 -9.987809080331627731e-01
-1.393035564100783219e+00 1.199681001836142125e+00 1.199681001836142125e+00 9.842421155672920197e-01
-3.897101162519542417e+00 7.803833813401062081e-02 7.803833813401062081e-02 -6.856589126230590026e-01
5.192774277358468638e+00 -6.388541718604850983e-01 -6.388541718604850983e-01 8.868169348259321572e-01
5.931943523593620426e+00 6.955775554377250369e-01 6.955775554377250369e-01 3.440640403928600377e-01
6.091970211470094654e+00 -4.300492848365753407e-01 -4.300492848365753407e-01 1.900519843946123499e-01
4.231484362530174792e+00 -1.166559483665045693e+00 -1.166559483665045693e+00 8.865768262204318795e-01
1.904886610845094808e+00 -4.109611811646980417e-01 -4.109611811646980417e-01 -9.447090053600438742e-01
4.280423816634694845e+00 1.035183931988439276e-01 1.035183931988439276e-01 9.081447756602435417e-01
2.392720529301294974e+00 -6.761878957461986417e-02 -6.761878957461986417e-02 -6.808130725372020242e-01
8.163175272946325833e-01 6.622887846478384688e-01 6.622887846478384688e-01 -7.286286170456182099e-01
4.748905267396819951e+00 -7.772637382090564762e-01 -7.772637382090564762e-01 9.993333544739704255e-01
6.270096303982441555e+00 -5.445112171570435367e-01 -5.445112171570435367e-01 1.308862946130186396e-02
3.401731497519524083e+00 9.727142248392632862e-01 9.727142248392632862e-01 2.572147267959879469e-01
2.574468974078332195e-01 -3.357370810168188724e-01 -3.357370810168188724e-01 -2.546124239465266115e-01
3.207999742500525997e+00 -5.782230343663334882e-01 -5.782230343663334882e-01 6.635829155185571371e-02
5.837447071333373927e+00 5.330776410256117259e-01 5.330776410256117259e-01 4.311241024906724006e-01
-5.838319126186683583e+00 7.380734864186464517e-01 7.380734864186464517e-01 -4.303370899840127661e-01
6.226630840400504852e+00 6.782343866823019596e-01 6.782343866823019596e-01 5.652432422610548235e-02
1.972920932573376973e+00 -1.997961504602874250e-02 -1.997961504602874250e-02 -9.202315553542904647e-01
6.033919622181365128e-01 -8.555679492756429472e-01 -8.555679492756429472e-01 -5.674387270320360166e-01
6.068112853641839166e+00 -1.254735036157752504e-01 -1.254735036157752504e-01 2.134182131367909907e-01
9.958993549544361557e-01 -3.894271433480122058e-01 -3.894271433480122058e-01 -8.392483282642028142e-01
1.918932831010957685e+00 1.557643972208437866e-01 1.557643972208437866e-01 -9.400100700559306244e-01
1.227136331287473681e+00 -7.358300919115089433e-01 -7.358300919115089433e-01 -9.415277926346953263e-01
5.453570337468905294e+00 -2.672991907705235537e-01 -2.672991907705235537e-01 7.376714688086848382e-01
-5.358657942433809218e+00 -1.179919849472793603e+00 -1.179919849472793603e+00 -7.983362257642518944e-01
-3.969167711971902879e+00 7.229920229280406563e-01 7.229920229280406563e-01 -7.362926687530580994e-01
6.220985579707631885e+00 1.015086261197543083e+00 1.015086261197543083e+00 6.215962878195813862e-02
3.417729540837299851e-01 -7.381578254406993000e-01 -7.381578254406993000e-01 -3.351580278634629928e-01
-5.649217426237783002e+00 4.297309716599917451e-01 4.297309716599917451e-01 -5.923462687151921369e-01
3.832354518457714576e+00 -9.649015376921667997e-01 -9.649015376921667997e-01 6.371245826732757633e-01
-1.923517167037776865e+00 -7.722845627245660260e-01 -7.722845627245660260e-01 9.384362667721583007e-01
2.159055499435913461e+00 -7.874539956684700748e-02 -7.874539956684700748e-02 -8.319079480269451210e-01
-1.917132672262422233e+00 8.387371162758114895e-01 8.387371162758114895e-01 9.406226648490718656e-01
2.946691122379883510e+00 6.370494186409336734e-03 6.370494186409336734e-03 -1.936699314461464982e-01
-5.325048111810435358e+00 -4.064125651512234816e-01 -4.064125651512234816e-01 -8.181217919191395849e-01
4.886916901436153537e-01 -2.637727263828680835e-01 -2.637727263828680835e-01 -4.694711209457916312e-01
5.234285617474661478e+00 -6.631324254586685729e-01 -6.631324254586685729e-01 8.668752180708485522e-01
1.442630250570814177e+00 -2.576556174914444997e-01 -2.576556174914444997e-01 -9.917979652699465687e-01
2.244169856554906417e+00 -7.223487054429185150e-01 -7.223487054429185150e-01 -7.817222949300520751e-01
1.751906324223947209e+00 9.773478923410439112e-01 9.773478923410439112e-01 -9.836443643686650917e-01
4.822095405805976398e+00 7.885534186507554555e-01 7.885534186507554555e-01 9.939882832420877667e-01
4.977621832293621651e+00 6.091927375746803985e-01 6.091927375746803985e-01 9.650314886451627494e-01
-3.517156899680457638e+00 -7.980018916517730432e-01 -7.980018916517730432e-01 -3.667975060404258247e-01
-3.450803574049219780e+00 1.062995997300115070e+00 1.062995997300115070e+00 -3.043070746137839788e-01
-2.073621557946694338e+00 5.848418251632669929e-01 5.848418251632669929e-01 8.762245733262198355e-01
-5.399541580081344883e+00 -9.049933199128525896e-01 -9.049933199128525896e-01 -7.730553622045853723e-01
-2.632308870009909540e-01 -2.152909870215067301e-01 -2.152909870215067301e-01 2.602015014949986549e-01
3.808435639997449940e+00 6.292047096621307123e-01 6.292047096621307123e-01 6.185083608951450485e-01
1.929217024794100510e+00 2.008645708091854054e-01 2.008645708091854054e-01 -9.364520036938446257e-01
-1.569263866181150213e+00 -6.565039738026205995e-01 -6.565039738026205995e-01 9.999988257824634630e-01
-6.058106806748966733e+00 -1.132955164997327291e+00 -1.132955164997327291e+00 -2.231828832014112196e-01
-8.266414758168627586e-01 -1.136354109500901099e+00 -1.136354109500901099e+00 7.356606269975294321e-01
5.857676426422015581e+00 4.124233714512264282e-01 4.124233714512264282e-01 4.127843384168010110e-01
-2.905595709745014688e-01 -4.510695690547906755e-01 -4.510695690547906755e-01 2.864883857674506706e-01
-3.713224305582613294e+00 2.343256852720054795e-01 2.343256852720054795e-01 -5.410050192004584035e-01
1.750182995831854882e+00 1.095732946815026976e+00 1.095732946815026976e+00 -9.839533121132884030e-01
6.083887274182218974e+00 9.428128125468380194e-01 9.428128125468380194e-01 1.979813075056179594e-01
2.363183675483192303e+00 1.090843481885402921e+00 1.090843481885402921e+00 -7.021474505510866271e-01
2.175898213611221266e+00 9.564443321810405241e-01 9.564443321810405241e-01 -8.224441440061184272e-01
2.002328571418784620e+00 9.568655123282614472e-01 9.568655123282614472e-01 -9.083259348562656710e-01
3.628481938216046032e+00 -1.940460614715338039e-01 -1.940460614715338039e-01 4.678789291939658979e-01
-1.096980129663866599e+00 -1.722016567593742664e-02 -1.722016567593742664e-02 8.898334969400276684e-01
1.516373954273203317e+00 4.195543473145537661e-01 4.195543473145537661e-01 -9.985194681579478981e-01
5.349534537559053504e+00 -5.212364521622655511e-01 -5.212364521622655511e-01 8.037971481392357509e-01
-3.613819571169544442e+00 1.002124924580721332e+00 1.002124924580721332e+00 -4.548706098648290785e-01
3.867147716077189656e+00 1.105906268018233218e+00 1.105906268018233218e+00 6.635508044388434001e-01
-2.486320366155142736e+00 8.630607700988346398e-01 8.630607700988346398e-01 6.093751577309750589e-01
-3.502813700373653916e+00 2.724698245417584985e-01 2.724698245417584985e-01 -3.534167441851707170e-01
3.306702220283371574e+00 -6.643904763139831804e-01 -6.643904763139831804e-01 1.643604086020318544e-01
5.435679024168983631e+00 4.380382438243779486e-01 4.380382438243779486e-01 7.496322596983358011e-01
7.900506188394551543e-03 -4.157730999195091703e-01 -4.157730999195091703e-01 -7.900423999687766763e-03
1.752172254510426797e-01 1.070217625800532479e+00 1.070217625800532479e+00 -1.743220411506696821e-01
6.200362766571268835e+00 -4.543095383355622019e-03 -4.543095383355622019e-03 8.272788519849813560e-02
-4.222324623562386137e+00 -4.261162291890671083e-01 -4.261162291890671083e-01 -8.823025687962624541e-01
-2.669623398449905594e+00 -1.035406418519304594e+00 -1.035406418519304594e+00 4.546411315399035424e-01
4.864070038799917839e+00 -3.890470439359865473e-01 -3.890470439359865473e-01 9.885184667120706647e-01
-3.855067754687867332e+00 -7.432302757856339426e-01 -7.432302757856339426e-01 -6.544652140301057131e-01
-2.330690257575297686e+00 -2.811590359275801809e-01 -2.811590359275801809e-01 7.249090800233671805e-01
3.476288982227242030e+00 -1.084341976009033592e+00 -1.084341976009033592e+00 3.284823643538398730e-01
2.054390589130907330e+00 8.453207306381880226e-01 8.453207306381880226e-01 -8.853294414406042145e-01
-2.779859248346817857e+00 7.968320417666896471e-01 7.968320417666896471e-01 3.538959916857655208e-01
4.392431228364195306e+00 -1.037763632935844171e-01 -1.037763632935844171e-01 9.492487070369016733e-01
-4.443050779708697107e-01 1.115980141291745609e+00 1.115980141291745609e+00 4.298305323786519860e-01
7.512040521770151358e-01 -5.370297322547776808e-01 -5.370297322547776808e-01 -6.825192572859422047e-01
-6.014604424063971777e-01 -6.367754939322182173e-01 -6.367754939322182173e-01 5.658472259374708324e-01
2.963218515811828269e+00 -1.892192214624968116e-01 -1.892192214624968116e-01 -1.774297432122294571e-01
-2.659842847526486587e+00 1.137819548431112215e+00 1.137819548431112215e+00 4.633305369009900754e-01
-5.166208679615445831e+00 -8.660830052308143845e-01 -8.660830052308143845e-01 -8.987791000770705141e-01
-3.207528085585673594e-01 -5.362706182132954691e-01 -5.362706182132954691e-01 3.152810639597591891e-01
-5.488122687294395341e+00 -5.837333048937209945e-02 -5.837333048937209945e-02 -7.139074552870399160e-01
-5.385056656933572050e+00 -4.677204322816180815e-01 -4.677204322816180815e-01 -7.821622890598285416e-01
2.296068215815978419e+00 4.073668791594720062e-02 4.073668791594720062e-02 -7.483190950561354748e-01
-6.985648669258317511e-01 1.443724959561081267e-01 1.443724959561081267e-01 6.431193738774918511e-01
-8.268965813380217966e-01 7.322708167704099491e-01 7.322708167704099491e-01 7.358333988614221832e-01
-2.810366954199392975e+00 8.659497739198585009e-02 8.659497739198585009e-02 3.252023482170726121e-01
3.233453726557625529e+00 3.976532867176523212e-01 3.976532867176523212e-01 9.173193318537992136e-02
-2.779475410785138934e+00 2.650774111109013287e-01 2.650774111109013287e-01 3.542549630379197012e-01
4.170010301640676431e+00 -1.965395727482475152e-01 -1.965395727482475152e-01 8.564832916572342469e-01
5.273013864186413713e+00 6.214732037976009593e-01 6.214732037976009593e-01 8.469230159662548552e-01
-6.006616109247252311e+00 -2.555279225731954540e-02 -2.555279225731954540e-02 -2.730568376403645359e-01
-1.100987185435220006e+00 -9.180377551270626491e-01 -9.180377551270626491e-01 8.916547092168646271e-01
-1.537670971473478865e+00 -2.650742330817011938e-01 -2.650742330817011938e-01 9.994514055840596489e-01
-3.809900394344238439e+00 4.256600319832817281e-01 4.256600319832817281e-01 -6.196586690372848372e-01
-1.249346602538862427e+00 -2.229513264824294350e-01 -2.229513264824294350e-01 9.487783859650568141e-01
5.961146422940704070e+00 8.480610357585216530e-01 8.480610357585216530e-01 3.165012865740558512e-01
-4.915216575892109141e+00 1.191973053034071084e+00 1.191973053034071084e+00 -9.795009041238339487e-01
5.072653265571878123e-01 4.980682569939012261e-01 4.980682569939012261e-01 -4.857887532295457333e-01
3.870775737134479755e+00 -4.048231130515667076e-02 -4.048231130515667076e-02 6.662606673215069053e-01
2.004167720878719194e+00 6.094839113839185529e-01 6.094839113839185529e-01 -9.075551507973595999e-01
-8.993259061279657018e-01 7.005980336019825838e-01 7.005980336019825838e-01 7.829077082159456857e-01
-1.534741095278820744e+00 -1.059626185090447370e+00 -1.059626185090447370e+00 9.993500805515795893e-01
4.144759544462576883e+00 3.696565880271940330e-02 3.696565880271940330e-02 8.431778407528234265e-01
-3.305559071264310145e+00 1.087513061892230626e+00 1.087513061892230626e+00 -1.632326988596389250e-01
-2.616342570123970646e-01 1.228382475142701935e-01 1.228382475142701935e-01 2.586595374828443705e-01
-3.660820105151421533e+00 9.092328227529840046e-01 9.092328227529840046e-01 -4.962095572816271893e-01
8.552534727221567934e-01 -7.724179180392387600e-02 -7.724179180392387600e-02 -7.547372253848035895e-01
-2.066852496902812142e+00 1.000660932896673794e+00 1.000660932896673794e+00 8.794665048986617384e-01
5.496574109676972242e+00 -1.089293653665486250e-01 -1.089293653665486250e-01 7.079640053810778433e-01
6.057623447859542765e+00 -1.182804546511690313e+00 -1.182804546511690313e+00 2.236540240413441849e-01
5.642893330695001097e+00 9.344837655513711372e-01 9.344837655513711372e-01 5.974296090032170659e-01
-2.689482348344851115e+00 -4.428125432985584586e-01 -4.428125432985584586e-01 4.368647824088818243e-01
-7.425840766618057032e-01 9.143385018974654610e-01 9.143385018974654610e-01 6.761939176111230188e-01
-5.017479319359408052e-01 2.293097670412687084e-01 2.293097670412687084e-01 4.809587600233495297e-01
-2.313230014373436561e+00 -9.157239456300159119e-02 -9.157239456300159119e-02 7.368253673218813082e-01
4.657279751390769107e+00 -6.540589412952916293e-01 -6.540589412952916293e-01 9.984818707148496175e-01
-3.250874660627260937e-01 7.030119734689395106e-01 7.030119734689395106e-01 3.193916719133683690e-01
1.858552887743448068e+00 1.014961119822155533e+00 1.014961119822155533e+00 -9.588829799345206517e-01
-6.529997577696455835e-01 -7.427346776123215921e-01 -7.427346776123215921e-01 6.075717378175000682e-01
-6.194435027339576294e+00 -9.411975628610291800e-02 -9.411975628610291800e-02 -8.863381712698321924e-02
-5.133623204899391723e+00 -6.978699684152563920e-01 -6.978699684152563920e-01 -9.125849770340501710e-01
8.830754067207147173e-01 8.069457388876373205e-01 8.069457388876373205e-01 -7.726947298510514761e-01
-4.135052077401029536e+00 8.686517515775646903e-01 8.686517515775646903e-01 -8.379191229704069377e-01
2.896300125851327678e+00 -2.331078397162703597e-01 -2.331078397162703597e-01 -2.428401064841270718e-01
4.926009417503829368e-01 -9.580527814667787467e-01 -9.580527814667787467e-01 -4.729191900862312337e-01
3.098416113887749290e+00 -1.065096982685552085e+00 -1.065096982685552085e+00 -4.316312590380129433e-02
5.888802436764731141e+00 3.638878150637956388e-01 3.638878150637956388e-01 3.842385070806552672e-01
3.811771359963199046e+00 -7.977569551819179150e-01 -7.977569551819179150e-01 6.211260510472262908e-01
-2.751877564812861277e+00 -9.680086570817550973e-01 -9.680086570817550973e-01 3.799248827244718352e-01
5.510168319279024729e+00 6.894920050978048387e-01 6.894920050978048387e-01 6.982979949612204695e-01
-3.996008369083434264e+00 -1.181684078685208306e+00 -1.181684078685208306e+00 -7.541873690475063841e-01
-9.760723185732036455e-01 -2.544177776758964615e-01 -2.544177776758964615e-01 8.283031631048962673e-01
1.522442493070720104e+00 -6.095807942403311808e-01 -6.095807942403311808e-01 -9.988311811426683340e-01
-3.183742372819696076e+00 -4.812743066632547695e-01 -4.812743066632547695e-01 -4.213723981484720355e-02
2.212611707363750568e+00 3.320757244932903696e-02 3.320757244932903696e-02 -8.010102997840389261e-01
-5.473599807351115842e+00 -4.988912864206828113e-01 -4.988912864206828113e-01 -7.240013149395677639e-01
-4.409400513145935285e+00 -4.970618601882234033e-01 -4.970618601882234033e-01 -9.544490719626158581e-01
2.956466276364794865e+00 -1.047021736789092605e+00 -1.047021736789092605e+00 -1.840707528144917837e-01
3.963162053668481732e+00 1.191232818059647647e+00 1.191232818059647647e+00 7.322156068918042049e-01
1.897382724195484371e-02 1.190115342338086579e+00 1.190115342338086579e+00 -1.897268881345862135e-02
-5.499671483829773777e+00 -3.999464626363408160e-01 -3.999464626363408160e-01 -7.057730969744400173e-01
3.047487565039293855e+00 2.544365103270467277e-01 2.544365103270467277e-01 -9.396625457170727780e-02
4.809721299440177233e-01 2.745541115106624463e-01 2.745541115106624463e-01 -4.626412315311945744e-01
-5.023172409795417792e-01 -9.900661375800804409e-01 -9.900661375800804409e-01 4.814578198971451450e-01
-5.076023141169727637e+00 -7.685420805084408613e-01 -7.685420805084408613e-01 -9.346104250456073181e-01
-3.339226833278763351e+00 -8.312725982396330648e-01 -8.312725982396330648e-01 -1.963501155556408029e-01
-2.799218523839579920e+00 -2.510686724436498318e-01 -2.510686724436498318e-01 3.357243720885443872e-01
6.268163613077017970e+00 -3.537020362841915011e-01 -3.537020362841915011e-01 1.502112916482449372e-02
4.236778382459082337e+00 4.600600110844643709e-02 4.600600110844643709e-02 8.890133059559517381e-01
-2.375314326929439002e+00 9.693496782383668187e-01 9.693496782383668187e-01 6.934585947681936036e-01
-5.020902162779014688e+00 -1.003572345456080095e+00 -1.003572345456080095e+00 -9.527860836432663350e-01
2.597070592793714994e+00 -1.136955934681900260e-01 -1.136955934681900260e-01 -5.180093324534152943e-01
-5.338450601327634715e+00 8.179486683949706016e-01 8.179486683949706016e-01 -8.103415111097819201e-01
-4.899487432423362598e+00 -1.140170847710781699e+00 -1.140170847710781699e+00 -9.825480837556700431e-01
-8.884151811172076307e-01 1.562311039861983275e-01 1.562311039861983275e-01 7.760732680133475281e-01
-1.196539866775908401e+00 -8.229233590092011053e-01 -8.229233590092011053e-01 9.307797029401922995e-01
-5.419520607296968606e+00 -4.525453649221423680e-01 -4.525453649221423680e-01 -7.602284561397651963e-01
6.552989704267977444e-01 5.159666369296234123e-01 5.159666369296234123e-01 -6.093963139790818939e-01
2.173186905878669251e+00 1.110628834255510844e+00 1.110628834255510844e+00 -8.239834353675752343e-01
-3.256445882774041678e-01 -1.198184379931759080e+00 -1.198184379931759080e+00 3.199195640285735220e-01
-1.442072508748225346e+00 7.193692002936591390e-01 7.193692002936591390e-01 9.917265229744692823e-01
5.602565186823184717e+00 -4.943325359915338169e-01 -4.943325359915338169e-01 6.292750917581033665e-01
3.428311451222008088e-01 1.879773951930199249e-01 1.879773951930199249e-01 -3.361548273355062233e-01
-2.920201824926647483e+00 -1.593062836733818433e-01 -1.593062836733818433e-01 2.195867177159584460e-01
8.081463337855128160e-01 -1.271981765570961986e-01 -1.271981765570961986e-01 -7.230078307985658981e-01
-2.686341482082920784e+00 -1.019837866209094557e-01 -1.019837866209094557e-01 4.396879175172863086e-01
-4.884412939317575031e+00 8.503691471446968020e-01 8.503691471446968020e-01 -9.852403303378197696e-01
2.620340100502621894e+00 1.172043284294521648e-02 1.172043284294521648e-02 -4.979667373772217465e-01
-1.290299271788549973e+00 -9.220165144130505475e-01 -9.220165144130505475e-01 9.609179556368323549e-01
-4.838791030020121120e+00 -4.099371884080894590e-01 -4.099371884080894590e-01 -9.920218919193684037e-01
-4.900216528794379300e+00 2.097921754614435752e-01 2.097921754614435752e-01 -9.824122042951530798e-01
-3.466998536796938257e+00 6.292519999528438657e-01 6.292519999528438657e-01 -3.196933950608782382e-01
5.129716723082545116e+00 5.346308138475970306e-01 5.346308138475970306e-01 9.141753197002326914e-01
9.433201401361364091e-01 -3.681531179634177642e-01 -3.681531179634177642e-01 -8.095118247153856306e-01
1.873007120406619208e+00 3.126770878829834288e-01 3.126770878829834288e-01 -9.546808208184204281e-01
-1.094842899726584662e+00 -3.408499967033360445e-01 -3.408499967033360445e-01 8.888562786404937688e-01
-5.051795075220995024e+00 7.336339367606727890e-01 7.336339367606727890e-01 -9.429525589569669464e-01
3.019893233613279548e+00 -1.747448891700147389e-01 -1.747448891700147389e-01 -1.213992324393548122e-01
3.826018594961935193e-01 -5.478480664344762552e-01 -5.478480664344762552e-01 -3.733354660832230998e-01
5.092407073522837280e+00 -3.101766176121737439e-01 -3.101766176121737439e-01 9.286579243092112357e-01
-5.253251785478720848e+00 -2.792047719323696997e-01 -2.792047719323696997e-01 -8.572647630130943996e-01
2.580397310838256075e-01 1.852002260149314683e-01 1.852002260149314683e-01 -2.551856749346831377e-01
-4.390787593399876343e-01 4.807898609244398713e-01 4.807898609244398713e-01 4.251057904204560978e-01
6.228998420203906150e+00 1.196799125566580857e+00 1.196799125566580857e+00 5.416037344313574808e-02
-2.945777997317299501e+00 -1.094768615963402025e+00 -1.094768615963402025e+00 1.945656872136189708e-01
-2.543122698483605060e+00 1.051550566013739418e+00 1.051550566013739418e+00 5.633790124200337424e-01
-4.437603344885959089e+00 1.107546964920695709e+00 1.107546964920695709e+00 -9.624833855387555648e-01
3.770333904590549068e+00 -7.293080651516062884e-01 -7.293080651516062884e-01 5.881271876585489888e-01
5.818564979871219123e-01 -5.771298810100652377e-01 -5.771298810100652377e-01 -5.495758827205078356e-01
5.625347811014059118e+00 -8.648228280892790165e-01 -8.648228280892790165e-01 6.114070584788554585e-01
5.697616631226088302e+00 -1.772924748757851443e-01 -1.772924748757851443e-01 5.526734050315355029e-01
-5.564116093705930410e+00 -3.578041482342745327e-01 -3.578041482342745327e-01 -6.586846157959987957e-01
1.779488637592658407e+00 -5.476303427711467497e-01 -5.476303427711467497e-01 -9.783026791653061105e-01
4.065859271159009580e+00 -5.517594716883047479e-01 -5.517594716883047479e-01 7.981791735530936460e-01
-5.080500511432517463e+00 -1.779429459777179812e-01 -1.779429459777179812e-01 -9.330085822300240306e-01
-1.510375003226024582e+00 -2.065445813012983800e-01 -2.065445813012983800e-01 9.981751870896785617e-01
-1.670420373564951433e-01 -1.191291022350725815e+00 -1.191291022350725815e+00 1.662662902621794003e-01
-1.846574098771558425e+00 1.456594548673038059e-01 1.456594548673038059e-01 9.622137049520581575e-01
-9.938262000233066829e-01 -1.413042520221732268e-01 -1.413042520221732268e-01 8.381192510135467844e-01
1.519821363669078274e+00 -3.065393508834955982e-01 -3.065393508834955982e-01 -9.987010578730491916e-01
-7.645755109539136285e-01 -7.747414759745929747e-01 -7.747414759745929747e-01 6.922307172693767940e-01
-3.550966956106004435e+00 -8.069542875680637550e-01 -8.069542875680637550e-01 -3.980354098034555310e-01
-8.976306248130745402e-01 9.808986315033700887e-01 9.808986315033700887e-01 7.818518849971496376e-01
-6.097318849742805469e-02 1.185235972937096927e+00 1.185235972937096927e+00 6.093541521386666715e-02
-3.489929490676001667e+00 -4.081743197673548540e-01 -4.081743197673548540e-01 -3.413350040709103861e-01
-3.555166066624640742e+00 5.967873884593632994e-01 5.967873884593632994e-01 -4.018840275380248239e-01
4.175906188692493970e+00 -6.534261461507503421e-01 -6.534261461507503421e-01 8.595116957704209693e-01
5.980910780770118507e+00 -8.983162147932561847e-01 -8.983162147932561847e-01 2.976923784299900788e-01
3.851358330068443081e+00 -1.099769530130040973e+00 -1.099769530130040973e+00 6.516560511026376901e-01
-2.544145618510746942e-01 -8.373288111266663503e-01 -8.373288111266663503e-01 2.516788584311074328e-01
1.617174010458454880e+00 3.149073582723997955e-01 3.149073582723997955e-01 -9.989247479787574102e-01
4.773315245313680677e+00 3.671610220761192256e-01 3.671610220761192256e-01 9.981445691755524985e-01
1.267335934795434937e-01 2.403532754347557088e-01 2.403532754347557088e-01 -1.263946125846577839e-01
2.915697395167704542e-02 1.977334677003681485e-01 1.977334677003681485e-01 -2.915284292845952627e-02
5.871150346973568190e+00 -7.322458893668992719e-01 -7.322458893668992719e-01 4.004748057419920682e-01
8.259778084458302416e-01 1.119491239645922231e-01 1.119491239645922231e-01 -7.352109297188371695e-01
-5.545903833894981538e+00 8.058525014622179850e-01 8.058525014622179850e-01 -6.722778759725732689e-01
-1.157164015888211495e+00 -1.085231654380237387e+00 -1.085231654380237387e+00 9.156669028970211288e-01
-3.123704518791249551e+00 -7.969216623057846505e-01 -7.969216623057846505e-01 1.788718082357825326e-02
4.655833467363001077e+00 9.618962605040912717e-01 9.618962605040912717e-01 9.984011632016858151e-01
2.915340845001697545e+00 -6.161703640311150254e-01 -6.161703640311150254e-01 -2.243264426413324464e-01
-3.088611323800867225e-01 5.356981142770367299e-02 5.356981142770367299e-02 3.039738569783262956e-01
-3.593658985449894594e+00 1.152989132190929134e-02 1.152989132190929134e-02 -4.368252267313096904e-01
-5.814515674608941254e+00 6.300199232347842848e-01 6.300199232347842848e-01 -4.516997715407233271e-01
-4.170253057304016409e-01 7.083810017019587235e-02 7.083810017019587235e-02 4.050424925317429037e-01
6.128051947286412116e+00 -1.179230939508374876e+00 -1.179230939508374876e+00 1.545118590301376438e-01
3.656601830357701033e+00 -2.203323613258139080e-01 -2.203323613258139080e-01 4.925428354896939642e-01
-3.258210393934888316e-01 -1.167690526093345005e+00 -1.167690526093345005e+00 3.200867367233122263e-01
-5.549590127259642180e+00 8.995479229422647105e-01 8.995479229422647105e-01 -6.695443555340104824e-01
4.654931584637360231e+00 -2.002908529230362777e-01 -2.002908529230362777e-01 9.983497779089622881e-01
-4.618422524737199275e+00 9.871048202151611051e-02 9.871048202151611051e-02 -9.955884001301567032e-01
5.770390493111461794e+00 4.082699311483493076e-01 4.082699311483493076e-01 4.906144957638832182e-01
-3.984366216375485159e+00 -9.941430698850672876e-02 -9.941430698850672876e-02 -7.464915035141349575e-01
4.499774567308417517e+00 -8.029946550696358543e-01 -8.029946550696358543e-01 9.774825725620690520e-01
5.291817943132555158e+00 3.036607042306527227e-01 3.036607042306527227e-01 8.367754556028004220e-01
2.086170044752247321e+00 -2.181878939751304980e-01 -2.181878939751304980e-01 -8.701085924098799218e-01
2.042994611265468663e+00 5.114567788534334358e-01 5.114567788534334358e-01 -8.905705618783120725e-01
-6.588760637655530772e-01 9.503590941365807065e-01 9.503590941365807065e-01 6.122285640118849681e-01
1.214904340590239329e+00 2.683477368594111567e-01 2.683477368594111567e-01 -9.373360700355861663e-01
-2.595504644267590866e+00 9.373910745422768809e-01 9.373910745422768809e-01 5.193481699426162335e-01
-3.654969273527580942e+00 9.159949973396308565e-03 9.159949973396308565e-03 -4.911213847991151016e-01
9.360532341197664863e-01 2.435713098450404956e-01 2.435713098450404956e-01 -8.052240615522537892e-01
8.989501661036864988e-01 3.140355007067954229e-01 3.140355007067954229e-01 -7.826738908600705535e-01
1.741798596195209825e+00 -7.552521007026902211e-01 -7.552521007026902211e-01 -9.854147056148409023e-01
3.039424197903393576e+00 4.770955127718401467e-01 4.770955127718401467e-01 -1.019908026778312132e-01
1.540813521896398086e-01 1.031439137766870795e+00 1.031439137766870795e+00 -1.534723996477044272e-01
-4.647428293569951130e+00 -1.065606417591159039e+00 -1.065606417591159039e+00 -9.978907964581938961e-01
3.009564628540681852e-01 6.636240366376677802e-01 6.636240366376677802e-01 -2.964338152129419868e-01
-4.491918171248389768e+00 -1.069251612948036501e+00 -1.069251612948036501e+00 -9.757945966747246791e-01
2.084672164868983657e-01 -5.687302985477015183e-01 -5.687302985477015183e-01 -2.069605458912811002e-01
-2.826334790963533017e+00 -2.096354895319946232e-01 -2.096354895319946232e-01 3.100616357758572694e-01
-3.072692499663197463e+00 -2.883112653899729816e-01 -2.883112653899729816e-01 6.884565270450436480e-02
-2.105337810605337090e+00 1.359862525267583333e-01 1.359862525267583333e-01 8.605023092070567259e-01
-4.367735942576967290e+00 5.993923864084875763e-01 5.993923864084875763e-01 -9.411927374200865781e-01
1.350811430975277005e+00 1.102546678563786964e+00 1.102546678563786964e+00 -9.759007453988779446e-01
-5.344980748686255723e+00 -1.059030994778886070e+00 -1.059030994778886070e+00 -8.064978694478497356e-01
-6.121408896152301438e+00 9.849893142533194812e-02 9.849893142533194812e-02 -1.610716757494410900e-01
-6.163120263477125604e+00 -5.382629934653265780e-01 -5.382629934653265780e-01 -1.197767829851526800e-01
-5.915782263094939708e-01 1.982911326385694561e-01 1.982911326385694561e-01 5.576717419183611080e-01
2.062551142914314184e+00 -7.759410570380500527e-01 -7.759410570380500527e-01 -8.815056386206407968e-01
-4.647872487554338683e+00 8.025358884482700628e-01 8.025358884482700628e-01 -9.979195328675062315e-01
-3.654187858576006143e+00 -4.873254755536212679e-01 -4.873254755536212679e-01 -4.904405512807389345e-01
-1.103340889489992982e+00 3.413184420126771368e-01 3.413184420126771368e-01 8.927177981373243254e-01
-3.082469452681912081e+00 -5.370921451535297653e-01 -5.370921451535297653e-01 5.908876221495601433e-02
5.779823113758338238e+00 5.523855792138809839e-01 5.523855792138809839e-01 4.823734255680949268e-01
-2.976730039651735105e+00 -8.555592731831551667e-02 -8.555592731831551667e-02 1.641168093075134615e-01
-2.645267462243772627e+00 8.389270201768745938e-01 8.389270201768745938e-01 4.761973607395770802e-01
-3.699783102409770486e+00 -5.441983022338702236e-01 -5.441983022338702236e-01 -5.296521775938287657e-01
-4.485306079922201761e+00 -3.289771071364940846e-01 -3.289771071364940846e-01 -9.743272845012518335e-01
5.986874114191135021e+00 -6.262026583640595279e-01 -6.262026583640595279e-01 2.919941521006406693e-01
-1.285864093872934433e+00 7.460920596181344067e-01 7.460920596181344067e-01 9.596807036727653673e-01
3.057658267637277660e+00 9.642803670860142784e-01 9.642803670860142784e-01 -8.383586796737488300e-02
-3.046183327644649275e+00 6.652103816641543599e-01 6.652103816641543599e-01 9.526464092718631149e-02
-1.307958173210157504e+00 -5.616914240178375595e-01 -5.616914240178375595e-01 9.656564528351772037e-01
-4.770857242795021769e+00 -2.596426270537557368e-01 -2.596426270537557368e-01 -9.982912180232113020e-01
-3.643942590634224654e+00 -5.251459112861400769e-03 -5.251459112861400769e-03 -4.814864767356651365e-01
1.470201648347932988e+00 -4.810300511793393907e-01 -4.810300511793393907e-01 -9.949446205625055439e-01
2.823071690094083763e+00 -1.488898483336562606e-01 -1.488898483336562606e-01 -3.131622632286610863e-01
3.125955032554696089e+00 -3.903286646526480386e-01 -3.903286646526480386e-01 -1.563698371811342649e-02
6.076786023228374134e+00 4.039114581565095285e-02 4.039114581565095285e-02 2.049369444888370362e-01
3.672161774332195705e+00 -2.151971708265023597e-01 -2.151971708265023597e-01 5.060243007081376421e-01
2.527742033225367280e+00 -2.416387817074310274e-01 -2.416387817074310274e-01 -5.760193586230728524e-01
-1.035749816824468539e+00 1.069574046687760793e+00 1.069574046687760793e+00 8.602449156526406071e-01
-5.634527427100151087e+00 -6.850204322995895323e-01 -6.850204322995895323e-01 -6.041174210755467788e-01
-2.839817211727313939e+00 8.931631831400828059e-01 8.931631831400828059e-01 2.972158843974310183e-01
-6.182064369639221901e+00 5.895275991263777549e-01 5.895275991263777549e-01 -1.009486912145511478e-01
2.408495402458015633e+00 -8.966152839938037467e-01 -8.966152839938037467e-01 -6.691744249488178475e-01
5.575434128856198157e+00 3.849004794435100241e-01 3.849004794435100241e-01 6.501267036077037487e-01
-3.565557284422096185e+00 1.249114211647972539e-01 1.249114211647972539e-01 -4.113772994955579021e-01
-1.512038796383357919e+00 -1.043176462782479330e+00 -1.043176462782479330e+00 9.982742728941891297e-01
3.614019899874850950e+00 -5.722505998173527120e-01 -5.722505998173527120e-01 4.550490049748605603e-01
-4.764921418495397631e+00 -6.838822571487127577e-01 -6.838822571487127577e-01 -9.986204887650110829e-01
4.869939310613380812e+00 -5.865896026162336074e-01 -5.865896026162336074e-01 9.876145978643243728e-01
4.816895436897521421e-01 -5.662552765627435480e-01 -5.662552765627435480e-01 -4.632771324155902648e-01
-3.691016114444365837e+00 -1.139833022740683655e+00 -1.139833022740683655e+00 -5.221956283285528189e-01
-7.373198874308366513e-01 -4.762116510063441055e-02 -4.762116510063441055e-02 6.723063134266434870e-01
1.892963169800051304e+00 3.061676090916298776e-01 3.061676090916298776e-01 -9.485515738360210669e-01
4.846823172171998095e+00 -2.621232973219574935e-01 -2.621232973219574935e-01 9.909773248907579601e-01
-2.186026922215545731e+00 7.808851022865617164e-01 7.808851022865617164e-01 8.166403811932015921e-01
5.587616441818507695e+00 1.811261981481271377e-01 1.811261981481271377e-01 6.408222550371212023e-01
-5.128711219597070325e+00 6.258903609401427204e-01 6.258903609401427204e-01 -9.145824071576000858e-01
-3.934019285929591270e+00 -5.902004579038716559e-01 -5.902004579038716559e-01 -7.120591530741329223e-01
-8.211481234844431043e-01 -9.093688258375229871e-01 -9.093688258375229871e-01 7.319286218508774811e-01
3.432693283319167676e+00 -5.330455487971229589e-01 -5.330455487971229589e-01 2.870067233900648884e-01
-2.151901906554760657e-01 -8.576951490674229461e-01 -8.576951490674229461e-01 2.135332362218075597e-01
-2.512118263154292208e+00 -6.370768222606818521e-01 -6.370768222606818521e-01 5.887199695949192346e-01
2.381858097419470965e+00 3.720544855225369485e-01 3.720544855225369485e-01 -6.887290175953820759e-01
-4.243349149403799814e+00 -1.510688104243176344e-01 -1.510688104243176344e-01 -8.920027245296008322e-01
-2.283505263458636136e+00 5.576605605730351467e-01 5.576605605730351467e-01 7.565933191930405144e-01
1.242833296248308628e+00 1.737943743539638319e-01 1.737943743539638319e-01 -9.467004461425139183e-01
5.756490406647490232e+00 9.230430666519462424e-01 9.230430666519462424e-01 5.026789220666184610e-01
-5.119403234353196552e+00 -4.940322767361210454e-01 -4.940322767361210454e-01 -9.183068793514561623e-01
-1.000770564051185474e-01 3.860355952848160133e-01 3.860355952848160133e-01 9.991008779441666598e-02
8.126724898653687745e-01 -5.712790040382703660e-01 -5.712790040382703660e-01 -7.261272632497894897e-01
-3.862331482453098541e+00 -9.091131184814151833e-01 -9.091131184814151833e-01 -6.599399477247092083e-01
-1.159589431987078534e+00 -4.419615741150999533e-01 -4.419615741150999533e-01 9.166390754683457764e-01
-2.053805895995084008e+00 -3.216731048367795776e-01 -3.216731048367795776e-01 8.856011515150129521e-01
2.936284306335606331e+00 -1.135766434537442748e+00 -1.135766434537442748e+00 -2.038690409888701260e-01
-4.079010692706354746e+00 -2.202453620442910154e-01 -2.202453620442910154e-01 -8.060326006865096149e-01
3.913026163460886053e+00 -8.756368012395893130e-01 -8.756368012395893130e-01 6.971636550447142255e-01
5.095787901438786349e-02 8.075522055269821475e-01 8.075522055269821475e-01 -5.093582811068037702e-02
5.764005318753316232e+00 7.643094582149028149e-01 7.643094582149028149e-01 4.961683490964390875e-01
2.141152531528868863e+00 5.168804798963111402e-02 5.168804798963111402e-02 -8.417087022650111550e-01
-4.708866263493789894e+00 5.941983789487177425e-01 5.941983789487177425e-01 -9.999937952392697893e-01
4.454667575335937713e-01 9.074475871295974994e-01 9.074475871295974994e-01 -4.308791337232523722e-01
-3.475046869172850883e+00 1.028491822728758498e+00 1.028491822728758498e+00 -3.273089229268679734e-01
5.694416026531934349e+00 3.207667248887262623e-01 3.207667248887262623e-01 5.553379470448694954e-01
1.887960895128664163e+00 -1.497713090173768968e-01 -1.497713090173768968e-01 -9.501235331059120215e-01
-1.659957124430543551e+00 -1.042196793861626780e+00 -1.042196793861626780e+00 9.960278085890142963e-01
-7.153893047309702879e-01 3.439894334806441467e-01 3.439894334806441467e-01 6.559113283787537663e-01
5.339039679430763741e+00 4.375287791570083851e-01 4.375287791570083851e-01 8.099961955746469711e-01
-7.366043362254250937e-01 2.486350431159594088e-01 2.486350431159594088e-01 6.717764380679839276e-01
-5.196067893508264923e+00 7.908296210104266422e-01 7.908296210104266422e-01 -8.852900786762744056e-01
-4.206042475548313675e+00 -1.868552599264741154e-01 -1.868552599264741154e-01 -8.745222321863044268e-01
1.025379584398849353e+00 1.944686395456662886e-02 1.944686395456662886e-02 -8.549111697328097836e-01
4.458813680851667627e+00 -1.183800324910974977e+00 -1.183800324910974977e+00 9.680216876509903923e-01
-1.236603643190320234e+00 2.517334597433580345e-01 2.517334597433580345e-01 9.446754225806575089e-01
8.440300437854366677e-01 4.379424041238424437e-01 4.379424041238424437e-01 -7.473269701424843925e-01
3.679347055801303057e-01 -2.381206750151716456e-01 -2.381206750151716456e-01 -3.596891316450843146e-01
-2.862652194317830467e+00 1.074496855644069049e+00 1.074496855644069049e+00 2.753372162537657264e-01
-2.957420534881412877e+00 -6.454696777592173751e-01 -6.454696777592173751e-01 1.831327160509282626e-01
-7.456883759690047242e-02 8.974114225125544575e-01 8.974114225125544575e-01 7.449974999414815668e-02
3.929470787066573934e+00 3.005462290656737423e-01 3.005462290656737423e-01 7.088582086080766897e-01
1.016385454760069251e-01 -3.477134758133445525e-01 -3.477134758133445525e-01 -1.014636414730027830e-01
6.137909873394326254e+00 -1.878648040553889675e-01 -1.878648040553889675e-01 1.447649675834019600e-01
-2.276389530857152899e+00 7.415870191030873304e-01 7.415870191030873304e-01 7.612270014823031561e-01
6.174900877753559669e+00 -1.393804193120637969e-01 -1.393804193120637969e-01 1.080729382914107639e-01
