-1.179884232529275323e+00 1.092412669282402105e+00 1.092412669282402105e+00 9.245619075088311600e-01
4.325701912051993503e+00 7.814933265741303980e-01 7.814933265741303980e-01 9.261635201207465418e-01
2.792230610243251476e+00 -1.004652350172771769e+00 -1.004652350172771769e+00 -3.422984586461005896e-01
-4.228725073792794831e+00 -2.812736130765236542e-01 -2.812736130765236542e-01 -8.852970572023870499e-01
4.125137693839899811e+00 -4.705404349077154658e-01 -4.705404349077154658e-01 8.324668151507882419e-01
-1.923987589029154677e-01 8.448462832331393724e-01 8.448462832331393724e-01 1.912139407681988368e-01
-3.092890967788052059e+00 2.056676155746450796e-02 2.056676155746450796e-02 4.868243586844932247e-02
-2.810463014500614420e+00 6.346979343001788454e-01 6.346979343001788454e-01 3.251115078257309499e-01
-1.807217952068859823e+00 -1.180794190998667670e+00 -1.180794190998667670e+00 9.721823432365385154e-01
5.633125142036139010e+00 6.162790731836367275e-01 6.162790731836367275e-01 6.052343011366062564e-01
2.351087353665580082e+00 9.529197766180266260e-01 9.529197766180266260e-01 -7.107088347005869888e-01
-3.065395154600602190e+00 -9.657615830735739593e-01 -9.657615830735739593e-01 7.612378586432874683e-02
2.835737601428521160e+00 1.956758987261220106e-01 1.956758987261220106e-01 -3.011086542339005412e-01
-2.622877417540273370e+00 2.588946356218024825e-01 2.588946356218024825e-01 4.957647852731810190e-01
-4.606155874725821775e+00 -2.217313402156924074e-01 -2.217313402156924074e-01 -9.943625683807553184e-01
4.728318805522391699e+00 4.706094694634499476e-01 4.706094694634499476e-01 9.998731230185933239e-01
3.097745032558000489e+00 -1.017553888521857797e+00 -1.017553888521857797e+00 -4.383357204167180610e-02
-5.168067198114027150e+00 9.262189359296457702e-02 9.262189359296457702e-02 -8.979627704780855924e-01
1.782814113931364020e+00 -5.567198020855745888e-01 -5.567198020855745888e-01 -9.776082962965895184e-01
2.081810552718268426e-01 -2.222386414189150283e-01 -2.222386414189150283e-01 -2.066805717998106973e-01
2.815753793865026111e+00 -5.976518097225729242e-01 -5.976518097225729242e-01 -3.201036194448079186e-01
3.575486995806917534e+00 -5.192515835999974572e-01 -5.192515835999974572e-01 4.204074560679323391e-01
2.872674245171545238e+00 6.289776016026975558e-01 6.289776016026975558e-01 -2.656888743872423686e-01
6.260717398855993210e+00 -5.371659499866899834e-01 -5.371659499866899834e-01 2.246601804543016737e-02
-2.995445167695741873e+00 -4.918507312727926628e-01 -4.918507312727926628e-01 1.456277784021121069e-01
1.445759460264959273e-01 5.960380302703751632e-01 5.960380302703751632e-01 -1.440728128204689096e-01
-4.333627292746132120e+00 4.150754330695423100e-01 4.150754330695423100e-01 -9.291232388462962177e-01
-3.121308732284929555e+00 8.369038360698020096e-01 8.369038360698020096e-01 2.028253040595546369e-02
2.634270756493732435e+00 -1.068576918417289745e+00 -1.068576918417289745e+00 -4.858381994165653084e-01
4.269212458945728983e+00 5.722324957068116724e-01 5.722324957068116724e-01 9.033940950540588766e-01
-1.210418797646619637e-01 -8.594989737231903959e-01 -8.594989737231903959e-01 1.207465293550576135e-01
-6.196206530450032446e-01 -4.329540382438725743e-01 -4.329540382438725743e-01 5.807263764237635684e-01
-5.763245423477554752e+00 9.579401908665750032e-01 9.579401908665750032e-01 -4.968279668695252949e-01
4.635221878480077606e+00 -9.173616631789252018e-01 -9.173616631789252018e-01 9.970240963646669341e-01
2.819970332031410010e+00 9.804951576250877654e-01 9.804951576250877654e-01 -3.161061110652823580e-01
4.518787581050128566e+00 9.854602307800568450e-01 9.854602307800568450e-01 9.813177119603841980e-01
-3.603789471985247683e+00 -1.158084390978260991e+00 -1.158084390978260991e+00 -4.459154987432649153e-01
-3.979063922085594118e+00 8.713899319059079662e-01 8.713899319059079662e-01 -7.429529066914518642e-01
-3.800283680627623895e+00 3.948887978807107402e-01 3.948887978807107402e-01 -6.120822485371162358e-01
4.422212153363492604e+00 4.106119796639817743e-01 4.106119796639817743e-01 9.581932964517039242e-01
-4.028698678561955404e+00 5.607742167546805323e-01 5.607742167546805323e-01 -7.752469933610317554e-01
2.138507299258399996e+00 -3.369007093525319130e-01 -3.369007093525319130e-01 -8.431340010716772415e-01
-2.265799056622958219e+00 -8.623763517646738652e-01 -8.623763517646738652e-01 7.680519536470636899e-01
4.291120902789195668e+00 -5.707705121284653016e-01 -5.707705121284653016e-01 9.125711344231315358e-01
9.318246769514280103e-01 -4.055103461352852490e-01 -4.055103461352852490e-01 -8.027094596919407410e-01
-5.537848248569206433e+00 3.716743540381708399e-01 3.716743540381708399e-01 -6.782195396462250558e-01
-2.319707083237042777e+00 -6.122143931743403433e-01 -6.122143931743403433e-01 7.324309052984967483e-01
-5.494315811684023387e+00 -6.945498481289335002e-01 -6.945498481289335002e-01 -7.095571183572715324e-01
5.673707672013344805e+00 1.168976198158762303e+00 1.168976198158762303e+00 5.724392266616269431e-01
2.970773501831342145e+00 6.615311068649476489e-01 6.615311068649476489e-01 -1.699896357101360889e-01
9.909663965714781142e-01 1.329735323440042194e-01 1.329735323440042194e-01 -8.365558401264197030e-01
5.988541871835151298e+00 7.318996635520054195e-01 7.318996635520054195e-01 2.903986698224587659e-01
-9.787204542981937649e-01 8.970920162386100127e-01 8.970920162386100127e-01 8.297839550204295644e-01
-1.225566596532475572e+00 -1.607997251026116459e-03 -1.607997251026116459e-03 9.409977337626864724e-01
1.814578266229238679e+00 8.327295198030959522e-01 8.327295198030959522e-01 -9.704320535112719304e-01
-2.804818010753633573e+00 7.243905225595441699e-01 7.243905225595441699e-01 3.304446422789328319e-01
-3.009893291227187628e+00 -4.887115121605796197e-01 -4.887115121605796197e-01 1.313189775902610656e-01
-4.780414823266800006e+00 -9.154630752387955539e-01 -9.154630752387955539e-01 -9.976871344582149970e-01
5.869478555814220400e-01 -3.722790355439692389e-01 -3.722790355439692389e-01 -5.538222844821772961e-01
4.031099675528484028e+00 -8.318719810757282396e-01 -8.318719810757282396e-01 7.767613667939176070e-01
-5.862057524779642037e+00 -7.059947141186351249e-01 -7.059947141186351249e-01 -4.087899591639120311e-01
5.506986683849593334e+00 7.147425937703251186e-01 7.147425937703251186e-01 7.005718942201715205e-01
-5.592317776229419835e+00 -6.523983914258627559e-01 -6.523983914258627559e-01 -6.372060223941513613e-01
5.040722946300615348e+00 -8.080101926642456744e-01 -8.080101926642456744e-01 9.465808970584825843e-01
-3.704452581029027414e-02 1.038880604734025548e+00 1.038880604734025548e+00 3.703605371034732890e-02
-4.818113849907970980e+00 9.725093466179066670e-01 9.725093466179066670e-01 -9.944163299616459728e-01
1.682563342023291497e+00 9.589447690497354682e-01 9.589447690497354682e-01 -9.937605663928776867e-01
5.764478204753080703e+00 1.246287357482489533e-02 1.246287357482489533e-02 4.957577215562662953e-01
-4.599967647065650311e+00 -2.785643794643946070e-01 -2.785643794643946070e-01 -9.936873746500697324e-01
-2.883185242710445628e+00 -9.246166397436077489e-01 -9.246166397436077489e-01 2.555411643554796330e-01
5.750965525530990163e+00 1.188231967349016260e+00 1.188231967349016260e+00 5.074473374436759832e-01
1.095959563447281404e+00 -4.535957958007058588e-01 -4.535957958007058588e-01 -8.893673641718230494e-01
-2.104608663665671564e+00 1.080877901053581391e+00 1.080877901053581391e+00 8.608735418135190498e-01
-3.862079546864348067e+00 -9.339847371939606901e-01 -9.339847371939606901e-01 -6.597506429517685511e-01
-6.231097356946960097e+00 6.069729468963525054e-01 6.069729468963525054e-01 -5.206439965106090390e-02
-5.537547483492989642e+00 -1.143171916153408407e+00 -1.143171916153408407e+00 -6.784405289938734152e-01
-4.494642511899466619e+00 -8.599594340359607569e-01 -8.599594340359607569e-01 -9.763867582475800333e-01
2.302533957513912100e+00 2.198142116401102797e-02 2.198142116401102797e-02 -7.440145047898341080e-01
6.093161587526127576e+00 1.037083160448377006e+00 1.037083160448377006e+00 1.888821877235224711e-01
2.644596911090141944e+00 -9.580285255070979389e-01 -9.580285255070979389e-01 -4.767868950353208457e-01
-3.354512538013949108e+00 -1.134768658348047632e+00 -1.134768658348047632e+00 -2.113147443872118170e-01
-2.251210021281614182e+00 -6.388719136926652720e-01 -6.388719136926652720e-01 7.773125240129120650e-01
-4.438292640659683208e+00 -1.007195650827295008e+00 -1.007195650827295008e+00 -9.626701908154720044e-01
-2.495403523222049280e+00 6.166389243234082773e-01 6.166389243234082773e-01 6.021482470332526482e-01
-4.775979582238159438e+00 -6.124958460984546438e-01 -6.124958460984546438e-01 -9.979787989208122045e-01
3.841066017447113623e+00 -8.767449948537013871e-01 -8.767449948537013871e-01 6.438148043815626886e-01
1.445434644853747841e+00 -7.925466818804779434e-01 -7.925466818804779434e-01 -9.921525097341431509e-01
8.393929843131937574e-01 -7.779261676103292888e-01 -7.779261676103292888e-01 -7.442378224015022692e-01
2.266522377360864482e-01 2.986856151746857257e-01 2.986856151746857257e-01 -2.247166484797775421e-01
-3.004003160926525418e+00 5.986100936949469986e-01 5.986100936949469986e-01 1.371557886213492505e-01
-4.667225196058393699e+00 1.048171646292422432e+00 1.048171646292422432e+00 -9.989802896413398914e-01
-5.111149958231012924e+00 -5.895643684469045187e-01 -5.895643684469045187e-01 -9.215427848373719533e-01
-3.142040089915016932e+00 1.131549891825356591e+00 1.131549891825356591e+00 -4.474363102942893440e-04
-8.997866908114415807e-01 -8.136004000543937131e-01 -8.136004000543937131e-01 7.831942966895529823e-01
5.456081434204953950e+00 5.778453324847339090e-01 5.778453324847339090e-01 7.359737531981176417e-01
3.314498680843147582e+00 1.024119417722482828e+00 1.024119417722482828e+00 1.720457668573665277e-01
-6.103405134947795574e+00 1.447604990988780038e-01 1.447604990988780038e-01 -1.788132929385791714e-01
-1.814658106207186705e+00 4.772683995719857464e-01 4.772683995719857464e-01 9.704127790868268821e-01
4.573095507136471838e+00 5.693857965624302686e-01 5.693857965624302686e-01 9.903143399999324581e-01
1.107812166102307039e+00 1.179115173190482979e+00 1.179115173190482979e+00 -8.947236972343306505e-01
-4.932866334835083855e+00 -4.523205405137998847e-01 -4.523205405137998847e-01 -9.757931652652339638e-01
-6.566378281806848349e-01 -1.022270924764362654e+00 -1.022270924764362654e+00 6.104573019650806343e-01
-2.107052807409433015e-01 8.127501885442807161e-01 8.127501885442807161e-01 2.091496343109601752e-01
-5.969028593273352890e+00 1.136814264409197195e+00 1.136814264409197195e+00 -3.090145677981817607e-01
1.305225646018842944e+00 7.775617494081170644e-01 7.775617494081170644e-01 -9.649428771510470959e-01
-1.354695153567129218e+00 7.353472865873824649e-01 7.353472865873824649e-01 9.767408694459152052e-01
-2.493852293249252838e+00 2.061978906729438066e-01 2.061978906729438066e-01 6.033859997118284912e-01
-1.823975294431106065e-01 -9.486038349694192462e-02 -9.486038349694192462e-02 1.813878508429754288e-01
-2.895944109640106845e+00 -3.898910345874490035e-01 -3.898910345874490035e-01 2.431854504262260241e-01
1.487061927959026697e+00 5.848159336001947928e-01 5.848159336001947928e-01 -9.964963230981593867e-01
3.079457804152259115e+00 7.029516146561263223e-01 7.029516146561263223e-01 -6.209487607657465658e-02
1.826586005709749827e+00 -1.066118645695651068e+00 -1.066118645695651068e+00 -9.674638011148002370e-01
-3.098490386872079227e-01 1.143110491289796249e+00 1.143110491289796249e+00 3.049148674420245064e-01
4.489627509537195138e-01 8.469005117087646806e-01 8.469005117087646806e-01 -4.340313123940133244e-01
9.390123048063729883e-01 -1.356528355694754939e-01 -1.356528355694754939e-01 -8.069751757989385155e-01
-3.078940576357906078e+00 -1.134682627863123905e+00 -1.134682627863123905e+00 6.261109742225083596e-02
2.112881090094198555e+00 -2.421874600132218891e-01 -2.421874600132218891e-01 -8.566349663916329460e-01
-2.716103091030028782e+00 -9.948943289916374333e-01 -9.948943289916374333e-01 4.127667427689891699e-01
-5.622051571068402254e+00 -1.022393484133579111e-01 -1.022393484133579111e-01 -6.140121004648159131e-01
5.509003969967285030e+00 7.935958011869959083e-01 7.935958011869959083e-01 6.991309710186951465e-01
1.539624592436918959e+00 -8.766654771899118348e-01 -8.766654771899118348e-01 -9.995142008271268308e-01
4.068481019575798996e+00 5.229253363245589536e-01 5.229253363245589536e-01 7.997558225859465741e-01
4.019456646560536583e+00 -1.302400180679241792e-01 -1.302400180679241792e-01 7.693761623537342942e-01
4.901558598759656604e+00 2.115074556431255637e-01 2.115074556431255637e-01 9.821607214929006791e-01
4.936826262558065892e+00 -1.187051895731517925e+00 -1.187051895731517925e+00 9.749194986545902664e-01
-2.874469186464301274e-01 -6.786904204435419974e-01 -6.786904204435419974e-01 2.835048212419901126e-01
3.456190840991403945e+00 1.689506144875283500e-01 1.689506144875283500e-01 3.094344042638771386e-01
5.871288638289648532e+00 -6.776263069040918685e-01 -6.776263069040918685e-01 4.003480845054646631e-01
1.754482839359518209e+00 1.172418971329679094e+00 1.172418971329679094e+00 -9.831770141164394294e-01
5.760261595228751474e+00 -9.220651194892619529e-01 -9.220651194892619529e-01 4.994152638488003060e-01
5.037085349417873559e-01 8.153790801975107083e-01 8.153790801975107083e-01 -4.826767799177846818e-01
-4.525106699970177893e+00 5.264029306629796068e-01 5.264029306629796068e-01 -9.825138734639288218e-01
-5.740409760143494466e-01 9.126853379852144510e-01 9.126853379852144510e-01 5.430297351706623310e-01
-4.533046696523207686e+00 9.947860735332383353e-01 9.947860735332383353e-01 -9.839612306186268365e-01
2.217218642561684661e+00 -5.189371771121266130e-01 -5.189371771121266130e-01 -7.982438649310487078e-01
-1.931336137244406004e+00 -4.270210517699764008e-01 -4.270210517699764008e-01 9.357065260169808996e-01
-7.077450220512497836e-01 4.443538637579402817e-02 4.443538637579402817e-02 6.501220259008885227e-01
-3.095925237915525763e+00 -9.694590942566363445e-01 -9.694590942566363445e-01 4.565154399898462001e-02
-6.039576046865196446e+00 -7.048444454817048843e-02 -7.048444454817048843e-02 -2.412068821742176516e-01
4.148724274894036057e+00 -3.257841099704260612e-01 -3.257841099704260612e-01 8.453027850547822908e-01
-7.720077098691344730e-01 -7.005070033741134239e-02 -7.005070033741134239e-02 6.975751909706457976e-01
-3.171601742388973744e+00 -7.391080010796641231e-01 -7.391080010796641231e-01 -3.000458491078424050e-02
4.810717758752410589e+00 -4.850151329364920105e-01 -4.850151329364920105e-01 9.951696194519739080e-01
6.197825130505469460e+00 -8.757119142907983100e-01 -8.757119142907983100e-01 8.525655360697262375e-02
-2.705387693963381412e+00 -7.781967708214867496e-01 -7.781967708214867496e-01 4.225028369609101220e-01
5.153483875367900424e+00 -4.183882415747653960e-01 -4.183882415747653960e-01 9.042847620238475548e-01
-1.019915473616988422e+00 2.686626682219770412e-01 2.686626682219770412e-01 8.520637806745328113e-01
-1.125582893133658224e+00 -9.901995683081166177e-02 -9.901995683081166177e-02 9.025187706366977203e-01
-5.999908480595160576e+00 -2.195477881970306910e-01 -2.195477881970306910e-01 -2.795033712418175664e-01
6.015695099712530691e+00 -9.405520059564314028e-01 -9.405520059564314028e-01 2.643117341510624052e-01
1.241966418888579504e+00 -5.418549456327452774e-01 -5.418549456327452774e-01 -9.464208560068579912e-01
-1.443228676256147480e-01 3.859594228861680243e-01 3.859594228861680243e-01 1.438223701527324705e-01
5.169090530988107446e-02 1.133286253485763284e+00 1.133286253485763284e+00 -5.166788913524775206e-02
5.226228677066364625e+00 -9.654030396352152321e-01 -9.654030396352152321e-01 8.708636261504300036e-01
2.135722966334661521e+00 -6.875870868431832594e-01 -6.875870868431832594e-01 -8.446278765013124357e-01
5.441614582185227533e+00 -9.877065141392920022e-01 -9.877065141392920022e-01 7.456906015001120158e-01
3.848162055837082818e+00 -2.140271402921263277e-01 -2.140271402921263277e-01 6.492283058647555505e-01
-5.494978395903742374e+00 -1.045982801486732949e+00 -1.045982801486732949e+00 -7.090900740428939253e-01
-5.307000029597235269e+00 -1.148221681067611577e-01 -1.148221681067611577e-01 -8.283664465132547505e-01
6.057575061693754037e-01 1.133573863373561919e+00 1.133573863373561919e+00 -5.693849634303275176e-01
1.000221455264176385e+00 5.196577275394154150e-01 5.196577275394154150e-01 -8.415906169629070455e-01
-1.441970772944234369e+00 -2.806927275798423160e-01 -2.806927275798423160e-01 9.917134581570504759e-01
2.585539356297438474e+00 -1.075028374557222666e+00 -1.075028374557222666e+00 -5.278382055655892469e-01
-2.123882925554235079e+00 -3.359055551174568999e-01 -3.359055551174568999e-01 8.509071378323715962e-01
3.589299486597255395e+00 9.547418071970728004e-01 9.547418071970728004e-01 4.328995166897106062e-01
4.123738524532924998e+00 -1.156961424475993150e+00 -1.156961424475993150e+00 8.316907559517252579e-01
4.243167217821682158e+00 5.307533683873866259e-02 5.307533683873866259e-02 8.919204712310166983e-01
-3.612710319413130478e-01 4.019363679575593817e-01 4.019363679575593817e-01 3.534635031580829478e-01
5.140829027441574439e+00 9.399459230339879401e-01 9.399459230339879401e-01 9.096149422837133125e-01
4.203585023577693036e+00 -4.393083790656324705e-01 -4.393083790656324705e-01 8.733277643407905133e-01
8.870097113227242147e-01 8.819127261258652428e-01 8.819127261258652428e-01 -7.751861524576210138e-01
-1.680612144352344295e+00 4.324995145039773892e-01 4.324995145039773892e-01 9.939763003330981395e-01
-1.099984507017937041e+00 -4.997131398559810922e-01 -4.997131398559810922e-01 8.912003323979031943e-01
-1.792928771998506754e+00 4.560641369851456961e-01 4.560641369851456961e-01 9.754298681108770630e-01
-5.951402988063121846e+00 -3.055774005489765299e-01 -3.055774005489765299e-01 -3.257286621686439898e-01
-2.328217395638483289e+00 -2.199892025876659662e-01 -2.199892025876659662e-01 7.266102793511363123e-01
-6.220443838335896203e-01 -8.430463279689646150e-01 -8.430463279689646150e-01 5.826978251182488577e-01
9.339345689327780420e-01 -5.032435087983629929e-01 -5.032435087983629929e-01 -8.039659489643100621e-01
3.594055619709212834e+00 -7.494844595086589401e-01 -7.494844595086589401e-01 4.371819832806617123e-01
2.438913438966732627e+00 8.948424274974067227e-01 8.948424274974067227e-01 -6.462645490012168814e-01
-4.717929341870625848e-01 3.876460107651902298e-01 3.876460107651902298e-01 4.544840798597606923e-01
1.357121792590961107e+00 -8.729783402579819329e-01 -8.729783402579819329e-01 -9.772583206379097387e-01
1.960703463974974525e+00 4.843379114070871516e-01 4.843379114070871516e-01 -9.249443612376141433e-01
1.862653313644502262e+00 -5.400918293295824402e-01 -5.400918293295824402e-01 -9.577112140925589934e-01
2.577550618762440848e+00 -9.688762174227952828e-01 -9.688762174227952828e-01 -5.346064839957138659e-01
1.626111741709062031e-01 -1.084195780160020162e+00 -1.084195780160020162e+00 -1.618954829342235391e-01
-2.068325966245811109e+00 -1.663555208118276951e-01 -1.663555208118276951e-01 8.787642368205847987e-01
-3.071044350260081046e+00 -5.011392572005013424e-01 -5.011392572005013424e-01 7.048979733143571902e-02
-1.660964321913273700e+00 3.149531982514131023e-01 3.149531982514131023e-01 9.959376198004850078e-01
6.021850933709322007e+00 8.812194248025335686e-01 8.812194248025335686e-01 2.583698477855462250e-01
5.215365016745675319e+00 -9.945063111296916780e-01 -9.945063111296916780e-01 8.761518898808043909e-01
-4.935488320099598702e+00 2.849757795798759652e-01 2.849757795798759652e-01 -9.752163954895189946e-01
-1.215717204701845411e+00 -1.915769934248126027e-01 -1.915769934248126027e-01 9.376189838071793403e-01
-2.283852611844686908e+00 -7.473570719201454438e-01 -7.473570719201454438e-01 7.563661474024117037e-01
5.286021230100098833e+00 -5.279007845373532293e-01 -5.279007845373532293e-01 8.399353474229288574e-01
2.949767555483539638e+00 1.973164395210555977e-01 1.973164395210555977e-01 -1.906508335085454475e-01
-4.835330798902427674e+00 5.588270563849038197e-01 5.588270563849038197e-01 -9.924521687467307007e-01
5.153265110552924355e+00 -2.253174315151895701e-01 -2.253174315151895701e-01 9.043781376070115785e-01
-4.439187103318893435e-01 9.169445790722339229e-01 9.169445790722339229e-01 4.294816452613452462e-01
-1.277083566672984283e+00 7.416523953510805178e-01 7.416523953510805178e-01 9.571756014428783876e-01
-3.277314922498986594e+00 -1.173501287327279208e+00 -1.173501287327279208e+00 -1.353059730627068635e-01
-9.919643921522398600e-01 1.149544721883194454e+00 1.149544721883194454e+00 8.371022069201844440e-01
2.152737811484335850e+00 3.534240545807840750e-01 3.534240545807840750e-01 -8.353970940357776653e-01
2.731076287464428987e+00 -5.277522278846163983e-01 -5.277522278846163983e-01 -3.990828449477529238e-01
-4.010876039580753449e+00 6.767943099817235186e-01 6.767943099817235186e-01 -7.638666490728365233e-01
-5.881651941632136449e+00 9.039353547975925718e-01 9.039353547975925718e-01 -3.908302071484683893e-01
1.685853209261320984e+00 -1.868221184290133063e-01 -1.868221184290133063e-01 -9.933882556324479252e-01
2.038398354962650316e+00 8.470811047269981575e-01 8.470811047269981575e-01 -8.926517323325967590e-01
1.058735586564377051e+00 -3.245857436237785665e-01 -3.245857436237785665e-01 -8.717366487457957058e-01
-1.585769985501293888e+00 -6.091236684239494936e-01 -6.091236684239494936e-01 9.998878968670534828e-01
-6.197672635444808620e-01 5.041284785446424888e-01 5.041284785446424888e-01 5.808457256155380444e-01
4.331352566732505238e+00 6.075735539343263270e-03 6.075735539343263270e-03 9.282797098429306226e-01
-1.015391156305407883e+00 1.145854910404065174e+00 1.145854910404065174e+00 8.496868686396414905e-01
4.011579320173336072e+00 -4.756512084148016850e-01 -4.756512084148016850e-01 7.643203392166671994e-01
1.365049771359089448e+00 7.741343152419193352e-01 7.741343152419193352e-01 -9.789087375264746704e-01
2.747476544764985817e+00 -5.502663738657557202e-01 -5.502663738657557202e-01 -3.839922100781933967e-01
9.251479153908110931e-01 -1.151907955559291485e+00 -1.151907955559291485e+00 -7.987097750609284397e-01
-2.357734324936922921e+00 1.818671999371272996e-01 1.818671999371272996e-01 7.060171157199234271e-01
2.265104392927629107e+00 -5.408385804171123024e-01 -5.408385804171123024e-01 -7.684966222689482152e-01
2.987301229126781976e-01 8.249802044151206548e-01 8.249802044151206548e-01 -2.943068087930605370e-01
2.628027087545946827e+00 -8.261353231294399357e-02 -8.261353231294399357e-02 -4.912859653116047332e-01
2.139923433938809794e+00 -1.059984955708821452e-01 -1.059984955708821452e-01 -8.423716953228964632e-01
2.843430423322942602e+00 -7.775172603001089255e-01 -7.775172603001089255e-01 -2.937640201204507751e-01
3.508957348120800290e+00 1.105868853102131011e+00 1.105868853102131011e+00 3.591572117770537309e-01
-9.201155590941088036e-01 3.768030912698048240e-01 3.768030912698048240e-01 7.956716227525109097e-01
-5.746192854130809380e+00 -1.861609667031314252e-01 -1.861609667031314252e-01 -5.115540711470003554e-01
5.565692056456297721e+00 2.960153074220097658e-01 2.960153074220097658e-01 6.574980137604907737e-01
-2.321297548645394393e+00 -1.067303921887848617e+00 -1.067303921887848617e+00 7.313471247387960394e-01
5.633614254836688318e+00 3.663809780033189245e-01 3.663809780033189245e-01 6.048448717903008864e-01
2.329032132981771142e+00 -7.766908516717805355e-01 -7.766908516717805355e-01 -7.260502730794488047e-01
1.405188340239080347e+00 1.023079508964116036e+00 1.023079508964116036e+00 -9.863183098298874407e-01
-6.086753476150441600e-01 2.961384486980116471e-01 2.961384486980116471e-01 5.717812091100243910e-01
-3.906795207556041483e+00 6.135228478139764796e-01 6.135228478139764796e-01 -6.926831032133407007e-01
2.796900832290141636e+00 4.802602525922998744e-01 4.802602525922998744e-01 -3.379066417825036250e-01
-4.885126603647099941e+00 1.179814789703966360e+00 1.179814789703966360e+00 -9.851179166835042356e-01
3.728637012210178625e-01 -6.579704183566248421e-01 -6.579704183566248421e-01 -3.642838525096072644e-01
-5.258509205450193846e+00 1.124766806405572916e+00 1.124766806405572916e+00 -8.545460094112429239e-01
5.218416439667382889e+00 1.183197612753768668e+00 1.183197612753768668e+00 8.746769201192596821e-01
7.347131931731523125e-01 2.665031002368840607e-01 2.665031002368840607e-01 -6.703743659357480622e-01
3.147002118259562664e+00 6.276404415924761171e-01 6.276404415924761171e-01 5.409438287571133493e-03
-3.323272768231550156e+00 -8.468921073159529911e-02 -8.468921073159529911e-02 -1.806822901606579823e-01
-6.111984288509712648e+00 4.907561320695497109e-01 4.907561320695497109e-01 -1.703659324700521616e-01
6.063193246245575097e-01 -8.360663063277016249e-01 -8.360663063277016249e-01 -5.698467282167224424e-01
-2.552718617754321073e+00 -2.058842385555978982e-01 -2.058842385555978982e-01 5.554250610070544658e-01
-3.123874612281951180e+00 -6.147779483620174901e-02 -6.147779483620174901e-02 1.771711428793087961e-02
-2.075888468031988232e+00 -9.442483865774795593e-01 -9.442483865774795593e-01 8.751298920950798532e-01
-3.112973497938118062e+00 1.010826470309194258e+00 1.010826470309194258e+00 2.861524902947225335e-02
5.534006123802093668e+00 -1.312648310397206419e-01 -1.312648310397206419e-01 6.810379480810868635e-01
-3.577348331101274148e+00 7.701199789778097049e-01 7.701199789778097049e-01 -4.220955822753426623e-01
1.817882936359604074e+00 2.551929113470443600e-01 2.551929113470443600e-01 -9.696290930337890801e-01
-5.141979822827483559e+00 -2.030630208467701925e-01 -2.030630208467701925e-01 -9.091362394243840406e-01
-5.920641549288339078e-01 7.624383165180648181e-01 7.624383165180648181e-01 5.580750267399425812e-01
-3.246802030468257438e+00 -2.656190543907597235e-01 -2.656190543907597235e-01 -1.050153902785014443e-01
2.580443656344160175e+00 8.575178940306742437e-01 8.575178940306742437e-01 -5.321593408610310050e-01
5.650839013090280361e+00 1.200796392481362496e-01 1.200796392481362496e-01 5.910390047210607456e-01
7.889303124745135065e-01 2.697756147638257218e-01 2.697756147638257218e-01 -7.095999716029417481e-01
-3.896088572827400842e+00 -4.413424364483062856e-01 -4.413424364483062856e-01 -6.849214739332477597e-01
-2.806490417234694057e+00 -1.145374831242214952e+00 -1.145374831242214952e+00 3.288657212233174199e-01
-5.204366693847191527e+00 1.027930232767216401e+00 1.027930232767216401e+00 -8.814003705060513560e-01
5.892164841766573957e+00 3.111823935554365317e-01 3.111823935554365317e-01 3.811320547105958578e-01
-2.212539075954238932e+00 2.910525012934124245e-01 2.910525012934124245e-01 8.010537785055884541e-01
4.841371210379836754e+00 -5.666391722338608439e-01 -5.666391722338608439e-01 9.916933178764566481e-01
-5.823148946073627208e+00 1.015287212552508533e+00 1.015287212552508533e+00 -4.439806881318416054e-01
-4.856781170647274770e+00 -5.393098959571469564e-01 -5.393098959571469564e-01 -9.895935469948459184e-01
-2.073001515277761442e-01 -8.252599093012880083e-02 -8.252599093012880083e-02 2.058186080324932998e-01
5.889431659622893278e+00 9.315143237324630121e-03 9.315143237324630121e-03 3.836575112035127133e-01
4.044450973336818578e+00 1.072522478038185900e+00 1.072522478038185900e+00 7.851004673703614323e-01
-3.147132298813660967e+00 -9.206509711864215850e-01 -9.206509711864215850e-01 -5.539616890777843659e-03
1.546795594224986026e+00 9.392198768055515234e-01 9.392198768055515234e-01 -9.997119962434762863e-01
5.605547991033745348e+00 -8.810805872029677799e-01 -8.810805872029677799e-01 6.269541121727237876e-01
-7.773377651916106856e-01 -7.825063803812655205e-01 -7.825063803812655205e-01 7.013843104264905204e-01
2.230108279073364841e+00 -7.054865604494064968e-02 -7.054865604494064968e-02 -7.904138981221409122e-01
4.561974639892017791e+00 5.953570055092782809e-01 5.953570055092782809e-01 9.887090747932397727e-01
5.164177604171406699e+00 1.096959948143427122e+00 1.096959948143427122e+00 8.996676727232163495e-01
2.236343836222451031e+00 -1.444220930511750378e-01 -1.444220930511750378e-01 -7.865788215071095602e-01
-2.122408799849749172e+00 -2.745188058358138949e-01 -2.745188058358138949e-01 8.516805950407698722e-01
-5.668606904310392380e+00 -9.759856142123307654e-01 -9.759856142123307654e-01 -5.766141216783683410e-01
-2.147305817872697808e+00 8.864765709056434684e-01 8.864765709056434684e-01 8.383704328918546445e-01
-2.326576499155203148e+00 4.346657335275283529e-01 4.346657335275283529e-01 7.277366783206937750e-01
5.495896340365387545e+00 1.046887090067595727e+00 1.046887090067595727e+00 7.084425163061330855e-01
2.770798859918421897e+00 5.787851015394280818e-01 5.787851015394280818e-01 -3.623553935053758779e-01
-5.598638452849070468e+00 2.207790790385388835e-01 2.207790790385388835e-01 -6.323220219339880099e-01
-1.248131683445004469e+00 1.156787154825935859e+00 1.156787154825935859e+00 9.483938414429179398e-01
-4.048899915932530291e+00 -1.038100030732185486e+00 -1.038100030732185486e+00 -7.878482231161307858e-01
-1.192517691156032456e+00 9.673851008215998970e-01 9.673851008215998970e-01 9.293017486775042579e-01
9.821053987778274319e-01 8.599874929012349956e-01 8.599874929012349956e-01 -8.316682835409083818e-01
2.290687642284940040e+00 -9.287640469303095614e-01 -9.287640469303095614e-01 -7.518773896004140589e-01
-1.410743273256357178e+00 -1.199917579200701301e+00 -1.199917579200701301e+00 9.872188295916528578e-01
-2.444547622893911143e+00 2.618229049436471279e-02 2.618229049436471279e-02 6.419547927388936648e-01
2.577412070738663630e+00 3.395438734494298227e-01 3.395438734494298227e-01 -5.347235659547211473e-01
-4.496109243667163469e+00 -4.714025819924899663e-01 -4.714025819924899663e-01 -9.767025657340561162e-01
4.036684212470303734e+00 -3.403214522723405633e-01 -3.403214522723405633e-01 7.802663497025797978e-01
-3.901327895927964029e+00 3.111832571057071561e-03 3.111832571057071561e-03 -6.887295150798479204e-01
1.191022207087254259e+00 7.491531710557921553e-01 7.491531710557921553e-01 -9.287483955087502130e-01
-2.808355503128217023e-01 2.870894037185056646e-01 2.870894037185056646e-01 2.771585621747388317e-01
4.899907827295146845e+00 6.634451384000650265e-01 6.634451384000650265e-01 9.824697998005222921e-01
-1.346268630265754496e+00 5.890519653162227254e-01 5.890519653162227254e-01 9.748993722502951043e-01
-2.449840065094938346e+00 -8.149587932028894421e-01 -8.149587932028894421e-01 6.378878808397230316e-01
2.111469225220831802e+00 -5.217248013904186577e-01 -5.217248013904186577e-01 -8.573625259084999284e-01
5.335386852349602194e+00 -1.147633984285627573e-01 -1.147633984285627573e-01 8.121329329969546595e-01
-6.047353584123441372e+00 6.256169221759555477e-01 6.256169221759555477e-01 -2.336517674831733726e-01
1.417868490417557581e+00 1.122995107635265777e+00 1.122995107635265777e+00 -9.883293101792549606e-01
2.464461278449528336e+00 -1.123321152359296304e+00 -1.123321152359296304e+00 -6.265598754766062983e-01
-5.262210386733880085e+00 7.802003214653940866e-02 7.802003214653940866e-02 -8.526178570835261095e-01
-3.680828213834708595e+00 9.318190865787763233e-01 9.318190865787763233e-01 -5.134801748803167198e-01
5.338115885095975344e+00 9.917483260587396376e-01 9.917483260587396376e-01 8.105375953258340260e-01
2.364297815113225454e+00 -5.790195449924265825e-01 -5.790195449924265825e-01 -7.013537123341803126e-01
2.303391346038658583e+00 2.293301319508713743e-01 2.293301319508713743e-01 -7.434413557039011300e-01
-3.558824033290064914e+00 -7.342169546367616206e-01 -7.342169546367616206e-01 -4.052308969199739375e-01
4.328201567951532880e+00 6.112237492857170995e-01 6.112237492857170995e-01 9.271033013429200720e-01
-2.443062618740684755e+00 9.771823594143926872e-01 9.771823594143926872e-01 6.430927002694724059e-01
-1.825296376428259038e+00 -1.629183545584691473e-01 -1.629183545584691473e-01 9.677892849339549963e-01
2.241419796994529534e+00 -5.239560387238468842e-01 -5.239560387238468842e-01 -7.834343473069755870e-01
1.906240207137926745e+00 -2.047646504914846233e-03 -2.047646504914846233e-03 -9.442642824270676138e-01
4.153427975899241176e+00 2.714304335413009195e-01 2.714304335413009195e-01 8.478065536802976698e-01
-3.194184783145337825e+00 -2.070099983768177720e-01 -2.070099983768177720e-01 -5.256788853175847764e-02
-3.290747038103528421e+00 -4.248650586916102867e-02 -4.248650586916102867e-02 -1.486019590083454689e-01
-5.451034203016944524e+00 -6.689221145879445940e-01 -6.689221145879445940e-01 -7.393813907516489925e-01
1.783637886017119811e+00 -7.858640840866439881e-01 -7.858640840866439881e-01 -9.774346158379162430e-01
-1.388571849989760132e+00 -3.206804380222180173e-01 -3.206804380222180173e-01 9.834430118086221473e-01
-3.768736164388124088e+00 6.850318616901160951e-01 6.850318616901160951e-01 -5.868342356582942898e-01
4.844213182840491072e+00 5.740808676073676509e-01 5.740808676073676509e-01 9.913237651075835766e-01
-3.452792573960903777e+00 5.709254376036261291e-01 5.709254376036261291e-01 -3.062011410067812522e-01
1.127156478013833230e+00 -7.239884808437713204e-01 -7.239884808437713204e-01 -9.031953181063440139e-01
-5.783099575960409133e+00 -8.058433653107566208e-01 -8.058433653107566208e-01 -4.795007730652194877e-01
5.406596186194279952e+00 -5.553169110454599933e-01 -5.553169110454599933e-01 7.685611542254160433e-01
4.621816568064781805e+00 -2.377980095277169026e-01 -2.377980095277169026e-01 9.959011222610751890e-01
4.051488127658924299e-01 1.864559338986082615e-01 1.864559338986082615e-01 -3.941555301773163600e-01
-2.923704285976449491e+00 -9.177437042981015924e-01 -9.177437042981015924e-01 2.161684014104565121e-01
-4.656648239093792441e+00 -3.586222000188218351e-01 -3.586222000188218351e-01 -9.984468870733856916e-01
-3.298415506475743442e+00 3.355553781546842806e-01 3.355553781546842806e-01 -1.561808414775179565e-01
-4.608788587491599031e-01 -1.567367245228452610e-01 -1.567367245228452610e-01 4.447354389901719829e-01
-2.267094059908282055e+00 1.813641603763085364e-01 1.813641603763085364e-01 7.672220058912795349e-01
-6.156453759243622592e+00 1.977602448493898102e-01 1.977602448493898102e-01 -1.263925834459892206e-01
5.144276829515925797e-01 -2.305637310946829777e-01 -2.305637310946829777e-01 -4.920366850371178935e-01
-6.183976978646512634e+00 -5.751547276902712058e-01 -5.751547276902712058e-01 -9.904566903700616487e-02
1.487990333875067073e+00 -7.712528508820255535e-01 -7.712528508820255535e-01 -9.965735423268924364e-01
6.160339878232536037e+00 -2.676449566369836219e-01 -2.676449566369836219e-01 1.225366852856457772e-01
5.247526759171021737e+00 -6.646985097058576430e-01 -6.646985097058576430e-01 8.601983758301061656e-01
4.851458943108104549e+00 -6.547156677633655386e-01 -6.547156677633655386e-01 9.903453482390324192e-01
-5.758553456701053896e+00 -5.557995546763039307e-02 -5.557995546763039307e-02 -5.008944021202523800e-01
3.316963492121823620e+00 1.100279963751690682e+00 1.100279963751690682e+00 1.744733001575836107e-01
-4.094701278988029713e+00 2.896742796286138066e-01 2.896742796286138066e-01 -8.152198064643839670e-01
-4.714598470281446296e+00 8.508721010221689252e-01 8.508721010221689252e-01 -9.999975590781911006e-01
-4.419698949544808464e+00 1.161876275524230673e+00 1.161876275524230673e+00 -9.574711890844871398e-01
6.149728544685372000e+00 8.196666345705636569e-01 8.196666345705636569e-01 1.330609552465857048e-01
6.245569541360882937e+00 1.027133207617173971e+00 1.027133207617173971e+00 3.760689573437904498e-02
-5.759210054947873303e+00 4.398786453150971276e-01 4.398786453150971276e-01 -5.003260028871027165e-01
1.676136842860002751e+00 3.286687610456038300e-01 3.286687610456038300e-01 -9.944568165681648697e-01
3.403990615000557440e+00 9.957544692764785932e-01 9.957544692764785932e-01 2.593971764122045554e-01
-5.265838379568596572e+00 -9.102554409448031514e-01 -9.102554409448031514e-01 -8.507164969194009885e-01
-2.151016158592473637e+00 -1.711073061429373432e-01 -1.711073061429373432e-01 8.363421566175620603e-01
-2.021582604724194709e+00 -2.822291985530182012e-01 -2.822291985530182012e-01 9.001048202454052793e-01
-2.876910073849314298e+00 -5.814133006092274680e-01 -5.814133006092274680e-01 2.616029150481616883e-01
2.730368812081009011e+00 9.871089964811969875e-01 9.871089964811969875e-01 -3.997314397196628510e-01
-4.647018954399340984e+00 -7.796485917593012349e-01 -7.796485917593012349e-01 -9.978641406005780423e-01
-4.864211663088018334e+00 -9.178519083676981438e-01 -9.178519083676981438e-01 -9.884970573541222993e-01
4.923020083271266500e+00 -1.231625785240355597e-01 -1.231625785240355597e-01 9.778991603179756353e-01
-3.705853061370500967e-02 5.659076223427177421e-01 5.659076223427177421e-01 3.705004890185434330e-02
3.733615062002293428e+00 1.025211915134411678e+00 1.025211915134411678e+00 5.580403853912276890e-01
-5.758192700393049535e+00 2.871995429316236415e-01 2.871995429316236415e-01 -5.012066071354847052e-01
1.689678414509369730e+00 8.903794547556256322e-01 8.903794547556256322e-01 -9.929418432029970543e-01
-5.211680769393177926e+00 4.013226500944673258e-01 4.013226500944673258e-01 -8.779218762166627332e-01
-5.791559502004473003e-01 7.198240445821326716e-01 7.198240445821326716e-01 5.473177255320967882e-01
5.731269674058937724e+00 3.481355069377678468e-02 3.481355069377678468e-02 5.243193931030817323e-01
-2.111404037282193613e+00 1.730467518043845576e-01 1.730467518043845576e-01 8.573960771679663972e-01
4.081483221494542235e+00 -1.090289758707744916e+00 -1.090289758707744916e+00 8.074935538305010319e-01
3.797187276175311155e+00 -2.200584105484372222e-01 -2.200584105484372222e-01 6.096306998190262894e-01
-3.037647743180802440e+00 1.144549918427380630e+00 1.144549918427380630e+00 1.037578319358683498e-01
9.477245189041889617e-01 -5.708199613231840219e-01 -5.708199613231840219e-01 -8.120897912015048181e-01
-1.020295943889917289e+00 5.180864167117997798e-01 5.180864167117997798e-01 8.522628715875687488e-01
-3.044912603587323741e+00 9.899004815239689226e-01 9.899004815239689226e-01 9.652950845423699522e-02
1.547547927116141864e+00 -3.772575849501136336e-01 -3.772575849501136336e-01 -9.997297681279430082e-01
2.010742683034466793e+00 1.076194173168737001e+00 1.076194173168737001e+00 -9.047745109127933727e-01
3.486436408601708337e+00 -2.725685966487463308e-01 -2.725685966487463308e-01 3.380496347973974691e-01
2.257098088019581894e+00 2.703337417474203086e-01 2.703337417474203086e-01 -7.735948019719415258e-01
8.159899698729944362e-02 8.370685402130193520e-01 8.370685402130193520e-01 -8.150847405270326973e-02
-1.938247412168315975e+00 -7.598857616027092643e-01 -7.598857616027092643e-01 9.332460428239088834e-01
3.213467112477470522e+00 7.112077133178353883e-01 7.112077133178353883e-01 7.181259170545280235e-02
4.095798507257059740e+00 -4.595069088529517565e-01 -4.595069088529517565e-01 8.158547772054614011e-01
3.326958979182959908e+00 2.999305253886048739e-01 2.999305253886048739e-01 1.843065958827440898e-01
-5.289113164829440272e+00 -7.586573962258473802e-01 -7.586573962258473802e-01 -8.382533840184658303e-01
5.960931076913304594e+00 -1.101056035477732120e-01 -1.101056035477732120e-01 3.167055547699804685e-01
3.348704206086834390e+00 -2.455139779963353419e-01 -2.455139779963353419e-01 2.056340432175461364e-01
-5.243035764430370449e-01 6.827546253054077585e-01 6.827546253054077585e-01 5.006102511995660365e-01
-2.722234777033863740e+00 -4.318557699455620735e-01 -4.318557699455620735e-01 4.071740532203606544e-01
7.182171026438597394e-01 -4.479465097894166359e-01 -4.479465097894166359e-01 -6.580432322344513807e-01
-5.525513515852037649e+00 -1.159652129938992804e+00 -1.159652129938992804e+00 -6.872320099811701777e-01
-5.215604719528846189e+00 5.648950818668518892e-01 5.648950818668518892e-01 -8.760363195491214228e-01
2.279801694450110716e+00 9.796002201379134799e-01 9.796002201379134799e-01 -7.590098357144842156e-01
1.769109432514406777e+00 -4.451440230632591755e-01 -4.451440230632591755e-01 -9.804003173956945538e-01
2.783303494662003885e-02 8.317918277656095594e-01 8.317918277656095594e-01 -2.782944147993922021e-02
-5.623769570831949949e+00 1.012987934977385374e+00 1.012987934977385374e+00 -6.126551836051682409e-01
3.812668461261583985e+00 -9.960869163026034867e-01 -9.960869163026034867e-01 6.218288688825712729e-01
1.702466655791739392e+00 -1.259543856900324776e-01 -1.259543856900324776e-01 -9.913439789200733099e-01
2.548774841147107395e+00 6.666069119627759942e-01 6.666069119627759942e-01 -5.587002460285350747e-01
1.593484114218617798e+00 -1.380763805980702585e-01 -1.380763805980702585e-01 -9.997426431904202770e-01
-6.137341964963237473e+00 -5.294363088367889381e-01 -5.294363088367889381e-01 -1.453268703319663679e-01
-3.460205010664433534e+00 1.381730349939502833e-01 1.381730349939502833e-01 -3.132490583692116859e-01
6.102165576094471078e+00 5.197860693394098508e-01 5.197860693394098508e-01 1.800327361663061621e-01
5.572700906613690108e+00 -7.374281419969497264e-02 -7.374281419969497264e-02 6.522010454546443015e-01
-5.441515400103004829e+00 -1.403237454724759470e-01 -1.403237454724759470e-01 -7.457566820972542088e-01
1.845111844957832758e+00 -2.603893398120701308e-01 -2.603893398120701308e-01 -9.626108411044836943e-01
3.126754483860647582e+00 9.088944881424445565e-01 9.088944881424445565e-01 -1.483762524533373608e-02
3.203060233074385366e+00 1.001188615583098018e+00 1.001188615583098018e+00 6.142888001258727665e-02
-5.543814113032437874e+00 5.976763989253108811e-01 5.976763989253108811e-01 -6.738234250012327120e-01
-4.492609408768495349e+00 -1.046560463789719231e+00 -1.046560463789719231e+00 -9.759455296245495015e-01
-3.028753258288387595e+00 8.033512333773429326e-02 8.033512333773429326e-02 1.126000887941707440e-01
-1.862213369957772535e+00 -4.442580368924476941e-01 -4.442580368924476941e-01 9.578377069206968075e-01
