2.483506852981040680e+00 4.654953862429140887e-01 4.654953862429140887e-01 -6.116035269697355226e-01
-4.233513139989844021e-01 1.007478745867580239e+00 1.007478745867580239e+00 4.108182052405342510e-01
-3.349939868069089943e+00 5.515863252702422059e-01 5.515863252702422059e-01 -2.068431405225104325e-01
-2.561777831306783160e+00 5.757214027898425179e-01 5.757214027898425179e-01 5.478690331528142110e-01
1.308382912879618942e+00 1.052188852066525682e+00 1.052188852066525682e+00 -9.657667225554403823e-01
-5.883085518724707086e+00 -1.129943436362608189e+00 -1.129943436362608189e+00 -3.895102516230767309e-01
-5.462548437433431658e+00 7.533123406095263430e-01 7.533123406095263430e-01 -7.315801674671382759e-01
-2.890165047214886762e+00 -8.797453638105503515e-01 -8.797453638105503515e-01 2.487869322226246849e-01
5.975579466964113351e+00 5.432219146028045564e-01 5.432219146028045564e-01 3.027777255893667752e-01
-3.980022959174426500e+00 -4.362395779750501967e-01 -4.362395779750501967e-01 -7.435944903529178029e-01
7.371915331490708212e-02 -9.420658373548691511e-01 -9.420658373548691511e-01 -7.365240016624619024e-02
-5.414007208008625227e+00 -1.637756936296337340e-01 -1.637756936296337340e-01 -7.637986954513125148e-01
-3.955487258502183412e+00 -1.063494578051146888e+00 -1.063494578051146888e+00 -7.269669985977842419e-01
5.340291714443555549e+00 -7.684913019995001093e-01 -7.684913019995001093e-01 8.092613235778689518e-01
-3.806928191221065294e+00 4.659788432859013341e-01 4.659788432859013341e-01 -6.173231381812664953e-01
3.495420821321824079e+00 -1.141648320695621388e+00 -1.141648320695621388e+00 3.464913624217769161e-01
-1.765475789779202387e+00 -1.391144694481794009e-01 -1.391144694481794009e-01 9.811097284970020649e-01
-5.479499730363368570e+00 -8.662255172433293016e-01 -8.662255172433293016e-01 -7.199189790927266186e-01
-3.086847489088335728e+00 8.550628310946766231e-01 8.550628310946766231e-01 5.471782308783710441e-02
4.796837659178907032e+00 -7.764014666662556463e-01 -7.764014666662556463e-01 9.964363289639263099e-01
-7.912798054195659958e-01 4.788569897001160314e-02 4.788569897001160314e-02 7.112534754768039535e-01
2.467325048171348456e+00 -1.046170431862400996e-01 -1.046170431862400996e-01 -6.243253636400032391e-01
-4.562845755971888906e+00 -2.942242257866704014e-01 -2.942242257866704014e-01 -9.888392344738357043e-01
2.303181189186874533e+00 -4.970674439351647766e-01 -4.970674439351647766e-01 -7.435818924253027040e-01
-3.464334385971067576e+00 -3.553530228103422006e-01 -3.553530228103422006e-01 -3.171679245258779978e-01
-3.095819343806764934e+00 -6.339978621464747999e-01 -6.339978621464747999e-01 4.575732744901619270e-02
-6.050433573544526489e+00 2.551395193082042212e-01 2.551395193082042212e-01 -2.306559275957063004e-01
-2.287290825782624992e+00 4.141975471116512431e-01 4.141975471116512431e-01 7.541125787502055422e-01
-3.639440073927648012e+00 2.959072152483135376e-01 2.959072152483135376e-01 -4.775353629560192270e-01
8.221084508915943445e-01 -6.055559460184417597e-01 -6.055559460184417597e-01 -7.325826333962813797e-01
2.718447820922021307e+00 -5.364839309660140998e-02 -5.364839309660140998e-02 -4.106299438862787143e-01
-5.864667026820976403e+00 -9.117115628076576384e-01 -9.117115628076576384e-01 -4.064070641198880840e-01
-1.077402986294002218e+00 6.945582967411967346e-02 6.945582967411967346e-02 8.807307878672817614e-01
-4.618296586990918051e+00 5.885591040771098736e-01 5.885591040771098736e-01 -9.955765757186665343e-01
-2.794400090694913796e+00 -4.790311604196306750e-01 -4.790311604196306750e-01 3.402592298017065864e-01
-1.519815867141989685e+00 1.514933765613268868e-02 1.514933765613268868e-02 9.987007777940225539e-01
-1.622911588835067143e+00 -1.187632885754344114e+00 -1.187632885754344114e+00 9.986423070642054256e-01
5.678422147049820623e+00 2.908061936809311909e-01 2.908061936809311909e-01 5.685672590188298736e-01
-2.659062905087758999e+00 -6.543301222139956685e-01 -6.543301222139956685e-01 4.640215696188065841e-01
-8.618213576492861350e-01 1.945966312129514542e-01 1.945966312129514542e-01 7.590296271998132616e-01
1.156633020423304181e+00 -2.465838067966991121e-01 -2.465838067966991121e-01 -9.154533465846422802e-01
2.366894607935705608e-01 -8.632415569837934566e-01 -8.632415569837934566e-01 -2.344856772824752411e-01
4.047850816776154659e+00 7.424759315740760979e-01 7.424759315740760979e-01 7.872016815596161177e-01
-5.818626119230172478e-01 6.755510405631872661e-01 6.755510405631872661e-01 5.495809905600961276e-01
-5.587331074248535145e+00 7.486525480584462766e-01 7.486525480584462766e-01 -6.410413025671755083e-01
1.619785556861718767e+00 7.460126763094832025e-01 7.460126763094832025e-01 -9.988002676384647449e-01
-3.981134758848920097e+00 -6.278081257822607508e-01 -6.278081257822607508e-01 -7.443374142000941385e-01
5.731315985076042452e+00 6.554005297316918277e-01 6.554005297316918277e-01 5.242799577056834748e-01
2.790432959938090818e+00 7.737761720536566745e-01 7.737761720536566745e-01 -3.439869612031577484e-01
3.525233597356498549e+00 -9.223122400149752487e-01 -9.223122400149752487e-01 3.742992191131491730e-01
5.348205089010944491e+00 -3.055702324296106775e-01 -3.055702324296106775e-01 8.045873311385738358e-01
-4.896170376696716176e+00 -2.660767749571542051e-01 -2.660767749571542051e-01 -9.831596786713068248e-01
-1.142859943400270417e+00 -5.858611899637500287e-02 -5.858611899637500287e-02 9.098240751537326476e-01
2.284821263748009201e+00 -9.666169784821807553e-01 -9.666169784821807553e-01 -7.557321504745274643e-01
6.872272717265524022e-01 5.466510557146033733e-01 5.466510557146033733e-01 -6.343962824760952524e-01
-1.581226661532224576e+00 1.119335931450944122e+00 1.119335931450944122e+00 9.999456045517849390e-01
-3.267001596930349194e+00 6.500946157647546908e-01 6.500946157647546908e-01 -1.250804755774790333e-01
-6.768811108769261509e-01 2.891997606719705072e-01 2.891997606719705072e-01 6.263648065753796290e-01
4.133582317043519083e+00 -1.043522609696272418e-01 -1.043522609696272418e-01 8.371160312304167794e-01
6.558699203237550179e-01 1.118753869505211052e+00 1.118753869505211052e+00 -6.098489012586916225e-01
-1.814423848170092057e+00 -1.329905092528782529e-01 -1.329905092528782529e-01 9.704693145166839452e-01
-1.348677224444572609e+00 9.575066213448761854e-01 9.575066213448761854e-01 9.754328075903661022e-01
9.519171767242449178e-01 -4.369042168935743931e-03 -4.369042168935743931e-03 -8.145291985052526273e-01
1.143340741495550539e+00 -3.261492266720278366e-02 -3.261492266720278366e-02 -9.100234983868374927e-01
2.162016510597158714e+00 -6.830443095762283034e-01 -6.830443095762283034e-01 -8.302611979879295223e-01
-3.294811362655223785e+00 8.377967611968317740e-02 8.377967611968317740e-02 -1.526199193150755140e-01
-2.493484392889774970e+00 5.889553774735030167e-01 5.889553774735030167e-01 6.036793407432955449e-01
-5.477084094077509846e+00 -4.693287255662921265e-01 -4.693287255662921265e-01 -7.215934689531261492e-01
5.891730505957459840e-01 -1.175847130425375919e+00 -1.175847130425375919e+00 -5.556736868591191092e-01
1.432138440087186382e+00 -1.154105046123144573e+00 -1.154105046123144573e+00 -9.904023870033203947e-01
5.587874412330807061e+00 1.077266449729217479e+00 1.077266449729217479e+00 6.406241925183520092e-01
5.394695122077866500e+00 -4.128287978206087727e-01 -4.128287978206087727e-01 7.761205665496894168e-01
5.878481217242487844e+00 2.229126498747782126e-01 2.229126498747782126e-01 3.937467714759054216e-01
1.317527658371360211e+00 -6.062429867060311617e-01 -6.062429867060311617e-01 -9.680985656220133517e-01
-1.500892038791299399e-01 -9.959239904053207582e-02 -9.959239904053207582e-02 1.495263340946412223e-01
-5.600354007269798373e+00 5.694101822315456030e-01 5.694101822315456030e-01 -6.309920423633265107e-01
-5.837998672162747482e-01 -1.031898743652852835e+00 -1.031898743652852835e+00 5.511984196924553103e-01
-5.075577098134187004e+00 3.866820276194387063e-01 3.866820276194387063e-01 -9.347689775766905296e-01
1.422385296562289625e-01 1.090401156942460981e+00 1.090401156942460981e+00 -1.417593910403961432e-01
2.103740879314313972e+00 -1.048301715987286498e+00 -1.048301715987286498e+00 -8.613147627583485066e-01
5.770057707476942355e+00 8.782691245595455332e-01 8.782691245595455332e-01 4.909044502517578290e-01
1.159001624078786818e+00 5.010489382585168183e-01 5.010489382585168183e-01 -9.164039609536869246e-01
5.137681688927171919e+00 3.065634148686826599e-01 3.065634148686826599e-01 9.109180041125773952e-01
1.336976559584371671e+00 -9.431900635349002027e-01 -9.431900635349002027e-01 -9.727884728635711742e-01
-1.306152296290183479e+00 -1.196679960002402066e+00 -1.196679960002402066e+00 9.651856714438546980e-01
-3.371536796992616658e+00 -4.699231401614212267e-01 -4.699231401614212267e-01 -2.279231374879661653e-01
-3.211642730453301287e+00 -1.113518838171433156e+00 -1.113518838171433156e+00 -6.999280147509631678e-02
2.830628762684169075e+00 -1.625244451648832911e-01 -1.625244451648832911e-01 -3.059764402556411911e-01
8.550731729977583129e-01 -1.181078151579743052e+00 -1.181078151579743052e+00 -7.546189315899906047e-01
5.531838104463927763e+00 8.971972280033233549e-01 8.971972280033233549e-01 6.826238743845235435e-01
1.085862173145748066e+00 8.261639077272577847e-01 8.261639077272577847e-01 -8.847056453098511852e-01
-6.054265911480039009e-01 -4.252091098845899309e-01 -4.252091098845899309e-01 5.691128966106600018e-01
-1.904106878779299628e+00 1.076496722709218590e+00 1.076496722709218590e+00 9.449644000060813953e-01
3.400217966796597935e+00 -1.790358591478686812e-01 -1.790358591478686812e-01 2.557518258598378558e-01
8.683454911569397083e-01 3.340485581409420313e-01 3.340485581409420313e-01 -7.632610201510076076e-01
-5.044658427079271590e-01 1.006817776573969647e+00 1.006817776573969647e+00 4.833398904979014921e-01
4.477750088400842543e-01 4.355955309881842652e-02 4.355955309881842652e-02 -4.329609722549714879e-01
6.000380892583942583e+00 8.228517308050971035e-01 8.228517308050971035e-01 2.790497561975791019e-01
5.800261626495508693e+00 -8.246799627168888147e-01 -8.246799627168888147e-01 4.643704881478351032e-01
-3.503995279529781737e+00 5.413764818435744530e-01 5.413764818435744530e-01 -3.545218243267804215e-01
-6.023677194336306329e+00 4.578834627756709352e-01 4.578834627756709352e-01 -2.566051659919953432e-01
2.899176043740794739e+00 5.635530591133466327e-01 5.635530591133466327e-01 -2.400492749674114079e-01
-5.867557732779857815e+00 4.158260043859218769e-02 4.158260043859218769e-02 -4.037641545253454756e-01
1.743731670167591119e+00 -4.843503368086461425e-01 -4.843503368086461425e-01 -9.850839133208492138e-01
9.543718100207305710e-01 -7.808198750519861342e-01 -7.808198750519861342e-01 -8.159507313679801310e-01
-2.989311499083881607e+00 9.956714108001187835e-01 9.956714108001187835e-01 1.516932813042826123e-01
-8.951189032577548943e-01 -2.404759386611379224e-01 -2.404759386611379224e-01 7.802834518799389718e-01
-9.568656802302966113e-01 -9.184308470764535048e-01 -9.184308470764535048e-01 8.173899523641032783e-01
3.690714188975467991e+00 4.877219915213177881e-01 4.877219915213177881e-01 5.219381147226331841e-01
4.530819675774859334e+00 2.537086974486690849e-01 2.537086974486690849e-01 9.835615295045410100e-01
-3.646210986451648761e+00 -9.952537845151119278e-01 -9.952537845151119278e-01 -4.834733797569712443e-01
-5.390519872881752050e+00 7.328931495067636526e-02 7.328931495067636526e-02 -7.787466415764066063e-01
4.643129812603950413e+00 -3.169980292371038511e-01 -3.169980292371038511e-01 9.976025424192235258e-01
5.088730989851965703e+00 2.949456772458058929e-01 2.949456772458058929e-01 9.300152429411603361e-01
1.809434208355037654e+00 1.100978215335823185e+00 1.100978215335823185e+00 -9.716608527886673174e-01
1.911386062497161475e+00 -5.335421219179625751e-03 -5.335421219179625751e-03 -9.425578323557974869e-01
4.353099762300352893e+00 7.513292717939055176e-01 7.513292717939055176e-01 9.361469773985744425e-01
-7.715561369932251168e-01 8.922857634131828863e-01 8.922857634131828863e-01 6.972515626600184202e-01
-1.218266082463452804e-01 -8.377562464535002196e-01 -8.377562464535002196e-01 1.215254790120761513e-01
2.506730503523549203e+00 1.142941592289168140e+00 1.142941592289168140e+00 -5.930665296401779196e-01
-1.464717072682083732e+00 -5.215208377307121168e-01 -5.215208377307121168e-01 9.943788700152841331e-01
4.649709786684738333e+00 -3.777336375801831903e-01 -3.777336375801831903e-01 9.980363023600550276e-01
-6.029113431716042193e+00 -9.852130919210396742e-01 -9.852130919210396742e-01 -2.513471880715619777e-01
-2.033754591834550318e+00 -9.542069797142005427e-01 -9.542069797142005427e-01 8.947352624532037835e-01
6.134085813362402106e-01 5.762340614824379426e-01 5.762340614824379426e-01 -5.756579637203181887e-01
2.279445514916902837e+00 -5.834000551519941125e-01 -5.834000551519941125e-01 -7.592416886345108029e-01
9.570212892962297602e-01 3.820235324400678145e-01 3.820235324400678145e-01 -8.174795864809645263e-01
3.226775590483876854e+00 7.094168845037114313e-01 7.094168845037114313e-01 8.507995781316080031e-02
-3.358436320342633952e+00 -4.450240919897107128e-01 -4.450240919897107128e-01 -2.151482835813932348e-01
6.544349258684487580e-01 4.819539992561550079e-02 4.819539992561550079e-02 -6.087110152290698961e-01
-1.903561743853252608e+00 5.322208560508578934e-02 5.322208560508578934e-02 9.451426131101898775e-01
-3.092060511911354226e+00 -1.190735156375373416e+00 -1.190735156375373416e+00 4.951189019723307994e-02
-3.191064130033505197e+00 -2.514402155127916094e-01 -2.514402155127916094e-01 -4.945129927526688979e-02
5.987366220077628753e+00 -1.433669932092196397e-01 -1.433669932092196397e-01 2.915234568006994098e-01
-5.511538925209018558e-01 -1.081562527707744747e+00 -1.081562527707744747e+00 5.236706024116422054e-01
1.061557590542353324e+00 7.005109671141631633e-01 7.005109671141631633e-01 -8.731158863627173083e-01
-4.421592345374696365e+00 -6.187713740973949106e-01 -6.187713740973949106e-01 -9.580157719192233801e-01
5.576302814024520771e+00 6.980163917457717915e-01 6.980163917457717915e-01 6.494664089773368731e-01
-4.405162523159576793e+00 -9.184426459603346471e-01 -9.184426459603346471e-01 -9.531759990485056955e-01
1.829289642257007742e+00 -5.211915547774009783e-01 -5.211915547774009783e-01 -9.667762203805772003e-01
-4.123615573320728700e+00 -5.034046978561718122e-01 -5.034046978561718122e-01 -8.316224823420258483e-01
4.604096094170090581e+00 3.682107866727286627e-01 3.682107866727286627e-01 9.941420536046670087e-01
-1.759567535904782432e+00 -2.279145280873201562e-01 -2.279145280873201562e-01 9.822355617712470455e-01
4.968565557651777098e+00 4.251387458674178443e-01 4.251387458674178443e-01 9.673658397589696145e-01
2.254316077320787315e+00 -3.613432990835162562e-01 -3.613432990835162562e-01 -7.753547122129719193e-01
2.725139125177907573e+00 -3.073950035700928618e-01 -3.073950035700928618e-01 -4.045196515706204754e-01
2.891798709436228521e+00 -3.042817062124939520e-01 -3.042817062124939520e-01 -2.472043039344947180e-01
-1.069940135221244759e+00 1.137164872430360019e+00 1.137164872430360019e+00 8.771717601721009672e-01
-4.368639610665949746e+00 5.684475880338852871e-01 5.684475880338852871e-01 -9.414976755451277546e-01
2.562139504804974877e+00 -9.219983968778753258e-01 -9.219983968778753258e-01 -5.475664342558617115e-01
3.759890601445327718e+00 -9.417175076410033707e-01 -9.417175076410033707e-01 5.796490560098024325e-01
-9.539259050260229245e-01 -3.936538983833873795e-01 -3.936538983833873795e-01 8.156928630188516882e-01
-4.952329314587732512e+00 -4.403982109113445675e-01 -4.403982109113445675e-01 -9.713521558396807087e-01
-5.838807833649621415e+00 -3.848854940011220416e-01 -3.848854940011220416e-01 -4.298958978962070243e-01
5.394635051389425229e+00 -9.685179343262779739e-01 -9.685179343262779739e-01 7.761584447969890332e-01
-5.427741264383949549e+00 1.311481406886230161e-01 1.311481406886230161e-01 -7.548622308357403332e-01
-5.611799539965599770e+00 6.457787772523282399e-02 6.457787772523282399e-02 -6.220715847997400072e-01
6.054846685346706892e+00 -5.990442891514252688e-01 -5.990442891514252688e-01 2.263595815594909300e-01
-1.240809707548686802e+00 1.153165592325616329e+00 1.153165592325616329e+00 9.460466793836753707e-01
-3.469264687308081019e+00 3.234871750408674362e-01 3.234871750408674362e-01 -3.218397976439382746e-01
1.488866851522643309e+00 -1.096981942538803212e+00 -1.096981942538803212e+00 -9.966456574889760445e-01
-5.201979583821314534e-01 -3.423674887729093452e-01 -3.423674887729093452e-01 4.970519201876559268e-01
2.901019626350690217e+00 1.129755462649518760e+00 1.129755462649518760e+00 -2.382591904885970058e-01
-6.116846046811699189e+00 1.038146889257616889e+00 1.038146889257616889e+00 -1.655732543020626835e-01
5.621824642048528275e+00 -1.087664748690746919e+00 -1.087664748690746919e+00 6.141911989598295429e-01
2.234508502743262071e+00 1.129184864630346175e+00 1.129184864630346175e+00 -7.877107959541502780e-01
-6.087073717509168702e+00 -3.608245162063083988e-02 -3.608245162063083988e-02 -1.948569374814859700e-01
-5.000852396047723580e+00 1.013635156311919028e+00 1.013635156311919028e+00 -9.586821337995313774e-01
-3.575035966330960768e+00 -8.163713115499409145e-01 -8.163713115499409145e-01 -4.199981782999564484e-01
2.507934172167278319e+00 -6.867951676761921975e-01 -6.867951676761921975e-01 -5.920969622803032850e-01
-4.968392480643719189e+00 3.350933831129798701e-01 3.350933831129798701e-01 -9.674096801735490025e-01
-4.727217513229907908e+00 4.113203488083674308e-01 4.113203488083674308e-01 -9.998900593213803090e-01
5.534631054449997478e+00 -3.933545606402703010e-01 -3.933545606402703010e-01 6.805802108313926402e-01
5.646306846482886499e+00 -1.019138234199983062e+00 -1.019138234199983062e+00 5.946887624591715715e-01
-1.166369086260907295e+00 -2.420132513885445702e-01 -2.420132513885445702e-01 9.193279243708920578e-01
4.731304450898498715e+00 7.632799338140121570e-01 7.632799338140121570e-01 9.998211078216102665e-01
2.095652352429636878e+00 -6.533771963091337120e-01 -6.533771963091337120e-01 -8.653960944784151454e-01
-1.172023342189252304e+00 9.108515592569521591e-01 9.108515592569521591e-01 9.215381228245138612e-01
-2.545482348329041411e+00 9.355047754692964457e-01 9.355047754692964457e-01 5.614279064534355435e-01
-2.493185089507417462e+00 -4.947708146594864687e-02 -4.947708146594864687e-02 6.039179265061173085e-01
-3.557577416091483258e+00 9.496590989044879638e-01 9.496590989044879638e-01 -4.040909069789311303e-01
-3.479858834161252190e+00 -3.554568091366977489e-01 -3.554568091366977489e-01 -3.318520253517076024e-01
-4.126423174289471696e+00 -4.294968238962794116e-01 -4.294968238962794116e-01 -8.331783796051800417e-01
-4.791208788603078972e+00 9.553496573129642844e-01 9.553496573129642844e-01 -9.968953267469131685e-01
-1.036896795047643316e+00 -9.655767181254620857e-01 -9.655767181254620857e-01 8.608291721336822633e-01
8.369385570150944531e-01 -3.307462585454655768e-01 -3.307462585454655768e-01 -7.425962342207323985e-01
5.826558088532788560e+00 1.048273291874284308e-01 1.048273291874284308e-01 4.409233984426204067e-01
-5.510311766833764224e-01 1.110648767616581933e+00 1.110648767616581933e+00 5.235660542907517589e-01
-6.224180213133140072e+00 -3.900542837658241835e-01 -3.900542837658241835e-01 -5.897086130594052233e-02
-5.705040387599771279e+00 -3.707864247447972827e-01 -3.707864247447972827e-01 -5.464712892342677986e-01
-4.831966829195299518e+00 9.675591524437716640e-01 9.675591524437716640e-01 -9.928590840380371318e-01
-2.845754719080367146e+00 -9.671291103672929879e-03 -9.671291103672929879e-03 2.915414854943689238e-01
2.745541084131648546e-01 -1.193512286655593391e+00 -1.193512286655593391e+00 -2.711177726773659202e-01
-2.718067380103050823e-01 -3.985551551425903227e-02 -3.985551551425903227e-02 2.684722819072820621e-01
3.724565115721182096e+00 -8.603844345074393996e-01 -8.603844345074393996e-01 5.505078656422014438e-01
-4.256110121813124536e+00 1.015934562933991314e+00 1.015934562933991314e+00 -8.976982836413287536e-01
-1.472677361638460525e+00 -6.512482776409307395e-01 -6.512482776409307395e-01 9.951901949953866344e-01
-1.800674321685633572e+00 -9.218436748178886475e-01 -9.218436748178886475e-01 9.736942021813420611e-01
-6.131933669450626567e+00 -6.795113997815024343e-01 -6.795113997815024343e-01 -1.506755982822659268e-01
-2.319395747190149404e+00 2.851828037793036064e-01 2.851828037793036064e-01 7.326428402579677757e-01
5.959679336434017927e+00 -4.006271172616349130e-01 -4.006271172616349130e-01 3.178926121072251365e-01
-3.931629168042943601e+00 7.840460993126563416e-02 7.840460993126563416e-02 -7.103789724708466924e-01
8.599663640875423454e-01 -1.159507983911904683e+00 -1.159507983911904683e+00 -7.578206171370159838e-01
1.478251253659835562e+00 7.528287592844722376e-01 7.528287592844722376e-01 -9.957207601889478399e-01
-4.546727127946942559e+00 -4.799305932577689893e-01 -4.799305932577689893e-01 -9.863094284990064908e-01
-2.177740946841693059e+00 6.176739437705009994e-01 6.176739437705009994e-01 8.213945170293791564e-01
-5.283881345368735438e+00 -7.001921949084388697e-01 -7.001921949084388697e-01 -8.410947099663301785e-01
-3.676039447797548210e+00 9.165516074323976081e-01 9.165516074323976081e-01 -5.093650558493488800e-01
-1.595490955577087533e+00 -1.039112979348379984e-01 -1.039112979348379984e-01 9.996951031495963091e-01
2.144298710466490121e+00 -2.152762495436985057e-01 -2.152762495436985057e-01 -8.400058168856763263e-01
-5.264035183250740602e+00 -6.901575328943014842e-01 -6.901575328943014842e-01 -8.516629180702323110e-01
5.379428186762865494e+00 -9.520844277956672652e-01 -9.520844277956672652e-01 7.856568389392253327e-01
4.160077579809060566e+00 -2.966660275335570862e-01 -2.966660275335570862e-01 8.513141062373720258e-01
-1.276312747907293321e+00 -3.643393374083517822e-01 -3.643393374083517822e-01 9.569521589260141514e-01
-5.053635252456635030e+00 9.541026351585732979e-01 9.541026351585732979e-01 -9.423383178462588772e-01
3.759337390406916057e+00 -5.302369242513639280e-01 -5.302369242513639280e-01 5.791981743412386585e-01
-4.462974680611201173e+00 8.610659237565652102e-01 8.610659237565652102e-01 -9.690571600671775698e-01
-6.139583626917191062e+00 -1.198689684247210341e+00 -1.198689684247210341e+00 -1.431086432599125158e-01
-8.241449893769452473e-01 1.432377739762751290e-01 1.432377739762751290e-01 7.339673404102593501e-01
1.925178280748417237e+00 -9.665808125096624348e-01 -9.665808125096624348e-01 -9.378611365751745588e-01
-4.796905037510021508e+00 1.851365856488202954e-01 1.851365856488202954e-01 -9.964306434517745670e-01
5.456494023865543497e+00 -7.426394041438366678e-01 -7.426394041438366678e-01 7.356943632086412332e-01
-5.438101514533335568e+00 6.776181402848591162e-02 6.776181402848591162e-02 -7.480267253496636348e-01
8.792049978726383941e-01 4.438426528405425842e-01 4.438426528405425842e-01 -7.702320988728275086e-01
5.791019105161142377e+00 2.919970474878186284e-01 2.919970474878186284e-01 4.725360937062712541e-01
4.789084017216032052e+00 -3.948043927778408513e-01 -3.948043927778408513e-01 9.970603770233241736e-01
2.049301139279602779e+00 -2.578349076908375004e-01 -2.578349076908375004e-01 -8.876843775037172035e-01
-1.579640748028833031e+00 1.199540587480716569e+00 1.199540587480716569e+00 9.999608883614743426e-01
-2.675989522454414349e+00 7.564785487543523868e-01 7.564785487543523868e-01 4.489618114678975425e-01
5.076612099882797935e+00 -4.169528816415063455e-01 -4.169528816415063455e-01 9.344007861917605906e-01
-3.602627943098011709e+00 -7.714080766616249196e-01 -7.714080766616249196e-01 -4.448755426321258089e-01
-1.464435895790112241e+00 -3.250928976077120947e-01 -3.250928976077120947e-01 9.943490595808697208e-01
1.924015961942123099e+00 7.917536846480235369e-01 7.917536846480235369e-01 -9.382638401336755862e-01
-5.392609409159397238e+00 -6.490381327393205391e-01 -6.490381327393205391e-01 -7.774340957855414569e-01
5.595824104840582791e+00 1.596146567739904487e-01 1.596146567739904487e-01 6.344998062199652678e-01
-4.265794965837036656e+00 5.661453523385591158e-01 5.661453523385591158e-01 -9.019233628498299904e-01
1.709793648929650800e+00 -3.731268941896505043e-01 -3.731268941896505043e-01 -9.903554152183220438e-01
1.526542614885953775e+00 -2.298153169457789469e-01 -2.298153169457789469e-01 -9.990209642846826776e-01
-6.030506429642197297e+00 -3.169738067111007584e-01 -3.169738067111007584e-01 -2.499986661397577692e-01
3.943299700359187199e+00 6.349487384585004168e-01 6.349487384585004168e-01 7.185443560686372022e-01
1.639257120546624868e+00 1.637222248076279918e-01 1.637222248076279918e-01 -9.976574750017412896e-01
4.797028033674587633e+00 -1.049673592656456433e+00 -1.049673592656456433e+00 9.964202531348460568e-01
-4.633354947874313012e+00 3.581328464824418134e-02 3.581328464824418134e-02 -9.968784362325254778e-01
2.643537900294159471e-01 -1.128119220228601449e+00 -1.128119220228601449e+00 -2.612855611113303334e-01
-1.752436170752011968e+00 -8.103409250095996441e-01 -8.103409250095996441e-01 9.835487895346336495e-01
-3.658362577366787161e+00 9.931390501712589192e-02 9.931390501712589192e-02 -4.940744285494593768e-01
-1.943368095250476379e+00 1.101941404747140085e+00 1.101941404747140085e+00 9.313942722686505693e-01
2.458301851497052937e+00 5.161262339164007784e-01 5.161262339164007784e-01 -6.313484526144290676e-01
3.010284071553744667e+00 -5.639047239252430455e-01 -5.639047239252430455e-01 -1.309315713392343594e-01
-5.553969372109698099e+00 -8.109113742988002249e-01 -8.109113742988002249e-01 -6.662851649662167031e-01
5.504818037857983626e-01 -4.402978562580575073e-01 -4.402978562580575073e-01 -5.230979177900123567e-01
5.880628744707298239e+00 6.509411111181844234e-01 6.509411111181844234e-01 3.917718170947727119e-01
9.704830664238448534e-01 5.804126494501971045e-02 5.804126494501971045e-02 -8.251586943059021628e-01
-4.636296700778124169e+00 6.554641260130060765e-01 6.554641260130060765e-01 -9.971063790769666424e-01
4.546198063425936908e-01 -8.452767982430628990e-01 -8.452767982430628990e-01 -4.391207689069450693e-01
5.808032551657193565e+00 -3.758598509018014067e-01 -3.758598509018014067e-01 4.574742862168542090e-01
1.620833649089682638e+00 -3.242115935490285095e-01 -3.242115935490285095e-01 -9.987483943620715232e-01
1.483025619012034113e+00 1.160222981425540700e+00 1.160222981425540700e+00 -9.961506235823183175e-01
1.258754786204354659e-01 1.111673508624911877e+00 1.111673508624911877e+00 -1.255433333398980333e-01
1.100809481560486525e+00 9.337438876553487699e-01 9.337438876553487699e-01 -8.915742457311097713e-01
2.508524716511706387e+00 1.865026183604168164e-01 1.865026183604168164e-01 -5.916209590232092141e-01
-4.285514602679614704e+00 -7.805471900137440633e-01 -7.805471900137440633e-01 -9.102642881539548814e-01
-2.646401085151378840e+00 -5.184000557709573798e-01 -5.184000557709573798e-01 4.752002167850500336e-01
5.584148143326657987e+00 -9.599662537882674984e-01 -9.599662537882674984e-01 6.434809710346609535e-01
4.983151489326960615e+00 -6.202631039041958116e-01 -6.202631039041958116e-01 9.635672311021700187e-01
2.692235571036075470e+00 -1.831047517068653541e-01 -1.831047517068653541e-01 -4.343865311046128941e-01
-1.536215694374425844e+00 -8.319146931375702714e-01 -8.319146931375702714e-01 9.994021495110669839e-01
-4.241238867821405023e+00 -2.308974223983971674e-01 -2.308974223983971674e-01 -8.910468284387232929e-01
-1.585710875402454256e+00 3.753203196300414213e-02 3.753203196300414213e-02 9.998887801816188636e-01
-3.101490930566219273e+00 -1.107462609458403913e+00 -1.107462609458403913e+00 4.009097563556756477e-02
3.665924946034806453e+00 -1.127435380785641650e+00 -1.127435380785641650e+00 5.006351096546581836e-01
-1.806089561048507264e-01 -1.754295354934232165e-01 -1.754295354934232165e-01 1.796286578171912562e-01
1.087153601759399457e+00 3.483058391701621126e-02 3.483058391701621126e-02 -8.853069069768635391e-01
6.161780939641753108e+00 -1.130513882335294706e+00 -1.130513882335294706e+00 1.211063569990138977e-01
4.572344394143545543e+00 1.033964921515135638e+00 1.033964921515135638e+00 9.902097735254381528e-01
-3.100229156159725274e+00 1.123887384706313552e+00 1.123887384706313552e+00 4.135170336945807185e-02
3.443780348567685223e+00 8.985598009796216257e-01 8.985598009796216257e-01 2.976094826527334591e-01
-5.599053310489603419e-01 -6.614073313899835327e-01 -6.614073313899835327e-01 5.311059867880794094e-01
5.735363463168368980e+00 -7.547570459443768698e-01 -7.547570459443768698e-01 5.208290590970590106e-01
1.408636396014390613e+00 2.353727189180188084e-02 2.353727189180188084e-02 -9.868808644895241677e-01
-5.549857672524922236e+00 9.100160104497707625e-01 9.100160104497707625e-01 -6.693456064212803813e-01
6.014495471327107268e+00 2.933545412155078580e-01 2.933545412155078580e-01 2.654685100489955207e-01
3.137878317715392384e-01 -1.149719833757446796e+00 -1.149719833757446796e+00 -3.086637187329226983e-01
-5.568811310006070769e+00 -6.445685168245374186e-02 -6.445685168245374186e-02 -6.551445977632344153e-01
-5.790736986153278920e+00 -1.056133684201024048e+00 -1.056133684201024048e+00 -4.727847095729298954e-01
-2.365042698010695332e+00 6.562933066776732716e-01 6.562933066776732716e-01 7.008225552852083151e-01
-4.772750772403396624e+00 9.785590979640945708e-01 9.785590979640945708e-01 -9.981787801077606215e-01
5.397624584543155635e+00 -4.942160102804012967e-01 -4.942160102804012967e-01 7.742699652071184380e-01
5.330136260685993221e+00 -6.151730993250427160e-01 -6.151730993250427160e-01 8.151852997948836332e-01
6.268696364395474063e+00 8.570998020109616977e-01 8.570998020109616977e-01 1.448843584677047581e-02
6.100865209860016236e+00 9.346749811580796763e-01 9.346749811580796763e-01 1.813117026479163507e-01
1.291362669299045862e+00 2.937226285584115804e-01 2.937226285584115804e-01 -9.612117961261499310e-01
6.137086647409265794e+00 6.529826748777667333e-03 6.529826748777667333e-03 1.455794726180764942e-01
-6.076724492676478739e+00 1.014615864540876933e+00 1.014615864540876933e+00 -2.049971686777273816e-01
3.124799205350097253e+00 1.068064264656939377e+00 1.068064264656939377e+00 -1.679265890305038644e-02
-2.457122459712500984e+00 2.185569140015763967e-01 2.185569140015763967e-01 6.322626307889659403e-01
-2.611951211435991294e+00 -6.122652493917614125e-01 -6.122652493917614125e-01 5.052239424699621617e-01
2.475540349522692196e+00 9.174808126058577873e-01 9.174808126058577873e-01 -6.178868666604336868e-01
2.387924829724047626e+00 -5.042077209793069947e-01 -5.042077209793069947e-01 -6.843178748868358197e-01
-4.630923721873875465e+00 3.299094656932959335e-01 3.299094656932959335e-01 -9.966835406013223597e-01
-3.293735947291965616e+00 -3.237602950559764770e-01 -3.237602950559764770e-01 -1.515570144378789452e-01
4.626008469691825553e+00 -5.489950157715260959e-01 -5.489950157715260959e-01 9.962715229161708264e-01
3.126365448749950815e+00 -7.265772616782295579e-01 -7.265772616782295579e-01 -1.522661639699993824e-02
-2.096759858410641719e+00 -9.301744386904529094e-01 -9.301744386904529094e-01 8.648406054410514576e-01
-1.278991852928393236e+00 -1.006723191667574069e+00 -1.006723191667574069e+00 9.577263223945059467e-01
3.006674813237211197e+00 -1.104922745809157503e+00 -1.104922745809157503e+00 -1.345088984491858708e-01
9.744334335453537221e-01 1.049080900657242355e+00 1.049080900657242355e+00 -8.273838163445724758e-01
-4.623568536509789162e+00 9.057570940178869545e-01 9.057570940178869545e-01 -9.960580569199734002e-01
-2.869495951024373603e+00 -1.126413484018276900e+00 -1.126413484018276900e+00 2.687515898220932953e-01
-5.102694033286812925e+00 1.150864630405100675e+00 1.150864630405100675e+00 -9.247930392449678072e-01
1.090564261118298184e+00 1.188013747086513749e-01 1.188013747086513749e-01 -8.868877357991107324e-01
4.925054131549998715e+00 -1.059516186634658963e+00 -1.059516186634658963e+00 9.774718647470995725e-01
6.150104643647146929e+00 -4.073591143274418735e-01 -4.073591143274418735e-01 1.326881912089672155e-01
-2.742860385052858341e+00 6.676118290806098976e-01 6.676118290806098976e-01 3.882503716944648575e-01
-3.278106794120816403e-02 -1.104017275438279322e+00 -1.104017275438279322e+00 3.277519717604218674e-02
9.339986230482804075e-01 8.689502300428972870e-01 8.689502300428972870e-01 -8.040040387175085845e-01
-6.135981783903048381e+00 -9.348549336198126447e-01 -9.348549336198126447e-01 -1.466724764494693467e-01
2.418675984934848699e+00 1.195109403188816311e+00 1.195109403188816311e+00 -6.615746323910820514e-01
6.182795631177965490e+00 -9.847233556303613966e-02 -9.847233556303613966e-02 1.002211383020157193e-01
6.161857018512719719e+00 -9.606409266365902866e-01 -9.606409266365902866e-01 1.210308377533581420e-01
4.373200386510093907e+00 -3.726764942987815799e-01 -3.726764942987815799e-01 9.430249486226158773e-01
-2.794809861982344046e+00 8.965363854978514180e-01 8.965363854978514180e-01 3.398738803250627716e-01
-5.375459387578551684e-01 1.628304035460179655e-01 1.628304035460179655e-01 5.120295759640766109e-01
4.703441305103980952e+00 -6.082633444532252742e-01 -6.082633444532252742e-01 9.999599698206075304e-01
-6.041996463949609542e+00 2.152673352325218392e-01 2.152673352325218392e-01 -2.388572267522690862e-01
-1.198981470141822214e-01 -1.041241290919308726e+00 -1.041241290919308726e+00 1.196110861442377521e-01
3.583337174246505441e+00 -1.450119843066355330e-02 -1.450119843066355330e-02 4.275171740893328742e-01
3.002680837731563912e-02 5.374593564031822090e-01 5.374593564031822090e-01 -3.002229650616433307e-02
-3.157261114220915932e+00 2.184645620891789708e-01 2.184645620891789708e-01 -1.566781953609164280e-02
1.452164312824649528e+00 -2.404508639776061774e-01 -2.404508639776061774e-01 -9.929714714661149744e-01
1.481282197430240366e+00 1.142121284204480114e+00 1.142121284204480114e+00 -9.959962848006636005e-01
-9.546388774905301133e-01 -1.057480348786105750e+00 -1.057480348786105750e+00 8.161050996985667050e-01
2.356047166936692250e+00 -9.182872939906627785e-01 -9.182872939906627785e-01 -7.072109467856962928e-01
-1.268885230144509713e+00 5.561860450389426447e-01 5.561860450389426447e-01 9.547699772097000270e-01
1.758299410741319235e+00 4.686480141712463521e-01 4.686480141712463521e-01 -9.824727382388029895e-01
-3.425408808940193506e+00 -1.042548318696178367e+00 -1.042548318696178367e+00 -2.800211642283432778e-01
-3.812858494062035142e+00 -8.148776546697574785e-01 -8.148776546697574785e-01 -6.219776824402437621e-01
-5.188286235760451781e+00 1.013067508241263459e+00 1.013067508241263459e+00 -8.888820143277732511e-01
4.551432841298000298e+00 6.479212470002131408e-01 6.479212470002131408e-01 9.870745017717509340e-01
-2.164929283326219256e+00 6.700306399244015942e-01 6.700306399244015942e-01 8.286341729471731199e-01
5.689411874007202385e+00 5.313760031038858855e-01 5.313760031038858855e-01 5.594925536432483471e-01
-3.023185217888416432e+00 -3.035735660263592095e-01 -3.035735660263592095e-01 1.181309445577736622e-01
2.834902389180857796e+00 -2.957682350830181939e-02 -2.957682350830181939e-02 -3.019049990292951291e-01
-4.481754768810761291e+00 4.126971374299737150e-01 4.126971374299737150e-01 -9.735216132149003831e-01
-2.729328203123218444e+00 -1.053411511039710424e+00 -1.053411511039710424e+00 4.006850789034501759e-01
-5.526369710261607615e+00 -9.818742431222172717e-01 -9.818742431222172717e-01 -6.866097860104781736e-01
-2.600983814529645333e+00 2.314393568390944456e-01 2.314393568390944456e-01 5.146581028770456090e-01
5.640187118911104136e-01 5.052681665336296035e-01 5.052681665336296035e-01 -5.345867736107152712e-01
-3.295633410932572449e+00 7.326332533900199451e-01 7.326332533900199451e-01 -1.534322856041957783e-01
-1.712660963080293364e+00 -8.796924697561573359e-01 -8.796924697561573359e-01 9.899540777835803551e-01
-5.760123085336008586e-01 -3.783782960996210365e-01 -3.783782960996210365e-01 5.446840334152455165e-01
5.666837640035044643e+00 -4.179781989095765482e-02 -4.179781989095765482e-02 5.780587367532273868e-01
-4.279924078190791903e+00 -1.999397834190936862e-01 -1.999397834190936862e-01 -9.079354436402543582e-01
-3.161529639349800913e+00 1.975673593249327453e-01 1.975673593249327453e-01 -1.993566501610505998e-02
-2.958681437364198086e+00 2.409413690343349401e-01 2.409413690343349401e-01 1.818929924485911676e-01
2.384698349810966178e+00 -1.033961618898265211e+00 -1.033961618898265211e+00 -6.866670058286069578e-01
1.664267412590003659e-02 5.279105671195782890e-02 5.279105671195782890e-02 -1.664190585910413009e-02
2.042092672407246567e+00 4.937041055750583940e-01 4.937041055750583940e-01 -8.909804420653467671e-01
-1.300547216975324716e+00 4.757963467638974819e-01 4.757963467638974819e-01 9.637044210427703206e-01
3.151204191522490206e+00 8.015559453039162729e-01 8.015559453039162729e-01 9.611389945073345667e-03
-2.261731186993179321e+00 6.222778841200033995e-01 6.222778841200033995e-01 7.706506047869553511e-01
2.135234297973402917e+00 -1.125738109226916972e-01 -1.125738109226916972e-01 -8.448893861347946954e-01
4.984718480422010600e+00 1.025308337695482797e+00 1.025308337695482797e+00 9.631469310519982230e-01
-9.985305109125190981e-01 7.269440917472020924e-01 7.269440917472020924e-01 8.406761082159390774e-01
4.030878519633606771e+00 8.802925038218292197e-01 8.802925038218292197e-01 7.766220649160650025e-01
2.704149330104941740e+00 4.332347547427821688e-01 4.332347547427821688e-01 -4.236249181605428737e-01
-5.157200370766156894e+00 1.037745453505186655e+00 1.037745453505186655e+00 -9.026918378376987961e-01
-4.840646102311323418e-01 -6.966001208264757105e-01 -6.966001208264757105e-01 4.653806397177519538e-01
7.209174934741726659e-01 -8.180490313386171719e-01 -8.180490313386171719e-01 -6.600741711919290156e-01
2.853122351094478759e+00 -9.224115074279679583e-01 -9.224115074279679583e-01 -2.844860678508623897e-01
4.923164724527239855e+00 9.101634312751849532e-01 9.101634312751849532e-01 9.778689089148994151e-01
4.553029139996001007e+00 2.127336007007678553e-01 2.127336007007678553e-01 9.873290701648821388e-01
-1.664266624450794652e+00 -7.943390252900128790e-01 -7.943390252900128790e-01 9.956348312130980371e-01
2.921436559249857012e-01 -2.922115801836917548e-01 -2.922115801836917548e-01 -2.880057116806748474e-01
-8.745887389969846382e-01 2.405108835151055224e-01 2.405108835151055224e-01 7.672798203231709913e-01
6.212823554744568710e+00 -1.170789223336178964e+00 -1.170789223336178964e+00 7.030370925652884573e-02
-4.806236446167198473e+00 4.982744938046534955e-02 4.982744938046534955e-02 -9.955995576909819622e-01
5.561669541641375503e+00 1.420170770440853936e-01 1.420170770440853936e-01 6.605234752678809107e-01
3.246881922944169219e+00 1.169637016977523425e+00 1.169637016977523425e+00 1.050948406614664044e-01
4.246740954865298789e+00 -8.154468808316561734e-01 -8.154468808316561734e-01 8.935307885338453771e-01
8.821186330021602018e-01 1.153392318689477891e+00 1.153392318689477891e+00 -7.720870375597259638e-01
-6.077995290878554613e+00 9.596801832000723120e-01 9.596801832000723120e-01 -2.037531937754037403e-01
-3.117201475931274945e+00 7.844678473168678057e-01 7.844678473168678057e-01 2.438875922507777877e-02
3.861883932157434529e+00 5.130404841840392471e-01 5.130404841840392471e-01 6.596036288921514057e-01
3.334175472687237018e+00 9.136274953129908116e-01 9.136274953129908116e-01 1.913946015145692181e-01
5.767746988523743568e+00 -3.972630204093242634e-01 -3.972630204093242634e-01 4.929162672464257322e-01
4.262376218661410476e+00 1.012125760489999804e+00 1.012125760489999804e+00 9.004415513695706030e-01
-5.031387175295562564e+00 8.723295580646055480e-01 8.723295580646055480e-01 -9.495500760783529559e-01
-4.663875683953913942e+00 -1.945864389997309374e-02 -1.945864389997309374e-02 -9.988234608145294402e-01
5.073291873980030786e+00 1.180536789971110556e+00 1.180536789971110556e+00 9.355783760927208759e-01
5.546515818257043762e+00 -1.808087931825770323e-01 -1.808087931825770323e-01 6.718246987600134945e-01
2.568747133483688216e+00 8.812011818524780882e-01 8.812011818524780882e-01 -5.420255069584858365e-01
4.384954039554269656e+00 -9.179384570312696390e-01 -9.179384570312696390e-01 9.468704199036425129e-01
-5.495111109733698207e+00 -6.925084901222074985e-01 -6.925084901222074985e-01 -7.089964889001845183e-01
-4.577247169025460138e-01 1.832531337783560588e-02 1.832531337783560588e-02 4.419081864826540085e-01
-3.939406184097942187e-01 -1.016431754327314918e+00 -1.016431754327314918e+00 3.838301674899857741e-01
-2.859642309728873233e+00 1.053986181809688949e+00 1.053986181809688949e+00 2.782295103435834527e-01
-2.637962588046639301e+00 1.045996992520292546e+00 1.045996992520292546e+00 4.826080550451221085e-01
3.847747146242145533e+00 -7.050983059662518926e-02 -7.050983059662518926e-02 6.489126724137780355e-01
5.893272248535437186e+00 -6.717507341258246445e-01 -6.717507341258246445e-01 3.801080008386761855e-01
3.486006233417196398e+00 -2.166571064862153895e-01 -2.166571064862153895e-01 3.376447534990847377e-01
-2.534859051503016936e+00 -8.452591759265462024e-01 -8.452591759265462024e-01 5.701871122257218261e-01
-4.026218931263350953e+00 -7.209692589117255856e-01 -7.209692589117255856e-01 -7.736782586640587045e-01
4.386144742321672396e+00 1.004511482856839999e+00 1.004511482856839999e+00 9.472526968297207972e-01
-5.234868065862729125e+00 -2.958209592936318355e-01 -2.958209592936318355e-01 -8.665847058570375072e-01
5.991156528704953743e+00 4.715115471660014101e-01 4.715115471660014101e-01 2.878956998381161370e-01
-1.817488652483272737e+00 -7.791070331634146751e-01 -7.791070331634146751e-01 9.697254516493133414e-01
-9.464303123153072761e-01 5.270883788214915100e-01 5.270883788214915100e-01 8.113338997011487752e-01
1.469435942146512630e+00 -3.984843129676579609e-01 -3.984843129676579609e-01 -9.948674327722215605e-01
