5.790429722320611816e+00 5.814675566649503136e-01 5.814675566649503136e-01 4.730554413715645223e-01
-5.457545579732991925e+00 5.585106762550073878e-01 5.585106762550073878e-01 -7.349817234246796005e-01
5.416406730717012508e+00 -4.873325579389434781e-01 -4.873325579389434781e-01 7.622477152665406708e-01
3.582467320532087385e+00 -1.107076481086565645e+00 -1.107076481086565645e+00 4.267306584050651330e-01
3.404758152300288998e-01 -7.698663907829332853e-01 -7.698663907829332853e-01 -3.339356314011669435e-01
-4.567065358259559282e+00 -3.568190986364884187e-01 -3.568190986364884187e-01 -9.894590931099332964e-01
-5.642834887202774041e+00 -2.062935869704822789e-01 -2.062935869704822789e-01 -5.974764750674629310e-01
-1.092487235585828387e+00 1.015380960786443465e+00 1.015380960786443465e+00 8.877744808391295761e-01
-3.679809048604161692e+00 7.612904044054698005e-01 7.612904044054698005e-01 -5.126053611874239468e-01
3.161203799736099995e+00 6.098460708040172040e-01 6.098460708040172040e-01 1.960988910564350970e-02
-6.011876530041920574e+00 -2.197000055067155344e-01 -2.197000055067155344e-01 -2.679925692020597161e-01
4.708493585392172776e+00 -5.956712477656475047e-01 -5.956712477656475047e-01 9.999924129585200383e-01
-4.447905871473243344e+00 8.635387706042774170e-03 8.635387706042774170e-03 -9.652277505170521188e-01
5.653412554501155540e+00 2.531879254808195867e-01 2.531879254808195867e-01 5.889611206447180614e-01
-2.641952659996066100e+00 -6.711459988087193906e-01 -6.711459988087193906e-01 4.791095721988333223e-01
-2.069854114488594021e-01 3.960779685238804415e-01 3.960779685238804415e-01 2.055105962991681245e-01
3.735576466810321961e+00 -6.517504838556545943e-01 -6.517504838556545943e-01 5.596669116870068850e-01
1.883195368234181544e+00 2.705737891241346560e-01 2.705737891241346560e-01 -9.515989817485693836e-01
2.223279725412163899e+00 -6.138411104582718325e-01 -6.138411104582718325e-01 -7.945784261805971527e-01
9.817961545668296708e-02 -1.292319884484816050e-01 -1.292319884484816050e-01 -9.802196203025870247e-02
-5.428939413926044288e+00 -8.799028679083422677e-01 -8.799028679083422677e-01 -7.540758428225975418e-01
5.003016183735443434e+00 2.410733315445878766e-02 2.410733315445878766e-02 9.580643368517960390e-01
-3.572167181584104512e+00 -4.596164022584950937e-01 -4.596164022584950937e-01 -4.173929598686805242e-01
-2.447285766746285951e+00 -1.166150125003885707e+00 -1.166150125003885707e+00 6.398529376257169332e-01
2.630780847794818911e+00 -5.836035211170820247e-03 -5.836035211170820247e-03 -4.888855849925393127e-01
-3.216073362702851934e+00 -8.491686262869942992e-01 -8.491686262869942992e-01 -7.441186612732467176e-02
-2.192600497327626741e+00 7.372633255081004755e-01 7.372633255081004755e-01 8.128288461165426027e-01
-3.516170161233417968e+00 -3.713867469537188715e-01 -3.713867469537188715e-01 -3.658793640501518674e-01
4.872438698454494954e+00 5.905011950328864501e-01 5.905011950328864501e-01 9.872193611617556819e-01
4.768472421492695901e+00 -2.585379503861612305e-01 -2.585379503861612305e-01 9.984277359919220274e-01
4.182979536826129774e+00 6.757281096231728679e-01 6.757281096231728679e-01 8.631054660134590550e-01
-2.067051745066121882e-01 2.045239500248414721e-01 2.045239500248414721e-01 2.052363329790577173e-01
-3.199744910131118836e+00 1.017393408425202095e+00 1.017393408425202095e+00 -5.811948664765214517e-02
5.709752182711888224e+00 -6.180227067794478168e-01 -6.180227067794478168e-01 5.425192137521518410e-01
-6.852384439702108310e-01 -4.890339045141388619e-01 -4.890339045141388619e-01 6.328576490813534461e-01
9.935114768155850484e-01 -1.196644218281084360e-01 -1.196644218281084360e-01 -8.379475320742703071e-01
-7.253984045379393564e-01 1.520369739603424364e-01 1.520369739603424364e-01 6.634335955933413631e-01
-5.917096997071293885e-01 -5.460664559216217295e-01 -5.460664559216217295e-01 5.577808681145995928e-01
4.211070509233378445e+00 -2.073839223553487487e-01 -2.073839223553487487e-01 8.769496905518495700e-01
-9.394560352454552898e-01 -2.231883159080225720e-01 -2.231883159080225720e-01 8.072371570453958922e-01
-4.782931634133186449e+00 7.115668085428348277e-01 7.115668085428348277e-01 -9.975128986308946510e-01
3.887287391363271283e+00 -9.981589251644562566e-02 -9.981589251644562566e-02 6.784823401321189440e-01
-2.924874288885451534e+00 1.471124817423659081e-01 1.471124817423659081e-01 2.150259142437349891e-01
2.745013598111412989e+00 1.084011176126632003e+00 1.084011176126632003e+00 -3.862651712406649507e-01
-7.615737097524961641e-01 8.424994548505722047e-01 8.424994548505722047e-01 6.900612730604940293e-01
-1.222177480479904155e+00 -5.828791666609773880e-01 -5.828791666609773880e-01 9.398454113004153232e-01
-5.275973890343466977e+00 -1.126381838467128249e+00 -1.126381838467128249e+00 -8.453454161239617459e-01
2.653679879070905301e+00 -4.910614372161915542e-01 -4.910614372161915542e-01 -4.687832367401514877e-01
-8.748792752075740253e-02 1.105546918335156947e+00 1.105546918335156947e+00 8.737636278865772155e-02
3.627920114453562661e+00 8.253189897530324171e-01 8.253189897530324171e-01 4.673823197108514238e-01
4.741172580862718533e+00 7.750289375352530374e-01 7.750289375352530374e-01 9.995857807711813203e-01
5.709378002725200574e+00 1.615280493171877829e-01 1.615280493171877829e-01 5.428335031913206210e-01
-1.020341616962305409e+00 -1.082611032695701692e+00 -1.082611032695701692e+00 8.522867629109078802e-01
4.875531059480568530e+00 2.846342430046573391e-01 2.846342430046573391e-01 9.867218205165622091e-01
-6.173598093515839658e+00 -1.069757714533690951e+00 -1.069757714533690951e+00 -1.093680000000518404e-01
-1.643011360997987502e+00 1.152075498647292529e+00 1.152075498647292529e+00 9.973936274014503223e-01
3.935914180523813144e+00 9.908354508973025165e-01 9.908354508973025165e-01 7.133883163143377448e-01
3.508152608494601310e+00 -4.306404099108636085e-01 -4.306404099108636085e-01 3.584060505181326239e-01
2.916805963112482303e+00 8.254151809956800090e-01 8.254151809956800090e-01 -2.228984241918473552e-01
1.378495420188980525e+00 -1.482159130896150145e-01 -1.482159130896150145e-01 -9.815670893735326530e-01
2.174829374976397389e+00 9.807412455899122694e-01 9.807412455899122694e-01 -8.230516785526279522e-01
-5.051247014690988024e+00 6.671295995028654335e-01 6.671295995028654335e-01 -9.431348815477442749e-01
5.212281904777261943e+00 1.462620002296943778e-01 1.462620002296943778e-01 8.776338916402136592e-01
-9.295046128163724219e-01 -1.195246499925377792e+00 -1.195246499925377792e+00 8.013236832409720289e-01
-4.833248878480748800e+00 2.519916094106577908e-02 2.519916094106577908e-02 -9.927053285138206506e-01
1.688406198269190917e+00 -1.231876834196055093e-01 -1.231876834196055093e-01 -9.930919273282252657e-01
3.544065330917220535e+00 6.548706472935894585e-01 6.548706472935894585e-01 3.916946361476958960e-01
2.857749953049513181e+00 4.162274515886765780e-01 4.162274515886765780e-01 -2.800466473480993090e-01
3.255306321803782765e+00 -4.162543420390557580e-01 -4.162543420390557580e-01 1.134687585261781873e-01
-6.085701876448297298e+00 -2.702672334866440540e-01 -2.702672334866440540e-01 -1.962022988692032344e-01
-5.589002027129934547e+00 1.194419141872236745e+00 1.194419141872236745e+00 -6.397579412410800970e-01
5.784875858467591669e+00 -1.081468714202014514e+00 -1.081468714202014514e+00 4.779412558903268771e-01
1.723734400466433669e+00 7.822108369301443709e-01 7.822108369301443709e-01 -9.883277506553818093e-01
2.709853112057759361e+00 -5.389980342725171347e-01 -5.389980342725171347e-01 -4.184513545781683996e-01
3.297997677346851120e-01 1.165697963735762288e+00 1.165697963735762288e+00 -3.238535936986835506e-01
-4.949724376992691077e+00 3.076143317334765204e-01 3.076143317334765204e-01 -9.719679090253847686e-01
5.475591306683231352e+00 5.171846515638141017e-01 5.171846515638141017e-01 7.226261466952855761e-01
5.228993561944163204e+00 7.740616803063924412e-01 7.740616803063924412e-01 8.695012899377830839e-01
1.923753087792364980e+00 1.195587029167907600e+00 1.195587029167907600e+00 -9.383547412617242456e-01
8.774474048792839653e-01 9.488212243008498081e-01 9.488212243008498081e-01 -7.691099807968960755e-01
-8.090295696638500900e-01 -4.371293415009069872e-01 -4.371293415009069872e-01 7.236177232358211864e-01
6.111361389748745765e+00 -2.187040060923589602e-01 -2.187040060923589602e-01 1.709796918989976988e-01
-1.031346692488340544e+00 -5.163690018486436495e-01 -5.163690018486436495e-01 8.579915142601054479e-01
4.877895193386851957e+00 5.938803500796827617e-01 5.938803500796827617e-01 9.863350822986759470e-01
-2.060737915627462336e+00 1.372336164027103678e-01 1.372336164027103678e-01 8.823603469124586818e-01
-4.212853873513641823e+00 9.543557358163679005e-02 9.543557358163679005e-02 -8.778053486870489586e-01
9.963131047496487369e-01 -8.229095234225543010e-01 -8.229095234225543010e-01 -8.394732321818807463e-01
-2.154545124577635917e-01 -1.103903039472837744e+00 -1.103903039472837744e+00 2.137914541907781629e-01
4.574687992392604485e+00 1.201281405141514380e-01 1.201281405141514380e-01 9.905341903557286498e-01
-6.070046572486987202e+00 6.649359002108832239e-01 6.649359002108832239e-01 -2.115286475314662185e-01
-3.484664227426139682e+00 1.430097788391417879e-01 1.430097788391417879e-01 -3.363812550004788293e-01
4.452357727805306808e+00 6.108105994087045243e-01 6.108105994087045243e-01 9.663819432322107161e-01
-4.758379443151254939e+00 -7.768755952802270937e-01 -7.768755952802270937e-01 -9.989426250601121104e-01
-4.031219174046253073e+00 5.974620872339997391e-02 5.974620872339997391e-02 -7.768366208202144296e-01
4.508778513248381969e+00 6.821226307328618343e-01 6.821226307328618343e-01 9.793429025010402800e-01
3.416436066510359026e+00 -2.105966908951066863e-01 -2.105966908951066863e-01 2.713962302767588541e-01
1.080629000916033533e+00 8.516646235559293121e-01 8.516646235559293121e-01 -8.822540983683795357e-01
-1.428194109204208750e+00 -9.521796875676225014e-03 -9.521796875676225014e-03 9.898495224349316279e-01
-2.960439582678936699e+00 1.210769982458230754e-01 1.210769982458230754e-01 1.801638957010329445e-01
-3.501147389295198309e+00 -9.849067089782618245e-01 -9.849067089782618245e-01 -3.518574769288556614e-01
4.391148425411378398e+00 8.078759926654759393e-01 8.078759926654759393e-01 9.488444506458509897e-01
-1.452111212105081428e+00 -6.765841554576086381e-01 -6.765841554576086381e-01 9.929651853864155386e-01
2.548000992246096885e+00 -6.335510788152690642e-01 -6.335510788152690642e-01 -5.593418854787960415e-01
-6.462876377259521021e-01 -7.160051983452121460e-01 -7.160051983452121460e-01 6.022268908397038212e-01
9.250097593077644120e-01 4.740061745203472121e-02 4.740061745203472121e-02 -7.986266366497924984e-01
3.731588502204383317e+00 1.133730136763642760e+00 1.133730136763642760e+00 5.563575733529778633e-01
-2.891755453325352665e+00 1.024816036914287354e+00 1.024816036914287354e+00 2.472462172906181588e-01
-5.818617297580383152e+00 -9.748675993477196045e-02 -9.748675993477196045e-02 -4.480366372799083896e-01
2.021913016160237220e-02 1.701097378537490545e-01 1.701097378537490545e-01 -2.021775254846236783e-02
-6.731988336192245015e-01 9.049355826032543515e-01 9.049355826032543515e-01 6.234901207286386304e-01
1.133742630075585289e+00 7.396335404419918103e-01 7.396335404419918103e-01 -9.060026813102184384e-01
-5.639866731885387452e+00 -7.504267871412213520e-01 -7.504267871412213520e-01 -5.998539632059991522e-01
-7.710203187684250281e-01 3.115522073219401111e-01 3.115522073219401111e-01 6.968673738746197222e-01
-2.353503780718863236e+00 1.192320998912776320e+00 1.192320998912776320e+00 7.090068381098244554e-01
2.355336760832825505e+00 -1.161418988280162878e-01 -1.161418988280162878e-01 -7.077130272496274799e-01
-4.307631932840813249e+00 -1.014611661317254443e+00 -1.014611661317254443e+00 -9.191980978650027279e-01
5.626615051479522123e-02 -2.693733711322453539e-01 -2.693733711322453539e-01 -5.623646657008132127e-02
-5.916787682910087831e+00 3.162825723542428413e-01 3.162825723542428413e-01 -3.582544994671580385e-01
-5.791071481344320482e+00 7.632894648316490560e-02 7.632894648316490560e-02 -4.724899333350910391e-01
-1.694906208872406062e+00 1.699836828223513230e-01 1.699836828223513230e-01 9.923082493653433422e-01
-1.786766942379581558e+00 -6.967390622586259186e-01 -6.967390622586259186e-01 9.767688556984527315e-01
-2.727051198374745411e+00 -8.246418612657961944e-01 -8.246418612657961944e-01 4.027702661959184915e-01
6.503268780661652926e-01 -8.750877767597471379e-01 -8.750877767597471379e-01 -6.054465957321181202e-01
6.267621232502150974e+00 -9.302702696264670834e-01 -9.302702696264670834e-01 1.556344631038041916e-02
-2.580315676332224140e+00 4.339891350703184436e-01 4.339891350703184436e-01 5.322676900400794553e-01
1.311900602954206185e+00 -1.063250361259242549e-01 -1.063250361259242549e-01 -9.666732767808995375e-01
-2.381281817271539758e+00 4.330788382237880096e-01 4.330788382237880096e-01 6.891467171823144611e-01
1.873298397653096359e+00 -3.957308441076170524e-01 -3.957308441076170524e-01 -9.545940870270742673e-01
-5.880917036944074638e+00 -6.254207030404349554e-01 -6.254207030404349554e-01 -3.915065539669547179e-01
4.380732068561911774e+00 7.783928435948663793e-01 7.783928435948663793e-01 9.455041344376313717e-01
-5.285130960596789329e+00 5.439012556564488676e-01 5.439012556564488676e-01 -8.404181517214328601e-01
-3.988342846509279394e+00 5.726184950607482449e-02 5.726184950607482449e-02 -7.491316237899807717e-01
4.419235043510390426e+00 2.693280843908161248e-01 2.693280843908161248e-01 9.573372357666244392e-01
-2.842347245873682926e+00 -9.002910556609879933e-01 -9.002910556609879933e-01 2.947992330505359027e-01
6.081364803167641497e-01 9.558284828578293979e-01 9.558284828578293979e-01 -5.713390360702200743e-01
2.013383366493755489e+00 -8.454427814481206838e-01 -8.454427814481206838e-01 -9.036467144959815512e-01
-4.988572864122557959e+00 -1.863740062358678617e-01 -1.863740062358678617e-01 -9.621030432423898215e-01
-6.911998183829224374e-01 -8.862797335163974388e-02 -8.862797335163974388e-02 6.374620789784996022e-01
-5.580767678671008980e+00 -4.162613708922395794e-01 -4.162613708922395794e-01 -6.460649070109648617e-01
3.408234591657089751e+00 7.811709502738128919e-03 7.811709502738128919e-03 2.634935365047140765e-01
-4.532295300380985381e+00 1.677938144576107682e-02 1.677938144576107682e-02 -9.838269169799660485e-01
1.263149904175884686e+00 8.731052260837290913e-01 8.731052260837290913e-01 -9.530489106874013849e-01
4.139096618108444758e+00 5.643621529522941938e-01 5.643621529522941938e-01 8.401197512201378226e-01
-1.020912034211731267e+00 -4.195258374014607661e-01 -4.195258374014607661e-01 8.525849951415557237e-01
5.466581020695782556e+00 9.841855484258135167e-01 9.841855484258135167e-01 7.288249910345834248e-01
-1.985780533683974447e+00 -9.524844698252808994e-01 -9.524844698252808994e-01 9.151226880037994782e-01
-3.410212122216069286e+00 5.246117960630367616e-01 5.246117960630367616e-01 -2.654006669746826197e-01
1.305047591646204985e+00 -9.121261117228715021e-01 -9.121261117228715021e-01 -9.648961297073197496e-01
5.776633975043738545e+00 6.820316767305187877e-01 6.820316767305187877e-01 4.851645438930654031e-01
-3.587484934720354346e+00 4.522786790950761304e-01 4.522786790950761304e-01 -4.312630913011450406e-01
5.696562789298262430e+00 -7.414537980322950528e-01 -7.414537980322950528e-01 5.535513676539142169e-01
5.139576850621130788e+00 4.754340215726093888e-01 4.754340215726093888e-01 9.101344488391069909e-01
-3.291101774151052428e+00 5.475290369355922948e-01 5.475290369355922948e-01 -1.489527470968095291e-01
2.539813498965036942e+00 1.702343116903559661e-02 1.702343116903559661e-02 -5.661099786396850408e-01
-1.189904514161848503e+00 -1.172113058641363059e+00 -1.172113058641363059e+00 9.283334747625875405e-01
-1.507915649014925918e-01 5.604878285638748014e-01 5.604878285638748014e-01 1.502207620556741674e-01
1.371876966995297487e+00 8.782110408966081749e-02 8.782110408966081749e-02 -9.802806956122928073e-01
3.622403647130301607e+00 9.041557931649777391e-01 9.041557931649777391e-01 4.624983707569637614e-01
-4.378100547987605395e+00 1.262928569495394004e-01 1.262928569495394004e-01 -9.446440120121251116e-01
4.754093670750453526e+00 -3.565692006907640321e-01 -3.565692006907640321e-01 9.991304854392357715e-01
3.929216698497084437e-01 -8.969787433541260846e-01 -8.969787433541260846e-01 -3.828890675201474525e-01
-7.739606933680693857e-01 9.944162245229659636e-01 9.944162245229659636e-01 6.989731950595680088e-01
4.271960814503843906e+00 -1.192437677701354337e+00 -1.192437677701354337e+00 9.045692075470285198e-01
2.334809181531232625e+00 -2.110144008336697352e-01 -2.110144008336697352e-01 -7.220656404660492633e-01
-4.387916689978901275e+00 -7.677085417737794515e-01 -7.677085417737794515e-01 -9.478190967671481504e-01
3.078499560963763315e+00 -8.826408229865008170e-01 -8.826408229865008170e-01 -6.305124144139191700e-02
3.424939922181470919e+00 -5.256123054308027287e-01 -5.256123054308027287e-01 2.795710050689762527e-01
-7.885147217291104127e-01 -3.387624479240839426e-01 -3.387624479240839426e-01 7.093070831107500807e-01
2.864332857481288741e+00 -8.068076709698108751e-01 -8.068076709698108751e-01 -2.737211264702166802e-01
-6.110948247776204489e+00 7.695807712206841344e-01 7.695807712206841344e-01 -1.713867355678299620e-01
-3.663798101039006383e-03 5.689369112423987573e-01 5.689369112423987573e-01 3.663789904263178854e-03
-2.507058356073317285e-01 -4.811912888448470760e-01 -4.811912888448470760e-01 2.480877904565592651e-01
-1.555600042393248117e-01 -4.537003147537533865e-01 -4.537003147537533865e-01 1.549333657007942455e-01
3.558770604625944856e+00 -1.073452186265348107e+00 -1.073452186265348107e+00 4.051820510889267424e-01
1.430758091154684664e-01 4.274987000478598365e-01 4.274987000478598365e-01 -1.425881651488944413e-01
-2.998182290198466493e+00 8.098109647930609167e-01 8.098109647930609167e-01 1.429192929983744975e-01
2.749221343356131442e+00 2.605707622211237418e-01 2.605707622211237418e-01 -3.823805904659683952e-01
8.595578926730533809e-01 3.998961939951470868e-01 3.998961939951470868e-01 -7.575540414560923974e-01
3.556359803776050654e+00 -7.137296930772514258e-01 -7.137296930772514258e-01 4.029768347924876370e-01
1.957677419858912415e+00 6.803497761926984300e-01 6.803497761926984300e-01 -9.260903316597638435e-01
-4.577281241236841325e+00 1.667692793570323406e-01 1.667692793570323406e-01 -9.908868248081048602e-01
-6.415123616172646592e-01 3.262653260659724719e-01 3.262653260659724719e-01 5.984078167737393317e-01
-5.233420609167316329e+00 5.018874495793668178e-01 5.018874495793668178e-01 -8.673061221251697761e-01
-1.843722166199585288e+00 -1.420408648460445011e-01 -1.420408648460445011e-01 9.629863589365248444e-01
-4.310781638794216164e+00 -9.540139482754002032e-01 -9.540139482754002032e-01 -9.204338761727957063e-01
-5.813521987951242309e-01 2.082577642313760968e-01 2.082577642313760968e-01 5.491544992197741060e-01
-5.792306225072639592e+00 7.224706723273583986e-01 7.224706723273583986e-01 -4.714013492532482252e-01
8.544016089449790741e-01 -5.751832191954741047e-01 -5.751832191954741047e-01 -7.541781057763540241e-01
4.066728695107617142e+00 -1.014029312585029929e+00 -1.014029312585029929e+00 7.987026302998333493e-01
-2.110854165937993798e+00 1.602913914425299069e-01 1.602913914425299069e-01 8.576789427439731606e-01
-5.187321718204931820e+00 -4.920169301976251575e-02 -4.920169301976251575e-02 -8.893234811923199645e-01
4.263578034693836116e+00 6.418879206407450688e-01 6.418879206407450688e-01 9.009636633249082927e-01
2.739936183794831948e+00 -1.156379860907738477e+00 -1.156379860907738477e+00 -3.909435170659526504e-01
-8.721173655713130302e-01 8.005878539233017843e-01 8.005878539233017843e-01 7.656925562026833942e-01
-5.351798765489762744e+00 -2.508666216564454654e-01 -2.508666216564454654e-01 -8.024480918020258091e-01
-8.956461792331005256e-02 -1.126255743809731147e+00 -1.126255743809731147e+00 8.944492072394780169e-02
-5.970342314095564262e+00 -7.404387924609803218e-01 -7.404387924609803218e-01 -3.077648777149516457e-01
5.128199467738848938e+00 6.840920912353121164e-01 6.840920912353121164e-01 9.147892396252567115e-01
-6.254703210954182246e+00 6.613450790483319519e-01 6.613450790483319519e-01 -2.847824546070394994e-02
3.480565230646419650e+00 -1.025974430120719871e+00 -1.025974430120719871e+00 3.325183085237657932e-01
-2.361265759624306071e+00 -7.708248746472338153e-01 -7.708248746472338153e-01 7.035117749657294750e-01
-2.038226017242449117e+00 -2.448268031436615644e-01 -2.448268031436615644e-01 8.927293997916868618e-01
-5.248473502282164027e+00 1.436335399998311946e-01 1.436335399998311946e-01 -8.597151896929960957e-01
-4.285650810553950585e+00 -2.207320267780343848e-02 -2.207320267780343848e-02 -9.103206735410831474e-01
-5.236087441267958553e+00 2.643785675092091836e-02 2.643785675092091836e-02 -8.659755568391215297e-01
-3.657034722351054867e+00 2.674659505207932497e-01 2.674659505207932497e-01 -4.929195301225001713e-01
-5.838780430263327048e+00 -1.122768793859467706e+00 -1.122768793859467706e+00 -4.299206396620581794e-01
6.160246687562695556e+00 -1.173251504271585421e+00 -1.173251504271585421e+00 1.226291731369458099e-01
3.992636302903546763e+00 2.977591902780398758e-01 2.977591902780398758e-01 7.519687868238127404e-01
3.060875903721775870e+00 2.681255463857847854e-01 2.681255463857847854e-01 -8.062913087212958407e-02
2.051966840008677906e+00 6.844218355948814558e-01 6.844218355948814558e-01 -8.864537966395640289e-01
3.787098530198660384e-01 -6.956378597907156847e-01 -6.956378597907156847e-01 -3.697220471755431337e-01
2.438303050785995296e+00 1.136070327496597754e+00 1.136070327496597754e+00 -6.467302240101949762e-01
-5.089285911875992774e+00 -4.516534957581795906e-01 -4.516534957581795906e-01 -9.298111542890550307e-01
-5.503407828993190698e+00 -1.039790005578385079e+00 -1.039790005578385079e+00 -7.031212080201445502e-01
7.729437004145847112e-01 1.797064068488003485e-01 1.797064068488003485e-01 -6.982455333777479733e-01
-5.314061066769943942e+00 1.154244283241646185e+00 1.154244283241646185e+00 -8.243903305908608647e-01
4.780584918895945279e+00 -1.175185100050646581e+00 -1.175185100050646581e+00 9.976755580489450326e-01
4.994528693279960407e-01 -5.869912854794212542e-02 -5.869912854794212542e-02 -4.789453145328442241e-01
1.043844031000546124e+00 6.501233371558730045e-01 6.501233371558730045e-01 -8.643437771306563544e-01
-1.024355424600997821e+00 -2.966988468744395924e-01 -2.966988468744395924e-01 8.543794135679332324e-01
1.166021663481149773e+00 -2.809127146983010359e-01 -2.809127146983010359e-01 -9.191911607123494088e-01
7.195644278968185148e-01 7.398565285249640855e-01 7.398565285249640855e-01 -6.590571438289650752e-01
-3.323413058592652458e+00 -6.636224376974730887e-02 -6.636224376974730887e-02 -1.808202697763432454e-01
1.971407305949195887e+00 -9.705263779819613967e-01 -9.705263779819613967e-01 -9.208228956142663346e-01
2.024601566198859004e+00 -5.345948302738786628e-01 -5.345948302738786628e-01 -8.987854391970548917e-01
5.046521810539699615e+00 -8.953636269320086605e-02 -8.953636269320086605e-02 9.446950532165068193e-01
-5.821664689159380401e-01 2.452270782065915089e-01 2.452270782065915089e-01 5.498348196059974491e-01
-2.421578827304160519e+00 -8.607699138078745982e-01 -8.607699138078745982e-01 6.593950665891982199e-01
-1.951788359981790677e+00 1.312209305720553054e-01 1.312209305720553054e-01 9.282962132582546211e-01
-1.368435202091018432e+00 1.349431857509679755e-01 1.349431857509679755e-01 9.795947633220991602e-01
-3.699953342398712763e+00 6.250443636014768600e-02 6.250443636014768600e-02 -5.297965700186677562e-01
-4.644162607981236590e+00 -3.617661001988469183e-01 -3.617661001988469183e-01 -9.976734837274208179e-01
2.453402890703817008e+00 6.418240293340866653e-01 6.418240293340866653e-01 -6.351400018714403739e-01
3.858566047380337594e+00 3.324511601253332671e-01 3.324511601253332671e-01 6.571062354640033742e-01
-3.296796705504405622e-01 3.976141928380074742e-01 3.976141928380074742e-01 3.237399665517062264e-01
-4.813365380474552424e+00 -1.012010781543055682e-01 -1.012010781543055682e-01 -9.949062136394062339e-01
8.606114924907393160e-01 -6.990445742684344710e-01 -6.990445742684344710e-01 -7.582413817954698487e-01
2.677722788218890315e+00 -1.060435330745225668e+00 -1.060435330745225668e+00 -4.474123765934039376e-01
5.628766666077556380e+00 1.091555830318596820e+00 1.091555830318596820e+00 6.086980949446071376e-01
-1.723627261254257803e+00 -1.057739598494262578e+00 -1.057739598494262578e+00 9.883440668453929989e-01
-2.400946296493401189e+00 -3.658265469685726412e-01 -3.658265469685726412e-01 6.747650851371543856e-01
5.115611873988250125e+00 -6.963225659554550528e-01 -6.963225659554550528e-01 9.198011587450474202e-01
-2.338758789170749530e+00 5.808279234798172652e-01 5.808279234798172652e-01 7.193275801457716945e-01
3.956482302556894481e+00 -3.673169154600440800e-01 -3.673169154600440800e-01 7.276499078831687450e-01
2.593078557342352042e-01 -4.163171053374521424e-01 -4.163171053374521424e-01 -2.564116090847270990e-01
-3.003250191241356948e+00 -1.590142495066133588e-01 -1.590142495066133588e-01 1.379016034064020901e-01
-2.146203343442054212e+00 3.579030119142041499e-01 3.579030119142041499e-01 8.389708831022861801e-01
-3.286783759957448314e+00 4.192418640229769178e-01 4.192418640229769178e-01 -1.446815279502693674e-01
6.117441869989132641e+00 -1.063701305640300410e+00 -1.063701305640300410e+00 1.649856256226034101e-01
-8.524146541818389267e-02 2.576163372034101506e-02 2.576163372034101506e-02 8.513827397450288159e-02
3.698317668092370170e-01 1.081280542042941883e+00 1.081280542042941883e+00 -3.614585784442215233e-01
-3.945322480605152560e+00 6.220394758322322915e-01 6.220394758322322915e-01 -7.199496905975814043e-01
-5.275212412590656541e+00 -1.131140436176398145e+00 -1.131140436176398145e+00 -8.457519677285251225e-01
-2.734047334318026490e+00 8.117112322647557221e-05 8.117112322647557221e-05 3.963568905348085480e-01
4.354768860894992599e+00 -6.657283789832768583e-02 -6.657283789832768583e-02 9.367325430890057758e-01
-5.498676828187726073e+00 6.876718350750210540e-02 6.876718350750210540e-02 -7.064773995421874675e-01
5.391537790333876146e+00 1.906289106335741224e-01 1.906289106335741224e-01 7.781076593671365504e-01
1.103374381843632790e+00 -1.192029856705497659e+00 -1.192029856705497659e+00 -8.927328898327535622e-01
-2.928521143989307074e+00 8.611129988206611685e-02 8.611129988206611685e-02 2.114629431444035590e-01
1.197301963327277008e+00 -4.767276739914206862e-01 -4.767276739914206862e-01 -9.310580403016427420e-01
1.015046388349860607e+00 -6.333325438514221251e-01 -6.333325438514221251e-01 -8.495050262724439527e-01
-2.332717865925104661e-02 -3.657237983928146585e-01 -3.657237983928146585e-01 2.332506310785804199e-02
2.695165774610046583e+00 -1.563277731390817493e-01 -1.563277731390817493e-01 -4.317453578467054243e-01
-3.329812829322712719e+00 1.031061337602645622e-02 1.031061337602645622e-02 -1.871108018001234607e-01
-4.215510201802259438e+00 5.882551007447203162e-01 5.882551007447203162e-01 -8.790746780086043932e-01
5.799717460876895103e+00 4.642708271865463310e-01 4.642708271865463310e-01 4.648523547740233131e-01
1.886167386057294948e+00 -3.090593154485435923e-01 -3.090593154485435923e-01 -9.506813531902110759e-01
2.786026943839097214e+00 -7.977773191103797457e-01 -7.977773191103797457e-01 -3.481207453496827919e-01
4.997961845236089218e+00 -1.237865818056014255e-01 -1.237865818056014255e-01 9.595004299765911293e-01
5.600620102148786472e+00 -5.800724784297515146e-01 -5.800724784297515146e-01 6.307855864659266398e-01
2.228980801990212868e+00 2.767257414852788422e-01 2.767257414852788422e-01 -7.911040577804752116e-01
4.662714042764246614e+00 8.214725588523277278e-01 8.214725588523277278e-01 9.987664539756239135e-01
-2.966992661652345209e+00 -1.537334131179377561e-01 -1.537334131179377561e-01 1.737142251199171317e-01
3.315017760185307694e+00 8.210313116055829585e-01 8.210313116055829585e-01 1.725570829841158449e-01
6.086942969968470507e+00 -1.147143628312209396e+00 -1.147143628312209396e+00 1.949851771448827265e-01
4.713569517179605484e+00 -5.964436627939434521e-01 -5.964436627939434521e-01 9.999993031665188603e-01
2.092497310096538499e+00 -9.661426731481500552e-01 -9.661426731481500552e-01 -8.669727398183394440e-01
-1.099595349242621367e+00 6.008487473392101208e-01 6.008487473392101208e-01 8.910237390882238540e-01
2.221261649421704121e+00 -1.960654184920709309e-01 -1.960654184920709309e-01 -7.958021054451138721e-01
5.731514765571025904e+00 -1.159259089139744736e+00 -1.159259089139744736e+00 5.241106766207900280e-01
-2.541853589573226380e+00 -9.539617475369153166e-01 -9.539617475369153166e-01 5.644270944145686197e-01
-3.128570762907701308e+00 1.371009219347576469e-01 1.371009219347576469e-01 1.302152266566630051e-02
-2.668907976572606255e+00 9.704453490716653530e-01 9.704453490716653530e-01 4.552782233105026610e-01
2.205227680589240791e+00 9.307189068263117537e-01 9.307189068263117537e-01 -8.054088744347155382e-01
-3.384025937472401324e-02 8.721296037315566796e-01 8.721296037315566796e-01 3.383380097483513343e-02
2.424013736163107779e+00 -1.194404404113143858e+00 -1.194404404113143858e+00 -6.575625574632292247e-01
-2.485149173363338182e+00 2.381133274640743203e-01 2.381133274640743203e-01 6.103033573020210101e-01
2.454846908378067738e+00 -4.634560265347447139e-01 -4.634560265347447139e-01 -6.340239850977920089e-01
3.146167422116487700e+00 7.589254558646738591e-01 7.589254558646738591e-01 4.574752569531914323e-03
-1.731427449732366064e+00 -1.007759856316329250e+00 -1.007759856316329250e+00 9.871265373934664522e-01
-3.876464118043643214e+00 -2.741470017894653832e-01 -2.741470017894653832e-01 -6.704917984776119777e-01
-1.377594771406103646e+00 2.657052277605722601e-01 2.657052277605722601e-01 9.813945611910147582e-01
-1.272764103494393950e+00 -2.259408990811897500e-01 -2.259408990811897500e-01 9.559161569270435699e-01
4.509656207502642289e+00 7.336449401040268103e-01 7.336449401040268103e-01 9.795200007676446718e-01
-4.533492655122830506e+00 4.889596833937965847e-01 4.889596833937965847e-01 -9.840406839566566699e-01
4.049156764034488987e+00 -3.845130237014108276e-01 -3.845130237014108276e-01 7.880063820256915097e-01
-2.687627452272999040e+00 -1.153246842426638663e+00 -1.153246842426638663e+00 4.385325593526796517e-01
-1.688409972185527685e+00 -1.309591847066680081e-01 -1.309591847066680081e-01 9.930914844938583119e-01
2.498959926762340800e+00 2.515606077831455956e-01 2.515606077831455956e-01 -5.993050682884885072e-01
-6.110825806097526680e+00 6.711342290355930551e-01 6.711342290355930551e-01 -1.715073642936155718e-01
-3.361875782190559825e+00 -1.183980156640720205e+00 -1.183980156640720205e+00 -2.185059188096583338e-01
-3.341858627646166813e+00 8.572749847493053021e-01 8.572749847493053021e-01 -1.989299960480598040e-01
2.588102292608088106e+00 -2.831157844507734556e-01 -2.831157844507734556e-01 -5.256596573699463537e-01
5.193717668273572841e+00 6.103801597307161320e-01 6.103801597307161320e-01 8.863805796065288289e-01
-5.243500486260989746e+00 -2.746106640506663643e-01 -2.746106640506663643e-01 -8.622446343756255960e-01
-2.667950381540094007e+00 8.670383183573415753e-01 8.670383183573415753e-01 4.561306084312310993e-01
-7.670746140420003911e-01 -2.170776780268495187e-01 -2.170776780268495187e-01 6.940320971110339743e-01
3.284885213157402006e+00 -1.080009008784120095e+00 -1.080009008784120095e+00 1.428026975165197221e-01
-4.949028160680688515e+00 -4.545858043076581589e-01 -4.545858043076581589e-01 -9.721313633396939657e-01
7.071122503609936771e-01 1.730746717075315466e-01 1.730746717075315466e-01 -6.496410969806696301e-01
-4.161058968251654555e+00 -8.547296481460955331e-01 -8.547296481460955331e-01 -8.518285878792402066e-01
-3.007193608579264765e+00 -7.254372438716576443e-01 -7.254372438716576443e-01 1.339947996406939956e-01
1.991357524555574798e-01 1.054612874142555334e-01 1.054612874142555334e-01 -1.978222365717920705e-01
-4.080828870116385509e+00 -1.375776162187558604e-01 -1.375776162187558604e-01 -8.071073945519472437e-01
1.073616777210568252e+00 8.693574490976290203e-01 8.693574490976290203e-01 -8.789312655010015352e-01
6.117440649019178167e+00 2.136631841346714467e-01 2.136631841346714467e-01 1.649868298602278072e-01
-5.477331946216969172e+00 -9.548518189140611234e-01 -9.548518189140611234e-01 -7.214218545346227085e-01
-3.641003692395431646e+00 7.100862130920122528e-01 7.100862130920122528e-01 -4.789085934098486486e-01
3.386875327190415064e+00 2.178895838914298722e-01 2.178895838914298722e-01 2.428305473050132168e-01
-2.040594268553292068e+00 8.172981813529440753e-01 8.172981813529440753e-01 8.916597794009100131e-01
1.813888462543328473e+00 -2.241268357805102918e-01 -2.241268357805102918e-01 -9.705983236097482925e-01
5.493192638357704993e+00 2.786534456898079881e-01 2.786534456898079881e-01 7.103481123831415500e-01
1.294786619944115813e+00 1.068139050894770792e+00 1.068139050894770792e+00 -9.621505242722572238e-01
-3.913366257019844419e+00 -1.030324618161644556e+00 -1.030324618161644556e+00 -6.974074318806143813e-01
5.300559757114756465e+00 -3.900022255164803386e-01 -3.900022255164803386e-01 8.319569968748369293e-01
7.464493070022468757e-01 -4.616958585357854306e-01 -4.616958585357854306e-01 -6.790364660902910021e-01
-3.201710690401382564e-01 -3.871753348149522544e-01 -3.871753348149522544e-01 3.147289408043274506e-01
4.509593605769332214e+00 8.159523303019462492e-01 8.159523303019462492e-01 9.795073941842975529e-01
2.742506889011327331e+00 5.152404599548574549e-01 5.152404599548574549e-01 -3.885761130967878008e-01
5.854506564113295397e+00 4.709116157375297096e-01 4.709116157375297096e-01 4.156694616096054951e-01
-2.500672357869812235e+00 -1.490683130664987033e-01 -1.490683130664987033e-01 5.979333536555969664e-01
-4.379872842232350294e+00 7.743037299938224649e-01 7.743037299938224649e-01 -9.452240126895766759e-01
2.340327301873205812e+00 3.149711937719352761e-01 3.149711937719352761e-01 -7.182370954101914284e-01
-4.474835305857435941e+00 -6.726206035909519931e-01 -6.726206035909519931e-01 -9.719165657733547237e-01
2.780609416847321214e+00 -8.011335289283836314e-01 -8.011335289283836314e-01 -3.531942709896888077e-01
4.823780025626923873e+00 3.872788020929485153e-01 3.872788020929485153e-01 9.938024297670828844e-01
1.915348810468914920e+00 3.842941557011889664e-01 3.842941557011889664e-01 -9.412267069009279119e-01
5.981959512349128261e+00 1.136319607877017246e+00 1.136319607877017246e+00 2.966910308774851068e-01
-4.513982765955896426e+00 -7.155949827020768872e-02 -7.155949827020768872e-02 -9.803819692610589165e-01
4.992459137161919358e+00 -5.623297159606366336e-02 -5.623297159606366336e-02 9.610360477239697774e-01
5.300744172703430124e+00 1.185672141771443977e+00 1.185672141771443977e+00 8.318546615615759476e-01
4.485884300217451326e+00 3.988667636221787660e-02 3.988667636221787660e-02 9.744572999801972557e-01
-4.386835856901511121e+00 -3.258610507822479185e-02 -3.258610507822479185e-02 -9.474739642712033394e-01
4.505353863505408896e+00 -3.297278006980605136e-01 -3.297278006980605136e-01 9.786446743541994397e-01
2.000633964401561826e+00 9.335275335343551362e-02 9.335275335343551362e-02 -9.090334218349099826e-01
-6.163660485764784980e+00 3.422738687178545902e-01 3.422738687178545902e-01 -1.192404323885250111e-01
-5.429924241300080112e+00 2.846368596468864531e-01 2.846368596468864531e-01 -7.534286550824622619e-01
2.520095901851199471e+00 -7.538404995128000774e-01 -7.538404995128000774e-01 -5.822526832410115372e-01
4.247326606754153744e+00 -1.647758919900912389e-01 -1.647758919900912389e-01 8.937935941099044435e-01
-3.745323853858299135e+00 3.446901789416787487e-01 3.446901789416787487e-01 -5.677180282867378969e-01
2.853094134309701602e-01 -1.089280678489904952e+00 -1.089280678489904952e+00 -2.814543700365362278e-01
-1.322485193405718462e+00 1.652563973084213433e-01 1.652563973084213433e-01 9.693288719983904622e-01
4.581798558106664032e+00 -5.624238892331945294e-02 -5.624238892331945294e-02 9.914851820049667142e-01
-3.785319160658809690e+00 9.010299740409026814e-01 9.010299740409026814e-01 -6.001803033777440843e-01
6.138991752858796502e+00 7.450872137171749010e-02 7.450872137171749010e-02 1.436944000490200657e-01
5.120474978997755500e-01 9.794762505012137854e-01 9.794762505012137854e-01 -4.899631649012017309e-01
3.208803197524826345e+00 6.664992065048214176e-01 6.664992065048214176e-01 6.715995414364261951e-02
-4.649368467464035426e+00 -5.550990129817643393e-01 -5.550990129817643393e-01 -9.980148646172652960e-01
-1.442330984326520849e+00 -1.175918672410717125e+00 -1.175918672410717125e+00 9.917596699999863263e-01
-8.802491548958144563e-01 -1.411872668576483747e-01 -1.411872668576483747e-01 7.708976043012513157e-01
2.429295693579076598e+00 5.233508593561890798e-01 5.233508593561890798e-01 -6.535739768476229727e-01
3.256581104734005194e+00 -3.009843660341477989e-01 -3.009843660341477989e-01 1.147352158129072014e-01
6.033396827807660401e+00 1.083653187034753662e+00 1.083653187034753662e+00 2.471990087575150208e-01
6.073633225162531346e+00 -2.790783466209689756e-02 -2.790783466209689756e-02 2.080218013144585765e-01
3.843645068269534448e-01 -9.290255980053194751e-01 -9.290255980053194751e-01 -3.749700868753186866e-01
-4.392090684485348007e+00 -8.744015293004386846e-01 -8.744015293004386846e-01 -9.491415419370365925e-01
-1.306306444945938061e+00 -3.538392219738859534e-01 -3.538392219738859534e-01 9.652259799787075156e-01
1.245561838065354365e-01 -6.352279721513147681e-01 -6.352279721513147681e-01 -1.242343677290835141e-01
2.320986277326774427e+00 1.965968193665856845e-01 1.965968193665856845e-01 -7.315593780294766812e-01
9.500539824186446936e-01 4.229697259313898172e-01 4.229697259313898172e-01 -8.134469042642248349e-01
9.063237856385324420e-01 1.140870067374141650e+00 1.140870067374141650e+00 -7.872421489447695153e-01
1.263012315762053639e+00 -4.877553177020979014e-01 -4.877553177020979014e-01 -9.530072376381018007e-01
1.770285317034160144e+00 4.503115554088106265e-01 4.503115554088106265e-01 -9.801679718411504538e-01
4.764604351045425901e+00 -1.351962334542269328e-01 -1.351962334542269328e-01 9.986370872344826344e-01
6.776166628011708326e-01 1.673042466243022108e-01 1.673042466243022108e-01 -6.269380219230772378e-01
6.280463225839540087e+00 2.129151469982086819e-01 2.129151469982086819e-01 2.722077978401116032e-03
5.748387561530064360e+00 -8.395375566971557957e-01 -8.395375566971557957e-01 5.096670359290431662e-01
-5.588300732427438966e+00 -1.168161622113219389e+00 -1.168161622113219389e+00 -6.402967824765267713e-01
4.675240099056855669e+00 3.017968034483369255e-01 3.017968034483369255e-01 9.993100596589241658e-01
4.138165708347356642e+00 -6.518926821617943013e-02 -6.518926821617943013e-02 8.396144609221747324e-01
4.893726236752673486e-01 1.046945866812142745e+00 1.046945866812142745e+00 -4.700722408420261456e-01
5.670934929570977445e+00 3.476290094873752956e-01 3.476290094873752956e-01 5.747105255330414719e-01
-1.385991644816027879e+00 -3.396895765771383857e-01 -3.396895765771383857e-01 9.829721599538446819e-01
3.011231410044876711e-01 7.857758595788737477e-01 7.857758595788737477e-01 -2.965929976284462644e-01
-5.933191258245086530e+00 7.600202630557979511e-01 7.600202630557979511e-01 -3.428922171808363450e-01
-5.030831465023949178e+00 2.979020289812406297e-01 2.979020289812406297e-01 -9.497242087814056211e-01
-4.627217984101333670e+00 -6.264582579930267903e-01 -6.264582579930267903e-01 -9.963751427470545208e-01
-5.356497109446049620e+00 1.763473438274618665e-01 1.763473438274618665e-01 -7.996356404720840194e-01
-2.065299670591212333e+00 4.000904437440477857e-02 4.000904437440477857e-02 8.802045287132671536e-01
-2.484131094415431562e-01 -8.830632155736388711e-01 -8.830632155736388711e-01 2.458660904169200911e-01
4.321105401273470648e+00 3.266568543642514033e-01 3.266568543642514033e-01 9.244202961547643982e-01
3.370043248875617792e+00 -3.345986209999761707e-01 -3.345986209999761707e-01 2.264686471887062680e-01
4.052210877811743828e+00 -1.134511041161049505e+00 -1.134511041161049505e+00 7.898830212796046357e-01
3.385307668336581699e+00 -5.333163193734602459e-02 -5.333163193734602459e-02 2.413095127225472480e-01
-3.312732466816166621e+00 8.776161018764530031e-01 8.776161018764530031e-01 -1.703056214781278888e-01
1.039309331523954327e-01 6.879006860921355049e-02 6.879006860921355049e-02 -1.037439301101207439e-01
-1.834817519889693216e-01 5.795392594376886919e-01 5.795392594376886919e-01 1.824539810884554525e-01
-1.919557734308874331e+00 6.134583553740273754e-01 6.134583553740273754e-01 9.397967028354979879e-01
2.341985397936388935e+00 -3.534574089782365203e-01 -3.534574089782365203e-01 -7.170824079598117073e-01
6.818475786539401895e-02 -1.027330831957930179e+00 -1.027330831957930179e+00 -6.813193649046840605e-02
2.450970979789204307e+00 2.436775148317809059e-01 2.436775148317809059e-01 -6.370165226285119386e-01
-6.255475285199512570e+00 8.832775150760705518e-01 8.832775150760705518e-01 -2.770647594777638639e-02
1.206555630144231728e+00 6.654319571547282486e-01 6.654319571547282486e-01 -9.343945246528886361e-01
-4.584772062038489082e+00 6.188042330086582776e-01 6.188042330086582776e-01 -9.918680065919467381e-01
-2.381077868818782139e+00 -5.861220417895083301e-01 -5.861220417895083301e-01 6.892944883506338938e-01
-2.560209348699252541e+00 -1.192959569699863387e+00 -1.192959569699863387e+00 5.491804949665352042e-01
-3.785712343093238896e+00 1.660719763731632881e-02 1.660719763731632881e-02 -6.004947497439449000e-01
-4.794418919186583139e+00 2.269997572025512778e-01 2.269997572025512778e-01 -9.966374307403623733e-01
