1.313673664177063216e+00 7.779604171332870077e-01 7.779604171332870077e-01 -9.671256841934425807e-01
3.661120037982028563e+00 -2.714873659024970021e-01 -2.714873659024970021e-01 4.964699374770298879e-01
-3.607780241698461232e+00 1.031154347492442502e+00 1.031154347492442502e+00 -4.494839768387140500e-01
5.764202763564540533e+00 4.343229649717561536e-02 4.343229649717561536e-02 4.959969126412483997e-01
2.546723583237630706e+00 -3.533342011311928488e-01 -3.533342011311928488e-01 -5.604003205034627788e-01
5.193696607817443578e+00 5.681371305649074444e-01 5.681371305649074444e-01 8.863903295020079121e-01
2.983255112585414537e+00 -6.015466417679938838e-01 -6.015466417679938838e-01 -1.576767623328876877e-01
-5.188239016895206390e-01 -3.587263910997328109e-01 -3.587263910997328109e-01 4.958591537639477353e-01
6.147220667481047229e+00 5.816006090078862378e-02 5.816006090078862378e-02 1.355461110003812475e-01
-2.408520480432732480e+00 6.293392408258926540e-01 6.293392408258926540e-01 6.691557891607480268e-01
2.121890820868573613e+00 9.811566094613983768e-01 9.811566094613983768e-01 -8.519519334723952841e-01
-4.989900107580143462e+00 -8.276322142524161762e-01 -8.276322142524161762e-01 -9.617402750371806253e-01
3.135129711817027598e+00 1.151578139663711475e-01 1.151578139663711475e-01 -6.462896780426540325e-03
-3.436860601042591057e+00 -9.089108972395993913e-01 -9.089108972395993913e-01 -2.909962123804859524e-01
-3.635446923744677150e+00 -2.283941048582494027e-01 -2.283941048582494027e-01 -4.740231332916526874e-01
2.664376866099990693e+00 9.476773333829442425e-01 9.476773333829442425e-01 -4.593078065538075405e-01
4.329850221581512670e+00 -8.743595394276335586e-01 -8.743595394276335586e-01 9.277199662233301947e-01
6.091130991514262405e+00 1.171044479032908869e+00 1.171044479032908869e+00 1.908758417289503073e-01
-3.466269648430248651e+00 9.322024711027432353e-02 9.322024711027432353e-02 -3.190026731311302322e-01
3.729431837652184001e+00 -2.189488050348734616e-01 -2.189488050348734616e-01 5.545642155882006819e-01
-1.176195065387926064e-01 6.121569874315642146e-01 6.121569874315642146e-01 1.173484958657843163e-01
3.758340928287159599e+00 -1.362628850682296999e-01 -1.362628850682296999e-01 5.783855841823118960e-01
-8.928308339536652483e-01 8.401714256261405556e-01 8.401714256261405556e-01 7.788503925056600163e-01
1.631613828768731622e+00 -7.151366979112638855e-01 -7.151366979112638855e-01 -9.981511856935864069e-01
-2.813822940994711530e+00 1.027650646457102246e+00 1.027650646457102246e+00 3.219322778966359766e-01
-2.505119714400850128e+00 -1.335978284380632264e-01 -1.335978284380632264e-01 5.943626921146958342e-01
-2.793233636987785040e+00 -7.781543407072510909e-02 -7.781543407072510909e-02 3.413558514389220533e-01
3.244853454869284448e+00 -8.449559316741157566e-01 -8.449559316741157566e-01 1.030773909971964136e-01
-4.457357298905937348e+00 -5.307702086227558125e-01 -5.307702086227558125e-01 -9.676553036953932097e-01
5.350559100865240225e+00 7.789285322556824820e-01 7.789285322556824820e-01 8.031872100896595423e-01
-5.331691816606091372e+00 -4.129625006029767897e-01 -4.129625006029767897e-01 -8.142833355100892456e-01
-4.623992474177251566e+00 -1.193779757114064699e+00 -1.193779757114064699e+00 -9.960955722532116585e-01
-2.527927579604183350e-01 7.503987808372196699e-01 7.503987808372196699e-01 2.501089288031174696e-01
-4.461024335757634240e+00 -5.363022445003383654e-01 -5.363022445003383654e-01 -9.685739011508837093e-01
-6.159463849228967725e+00 -1.053951179264855931e+00 -1.053951179264855931e+00 -1.234060653909963973e-01
-6.108107264819271798e+00 -6.726559389469995986e-01 -6.726559389469995986e-01 -1.741849874466662174e-01
2.773574308599457083e+00 -6.893699660628338499e-02 -6.893699660628338499e-02 -3.597671719952866276e-01
2.639765827967689660e+00 4.273705884264709098e-01 4.273705884264709098e-01 -4.810279280308070726e-01
1.496214304377408766e+00 -7.474734496309229925e-01 -7.474734496309229925e-01 -9.972200499421354225e-01
5.938880750087863092e+00 1.268352252709825656e-02 1.268352252709825656e-02 3.375421312680181307e-01
-4.429092605398150084e+00 -2.930649869228945104e-01 -2.930649869228945104e-01 -9.601392466614581123e-01
-2.327717383452300837e+00 9.974247277254157940e-01 9.974247277254157940e-01 7.269537218056479899e-01
-3.978208301298292504e+00 -9.144800430786859113e-01 -9.144800430786859113e-01 -7.423799304312979075e-01
4.268903042740239684e+00 -1.186550184241923045e+00 -1.186550184241923045e+00 9.032613706540444376e-01
-3.346652450812110047e+00 -5.897956084973343671e-02 -5.897956084973343671e-02 -2.036257046681477778e-01
-2.464839902028154839e+00 5.649239468087774441e-02 5.649239468087774441e-02 6.262647414696723702e-01
-2.453683428506998609e-01 -2.223899570159735273e-01 -2.223899570159735273e-01 2.429136514737512687e-01
-2.618773110767209644e-01 5.335188147414322568e-01 5.335188147414322568e-01 2.588943124229405868e-01
-3.884013092259974265e+00 2.460044070397671145e-01 2.460044070397671145e-01 -6.760733525743607419e-01
-4.275945325779218820e+00 -3.881060651649198556e-01 -3.881060651649198556e-01 -9.062607264226567594e-01
-4.074898718032104128e+00 1.059306057197285211e+00 1.059306057197285211e+00 -8.035920340806447237e-01
-1.056423857290206492e+00 -7.655332855245653434e-01 -7.655332855245653434e-01 8.706016315573048558e-01
5.194060577836628667e+00 1.139692786390930523e+00 1.139692786390930523e+00 8.862217750083841716e-01
-4.125849891237898248e+00 4.297441112940587615e-01 4.297441112940587615e-01 -8.328612146998788379e-01
-5.849740093313924305e-01 -8.522909479585760728e-02 -8.522909479585760728e-02 5.521777134091822026e-01
-4.787806164070038228e+00 -9.171548258607697957e-01 -9.171548258607697957e-01 -9.971574718852118657e-01
-4.662686628268721378e+00 -1.119348277670692893e+00 -1.119348277670692893e+00 -9.987650923469544306e-01
-3.228554852850792578e+00 9.352664903129384033e-01 9.352664903129384033e-01 -8.685263319320839226e-02
-1.498498881192309007e+00 1.008941783153382454e+00 1.008941783153382454e+00 9.973876778438256485e-01
-2.806264993962429344e+00 6.797964430091048005e-01 6.797964430091048005e-01 3.290785973500333639e-01
5.862958982427832311e+00 -3.384694089013483564e-01 -3.384694089013483564e-01 4.079670972422165809e-01
-1.915350938984057727e+00 -7.239696226814973379e-01 -7.239696226814973379e-01 9.412259879385359573e-01
5.729637067252872029e+00 3.771829285402743537e-01 3.771829285402743537e-01 5.257088938165839220e-01
4.123787681884063971e+00 -3.802087800036728638e-01 -3.802087800036728638e-01 8.317180490315041475e-01
-7.464917712313887677e-01 1.090608836888291577e-01 1.090608836888291577e-01 6.790676386615193127e-01
6.225706565360020761e-01 7.395296375913709142e-01 7.395296375913709142e-01 -5.831254403881158677e-01
5.261434460981163852e+00 -2.801729797858195647e-01 -2.801729797858195647e-01 8.530230487151096996e-01
-1.334352446324427177e-01 9.470693365994768964e-01 9.470693365994768964e-01 1.330396286939365957e-01
-3.443004413317972023e+00 6.583363997795286249e-01 6.583363997795286249e-01 -2.968686173000173456e-01
-3.780681578425420852e+00 7.083757223845899009e-01 7.083757223845899009e-01 -5.964644240856358248e-01
4.141592723214873928e+00 -7.052695230788774694e-03 -7.052695230788774694e-03 8.414710224264860816e-01
-5.517288362017806591e+00 2.998040442474434464e-01 2.998040442474434464e-01 -6.931837603152714022e-01
5.591620649533926013e+00 -7.117979044482382056e-01 -7.117979044482382056e-01 6.377431385334175751e-01
6.209442388947913116e+00 -9.386041133357679866e-01 -9.386041133357679866e-01 7.367610051606994503e-02
3.098580945130493092e+00 3.531875092900196300e-01 3.531875092900196300e-01 -4.299844769190030308e-02
-5.021560029187453367e+00 -1.979032429119540470e-01 -1.979032429119540470e-01 -9.525861213758682888e-01
6.028156324885374673e+00 -7.383274555680947593e-01 -7.383274555680947593e-01 2.522734536307680298e-01
4.763603144613192342e+00 3.074195931981875685e-01 3.074195931981875685e-01 9.986888413142606113e-01
1.066324398302758603e+00 1.013726359738646998e-01 1.013726359738646998e-01 -8.754298373134909994e-01
4.328037191893642444e+00 9.945962729992530171e-02 9.945962729992530171e-02 9.270416797006452159e-01
-4.354314811592834289e+00 -3.055475040541956178e-01 -3.055475040541956178e-01 -9.365735084322176496e-01
5.143309128058346502e-01 4.870604894884436042e-01 4.870604894884436042e-01 -4.919524371154674336e-01
-5.111136593474367551e+00 -7.426486788495981761e-01 -7.426486788495981761e-01 -9.215479739803971171e-01
-1.940254550223911245e+00 3.143206036813792625e-01 3.143206036813792625e-01 9.325231235359739967e-01
4.599011664000645538e+00 1.010284189882305617e+00 1.010284189882305617e+00 9.935796739490765361e-01
1.979701624650953562e+00 -8.281767973961480234e-01 -8.281767973961480234e-01 -9.175566316891300422e-01
2.540535380080292782e+00 2.429801506333666428e-01 2.429801506333666428e-01 -5.655147631282072540e-01
-3.913447453820125599e+00 8.879281296438674698e-01 8.879281296438674698e-01 -6.974656212881250594e-01
-3.220729020763557493e+00 3.840664181607860161e-01 3.840664181607860161e-01 -7.905379359872577449e-02
-4.207307631744876986e+00 -6.440381827900876210e-02 -6.440381827900876210e-02 -8.751351144532651949e-01
-3.666887296025578724e+00 -6.034937658893639867e-01 -6.034937658893639867e-01 -5.014679440678180278e-01
3.125529865538359431e+00 1.006896303457590625e+00 1.006896303457590625e+00 -1.606209732522747083e-02
-5.568751253242344212e+00 2.230571171292579091e-01 2.230571171292579091e-01 -6.551899696776044557e-01
6.209376497490721292e+00 2.688296610691163213e-01 2.688296610691163213e-01 7.374181273498491007e-02
1.370267999760677036e+00 -4.666968624860584614e-01 -4.666968624860584614e-01 -9.799614786850735504e-01
1.146763506466192517e+00 5.152960590955406595e-01 5.152960590955406595e-01 -9.114370950605990007e-01
-2.532758646326759067e+00 -3.420962769425534011e-01 -3.420962769425534011e-01 5.719113672635569579e-01
8.756735425193582500e-01 -9.896973058365623466e-01 -9.896973058365623466e-01 -7.679750667404274811e-01
-4.909619322283553799e+00 3.218571061372610398e-01 3.218571061372610398e-01 -9.806130642133403796e-01
3.323839926780578935e+00 7.381979191167595822e-01 7.381979191167595822e-01 1.812400850488885273e-01
-3.079992612133226171e+00 5.975423957050147727e-01 5.975423957050147727e-01 6.156109128592802265e-02
-4.057585182175200700e-01 3.401903183226195893e-02 3.401903183226195893e-02 3.947158028666265528e-01
1.851740808177172681e+00 8.041100181370122169e-01 8.041100181370122169e-01 -9.607939969322646379e-01
