3.360309920575014431e+00 -1.564613953378188871e-01 -1.564613953378188871e-01 2.169776280089436016e-01
4.149266063419684514e+00 1.141607517739913868e+00 1.141607517739913868e+00 8.455921318495712713e-01
-2.534297712555078519e+00 -3.708042626347155535e-01 -3.708042626347155535e-01 5.706481706525674547e-01
-1.713420272173820535e+00 -9.089747141017706644e-01 -9.089747141017706644e-01 9.898464342611225097e-01
2.160867951990399050e+00 8.860760503904365759e-01 8.860760503904365759e-01 -8.309008275017285561e-01
-2.359901163880484987e+00 2.714218268005808010e-01 2.714218268005808010e-01 7.044809154714474220e-01
-3.995163280598723610e+00 3.000055319132339804e-01 3.000055319132339804e-01 -7.536321646054401358e-01
-1.099906627300982542e+00 1.092243272378950136e+00 1.092243272378950136e+00 8.911650026823972892e-01
5.470026237040624295e+00 8.030064436255435201e-01 8.030064436255435201e-01 7.264617305675197256e-01
-4.969808041568390955e+00 -9.235949669132276219e-01 -9.235949669132276219e-01 -9.670502678946725217e-01
3.282154483542557344e+00 -2.789808479394437768e-01 -2.789808479394437768e-01 1.400994255977533465e-01
-6.969225634880551468e-01 -3.765187399499184684e-01 -3.765187399499184684e-01 6.418608871133182348e-01
-2.004931447802441369e+00 8.887367196856057472e-01 8.887367196856057472e-01 9.072341720807619581e-01
-4.662327305314790671e+00 -5.888820906582328263e-01 -5.888820906582328263e-01 -9.987471760266797283e-01
-2.673139968198882777e+00 6.432222240947669256e-01 6.432222240947669256e-01 4.515062071461185544e-01
-5.728253652860791689e+00 -8.803485543560978233e-01 -8.803485543560978233e-01 -5.268852119480887941e-01
-1.295592773876182768e+00 5.110711565153598368e-01 5.110711565153598368e-01 9.623699035185724338e-01
-7.464543882157803623e-01 5.988314871364450731e-01 5.988314871364450731e-01 6.790401962234559052e-01
4.852305858086738866e+00 2.672065711184188341e-01 2.672065711184188341e-01 9.902275919361184231e-01
-5.894169336225769662e+00 6.717427568026985707e-01 6.717427568026985707e-01 -3.792780938193581752e-01
1.557175807937984935e+00 1.147971445950872527e+00 1.147971445950872527e+00 -9.999072421670722743e-01
-5.624269188487287963e+00 -2.494013730858630762e-01 -2.494013730858630762e-01 -6.122602341837377615e-01
-2.269169921115983257e+00 -1.090770128400914585e+00 -1.090770128400914585e+00 7.658889345492397860e-01
4.375941086956295578e+00 2.789761492135123255e-02 2.789761492135123255e-02 9.439332971499139191e-01
9.025757195855810266e-01 1.065210096878985935e+00 1.065210096878985935e+00 -7.849254024032741306e-01
4.938571463319412658e+00 -1.018855793246072672e+00 -1.018855793246072672e+00 9.745296061539802102e-01
1.719691141324904748e+00 -5.392466327066207654e-01 -5.392466327066207654e-01 -9.889356308953921593e-01
-5.673287361483621893e+00 -4.894299348105977110e-01 -4.894299348105977110e-01 -5.727838085093807097e-01
2.345727707729002631e+00 -1.058675581275582811e+00 -1.058675581275582811e+00 -7.144690462374220230e-01
6.110080075229692653e+00 -2.206362939909437548e-01 -2.206362939909437548e-01 1.722419977892995502e-01
4.596463155189624672e+00 5.887386723399796740e-01 5.887386723399796740e-01 9.932881232089497692e-01
5.823032065059672746e+00 5.088177152431934136e-01 5.088177152431934136e-01 4.440854147366077309e-01
-4.903170134739286645e+00 4.195872708291075170e-01 4.195872708291075170e-01 -9.818564075735380925e-01
-1.253222743502124814e+00 -3.432274077687998970e-01 -3.432274077687998970e-01 9.499958925822379330e-01
-5.744106469285067185e+00 -2.574824531410400130e-01 -2.574824531410400130e-01 -5.133456848976706288e-01
5.647345773068858321e+00 -1.046635686224469231e+00 -1.046635686224469231e+00 5.938531903862472872e-01
-5.305914147201332476e+00 -8.272646243551373679e-01 -8.272646243551373679e-01 -8.289742547842382514e-01
-2.181374018171466922e+00 -5.048447248421754630e-01 -5.048447248421754630e-01 8.193169405028020158e-01
-5.159555036157779995e+00 -1.435091174961404814e-01 -1.435091174961404814e-01 -9.016761529160817190e-01
-2.663607788542329491e+00 -1.026749636109320019e+00 -1.026749636109320019e+00 4.599908246906460052e-01
-5.237862793723865096e+00 -1.014165249968630222e+00 -1.014165249968630222e+00 -8.650863630922317471e-01
-3.096196315948434030e+00 -8.144845697595564094e-01 -8.144845697595564094e-01 4.538074691131859656e-02
2.890177132839065521e+00 -1.089045657472987427e+00 -1.089045657472987427e+00 -2.487752265735838630e-01
-5.411174469532076259e-01 -6.956633841331486545e-01 -6.956633841331486545e-01 5.150941144087674006e-01
4.049955633035100533e-01 -6.595124368486825484e-01 -6.595124368486825484e-01 -3.940146825885230686e-01
3.349548701459426070e-02 4.485530523124681146e-02 4.485530523124681146e-02 -3.348922400211765821e-02
-3.907817558192836493e+00 -1.147339103260366366e+00 -1.147339103260366366e+00 -6.934201033744415987e-01
3.177032275201602474e+00 -8.290238339577267190e-01 -8.290238339577267190e-01 3.543220357975802176e-02
-2.157367654235732068e+00 -4.149562537681734664e-01 -4.149562537681734664e-01 8.328433709553251241e-01
4.602927078051289200e+00 6.971570975023113625e-01 6.971570975023113625e-01 9.940150255018271874e-01
6.074592064617174714e+00 -5.977531449190504054e-01 -5.977531449190504054e-01 2.070838417688704025e-01
-1.196001592412250680e+00 -9.310108471808671293e-01 -9.310108471808671293e-01 9.305827854655972509e-01
5.181111125819603203e+00 7.948678808242835014e-01 7.948678808242835014e-01 8.921462829187568611e-01
1.882506519861534500e+00 2.390669905310958132e-01 2.390669905310958132e-01 -9.518104683016808121e-01
3.110451668327357311e+00 3.295697947033533470e-01 3.295697947033533470e-01 -3.113595228783783142e-02
-3.345413778553974815e+00 9.462981991933265835e-01 9.462981991933265835e-01 -2.024128281655804273e-01
9.038049198129183281e-01 -1.149662612255774041e+00 -1.149662612255774041e+00 -7.856864097372792122e-01
-5.644448389445839709e-01 1.180329587085152676e+00 1.180329587085152676e+00 5.349468508278735213e-01
1.494517535348229842e+00 -1.030228838513647549e+00 -1.030228838513647549e+00 -9.970921833144641422e-01
1.183100317782832533e+00 -4.119089532022518485e-01 -4.119089532022518485e-01 -9.257825548837601559e-01
1.059039085705648198e+00 2.468242048566633429e-01 2.468242048566633429e-01 -8.718853154982842968e-01
2.104460415265450024e-01 1.161158067832563257e+00 1.161158067832563257e+00 -2.088961214969806413e-01
2.176451062792960300e+00 -3.792139064771760104e-01 -3.792139064771760104e-01 -8.221295323585502413e-01
3.542516281865170313e+00 7.392432525617964600e-02 7.392432525617964600e-02 3.902688940608246004e-01
-5.942631624912962707e+00 8.796731107525213034e-02 8.796731107525213034e-02 -3.340090275366480177e-01
-2.139272149010984947e+00 1.064043277729562087e+00 1.064043277729562087e+00 8.427224921065463725e-01
5.440021425980905434e-01 -1.144683815952618033e+00 -1.144683815952618033e+00 -5.175645374499917573e-01
2.312503922889451502e+00 -8.242255922125111267e-01 -8.242255922125111267e-01 -7.373160712404280837e-01
3.858133824444925253e+00 2.843661731547475480e-01 2.843661731547475480e-01 6.567803653191374158e-01
-6.895771613960794966e-01 -8.899355188171635955e-01 -8.899355188171635955e-01 6.362110127393936221e-01
-4.172384593670896535e+00 -7.773715672392367271e-01 -7.773715672392367271e-01 -8.577064259881254094e-01
5.362330380073267122e+00 4.487124644369684390e-01 4.487124644369684390e-01 7.961192612940060087e-01
1.515799451520366325e+00 4.381444207369200594e-01 4.381444207369200594e-01 -9.984880530059917492e-01
1.301417453310379280e+00 -1.013857994443173149e+00 -1.013857994443173149e+00 -9.639363844125703462e-01
4.713172457577440966e+00 7.909978117473435155e-01 7.909978117473435155e-01 9.999996930817599550e-01
4.475937272298965652e+00 8.658644644521562572e-01 8.658644644521562572e-01 9.721752966410075469e-01
4.278422750911339278e+00 -3.943227049619344449e-01 -3.943227049619344449e-01 9.073051992967230417e-01
-3.198723036455412227e+00 8.287713011471147251e-01 8.287713011471147251e-01 -5.709931014510921665e-02
7.669578164494765815e-01 7.140769657944667781e-01 7.140769657944667781e-01 -6.939480046444937988e-01
-4.414228722548937611e+00 -2.915760180152233705e-01 -2.915760180152233705e-01 -9.558785530635371952e-01
1.695091864471927501e+00 1.036419721311057751e+00 1.036419721311057751e+00 -9.922852496768094221e-01
-4.330727657107101614e+00 1.112766211359558222e+00 1.112766211359558222e+00 -9.280471354954047403e-01
-5.256336577936927767e+00 9.193396608724200281e-01 9.193396608724200281e-01 -8.556724015987697829e-01
-5.779385376592196977e+00 -8.988321546061122103e-01 -8.988321546061122103e-01 -4.827568220769825613e-01
-4.316143508906663762e+00 2.066006436714709071e-01 2.066006436714709071e-01 -9.225165809876775258e-01
-1.709311377849163982e+00 -7.071990834624622968e-01 -7.071990834624622968e-01 9.904221187881965260e-01
-1.045819799308205234e+00 6.438292633832762846e-01 6.438292633832762846e-01 8.653357061134838712e-01
-4.336695362648992358e-01 1.184373242365977630e+00 1.184373242365977630e+00 4.202034710425487929e-01
4.561507529045222498e+00 1.028434438907517512e+00 1.028434438907517512e+00 9.886389713950477498e-01
-1.630811692002017033e+00 1.123427700746524316e-01 1.123427700746524316e-01 9.981996184579925435e-01
-3.781778186587421153e+00 -7.063748647364782585e-01 -7.063748647364782585e-01 -5.973442463134052138e-01
5.756890507502143706e+00 -1.948594699373380479e-01 -1.948594699373380479e-01 5.023330053779319071e-01
1.745022505393457379e+00 -3.253300513520774873e-01 -3.253300513520774873e-01 -9.848609726676271769e-01
-2.214798189658774064e+00 1.160821044433206772e-01 1.160821044433206772e-01 7.996994472683471855e-01
2.365258276589599973e+00 7.148772925908568610e-01 7.148772925908568610e-01 -7.006687591161709916e-01
-2.697862396183980049e+00 4.024532645006684284e-01 4.024532645006684284e-01 4.293114503990432262e-01
1.560155681229941749e+00 -7.731230732587257570e-01 -7.731230732587257570e-01 -9.999433888651253488e-01
-5.424467020590065580e+00 -2.523543638047979210e-01 -2.523543638047979210e-01 -7.570057027840636499e-01
-3.203521021758685361e+00 -4.516585648844362311e-01 -4.516585648844362311e-01 -6.188879194268139677e-02
-2.101202683022227902e+00 5.236962225630488188e-01 5.236962225630488188e-01 8.626015726634191916e-01
5.707885416671176770e+00 6.366072455307842937e-01 6.366072455307842937e-01 5.440864320313917313e-01
-2.586573042230536412e+00 9.276343387438299448e-01 9.276343387438299448e-01 5.269599678048343394e-01
4.198642352346979578e+00 -3.497041734010372105e-01 -3.497041734010372105e-01 8.709093679173762759e-01
1.724760923318154227e+00 8.660913392493576612e-01 8.660913392493576612e-01 -9.881708468332738304e-01
1.287252421563236382e-01 -5.800589276205685429e-01 -5.800589276205685429e-01 -1.283700363323099503e-01
-2.452758155228121240e+00 -5.511054603086710246e-01 -5.511054603086710246e-01 6.356378615973247159e-01
2.093034534329104801e+00 1.365303155694292947e-01 1.365303155694292947e-01 -8.667048860372276176e-01
5.947386677844647807e+00 -1.164976885262485329e+00 -1.164976885262485329e+00 3.295232987252864065e-01
5.727809455729389043e+00 8.283025585582004524e-02 8.283025585582004524e-02 5.272626992896383147e-01
1.980304446010858754e+00 -5.778274673588802424e-01 -5.778274673588802424e-01 -9.173167801302938296e-01
-2.062777151731485681e+00 -1.922324933077887987e-01 -1.922324933077887987e-01 8.813989007348690397e-01
-4.224282979400838300e+00 -1.182266167850649863e+00 -1.182266167850649863e+00 -8.832226404803895647e-01
-3.150757012731135731e-01 1.287408930378453054e-01 1.287408930378453054e-01 3.098884468361597366e-01
-4.938524211660748620e-01 -7.893621378419196644e-01 -7.893621378419196644e-01 4.740215052332868995e-01
6.047062187109229825e+00 8.469466149857056703e-01 8.469466149857056703e-01 2.339350888043466581e-01
1.654893559277527793e+00 -3.117997443618892861e-01 -3.117997443618892861e-01 -9.964659113388343314e-01
-5.543276222180246293e+00 8.711931774554499963e-01 8.711931774554499963e-01 -6.742207709720574593e-01
-1.723432636178769073e+00 -6.697707431540850243e-01 -6.697707431540850243e-01 9.883736772010693894e-01
2.984282663103346778e+00 -4.937761715745613289e-01 -4.937761715745613289e-01 -1.566619826077394750e-01
1.405194388348047774e+00 -1.123460652675900784e+00 -1.123460652675900784e+00 -9.863193068548870013e-01
-8.194337710001651232e-01 4.197137258712075880e-01 4.197137258712075880e-01 7.307594191074098244e-01
5.738470434444082002e+00 -1.034166478030411174e+00 -1.034166478030411174e+00 5.181742493295429242e-01
-6.170262673512262097e+00 8.414507161831290549e-01 8.414507161831290549e-01 -1.126827974061735960e-01
2.337801133036117918e+00 1.083569507929843079e+00 1.083569507929843079e+00 -7.199925061628286160e-01
5.868870045010361025e+00 2.051695855028607962e-01 2.051695855028607962e-01 4.025632211493906376e-01
1.333847519607362919e+00 -1.126330606500077325e+00 -1.126330606500077325e+00 -9.720587288051864006e-01
1.552811832373509837e+00 4.345758363205376451e-01 4.345758363205376451e-01 -9.998382833391046276e-01
2.451116797600320751e+00 -1.029514891939447674e+00 -1.029514891939447674e+00 -6.369041121753149515e-01
2.211696733637475987e-01 -7.960071130169632525e-02 -7.960071130169632525e-02 -2.193709547889564626e-01
-1.781684575186411656e+00 8.275573973003893524e-01 8.275573973003893524e-01 9.778453647518277059e-01
2.654059329923104116e-01 -1.112761408785462924e+00 -1.112761408785462924e+00 -2.623010094465912379e-01
4.600852247850010457e+00 -9.156647304996303749e-01 -9.156647304996303749e-01 9.937862244998657557e-01
5.827647362020243804e+00 7.066565156851900564e-01 7.066565156851900564e-01 4.399454653675841098e-01
2.922855477453431661e+00 1.072246873200707329e+00 1.072246873200707329e+00 -2.169970628129458401e-01
-5.484751054274234150e+00 9.052076143206606584e-01 9.052076143206606584e-01 -7.162643455172709173e-01
-5.808865385939439463e+00 -7.156119304654531277e-01 -7.156119304654531277e-01 -4.567335523731677061e-01
1.898169864325762290e+00 1.033347420956870044e+00 1.033347420956870044e+00 -9.468901663598550122e-01
-1.237844763047680097e+00 5.335387334648564739e-01 5.335387334648564739e-01 9.450817904328792096e-01
-5.357642277352355542e+00 4.588695564184568365e-01 4.588695564184568365e-01 -7.989474595682763969e-01
1.872486410650667565e+00 5.293373872727911156e-01 5.293373872727911156e-01 -9.548356710297070116e-01
-1.172202114568881015e-01 2.606170450534168737e-01 2.606170450534168737e-01 1.169519502504885872e-01
-2.229588604663065965e+00 3.431594926925123357e-01 3.431594926925123357e-01 7.907321299704834772e-01
3.864774128152882682e+00 2.209785410026445795e-01 2.209785410026445795e-01 6.617731816695489044e-01
-6.044187006136474416e+00 -1.936038068045140559e-01 -1.936038068045140559e-01 -2.367295190981630326e-01
-4.734657987380783695e+00 4.614708082300262859e-01 4.614708082300262859e-01 -9.997520559104267068e-01
-5.243850804510681307e+00 -7.034441874671772954e-01 -7.034441874671772954e-01 -8.620671480643979923e-01
5.446003242649009479e+00 -1.096306803642505212e+00 -1.096306803642505212e+00 7.427592987743417696e-01
1.782475813604662562e+00 1.068500476378477559e+00 1.068500476378477559e+00 -9.776794298827680141e-01
-3.852610791762899112e+00 8.230066184295743437e-01 8.230066184295743437e-01 -6.526055502159594512e-01
6.525268989150099230e-01 -5.233414162789840063e-02 -5.233414162789840063e-02 -6.071960947594994273e-01
4.734776003208429174e+00 -1.025855913698243471e+00 -1.025855913698243471e+00 9.997494210702106976e-01
4.315525511176721452e+00 -5.941389511078761787e-01 -5.941389511078761787e-01 9.222778840069176809e-01
3.764652717206320887e+00 -1.122660315708760459e+00 -1.122660315708760459e+00 5.835229561025475631e-01
-1.561342388318736063e+00 -5.227988276517039345e-01 -5.227988276517039345e-01 9.999553118564867837e-01
-6.133377480758766431e+00 1.003312395506986698e+00 1.003312395506986698e+00 -1.492481140383059568e-01
2.523418077863707865e+00 1.020835991575408164e+00 1.020835991575408164e+00 -5.795485198167893426e-01
8.951554064398292709e-01 6.735529542639668854e-01 6.735529542639668854e-01 -7.803062814007828418e-01
5.528468371620864019e+00 -5.590548888322118826e-01 -5.590548888322118826e-01 6.850824934281977141e-01
-2.206383391519483261e+00 9.012547877463210622e-01 9.012547877463210622e-01 8.047233241674095483e-01
-4.374534551104744651e+00 4.268842867829283350e-01 4.268842867829283350e-01 -9.434680151474515997e-01
-3.389575121923671830e+00 -1.155132228514212933e-01 -1.155132228514212933e-01 -2.454486455676023748e-01
3.725200464301561709e+00 -5.911904943178246663e-01 -5.911904943178246663e-01 5.510381625358706792e-01
-7.913863856326024404e-01 -4.065077792788118760e-01 -4.065077792788118760e-01 7.113283904656950707e-01
-9.028311299928235556e-01 -4.282992667008768128e-01 -4.282992667008768128e-01 7.850836266046968825e-01
-4.023128165076825802e+00 -9.568615099475887842e-01 -9.568615099475887842e-01 -7.717163227932408720e-01
-3.004340777118835959e+00 1.718608919348607600e-03 1.718608919348607600e-03 1.368213552641879827e-01
8.978084061675417615e-01 7.490254912533809151e-01 7.490254912533809151e-01 -7.819627129538452293e-01
-3.877398865367055691e+00 1.007160514510389016e+00 1.007160514510389016e+00 -6.711850103299971115e-01
2.009290164338734641e+00 -4.541227341130288364e-01 -4.541227341130288364e-01 -9.053921707824423848e-01
5.070627336204818647e+00 -3.618698947749497963e-01 -3.618698947749497963e-01 9.365159529835703767e-01
-2.290484508848984468e+00 -6.393522082360727499e-01 -6.393522082360727499e-01 7.520113005623457747e-01
-5.167632680718645233e+00 6.218881482849096809e-01 6.218881482849096809e-01 -8.981539043931909827e-01
-6.062850694491306314e+00 -2.490320310326827880e-01 -2.490320310326827880e-01 -2.185561585266710960e-01
9.721809111050960794e-01 -1.150626471748443791e+00 -1.150626471748443791e+00 -8.261166186549410151e-01
-2.011543976053815186e+00 -7.628531644676089796e-01 -7.628531644676089796e-01 9.044329570554651143e-01
-1.817893535777193925e+00 9.182862918384488982e-01 9.182862918384488982e-01 9.696265005727803254e-01
-1.563561005335732723e+00 -1.013017266466334165e+00 -1.013017266466334165e+00 9.999738251758789609e-01
3.547987159890171327e+00 -5.120744022964481834e-01 -5.120744022964481834e-01 3.953000709251134892e-01
-4.724771651856716659e+00 -8.684669471262873586e-01 -8.684669471262873586e-01 -9.999233357031970248e-01
5.514486702461342205e+00 5.009189072549447008e-01 5.009189072549447008e-01 6.952003638353579928e-01
1.430968076080896267e-01 5.819827084574702436e-01 5.819827084574702436e-01 -1.426089490496828260e-01
2.245426990926846500e+00 -1.032971244027744762e+00 -1.032971244027744762e+00 -7.809376948723953937e-01
-5.140769622755397172e+00 2.391419400000656115e-01 2.391419400000656115e-01 -9.096396204953126619e-01
3.364746694372458435e+00 -2.669047955735310840e-01 -2.669047955735310840e-01 2.213065528620880296e-01
4.223015532062536437e+00 -2.470159378788316928e-02 -2.470159378788316928e-02 8.826275568433221697e-01
9.002720270319688467e-01 -1.101232248852453077e+00 -1.101232248852453077e+00 -7.834959753575201358e-01
-3.104115182573112808e+00 -2.046774072553685375e-01 -2.046774072553685375e-01 3.746869840146332953e-02
2.726415155378587585e-01 1.332726768166450082e-01 1.332726768166450082e-01 -2.692763189532292323e-01
-7.946182108082675555e-01 -9.928718260172102461e-01 -9.928718260172102461e-01 7.135961917592776871e-01
-6.446902283694289082e-02 6.088174718219008241e-02 6.088174718219008241e-02 6.442437383451440902e-02
-7.605898204944923080e-01 2.342998346226072837e-01 2.342998346226072837e-01 6.893488483862213467e-01
5.980402146011009279e+00 -1.614025998175216969e-02 -1.614025998175216969e-02 2.981779141012577128e-01
2.932741678979047251e+00 -1.095403397294525627e+00 -1.095403397294525627e+00 -2.073359801303365779e-01
3.873580306656998928e+00 3.482827452676062752e-01 3.482827452676062752e-01 6.683494648927658099e-01
1.761429337355581382e+00 1.062203768695130224e+00 1.062203768695130224e+00 -9.818844887045493630e-01
-3.990508736451102045e+00 -6.248619709049796356e-02 -6.248619709049796356e-02 -7.505645969065466439e-01
3.837625305189732217e+00 -6.836530863420865467e-01 -6.836530863420865467e-01 6.411782298305149785e-01
3.158977628887317479e+00 7.997101804904458433e-01 7.997101804904458433e-01 1.738409957923415725e-02
4.982773729810565655e-01 -9.341324236662029712e-01 -9.341324236662029712e-01 -4.779130805854016062e-01
6.878939714860301535e-01 9.193453602743713038e-01 9.193453602743713038e-01 -6.349115056897821630e-01
4.318959356042629594e+00 -7.340413037885924474e-01 -7.340413037885924474e-01 9.235997194361104112e-01
1.572570632732133156e+00 -9.592475032395095802e-01 -9.592475032395095802e-01 -9.999984259196335046e-01
-4.923587159797380153e+00 -8.448346077605916049e-01 -8.448346077605916049e-01 -9.777804403764580599e-01
5.680332740543656556e-01 9.876146874948152909e-01 9.876146874948152909e-01 -5.379752176588982193e-01
9.065225229114757255e-01 -9.180776234655358969e-01 -9.180776234655358969e-01 -7.873646835404064515e-01
-4.927472143649663572e+00 8.646386809721293698e-01 8.646386809721293698e-01 -9.769586481597243299e-01
2.603750087603199148e+00 1.036559094369126965e+00 1.036559094369126965e+00 -5.122843466777828869e-01
-3.369606912263098053e+00 -1.026312233537463037e+00 -1.026312233537463037e+00 -2.260436257301042806e-01
1.996784539822694882e+00 1.117236230042414347e+00 1.117236230042414347e+00 -9.106308274079729648e-01
3.183136229041672038e-02 3.699284852885758035e-01 3.699284852885758035e-01 -3.182598711769421551e-02
5.630460438328359629e+00 5.345509413427620427e-01 5.345509413427620427e-01 6.073533802713056984e-01
-2.104927811331464227e+00 -8.486893149453811347e-01 -8.486893149453811347e-01 8.607111095872095330e-01
5.343033938731299060e+00 -1.020888564290146627e+00 -1.020888564290146627e+00 8.076473664513909023e-01
1.006107544211037208e+00 -7.745203506172293473e-01 -7.745203506172293473e-01 -8.447551902456285067e-01
-4.379515257078178792e+00 -2.137043980220322270e-01 -2.137043980220322270e-01 -9.451072284658124101e-01
5.642015234453953809e+00 8.261729422827823743e-01 8.261729422827823743e-01 5.981335427167008278e-01
-9.719343556893171865e-01 7.781949316894909430e-02 7.781949316894909430e-02 8.259776597706678380e-01
3.721962671057926997e+00 6.401351398101069456e-01 6.401351398101069456e-01 5.483334050609409704e-01
-4.208249811088222714e+00 -5.378128287402116348e-01 -5.378128287402116348e-01 -8.755906264089613478e-01
-5.034995801223455025e+00 -8.830752027518040670e-02 -8.830752027518040670e-02 -9.484121750759090252e-01
-4.107124443069783304e+00 8.073038548316702201e-01 8.073038548316702201e-01 -8.223516100623161629e-01
5.602443581259354488e+00 -1.046000189750367237e+00 -1.046000189750367237e+00 6.293695968384067640e-01
-2.885672456043137935e+00 -5.360230775997361086e-01 -5.360230775997361086e-01 2.531357431032953964e-01
5.650706553150625311e+00 9.365058764572631311e-02 9.365058764572631311e-02 5.911458474159372312e-01
-5.557790317271515512e+00 -5.843883076948634958e-01 -5.843883076948634958e-01 -6.634310406433259200e-01
-1.148229661925657119e+00 -4.697610064064733360e-01 -4.697610064064733360e-01 9.120393494238325793e-01
5.633829213636481370e+00 -9.202977256576868603e-01 -9.202977256576868603e-01 6.046736768135112516e-01
9.361947647642168135e-01 -1.791857073059970329e-01 -1.791857073059970329e-01 -8.053079770077773425e-01
-4.920404525428380360e+00 -7.646760672246604162e-01 -7.646760672246604162e-01 -9.784426679617732603e-01
4.438108251754687927e+00 1.138489061625414633e+00 1.138489061625414633e+00 9.626202645928053636e-01
9.705268181063484434e-01 1.142397082312718082e+00 1.142397082312718082e+00 -8.251834088849188120e-01
1.254092260666727299e+00 6.221107021187273212e-01 6.221107021187273212e-01 -9.502670509344027794e-01
5.257556328592198014e+00 6.956458892985175613e-01 6.956458892985175613e-01 8.550405224686494776e-01
4.843806931376777314e+00 3.170773230311998425e-01 3.170773230311998425e-01 9.913770821056719917e-01
5.801573952011722213e+00 -1.174668885195415902e+00 -1.174668885195415902e+00 4.632078392789530930e-01
5.641539276059354791e+00 1.778394062464987435e-01 1.778394062464987435e-01 5.985149063190889906e-01
-1.021235065929371189e-01 -3.239728531717370741e-01 -3.239728531717370741e-01 1.019460878755124034e-01
-1.566521959568497380e+00 5.504491266556041928e-01 5.504491266556041928e-01 9.999908649063152799e-01
-1.347351494021300056e+00 -4.242748955838893110e-01 -4.242748955838893110e-01 9.751398958399541961e-01
3.261344248836559601e+00 -5.344860111868322550e-01 -5.344860111868322550e-01 1.194655852138419572e-01
4.522401517269962312e+00 1.193436171374180121e+00 1.193436171374180121e+00 9.820066027423967059e-01
-4.099404013563890281e+00 -3.502998811910755794e-01 -3.502998811910755794e-01 -8.179343784834648412e-01
4.996685365190449701e+00 4.799956350967038432e-02 4.799956350967038432e-02 9.598592417438625013e-01
7.173145132192981777e-01 -8.689240046517940907e-01 -8.689240046517940907e-01 -6.573633323642497084e-01
2.603081307404099931e+00 9.372720934385003755e-01 9.372720934385003755e-01 -5.128585911388767737e-01
-2.771997325173369831e-02 3.076642241573626091e-01 3.076642241573626091e-01 2.771642339778993686e-02
-3.498717219969587511e+00 1.028390598606948592e+00 1.028390598606948592e+00 -3.495816714700928363e-01
5.624626625774764577e+00 9.309342592625482471e-01 9.309342592625482471e-01 6.119775850302149323e-01
-1.156328912171059820e+00 -6.134435726603362227e-01 -6.134435726603362227e-01 9.153309237601399140e-01
4.532135227840710101e+00 1.163164956327108479e+00 1.163164956327108479e+00 9.837982319038830470e-01
-2.471919312224812870e-02 -9.479437120618827706e-02 -9.479437120618827706e-02 2.471667580267505535e-02
2.681882558523307480e+00 -4.647403468565627360e-01 -4.647403468565627360e-01 -4.436883182736576225e-01
-5.909034229565266472e+00 -7.615582619373697515e-01 -7.615582619373697515e-01 -3.654824684499794474e-01
2.270605370706139325e+00 -4.687232265618788141e-01 -4.687232265618788141e-01 -7.649651906289141046e-01
-2.552503873080231855e-01 8.488678981520931810e-01 8.488678981520931810e-01 2.524876913324146099e-01
5.056982184257819313e+00 -7.681677315381878479e-01 -7.681677315381878479e-01 9.412129518351081137e-01
1.370504654920843279e-01 -1.022848601830871118e+00 -1.022848601830871118e+00 -1.366218356330442807e-01
4.385990279208602516e-01 -5.437646782571043946e-01 -5.437646782571043946e-01 -4.246715156614344622e-01
-5.353494462032679202e+00 2.936024125761960146e-01 2.936024125761960146e-01 -8.014350793016501440e-01
4.492392480919024322e+00 -5.623378735361459491e-01 -5.623378735361459491e-01 9.758982132449146585e-01
-1.592312062546765716e+00 -1.889048555058567835e-01 -1.889048555058567835e-01 9.997685454866109822e-01
5.085202895768228259e+00 3.289225773476676107e-01 3.289225773476676107e-01 9.313061005845914009e-01
-1.881371526840227126e+00 -1.003170682970589089e+00 -1.003170682970589089e+00 9.521579426116772993e-01
-3.955777429356101660e+00 -4.905785514765906852e-01 -4.905785514765906852e-01 -7.271662203062493335e-01
-1.160860239885901812e+00 1.948036508135091438e-01 1.948036508135091438e-01 9.171462972976770489e-01
3.303469998937282881e+00 -5.349786942567025250e-02 -5.349786942567025250e-02 1.611712913204340070e-01
4.507819129213739728e+00 5.694004259710716553e-01 5.694004259710716553e-01 9.791484581154168421e-01
3.016491041227983061e+00 -1.082644625450933873e+00 -1.082644625450933873e+00 -1.247755522897661118e-01
7.773842081293915740e-01 1.510259079881501876e-01 1.510259079881501876e-01 -7.014174134210394707e-01
-4.763518266148031977e+00 -9.629941746541590408e-01 -9.629941746541590408e-01 -9.986931827964294905e-01
3.510829338582817982e+00 -6.663806006054628917e-02 -6.663806006054628917e-02 3.609036672321810912e-01
2.104295716802432992e+00 -9.952296458643128396e-01 -9.952296458643128396e-01 -8.610327329566326293e-01
-3.440507759588546932e-01 -2.264090664896639682e-01 -2.264090664896639682e-01 3.373032335757563671e-01
-3.735164569647316579e+00 -6.315502010818307976e-01 -6.315502010818307976e-01 -5.593255177702229908e-01
-1.208755900685529738e+00 -7.774219003417408569e-01 -7.774219003417408569e-01 9.351760864064034839e-01
-8.567491192454728122e-01 -2.935212873973691572e-02 -2.935212873973691572e-02 7.557175657002588309e-01
-2.176435456638343702e+00 1.089091206526124234e+00 1.089091206526124234e+00 8.221384168496866929e-01
-3.419089600175763355e+00 -1.185229720793775643e+00 -1.185229720793775643e+00 -2.739492122582986577e-01
-1.662893556642339732e-01 -3.383542552332930997e-01 -3.383542552332930997e-01 1.655240382022157286e-01
3.066707146429319408e-01 1.002579227629209813e+00 1.002579227629209813e+00 -3.018863614364803993e-01
1.076729120294419140e+00 5.760482500245884818e-01 5.760482500245884818e-01 -8.804114333763261024e-01
-8.024049002780104800e-01 8.032861320620587886e-01 8.032861320620587886e-01 7.190295250137180849e-01
3.762701983951314944e+00 -3.949092297088196979e-01 -3.949092297088196979e-01 5.819376629197690054e-01
4.163582050472568241e+00 -3.879061810432427038e-02 -3.879061810432427038e-02 8.531475176611673650e-01
5.035939049617503827e-01 8.181625757599775284e-02 8.181625757599775284e-02 -4.825763839748093975e-01
-3.383546285669027043e+00 3.027522612935944490e-01 3.027522612935944490e-01 -2.395998086303881558e-01
1.439639185874156624e+00 2.622325152154747485e-01 2.622325152154747485e-01 -9.914112249388392639e-01
-6.015146638858256622e+00 -1.068701297130099537e+00 -1.068701297130099537e+00 -2.648406504767242264e-01
6.042660346690873041e+00 -5.728283152658831812e-01 -5.728283152658831812e-01 2.382125077082362929e-01
6.167534717833719426e+00 2.449972283091785830e-01 2.449972283091785830e-01 1.153929561267726805e-01
-2.458716845812052743e+00 -8.239316495755744096e-01 -8.239316495755744096e-01 6.310265704661850439e-01
5.939926850929895252e+00 -5.522261312948766321e-01 -5.522261312948766321e-01 3.365572411323623503e-01
1.728593160179912047e+00 1.177602751367955003e+00 1.177602751367955003e+00 -9.875758916740619009e-01
-3.851404556859837403e+00 1.701768131349012947e-02 1.701768131349012947e-02 -6.516911141023176146e-01
-1.455843400574518220e+00 -5.858032301128536234e-01 -5.858032301128536234e-01 9.934001847738835878e-01
-8.727782736898683780e-01 -5.794605533354622029e-01 -5.794605533354622029e-01 7.661174895005224972e-01
1.383637833415541252e+00 -9.818016480301557936e-01 -9.818016480301557936e-01 -9.825369137686272847e-01
-4.247380062845948601e+00 9.011812541011987587e-01 9.011812541011987587e-01 -8.938175667434767879e-01
1.944720602536866849e+00 2.110606003364428052e-01 2.110606003364428052e-01 -9.309010916973124994e-01
-5.376302760328115937e+00 1.132027209043571458e+00 1.132027209043571458e+00 -7.875865827713997014e-01
4.747784195899180659e-01 6.801142354643714416e-01 6.801142354643714416e-01 -4.571413861074541951e-01
-4.589834106344162556e+00 -4.670241205361012060e-01 -4.670241205361012060e-01 -9.924995463573315080e-01
-2.509739633962364103e+00 -1.056334712923105990e+00 -1.056334712923105990e+00 5.906410364502954202e-01
-2.908754666260788824e-01 1.818668072007811887e-01 1.818668072007811887e-01 2.867910259474647505e-01
4.081820167137054867e+00 1.145178902573837254e+00 1.145178902573837254e+00 8.076922642690855803e-01
-5.465519061711639814e+00 1.147190822318566061e+00 1.147190822318566061e+00 -7.295517032786090761e-01
-4.426792928747666167e+00 -1.079409064106167104e-01 -1.079409064106167104e-01 -9.594938978351010839e-01
-4.613843420771607029e+00 4.007302905335810017e-01 4.007302905335810017e-01 -9.951483145658200913e-01
9.760367832583440872e-01 -6.787888634380845332e-02 -6.787888634380845332e-02 -8.282832528496417712e-01
3.897389752413394248e+00 1.175566216477762049e+00 1.175566216477762049e+00 6.858689552815839807e-01
4.256364147947357068e+00 -3.050576809419217605e-01 -3.050576809419217605e-01 8.978101813097845163e-01
5.350868644191580259e+00 7.605157448784094498e-03 7.605157448784094498e-03 8.030027683876166389e-01
-4.156030958662822350e+00 7.633972696431863270e-01 7.633972696431863270e-01 -8.491840563390691266e-01
4.298410610401438348e+00 2.786807807703040041e-02 2.786807807703040041e-02 9.155277537921384656e-01
-4.734799427920018289e+00 -1.586547586377551333e-01 -1.586547586377551333e-01 -9.997488964301707304e-01
-6.203716367759573025e+00 -1.089274161322626000e+00 -1.089274161322626000e+00 -7.938532063279020445e-02
5.889532756850304196e+00 5.507314810705858932e-01 5.507314810705858932e-01 3.835641484350782449e-01
1.841437884237819844e-01 1.135311642461884540e+00 1.135311642461884540e+00 -1.831048648089586839e-01
-4.071334628081671347e+00 -1.855443355649379900e-01 -1.855443355649379900e-01 -8.014656577836460905e-01
-1.301062615113120380e+00 4.852423361491819964e-01 4.852423361491819964e-01 9.638418896605035480e-01
4.139588043216493318e+00 9.091244840272645344e-01 9.091244840272645344e-01 8.403861992168946138e-01
6.063422958487700853e+00 5.399610078175820504e-02 5.399610078175820504e-02 2.179976936150314903e-01
-2.394006977949012516e+00 -6.397062516155626044e-01 -6.397062516155626044e-01 6.798702408577309564e-01
4.196877410107987316e+00 -4.797882987404370470e-01 -4.797882987404370470e-01 8.700406422404433071e-01
-6.082484314533207481e+00 -7.294897730636664690e-01 -7.294897730636664690e-01 -1.993563013906961279e-01
2.983909501039782697e+00 5.173291426327237819e-01 5.173291426327237819e-01 -1.570305260539262560e-01
-6.866636299331503324e-01 -7.834836301999515973e-01 -7.834836301999515973e-01 6.339604821165126802e-01
-3.497023519429542482e+00 -5.188347175888641249e-01 -5.188347175888641249e-01 -3.479943328008064385e-01
6.027035701474343199e+00 -3.405532825470408698e-01 -3.405532825470408698e-01 2.533576729519260717e-01
4.194420398600719579e+00 4.776097501257197120e-01 4.776097501257197120e-01 8.688267597499085282e-01
1.745005218762402777e+00 -2.101548631859342375e-01 -2.101548631859342375e-01 -9.848639690902579735e-01
4.411332968747210259e-01 4.457486164076804869e-01 4.457486164076804869e-01 -4.269645435486771889e-01
-2.291206072002607286e-01 4.439764096924847525e-01 4.439764096924847525e-01 2.271212002773147220e-01
-2.228507426536372016e+00 5.242634194799580261e-01 5.242634194799580261e-01 7.913935241837859458e-01
-5.341353585750336919e+00 7.625945384480956601e-01 7.625945384480956601e-01 -8.086370724046979541e-01
-2.092848830212505895e+00 2.925106020614789415e-01 2.925106020614789415e-01 8.667975042518654138e-01
4.340972920893266362e+00 -8.488521415014094185e-01 -8.488521415014094185e-01 9.318143420498370411e-01
1.223134412817564964e+00 -1.378568271038511650e-01 -1.378568271038511650e-01 -9.401718690797478128e-01
-1.734383853088540484e+00 6.607199246018831129e-01 6.607199246018831129e-01 9.866493733753608497e-01
3.813843207925481593e+00 3.640197779928264765e-01 3.640197779928264765e-01 6.227484461512386993e-01
4.096924175794846690e+00 -6.972631190179789940e-02 -6.972631190179789940e-02 8.165051857119550727e-01
-2.680569757546042986e+00 5.956209010990096697e-01 5.956209010990096697e-01 4.448644431053406789e-01
-4.781731246835168925e+00 -8.704095525491131191e-01 -8.704095525491131191e-01 -9.975967882302373413e-01
1.265970373532173454e+00 -1.104457271700381105e+00 -1.104457271700381105e+00 -9.538992031677416827e-01
-4.659776305099822657e+00 -2.986441940675813589e-01 -2.986441940675813589e-01 -9.986162724344851416e-01
-4.034132823301757043e+00 -1.014702066691297366e+00 -1.014702066691297366e+00 -7.786680521620148454e-01
-9.265038443415782865e-01 1.110418909218249039e+00 1.110418909218249039e+00 7.995249253446463644e-01
2.699457390403901869e+00 2.026816426954685113e-01 2.026816426954685113e-01 -4.278703755138850706e-01
-6.866788429290160423e-02 3.452706161982785904e-01 3.452706161982785904e-01 6.861393231656894021e-02
1.569927287674165228e+00 1.051209712870101454e+00 1.051209712870101454e+00 -9.999996223855270872e-01
-4.754641696778673321e+00 -9.729568547063629502e-01 -9.729568547063629502e-01 -9.991074867735818543e-01
4.868995373149189732e+00 2.647858869805754800e-01 2.647858869805754800e-01 9.877622610259401137e-01
2.476562192906673232e+00 3.514029083485437077e-02 3.514029083485437077e-02 -6.170831024646463714e-01
2.344875764169117360e+00 9.329925027944947491e-01 9.329925027944947491e-01 -7.150648637197067892e-01
3.507126184802933366e-01 1.143832815662000568e+00 1.143832815662000568e+00 -3.435671346877993693e-01
5.179296783383721348e+00 1.132993275467251371e+00 1.132993275467251371e+00 8.929644371340799136e-01
3.304875565486078415e+00 -4.993324907870719809e-01 -4.993324907870719809e-01 1.625583224595111564e-01
-5.242394220185763842e+00 2.175992868895118004e-01 2.175992868895118004e-01 -8.628044216087724649e-01
3.699832526177255332e+00 -2.061928036214630833e-01 -2.061928036214630833e-01 5.296940989244921516e-01
-2.249650887876892824e-01 -9.185108473932731554e-01 -9.185108473932731554e-01 2.230723307517610277e-01
6.133032042102835035e-01 7.970584211987352674e-02 7.970584211987352674e-02 -5.755717946395265683e-01
1.054568237923967366e+00 -7.010105970733253589e-01 -7.010105970733253589e-01 -8.696871895948160569e-01
7.936069556251403867e-01 4.457980077390710782e-02 4.457980077390710782e-02 -7.128873848444423622e-01
3.320146258920091853e+00 -2.631366805596911940e-01 -2.631366805596911940e-01 1.776063603788796408e-01
-2.653327273961559651e+00 -1.240980842510184257e-01 -1.240980842510184257e-01 4.690946683526790451e-01
5.935379480918872019e-01 -1.103140570404020027e+00 -1.103140570404020027e+00 -5.592973597667124652e-01
1.873424449810778825e-01 6.406858447343568574e-01 6.406858447343568574e-01 -1.862485008478752257e-01
3.597827128369480931e+00 9.957175749982638546e-01 9.957175749982638546e-01 4.405708592546577207e-01
-5.893091636212575146e+00 -6.425717952243517050e-01 -6.425717952243517050e-01 -3.802750505811349768e-01
-3.139809345643925109e+00 3.564597677564942391e-01 3.564597677564942391e-01 1.783307000659420253e-03
-6.204893611256669494e+00 -9.091828632652999564e-01 -9.091828632652999564e-01 -7.821173777087647716e-02
5.136859108101647919e+00 -7.909140704555501777e-01 -7.909140704555501777e-01 9.112570824040520101e-01
3.537824442375690381e+00 -1.014586632367604269e+00 -1.014586632367604269e+00 3.859448334027453797e-01
-1.540933710522018885e-01 -8.033734831495208395e-01 -8.033734831495208395e-01 1.534842761109330156e-01
-6.181683108555517947e-01 -6.442869412921774508e-01 -6.442869412921774508e-01 5.795434143260085325e-01
-5.308135105615425786e-01 1.179576717941292818e+00 1.179576717941292818e+00 5.062350765110342765e-01
8.465833757662837300e-01 -1.192689642084640456e+00 -1.192689642084640456e+00 -7.490211101528143622e-01
-2.629571859513013088e+00 1.065480439491155673e+00 1.065480439491155673e+00 4.899398858520795930e-01
-5.564314562177133716e+00 8.955631466129720941e-02 8.955631466129720941e-02 -6.585352713459178275e-01
1.222288235974092530e+00 4.762272294023333075e-01 4.762272294023333075e-01 -9.398832396196622474e-01
4.970014231072740429e+00 -9.275107378261371327e-01 -9.275107378261371327e-01 9.669977544793089130e-01
5.542994837235967864e+00 4.378074759951082751e-01 4.378074759951082751e-01 6.744285554608620004e-01
-3.924569045595513561e+00 3.015347647152237798e-01 3.015347647152237798e-01 -7.053922583055114437e-01
3.603184530304240241e+00 2.582011839456321844e-01 2.582011839456321844e-01 4.453739489708192778e-01
4.884580692061529561e+00 -1.143765953889907205e+00 -1.143765953889907205e+00 9.852116010998747120e-01
2.429638526598292714e+00 7.001306590640061778e-01 7.001306590640061778e-01 -6.533144609397473213e-01
-1.417412669055389429e+00 -3.782294861200351521e-01 -3.782294861200351521e-01 9.882597711236914551e-01
-5.431082843177017061e+00 6.021747067787550645e-01 6.021747067787550645e-01 -7.526663344621529195e-01
-6.013386722047136423e+00 -1.369332594780321433e-01 -1.369332594780321433e-01 -2.665373134923299525e-01
-4.175425353320370903e+00 2.510654027985008696e-01 2.510654027985008696e-01 -8.592658337298043625e-01
-1.138065911916545936e+00 4.780652039096626726e-01 4.780652039096626726e-01 9.078241326049623083e-01
-3.056079495790754219e+00 -1.083108828189880191e+00 -1.083108828189880191e+00 8.540897673423591963e-02
-3.893941317659244117e+00 5.369198485031803081e-01 5.369198485031803081e-01 -6.833553697649371594e-01
1.586347642674661884e+00 -3.126248231982651227e-01 -3.126248231982651227e-01 -9.998790807241942913e-01
-1.462976740753285654e+00 2.782137715875547812e-01 2.782137715875547812e-01 9.941930971719036281e-01
4.959334402687938237e+00 -1.044906484546060943e+00 -1.044906484546060943e+00 9.696636149630101231e-01
2.069316374133896019e+00 3.372839058829835146e-01 3.372839058829835146e-01 -8.782911276662112021e-01
1.979010299973424480e+00 -1.160391468754035094e+00 -1.160391468754035094e+00 -9.178312866314688456e-01
2.770283060543439646e+00 8.739428156313751028e-01 8.739428156313751028e-01 -3.628360909333658291e-01
3.234287136929678397e+00 -2.394112847148959222e-01 -2.394112847148959222e-01 9.256179772744646539e-02
-1.060069818800778663e+00 1.068094541647923057e+00 1.068094541647923057e+00 8.723896126812278329e-01
-2.859207975022050263e+00 -9.074073813516276843e-01 -9.074073813516276843e-01 2.786466689237944716e-01
-2.020359388813331769e+00 -3.326346060331584198e-01 -3.326346060331584198e-01 9.006370693548166884e-01
3.903911530832351318e+00 2.578227036789271231e-01 2.578227036789271231e-01 6.906003971036129840e-01
-2.046058591467462939e+00 4.482599209777686777e-01 4.482599209777686777e-01 8.891727473224387834e-01
1.851525391157693434e-01 -1.103525177907136667e+00 -1.103525177907136667e+00 -1.840964676139378309e-01
3.791451069094929238e+00 3.984073897070197212e-01 3.984073897070197212e-01 6.050736865480946802e-01
-4.712482414030313649e+00 -1.483042516401626987e-01 -1.483042516401626987e-01 -9.999999956350769104e-01
1.729261328019678245e+00 2.034296010395193477e-01 2.034296010395193477e-01 -9.874706734688943888e-01
