5.094410678353805011e+00 7.183321295702709275e-01 7.183321295702709275e-01 9.279128490801206164e-01
6.923159548404012043e-02 8.601771571413079354e-01 8.601771571413079354e-01 -6.917630407075077426e-02
-5.371253289830724142e+00 7.755996468773489472e-01 7.755996468773489472e-01 -7.906880329017617060e-01
-3.472861278190238821e+00 -3.390368996288259940e-01 -3.390368996288259940e-01 -3.252429399042565117e-01
-4.627127701517271596e+00 5.565434002615183839e-01 5.565434002615183839e-01 -9.963674585220431146e-01
-2.732351172355178548e-01 6.871664219850852628e-01 6.871664219850852628e-01 2.698479472858947847e-01
-2.216570101432226991e-01 1.045867210023585292e+00 1.045867210023585292e+00 2.198463947185884948e-01
3.651957272922516040e+00 4.259318435777288414e-01 4.259318435777288414e-01 4.884954339449589233e-01
6.469520296427049288e-01 1.051549079099651562e+00 1.051549079099651562e+00 -6.027571585471371840e-01
2.180141443926414624e+00 4.751953068560825777e-01 4.751953068560825777e-01 -8.200230031423336730e-01
5.166307207478276098e+00 -4.278464052319826960e-01 -4.278464052319826960e-01 8.987359009231776774e-01
-6.584177890268136935e-01 7.205197328013104308e-01 7.205197328013104308e-01 6.118661506819218499e-01
5.956060761387625746e+00 -6.798592892347464778e-01 -6.798592892347464778e-01 3.213213910745278956e-01
-4.568070330490005659e+00 -1.095872799376741202e+00 -1.095872799376741202e+00 -9.896041261138823764e-01
1.313528028019919525e+00 1.112876762609490422e+00 1.112876762609490422e+00 -9.670886388283000956e-01
3.907721216996906222e+00 -5.322578442770109497e-01 -5.322578442770109497e-01 6.933506830950372235e-01
1.860532121711436560e+00 9.784160991871961865e-01 9.784160991871961865e-01 -9.583193920985337844e-01
4.297349221325296398e+00 -8.588827683543036606e-01 -8.588827683543036606e-01 9.151002893189468246e-01
-2.622067984820838582e+00 2.710327589473500165e-01 2.710327589473500165e-01 4.964675801677759237e-01
2.067783627485276554e+00 6.372954483191572983e-02 6.372954483191572983e-02 -8.790229420712528663e-01
1.917813382993262650e+00 -3.290455966863132797e-01 -3.290455966863132797e-01 -9.403913769754863594e-01
-5.034083425893093988e+00 1.252268349936480618e-02 1.252268349936480618e-02 -9.487010397455598598e-01
4.263623912780131420e+00 3.677046367490666157e-03 3.677046367490666157e-03 9.009835686281689737e-01
5.641745059058047573e+00 -3.382990484483506810e-01 -3.382990484483506810e-01 5.983500384860788168e-01
6.877786530841056845e-02 -6.744296737595131264e-01 -6.744296737595131264e-01 -6.872365372320748955e-02
5.223613020392178896e+00 -9.857153926007601319e-01 -9.857153926007601319e-01 8.721463055089415661e-01
4.334625418112333151e+00 1.164619822834680685e+00 1.164619822834680685e+00 9.294918529882566505e-01
1.196632440284000509e+00 -3.557454037993812435e-02 -3.557454037993812435e-02 -9.308135420265911675e-01
-3.354300144663282524e-01 1.065290046516153444e+00 1.065290046516153444e+00 3.291752495599244432e-01
4.801683903942118192e+00 7.595564561074314991e-01 7.595564561074314991e-01 9.960158566941055280e-01
4.372833049188463050e+00 -7.447700600853959241e-01 -7.447700600853959241e-01 9.429026637833171076e-01
3.791768454371151620e+00 -1.082772847527585292e+00 -1.082772847527585292e+00 6.053263485372106789e-01
6.582745152345168549e-01 9.269793855376418090e-01 9.269793855376418090e-01 -6.117528203740743020e-01
7.102651639177688381e-01 -1.111573557233150433e+00 -1.111573557233150433e+00 -6.520348383094679567e-01
1.432193396061317792e+00 -8.853993768632569816e-01 -8.853993768632569816e-01 -9.904099811931408315e-01
-1.550778084207689034e+00 -8.757534827002102507e-01 -8.757534827002102507e-01 9.997996416727938929e-01
4.882071663038924925e-01 8.232279903244912322e-01 8.232279903244912322e-01 -4.690432565834293799e-01
-2.341376815284522017e+00 2.609630881520395018e-01 2.609630881520395018e-01 7.175064501843340103e-01
-3.924154660056927479e+00 1.144689817718103741e+00 1.144689817718103741e+00 -7.050984741712474912e-01
-1.002751078440566879e+00 -6.008352443350739591e-02 -6.008352443350739591e-02 8.429542126517863831e-01
1.485329257778812639e+00 9.304504221840728118e-01 9.304504221840728118e-01 -9.963499127436294955e-01
3.172248885313184275e+00 1.040027568650571554e+00 1.040027568650571554e+00 3.065143013804758065e-02
4.033249308930852095e+00 6.273465563224369657e-01 6.273465563224369657e-01 7.781133995062657904e-01
-1.252509851618516024e+00 -6.282428706548062181e-01 -6.282428706548062181e-01 9.497730418722964973e-01
-8.099827154242156269e-02 1.017695863059821404e+00 1.017695863059821404e+00 8.090973276140432657e-02
-5.298235594742395804e+00 -1.417002580996684635e-02 -1.417002580996684635e-02 -8.332442872334895334e-01
-4.084346003770194855e+00 -2.339240398560837875e-02 -2.339240398560837875e-02 -8.091789302967664632e-01
1.211807927742240665e+00 -8.213240322072226096e-01 -8.213240322072226096e-01 -9.362527056966231109e-01
3.323693143376081238e+00 5.685430917755902591e-01 5.685430917755902591e-01 1.810957305899775494e-01
1.303466237085337376e+00 8.078810829890643586e-01 8.078810829890643586e-01 -9.644796094471193015e-01
-4.159106628791873206e+00 4.963410693684622288e-02 4.963410693684622288e-02 -8.508042894078978735e-01
-6.047154159006362661e-01 -2.043366986898670357e-01 -2.043366986898670357e-01 5.685279822118974868e-01
3.693788194688327309e+00 -2.488179572629870551e-01 -2.488179572629870551e-01 5.245577202721429799e-01
5.920962233123232110e+00 2.456584734581870322e-01 2.456584734581870322e-01 3.543539290299849154e-01
-1.831284853503198917e-01 -9.918444232406287142e-04 -9.918444232406287142e-04 1.821066328667172995e-01
-3.489064390194654752e+00 8.211665987622194240e-01 8.211665987622194240e-01 -3.405217324206977203e-01
-2.861911999186619759e+00 1.844791105685705812e-01 1.844791105685705812e-01 2.760487256552026092e-01
3.664535616732033318e+00 6.498835249761136801e-02 6.498835249761136801e-02 4.994319422711558931e-01
-1.983000775703612106e+00 -2.473394465243875517e-01 -2.473394465243875517e-01 9.162398812132488413e-01
-4.721465914731046709e-01 -8.007934250907031704e-01 -8.007934250907031704e-01 4.547990733776660632e-01
-4.104867508095376927e+00 1.074322154727387568e+00 1.074322154727387568e+00 -8.210653666777366633e-01
-4.816221523181841491e+00 -4.953714994924822701e-01 -4.953714994924822701e-01 -9.946142428799770174e-01
-3.396894509411930940e+00 8.730206470900065963e-01 8.730206470900065963e-01 -2.525374919377003646e-01
1.171385038732983830e+00 -1.026381213006384074e+00 -1.026381213006384074e+00 -9.212900896052105271e-01
-3.173580983947884349e+00 -4.132104302084295133e-01 -4.132104302084295133e-01 -3.198287527653979195e-02
5.720652241024296814e+00 -1.100826984360850913e+00 -1.100826984360850913e+00 5.333306447153212115e-01
3.183304740926468313e+00 -7.934878915147058898e-02 -7.934878915147058898e-02 4.169999259108335410e-02
-5.983605494630579891e+00 1.886632921728197410e-01 1.886632921728197410e-01 -2.951187601807920280e-01
-2.688641978041153013e+00 3.901193774186977326e-01 3.901193774186977326e-01 4.376205639942363224e-01
-5.156543403909949141e+00 -6.826590692872646082e-01 -6.826590692872646082e-01 -9.029743277266047974e-01
6.028003893564685356e+00 2.759336708538224769e-01 2.759336708538224769e-01 2.524209517790814705e-01
5.095704067169073426e-01 9.874195225976045709e-01 9.874195225976045709e-01 -4.878022766694493084e-01
5.797969736832753185e+00 1.183900939014826514e+00 1.183900939014826514e+00 4.663990583003246315e-01
-4.836050283057190313e+00 5.410917581250809238e-01 5.410917581250809238e-01 -9.923636798480542920e-01
-2.538748460851092403e-01 -1.011005141827676646e-01 -1.011005141827676646e-01 2.511564790509520639e-01
-5.416303346745701575e+00 -2.358541032238059554e-01 -2.358541032238059554e-01 -7.623146301306167327e-01
-5.365419852780091148e-01 -4.011673256751580041e-01 -4.011673256751580041e-01 5.111669543353475342e-01
4.541394447355340702e+00 4.516975482812810583e-01 4.516975482812810583e-01 9.854160220842590467e-01
1.003836524320183443e+00 6.708576385909392759e-01 6.708576385909392759e-01 -8.435376698955372454e-01
-5.590968891708528510e+00 -6.795141390038740292e-01 -6.795141390038740292e-01 -6.382450189289968767e-01
-5.206312615089752960e+00 7.672246421497412872e-01 7.672246421497412872e-01 -8.804795075716843611e-01
-4.500935345591258852e+00 5.245494784552067191e-01 5.245494784552067191e-01 -9.777268569514733221e-01
2.639358718690216321e+00 -6.989903981698605273e-01 -6.989903981698605273e-01 -4.813848030081470664e-01
3.384914751616209472e+00 9.269557272193889030e-01 9.269557272193889030e-01 2.409281887791519250e-01
4.575824631124030262e-01 -1.176604588352463399e+00 -1.176604588352463399e+00 -4.417805717863145243e-01
6.230762102915363698e+00 1.048954130459810008e+00 1.048954130459810008e+00 5.239919605530628244e-02
5.990776972148319501e+00 6.404568160656112230e-01 6.404568160656112230e-01 2.882591658957038283e-01
-1.831078260292849258e+00 4.186960714606153822e-01 4.186960714606153822e-01 9.663174601087459736e-01
1.924478396824781612e+00 2.275324777420113520e-01 2.275324777420113520e-01 -9.381037741289516285e-01
1.551904088658794478e+00 1.011751640124314955e+00 1.011751640124314955e+00 -9.998215469769372588e-01
-5.072218161319939966e+00 7.250964244308846229e-01 7.250964244308846229e-01 -9.359569851783675620e-01
1.641875058592734860e+00 -5.355801630218427478e-01 -5.355801630218427478e-01 -9.974749702882730329e-01
-6.831537126436160179e-02 -6.091558019303460192e-01 -6.091558019303460192e-01 6.826224580414498588e-02
-2.768478299604181014e+00 7.849477910999707042e-01 7.849477910999707042e-01 3.645172709669687316e-01
-6.122576854280588954e+00 -1.299434212448331571e-01 -1.299434212448331571e-01 -1.599188583887333204e-01
9.642424357895000853e-01 8.549851758803177493e-01 8.549851758803177493e-01 -8.216173107163060596e-01
-4.916767528924452790e+00 8.912207682082466942e-01 8.912207682082466942e-01 -9.791873025625326132e-01
2.030412144515185702e-01 -4.598452538981607773e-01 -4.598452538981607773e-01 -2.016490000963122864e-01
-3.857648575277393910e+00 8.487838512015690728e-01 8.487838512015690728e-01 -6.564143703814899755e-01
-3.923651752380004964e+00 1.021564339618299622e+00 1.021564339618299622e+00 -7.047417684596584131e-01
-5.122438154981808545e+00 -3.746280019291204910e-01 -3.746280019291204910e-01 -9.171012202546379166e-01
-1.330714034175978000e+00 -1.190320228517156353e+00 -1.190320228517156353e+00 9.713184103914123124e-01
4.624270135757582167e-01 -2.677742065639994173e-01 -2.677742065639994173e-01 -4.461215288924121891e-01
