-4.599974406234419888e+00 8.302440609126462423e-01 8.302440609126462423e-01 -9.936881329025271103e-01
4.879728638186019651e+00 -1.122406573968002919e+00 -1.122406573968002919e+00 9.860313616242334378e-01
4.238816132195079689e+00 5.182328908649598276e-01 5.182328908649598276e-01 8.899445071556713049e-01
1.442155159760332594e+00 -6.579534700029691097e-01 -6.579534700029691097e-01 -9.917371293838179724e-01
5.118847976159743851e-01 -6.457925235670769482e-02 -6.457925235670769482e-02 -4.898213255610222583e-01
4.761329928650042120e-01 1.018662409695098470e+00 1.018662409695098470e+00 -4.583457157354528522e-01
-5.858664328418847766e+00 -9.720468247725162492e-01 -9.720468247725162492e-01 -4.118843275513995872e-01
-3.897035883456271055e+00 3.019130021466427394e-01 3.019130021466427394e-01 -6.856113930323219918e-01
-5.261068413974268054e-02 -1.681048667234734673e-01 -1.681048667234734673e-01 5.258641745246075277e-02
-4.131893692162083909e+00 3.358612658681701113e-01 3.358612658681701113e-01 -8.361911175281838693e-01
-4.225664437147552022e+00 7.017049972404636460e-01 7.017049972404636460e-01 -8.838696375005002936e-01
-1.756739947980756611e+00 4.636319101182260205e-01 4.636319101182260205e-01 9.827622371964093162e-01
-8.667856969407061740e-02 3.321133442914758760e-02 3.321133442914758760e-02 8.657007192444425570e-02
3.665727402862026807e+00 1.144381138345260895e+00 1.144381138345260895e+00 5.004640949782206416e-01
-4.724199789158026519e+00 6.912978078939644444e-01 6.912978078939644444e-01 -9.999302532088440998e-01
3.370180457084016368e+00 9.666323508145306942e-01 9.666323508145306942e-01 2.266022883837664759e-01
1.970479822104680423e-01 3.034126567824189102e-01 3.034126567824189102e-01 -1.957752953821201014e-01
-2.820498410157485480e+00 -1.063152952519506478e+00 -1.063152952519506478e+00 3.156050667047285985e-01
-3.639270263859157861e+00 7.973323992279253147e-01 7.973323992279253147e-01 -4.773861588179370563e-01
-2.491248141624553991e+00 3.917757160343979805e-01 3.917757160343979805e-01 6.054606302102163440e-01
3.714551890265191503e+00 7.103738668036843062e-01 7.103738668036843062e-01 5.421210665412700136e-01
-1.295507715831813123e+00 -3.439111777841026285e-01 -3.439111777841026285e-01 9.623467861231057574e-01
3.501709901922678725e+00 -1.439951512605457395e-01 -1.439951512605457395e-01 3.523839631957804697e-01
-3.558197088343876935e+00 -3.806647432930674313e-01 -3.806647432930674313e-01 -4.046576552364875567e-01
3.701151686208911329e+00 -3.307520609439890125e-01 -3.307520609439890125e-01 5.308125344205795182e-01
1.280439927584169801e+00 -1.102218950066996772e+00 -1.102218950066996772e+00 -9.581419015092634828e-01
1.847926754888797873e-01 -1.874590836486400569e-02 -1.874590836486400569e-02 -1.837427427985482975e-01
6.668448737189063280e-01 -8.935448644664985007e-01 -8.935448644664985007e-01 -6.185098439021136096e-01
-1.983621426638221052e+00 8.758392239152656966e-01 8.758392239152656966e-01 9.159910533095846352e-01
2.532431606530193946e+00 -8.718952936119002128e-01 -8.718952936119002128e-01 -5.721796124623939050e-01
4.164041855981727380e+00 -4.279311600153664630e-01 -4.279311600153664630e-01 8.533872940844411392e-01
-5.572535799024717740e+00 1.724415425289249626e-01 1.724415425289249626e-01 -6.523261957181346604e-01
5.654687571310734739e-01 5.966115989128262243e-02 5.966115989128262243e-02 -5.358116641016291704e-01
3.948089577000809314e+00 -1.080117384330709251e+00 -1.080117384330709251e+00 7.218673694345754122e-01
-3.708227322047364272e+00 -3.322598300534275184e-01 -3.322598300534275184e-01 -5.367957223879412654e-01
3.996940807829467701e+00 -4.642882737185111131e-01 -4.642882737185111131e-01 7.547993356550006805e-01
-1.751646223332342878e+00 -1.849874432118556733e-01 -1.849874432118556733e-01 9.836911808648884925e-01
5.696369626161104094e+00 5.587671080379990052e-01 5.587671080379990052e-01 5.537122264907916591e-01
-2.832740916476706783e+00 6.620110668890113459e-01 6.620110668890113459e-01 3.039649062784343103e-01
3.606365651291261187e+00 6.181475047574400694e-01 6.181475047574400694e-01 4.482198903438835424e-01
-3.897881777812091109e+00 -1.072052958927019350e+00 -1.072052958927019350e+00 -6.862269314637365891e-01
-3.266819530619893275e+00 5.001488941470331184e-01 5.001488941470331184e-01 -1.248998370346068032e-01
2.637258678039044568e+00 6.758395161973387300e-01 6.758395161973387300e-01 -4.832244454640047260e-01
-3.802033623443667132e+00 1.114877851244031826e+00 1.114877851244031826e+00 -6.134651551093910360e-01
1.415163073876221311e+00 -7.707900300114144398e-01 -7.707900300114144398e-01 -9.879135710314329577e-01
-1.253822065119149620e+00 -3.833514411191610849e-01 -3.833514411191610849e-01 9.501828675624601761e-01
-3.803210465905110027e+00 -1.106937574375490785e+00 -1.106937574375490785e+00 -6.143941082167315715e-01
-1.305547456690565156e+00 7.740576872959639143e-01 7.740576872959639143e-01 9.650272896079703511e-01
-6.085941129323535925e+00 -6.411685697513983540e-01 -6.411685697513983540e-01 -1.959676906338050362e-01
4.160748281792198355e+00 1.170759479354306132e+00 1.170759479354306132e+00 8.516658027917762830e-01
-1.548512448568635236e-01 3.739926563439022189e-02 3.739926563439022189e-02 1.542331257869360706e-01
5.072852953494901840e+00 -4.085851289500254113e-01 -4.085851289500254113e-01 9.357332771763960944e-01
-5.819102415238286419e+00 -1.149727606526631307e+00 -1.149727606526631307e+00 -4.476028820183635126e-01
1.808628989789353270e+00 -2.157739532141432770e-01 -2.157739532141432770e-01 -9.718508747910914458e-01
1.964544974083390017e+00 -1.163544808957750476e-02 -1.163544808957750476e-02 -9.234773723554210445e-01
1.506613176477096694e+00 -6.099916007474808222e-01 -6.099916007474808222e-01 -9.979409685975950683e-01
-2.094612779430950589e+00 1.161240893755604686e+00 1.161240893755604686e+00 8.659165447488530454e-01
-2.628532527244349382e-01 1.496616776956880557e-01 1.496616776956880557e-01 2.598368565365949401e-01
-5.812705227692509524e+00 1.193480239784373564e+00 1.193480239784373564e+00 -4.533142568193377908e-01
-1.772129494162564711e+00 -4.252704329482478451e-01 -4.252704329482478451e-01 9.798008474976271920e-01
5.565045406328460231e+00 -1.108188625567100072e+00 -1.108188625567100072e+00 6.579850988561205538e-01
1.225387680013775515e+00 -6.638558532746771101e-01 -6.638558532746771101e-01 -9.409371710506911901e-01
2.019823902971573659e-01 1.066822752434759325e+00 1.066822752434759325e+00 -2.006118136246792250e-01
3.995164591769599483e+00 8.241376904045318863e-01 8.241376904045318863e-01 7.536330264326918105e-01
-8.550181578136859528e-01 -9.254871200431549205e-01 -9.254871200431549205e-01 7.545828315036293699e-01
-2.308503543773832600e+00 5.493022774363767180e-01 5.493022774363767180e-01 7.400126122403242190e-01
-5.016932804573430715e+00 1.097031693095708915e+00 1.097031693095708915e+00 -9.539838397997498776e-01
-1.282496603847102179e+00 -2.222311910859868789e-01 -2.222311910859868789e-01 9.587286881713831255e-01
5.863847458424842785e+00 -3.937062081126129209e-01 -3.937062081126129209e-01 4.071557607347792707e-01
5.031294143731722457e+00 3.298159396662803111e-02 3.298159396662803111e-02 9.495792481053285661e-01
5.732630896443009050e+00 -6.400216106754018641e-01 -6.400216106754018641e-01 5.231597973251561617e-01
1.063881424184542013e+00 5.506030742068750428e-01 5.506030742068750428e-01 -8.742464262948560494e-01
-1.147775832906900995e+00 1.035794789314944842e+00 1.035794789314944842e+00 9.118531390018184135e-01
5.666255772452661432e+00 -5.321677923218136597e-01 -5.321677923218136597e-01 5.785334399992579923e-01
-2.609817093471566984e+00 -1.024827635984736141e+00 -1.024827635984736141e+00 5.070645093485596222e-01
-5.013864783942699077e+00 9.505214353584376941e-01 9.505214353584376941e-01 -9.548993191520614987e-01
-5.573007715365988268e+00 -8.859846512643047012e-01 -8.859846512643047012e-01 -6.519684396027051188e-01
5.756463480970603896e+00 1.106989585062106540e+00 1.106989585062106540e+00 5.027021984102665320e-01
-5.468714990071443793e-02 -5.621129300016587393e-01 -5.621129300016587393e-01 5.465989530917202133e-02
5.610112328044756680e+00 4.398836408803707965e-01 4.398836408803707965e-01 6.233917188249528119e-01
2.633846102838139913e-01 7.167361908153637717e-01 7.167361908153637717e-01 -2.603499266025239844e-01
-6.114894207198163123e+00 7.012910199825383994e-01 7.012910199825383994e-01 -1.674978370254174842e-01
-3.942994856061768250e+00 -4.921541198256026428e-01 -4.921541198256026428e-01 -7.183323092269447985e-01
1.951811587227149758e+00 -1.022510195560582424e+00 -1.022510195560582424e+00 -9.282875761528616154e-01
3.712649991347106493e+00 -3.723150986913010829e-01 -3.723150986913010829e-01 5.405219206127237497e-01
1.252855157416453480e+00 8.208735827477531277e-01 8.208735827477531277e-01 -9.498810450914048076e-01
-1.249121979696438345e+00 1.492126559473085923e-01 1.492126559473085923e-01 9.487073941593854309e-01
-1.133897509075906029e+00 2.318169198671802267e-01 2.318169198671802267e-01 9.060682263796622227e-01
2.048562104090953184e+00 -7.403543533311722769e-01 -7.403543533311722769e-01 -8.880244256111254897e-01
4.656987612369960061e+00 3.629323250368350351e-01 3.629323250368350351e-01 9.984657366989558858e-01
-4.331777062556872337e+00 7.983649226087128348e-01 7.983649226087128348e-01 -9.284374888765594136e-01
-1.204081556317454726e+00 3.153884505961490614e-01 3.153884505961490614e-01 9.335103019864595675e-01
5.994561737790732536e+00 -9.287940207167917350e-01 -9.287940207167917350e-01 2.846329984411539726e-01
-1.640189869124519362e+00 -7.080174504460503559e-01 -7.080174504460503559e-01 9.975932341818478655e-01
1.728138546903087658e+00 7.927427625717764492e-02 7.927427625717764492e-02 -9.876472288200537353e-01
3.515109626272833410e+00 2.382978929330910045e-01 2.382978929330910045e-01 3.648921585856191863e-01
-5.528641600915737087e+00 -5.738823249757198930e-01 -5.738823249757198930e-01 -6.849562915857044798e-01
-4.991757723528731816e+00 -8.016924524743540559e-02 -8.016924524743540559e-02 -9.612296982138370804e-01
6.132472571582693988e+00 2.064967935033075186e-01 2.064967935033075186e-01 1.501428268016669898e-01
5.350975404896619381e+00 4.064889699418980928e-01 4.064889699418980928e-01 8.029391370686522755e-01
5.605081634569698323e+00 -1.226483263912350186e-01 -1.226483263912350186e-01 6.273173618702294618e-01
3.612308791322274004e+00 7.069693153866363211e-01 7.069693153866363211e-01 4.535246548846562087e-01
-2.274419479620207518e+00 -1.073195871854929262e+00 -1.073195871854929262e+00 7.625030731309592191e-01
