4.572107155139683243e+00 -5.219331090450683996e-01 -5.219331090450683996e-01 9.901766301164995898e-01
6.244393212529294246e+00 -7.195830452295970403e-01 -7.195830452295970403e-01 3.878236615294201883e-02
2.722930850812856463e+00 -5.939973661347203171e-01 -5.939973661347203171e-01 -4.065381952370157315e-01
2.006079231397169593e+00 2.643847227828912683e-01 2.643847227828912683e-01 -9.067507870682565141e-01
-6.132685961203765856e+00 6.628848128949000884e-01 6.628848128949000884e-01 -1.499318526809256813e-01
-2.855761673616434848e+00 -3.242808863250817852e-01 -3.242808863250817852e-01 2.819548137445735958e-01
-1.011163341875054300e-02 3.489555736702798505e-01 3.489555736702798505e-01 1.011146110875187076e-02
-9.424416395104140420e-01 -3.924050086207674370e-01 -3.924050086207674370e-01 8.089957415495628856e-01
-5.557975783743782650e+00 -9.246885399330035948e-01 -9.246885399330035948e-01 -6.632922562769435482e-01
-6.062842609649410797e+00 -8.228724911897440375e-01 -8.228724911897440375e-01 -2.185640479052959051e-01
4.489643424330298060e+00 -4.784660267435049130e-01 -4.784660267435049130e-01 9.752946102272030959e-01
-1.931293145950974122e+00 3.644951376600360504e-01 3.644951376600360504e-01 9.357216915944868152e-01
-3.914509958159382741e+00 -7.155906204644686408e-01 -7.155906204644686408e-01 -6.982266374484965565e-01
3.200140438725309622e-01 -3.357180991354639099e-01 -3.357180991354639099e-01 -3.145798915263097184e-01
-4.670468612272936859e+00 1.764854312379346979e-01 1.764854312379346979e-01 -9.991214700346489064e-01
-1.740954427365323909e+00 2.045065978837070642e-01 2.045065978837070642e-01 9.855580067660433263e-01
1.642953695787749524e+00 -8.366689861340548262e-01 -8.366689861340548262e-01 -9.973977864197423049e-01
1.996138977816471538e+00 -8.947736892242890150e-01 -8.947736892242890150e-01 -9.108973973373154509e-01
4.518877411782167286e+00 3.116790004633140931e-01 3.116790004633140931e-01 9.813349909174545749e-01
5.320390031457064239e+00 -1.461785024819399759e-01 -1.461785024819399759e-01 8.207915123049750461e-01
1.137354608912369613e+00 7.360374932943438697e-01 7.360374932943438697e-01 -9.075256172758771056e-01
3.471987974664296317e+00 1.101087298988127072e+00 1.101087298988127072e+00 3.244169935403765637e-01
-1.938857855248508955e+00 -3.585523373970810335e-01 -3.585523373970810335e-01 9.330265747030213053e-01
3.725688819280541964e+00 -2.982938564470865028e-01 -2.982938564470865028e-01 5.514456192951950886e-01
-3.114531565091437582e+00 -3.233860764638224472e-01 -3.233860764638224472e-01 2.705778580211160717e-02
1.428461056048705657e+00 7.717497666702806125e-01 7.717497666702806125e-01 -9.898874254903438086e-01
-2.097381297418976054e+00 -1.708391446560857396e-01 -1.708391446560857396e-01 8.645284471630340084e-01
-1.140398620909106597e+00 -4.213975555996596345e-01 -4.213975555996596345e-01 9.087998858219731302e-01
-1.963739626107522618e+00 -2.996745317667772746e-01 -2.996745317667772746e-01 9.237860469263601271e-01
4.153852370139150096e+00 6.368889723474691067e-02 6.368889723474691067e-02 8.480315359734162950e-01
2.385832014398852507e+00 7.586937929712258555e-01 7.586937929712258555e-01 -6.858424222370287371e-01
-1.844481779528408083e+00 2.439058108817637738e-01 2.439058108817637738e-01 9.627813272572696146e-01
-1.928578116744963822e+00 -7.760516046476522156e-01 -7.760516046476522156e-01 9.366759387631509171e-01
-5.570844675767503418e+00 1.147249379681079651e+00 1.147249379681079651e+00 -6.536070294765254918e-01
4.666863337096792463e+00 5.427662004487157077e-01 5.427662004487157077e-01 9.989638868727989118e-01
-1.447582592756024411e+00 -6.810135183670018577e-03 -6.810135183670018577e-03 9.924187864183670049e-01
1.428866126836014772e+00 -2.856142142420181607e-02 -2.856142142420181607e-02 -9.899448056563637799e-01
-5.031560419111183791e+00 7.644935944771791281e-01 7.644935944771791281e-01 -9.494957298911047561e-01
-1.630448346224063094e+00 -9.202402084140581806e-01 -9.202402084140581806e-01 9.982213458076977242e-01
-2.118104954261414541e+00 -1.949161384361568494e-01 -1.949161384361568494e-01 8.539281787898563847e-01
-2.900613994905816284e-01 5.470009801176396458e-01 5.470009801176396458e-01 2.860110602516027223e-01
3.984653902789354163e+00 -5.883296785902798476e-01 -5.883296785902798476e-01 7.466828977064216000e-01
1.346503302330001262e+00 -7.825778061077861558e-01 -7.825778061077861558e-01 -9.749515941874979941e-01
2.869021117324679793e+00 -2.085026347900442723e-02 -2.085026347900442723e-02 -2.692089238484308700e-01
-1.964136582758071015e+00 9.223410757842913643e-01 9.223410757842913643e-01 9.236339758543534728e-01
-5.252342880252523827e+00 1.875853756083225576e-01 1.875853756083225576e-01 -8.577323821895714850e-01
-1.010466254026506583e+00 -3.138709647337899478e-01 -3.138709647337899478e-01 8.470797347643331809e-01
5.567416777122181415e+00 2.360240927009884526e-01 2.360240927009884526e-01 6.561975348756113879e-01
4.201836226950923958e+00 6.652684865003939407e-01 6.652684865003939407e-01 8.724745326824053793e-01
1.780898384513587729e+00 2.475642840709568748e-01 2.475642840709568748e-01 -9.780096346888919046e-01
-6.026626144999625012e-02 4.740704031725364587e-01 4.740704031725364587e-01 6.022978667387544199e-02
-4.901433098647967945e+00 1.085144779165727824e+00 1.085144779165727824e+00 -9.821843132248454511e-01
4.587621791491942602e+00 -4.497266033108472394e-01 -4.497266033108472394e-01 9.922266660027341256e-01
-5.572514466936624444e+00 3.908534237557852453e-01 3.908534237557852453e-01 -6.523423639772488736e-01
-5.240182012472374140e+00 5.982234506205674762e-02 5.982234506205674762e-02 -8.639206642321773932e-01
5.808846486173781187e+00 -6.656743201601159621e-01 -6.656743201601159621e-01 4.567503655900685411e-01
-1.396952210787898885e+00 -9.479183875143672999e-01 -9.479183875143672999e-01 9.849271298387760609e-01
4.217178380841014373e+00 -7.484039752417801505e-01 -7.484039752417801505e-01 8.798686488736947586e-01
-6.200940526634867389e+00 1.179749293617091022e+00 1.179749293617091022e+00 -8.215209182062432891e-02
2.163162416585068470e+00 -9.423941813156933023e-02 -9.423941813156933023e-02 -8.296219542323581830e-01
-3.374949216606404345e+00 -4.166260330584800053e-01 -4.166260330584800053e-01 -2.312444057554435550e-01
4.107454022134495730e-01 -5.845362884602425257e-01 -5.845362884602425257e-01 -3.992928410739035594e-01
-5.565191541877409165e+00 9.858498874393550881e-01 9.858498874393550881e-01 -6.578750472396172055e-01
5.538889925974265438e+00 -4.845999240614425885e-01 -4.845999240614425885e-01 6.774536854445085687e-01
2.871234951098445620e+00 4.024678287631340279e-01 4.024678287631340279e-01 -2.670761628679113597e-01
-3.596138585818842159e-02 -6.046658217631972754e-01 -6.046658217631972754e-01 3.595363535449576375e-02
-4.763390874038218925e+00 9.501692206618945757e-01 9.501692206618945757e-01 -9.986996853226766113e-01
2.443951100854119929e+00 6.485123541722481733e-01 6.485123541722481733e-01 -6.424120572890356096e-01
4.480416126598745663e+00 5.891828467810755754e-02 5.891828467810755754e-02 9.732147341484996828e-01
-1.682617731141076156e+00 7.706076050886891959e-01 7.706076050886891959e-01 9.937544986619162302e-01
1.520993308690838930e-01 -2.712842960632182443e-01 -2.712842960632182443e-01 -1.515135592942503939e-01
-3.815801371784109275e+00 -9.573014927540309804e-01 -9.573014927540309804e-01 -6.242793619536652905e-01
-4.899564415091388625e+00 -2.002665888581025566e-01 -2.002665888581025566e-01 -9.825337613927183078e-01
-3.636319904086086741e+00 3.668387763488127895e-01 3.668387763488127895e-01 -4.747916225756950714e-01
2.631097140417953284e+00 6.070718768029110812e-01 6.070718768029110812e-01 -4.886096433325150534e-01
5.855393696557646521e+00 1.414963408388789645e-01 1.414963408388789645e-01 4.148624372186140996e-01
-5.792159332161508800e+00 -1.195444651330442420e+00 -1.195444651330442420e+00 -4.715308917867017668e-01
-4.347756191932616865e+00 -1.095566001211254470e-01 -1.095566001211254470e-01 -9.342547740840422277e-01
1.013212096113669247e+00 1.115489378044666191e+00 1.115489378044666191e+00 -8.485358608203855679e-01
2.099884623431869102e+00 -1.090357161890538107e+00 -1.090357161890538107e+00 -8.632676083143128176e-01
4.938101698352570068e+00 6.157371885422129321e-01 6.157371885422129321e-01 9.746348475878050532e-01
2.602903575805132874e+00 -7.316965799087582489e-02 -7.316965799087582489e-02 -5.130111608347988073e-01
-2.931811123750476700e+00 1.154861504750760881e+00 1.154861504750760881e+00 2.082462243018928516e-01
-3.834034081381153758e+00 1.995620035240475154e-01 1.995620035240475154e-01 -6.384182247452254710e-01
3.698742349772055960e+00 -1.198411541908650513e-02 -1.198411541908650513e-02 5.287691089748238760e-01
4.814251047608587797e+00 -4.694160382383262275e-01 -4.694160382383262275e-01 9.948165438668042926e-01
-3.417913272259309299e+00 -9.370441400113102004e-01 -9.370441400113102004e-01 -2.728176964772037749e-01
-6.095799176489494542e+00 7.761087385747635903e-01 7.761087385747635903e-01 -1.862914219958726747e-01
6.172995883836914999e+00 8.618200122460117907e-01 8.618200122460117907e-01 1.099665773531037921e-01
5.519043393870971315e+00 -5.296702335619440927e-01 -5.296702335619440927e-01 6.919177350771469337e-01
-8.504186100730919406e-01 -1.184778124931931798e+00 -1.184778124931931798e+00 7.515566149000801888e-01
4.001862418707030855e+00 -2.293848811811605160e-01 -2.293848811811605160e-01 7.580185401879107054e-01
3.455732891671368989e+00 -2.623342741569789638e-02 -2.623342741569789638e-02 3.089988983028486569e-01
5.182389071753615184e+00 -9.819624911399774669e-01 -9.819624911399774669e-01 8.915682468155919915e-01
2.161127740546115561e+00 -2.816606585025256404e-01 -2.816606585025256404e-01 -8.307562477766879949e-01
4.806530336544296844e-01 1.411234348856036380e-01 1.411234348856036380e-01 -4.623583145726531951e-01
6.160968818413818937e-01 -6.382371459209853493e-01 -6.382371459209853493e-01 -5.778540789844510694e-01
-3.163163698447216010e+00 2.673267304474284956e-01 2.673267304474284956e-01 -2.156937202594748706e-02
-9.780599728804091342e-01 -5.369508417401244182e-01 -5.369508417401244182e-01 8.294151694497319260e-01
3.545130999346678635e+00 2.396374184693437215e-01 2.396374184693437215e-01 3.926749300331660031e-01
-5.004044833745066256e+00 9.030450209597000732e-01 9.030450209597000732e-01 -9.577690670958725061e-01
-4.594810431420873087e+00 -2.904040851847419225e-01 -2.904040851847419225e-01 -9.930956021908453613e-01
-3.878246489086234483e+00 -1.167540930001386146e+00 -1.167540930001386146e+00 -6.718131040256044573e-01
