-1.586841711892956752e+00 8.043664468135911516e-01 8.043664468135911516e-01 9.998712755702854338e-01
-6.222078970421789812e+00 -4.329678213487976324e-01 -4.329678213487976324e-01 -6.106831550574511047e-02
-6.015326812556791580e-01 8.185668368233114389e-01 8.185668368233114389e-01 5.659067861223624485e-01
5.730557419341382186e-01 5.680896349223474306e-01 5.680896349223474306e-01 -5.422021574234587860e-01
2.253420753479600691e+00 7.647693610025505517e-01 7.647693610025505517e-01 -7.759198216444973539e-01
-3.184299739036039689e+00 7.823860784879703711e-01 7.823860784879703711e-01 -4.269410442245410303e-02
-2.517133318202132042e+00 4.887414847777327154e-01 4.887414847777327154e-01 5.846587283838998728e-01
1.631742959766767420e+00 -7.339050022027393538e-03 -7.339050022027393538e-03 -9.981433287873253679e-01
1.442571175265489281e+00 9.168828684149052943e-01 9.168828684149052943e-01 -9.917904128010054388e-01
1.745633111526414538e+00 1.017226808464345433e+00 1.017226808464345433e+00 -9.847549428950542749e-01
-2.088122571090393897e+00 -4.344462860207176647e-03 -4.344462860207176647e-03 8.691446121931154511e-01
4.094690493014235599e+00 -5.226419526321913755e-01 -5.226419526321913755e-01 8.152135597021326063e-01
-1.540124551062044489e+00 1.173672039674096501e+00 1.173672039674096501e+00 9.995296579615940979e-01
5.522091706965195357e-01 1.345414681549439440e-01 1.345414681549439440e-01 -5.245693241208639890e-01
-4.380312844817232154e+00 -1.119764175306888987e+00 -1.119764175306888987e+00 -9.453675478742293858e-01
-4.845559828045127304e-01 9.221919064655075271e-01 9.221919064655075271e-01 4.658155026149746192e-01
5.748076872170365448e+00 -1.122913138688312884e+00 -1.122913138688312884e+00 5.099343196678669532e-01
-4.290784287407293007e+00 4.207651381602457441e-01 4.207651381602457441e-01 -9.124334346378289995e-01
-4.218549717350100536e+00 7.551825462733927630e-01 7.551825462733927630e-01 -8.805195037143717096e-01
-2.901261972283432300e+00 7.861356149256029102e-01 7.861356149256029102e-01 2.380238167353166956e-01
8.238607662106200991e-02 6.905688134109486676e-01 6.905688134109486676e-01 -8.229290946800654760e-02
3.085970971498483095e+00 -7.194760385853753437e-01 -7.194760385853753437e-01 -5.559300639815931838e-02
2.883041100847798077e+00 6.811549632069633375e-01 6.811549632069633375e-01 -2.556805177902314874e-01
2.162638781287569145e+00 -9.968715956037477177e-01 -9.968715956037477177e-01 -8.299141994426716407e-01
-1.136632013973271071e-01 9.837861364892683813e-01 9.837861364892683813e-01 1.134186175017091736e-01
1.308274726814213196e+00 8.976046645384669898e-01 8.976046645384669898e-01 -9.657386521293066517e-01
1.392442526154274773e+00 3.468425040154998751e-01 3.468425040154998751e-01 -9.841370779298000970e-01
4.993016180451160579e+00 -7.040312016801560935e-01 -7.040312016801560935e-01 9.608819190110349240e-01
4.145736083223525270e+00 1.062532464356002793e+00 1.062532464356002793e+00 8.437024598070855808e-01
3.969358871118224386e+00 1.160664253242362554e+00 1.160664253242362554e+00 7.364220056619762422e-01
-2.166825866501882913e+00 1.196909547492936321e+00 1.196909547492936321e+00 8.275709940238703544e-01
-3.780498662778954966e+00 3.809741399302708498e-01 3.809741399302708498e-01 -5.963175987824231861e-01
1.565544987985942882e+00 4.522721218412146804e-01 4.522721218412146804e-01 -9.999862117520428306e-01
-1.816557781878137767e+00 8.818470941369598304e-01 8.818470941369598304e-01 9.699523479944889282e-01
-1.378415127370979043e+00 -1.189736535533803652e+00 -1.189736535533803652e+00 9.815517408152920620e-01
5.096792088472231086e+00 -4.391857807916874634e-01 -4.391857807916874634e-01 9.270224357714010877e-01
5.187196654426054820e+00 -3.426229584571797160e-01 -3.426229584571797160e-01 8.893806632307541538e-01
-6.182612373322796451e+00 3.272890941739219350e-01 3.272890941739219350e-01 -1.004034718042560587e-01
5.344491158357556060e+00 -5.780119262012449743e-01 -5.780119262012449743e-01 8.067872366937280937e-01
-6.100030926897421324e+00 -1.135691306182085691e+00 -1.135691306182085691e+00 -1.821320947428503034e-01
-1.339569683872397832e+00 2.879184463978570196e-01 2.879184463978570196e-01 9.733860155448994522e-01
5.476845592813788244e+00 -7.004071209561096856e-01 -7.004071209561096856e-01 7.217585669141953764e-01
3.999636177734336329e+00 -7.084241158373916214e-01 -7.084241158373916214e-01 7.565646351223938026e-01
-4.855623997013757354e+00 -1.063799061927617862e+00 -1.063799061927617862e+00 -9.897593912383254589e-01
-3.576919082820341877e+00 1.114132856415694262e+00 1.114132856415694262e+00 -4.217064077995940075e-01
5.300821281313568889e+00 -1.136123839171770733e+00 -1.136123839171770733e+00 8.318118643086324093e-01
6.013383390874819767e+00 1.723858119707672998e-01 1.723858119707672998e-01 2.665405241566783934e-01
2.913145414105276387e+00 -5.984038707425698433e-02 -5.984038707425698433e-02 -2.264653785750240789e-01
-9.126571154373408490e-02 1.132025929418509991e+00 1.132025929418509991e+00 9.113906573875146799e-02
3.096891072768659825e+00 5.216849408688091216e-01 5.216849408688091216e-01 -4.468669495861379154e-02
5.332296834625928739e+00 5.625797113344432887e-01 5.625797113344432887e-01 8.139319931329365154e-01
8.381969922962051456e-01 5.160243771987971240e-01 5.160243771987971240e-01 -7.434384696496089129e-01
-5.126453518851402436e+00 3.511290359769825287e-02 3.511290359769825287e-02 -9.154930887063525979e-01
-2.637405528661339815e+00 1.838951529247021544e-01 1.838951529247021544e-01 4.830958730470746310e-01
5.262130097437216492e+00 9.458868623811003129e-01 9.458868623811003129e-01 8.526598083001677431e-01
-5.153285321193729729e+00 9.512964574049000976e-01 9.512964574049000976e-01 -9.043695128955039353e-01
6.188133945749484610e+00 2.934489488371456734e-01 2.934489488371456734e-01 9.490829834532367448e-02
1.254207078082674620e+00 1.134847002274684380e+00 1.134847002274684380e+00 -9.503028029749891470e-01
-2.882689217463937581e+00 2.041370139349993895e-01 2.041370139349993895e-01 2.560206892026336001e-01
4.230278823039736125e+00 8.296860524275635473e-01 8.296860524275635473e-01 8.860185219946107305e-01
-4.737375833465036656e+00 -7.058330748481234096e-02 -7.058330748481234096e-02 -9.996878448280644980e-01
-1.837528392548550826e-01 2.444967398647013290e-01 2.444967398647013290e-01 1.827205112829527467e-01
-4.348987042761332411e+00 -5.441888456125713036e-01 -5.441888456125713036e-01 -9.346929953758066345e-01
-4.945813542547639052e+00 -3.990948111898092732e-01 -3.990948111898092732e-01 -9.728799639381886522e-01
-4.755881416102182513e+00 -9.013732813843001734e-01 -9.013732813843001734e-01 -9.990543530966197183e-01
1.786475274430575411e+00 -2.270384416561850305e-01 -2.270384416561850305e-01 -9.768313173076252909e-01
-3.664581743309274220e+00 -7.830700287845659968e-01 -7.830700287845659968e-01 -4.994719036441115367e-01
-5.059819321136984627e+00 5.277066771246352594e-01 5.277066771246352594e-01 -9.402507409924956150e-01
-4.581257211997381340e+00 4.370341449305250592e-01 4.370341449305250592e-01 -9.914145428759869594e-01
-6.108982971031836406e+00 8.228325714905138089e-01 8.228325714905138089e-01 -1.733226015227739558e-01
5.653384914070690215e+00 7.267765572140840735e-01 7.267765572140840735e-01 5.889834583478590346e-01
4.774554029828919965e+00 1.144958473250343944e+00 1.144958473250343944e+00 9.980683754965220533e-01
6.133516788267115771e+00 -3.817157417909962103e-01 -3.817157417909962103e-01 1.491103653572604659e-01
-1.754885436164466128e-01 8.702195282525388986e-01 8.702195282525388986e-01 1.745891986613687941e-01
2.929547434515617610e+00 8.622891469348068494e-01 8.622891469348068494e-01 -2.104597499480189149e-01
2.123934595363268230e-01 1.945559210190264121e-01 1.945559210190264121e-01 -2.108001779342918436e-01
-7.829022719080986903e-01 8.605915219319031362e-01 8.605915219319031362e-01 7.053397187710558347e-01
9.339303365992268624e-02 -1.018848722838728404e+00 -1.018848722838728404e+00 -9.325732648980700201e-02
2.430274981525997191e+00 -8.258054119923893266e-01 -8.258054119923893266e-01 -6.528324771143498850e-01
1.428211429279707900e+00 1.968119288780978415e-02 1.968119288780978415e-02 -9.898519838051432762e-01
5.170232757342120067e+00 1.749169464735822466e-02 1.749169464735822466e-02 8.970076649150622305e-01
-2.392107685219246438e+00 3.868905743479309489e-01 3.868905743479309489e-01 6.812618267246836057e-01
-1.753789196061172895e+00 9.687437356368018282e-01 9.687437356368018282e-01 9.833034752082030483e-01
3.791124691203968666e+00 2.410956889235094103e-02 2.410956889235094103e-02 6.048138022114316614e-01
3.321639140316765548e-01 -3.040168564119527517e-01 -3.040168564119527517e-01 -3.260894224296260746e-01
4.980515908806598446e+00 -2.456289740569567170e-01 -2.456289740569567170e-01 9.642688125017668810e-01
1.682030267151313652e+00 -7.368604041515971481e-01 -7.368604041515971481e-01 -9.938198814123540004e-01
1.784387185735198500e+00 -5.125749399066525935e-01 -5.125749399066525935e-01 -9.772760607482046114e-01
-5.352102577437021225e+00 -8.653360989877960652e-01 -8.653360989877960652e-01 -8.022667635200816383e-01
-1.293925166662214465e+00 7.342970552144190144e-01 7.342970552144190144e-01 9.619154052817304734e-01
1.586296301558842714e-01 1.492151522018136944e-01 1.492151522018136944e-01 -1.579651909463645199e-01
-1.541879104160046587e+00 6.113382550931643067e-01 6.113382550931643067e-01 9.995819262517345871e-01
-3.432123503984693791e+00 5.706264583472031582e-02 5.706264583472031582e-02 -2.864608689296972988e-01
5.441756729779887891e+00 -8.182413439888942541e-01 -8.182413439888942541e-01 7.455958821085241217e-01
5.035531367513245371e+00 -7.954588361258710938e-01 -7.954588361258710938e-01 9.482422431434236465e-01
-5.815163850378804788e+00 -1.106451583682879880e+00 -1.106451583682879880e+00 -4.511213937151736797e-01
1.333080610604434391e+00 3.183682046777753794e-01 3.183682046777753794e-01 -9.718784204442382224e-01
9.886876111723452709e-02 3.020404878005580329e-01 3.020404878005580329e-01 -9.870776560814611966e-02
5.611585963810924227e+00 4.487978672417416437e-01 4.487978672417416437e-01 6.222387922760558299e-01
3.622995105661841464e+00 6.224191226101047913e-01 6.224191226101047913e-01 4.630226888708954269e-01
-4.709595877161660837e+00 -1.129776655914958017e-01 -1.129776655914958017e-01 -9.999960992897286571e-01
-2.086365929565607402e+00 8.340723522102997389e-01 8.340723522102997389e-01 8.700120319164881266e-01
-4.452341552097900390e-01 -1.745528133711622409e-01 -1.745528133711622409e-01 4.306692194879772062e-01
