-2.767867090239901628e-01 7.278045483106418967e-01 7.278045483106418967e-01 2.732660763932392434e-01
-4.539743387195425584e+00 5.829470641354648208e-01 5.829470641354648208e-01 -9.851337306288839857e-01
8.491464292184636165e-01 8.950098863800930449e-01 8.950098863800930449e-01 -7.507167891939869886e-01
-7.116831883786645108e-02 -4.241412456655521135e-01 -4.241412456655521135e-01 7.110825696282513375e-02
3.222453881160875611e+00 4.498659599627612415e-01 4.498659599627612415e-01 8.077313733853998257e-02
-4.046742544743186620e+00 1.051768242203543258e+00 1.051768242203543258e+00 -7.865177317218903230e-01
1.013721355438077509e-01 6.324900763575636020e-02 6.324900763575636020e-02 -1.011986028188630315e-01
-5.015758872463243812e+00 -4.904352391282712498e-01 -4.904352391282712498e-01 -9.543351953290977185e-01
-4.317517145831729408e+00 4.777659286242743608e-01 4.777659286242743608e-01 -9.230458758957783560e-01
-4.632131378372484676e+00 -5.279449191595886326e-02 -5.279449191595886326e-02 -9.967810870435951376e-01
5.692580629080044474e+00 -3.400120825765172716e-01 -3.400120825765172716e-01 5.568633728001389782e-01
-3.000289544882734916e-01 1.991599922863729333e-02 1.991599922863729333e-02 2.955478678166308382e-01
-5.833233913118608172e+00 -1.788783532734854465e-01 -1.788783532734854465e-01 -4.349217665204870853e-01
-4.672939848047525935e+00 -6.192078716734303878e-01 -6.192078716734303878e-01 -9.992219838847042901e-01
2.827752961413320776e+00 -1.065727756056590314e+00 -1.065727756056590314e+00 -3.087130464429722609e-01
6.011473111313954121e-01 -8.234413145737913275e-01 -8.234413145737913275e-01 -5.655890182995678694e-01
1.389058218371582498e+00 9.108892594744000260e-01 9.108892594744000260e-01 -9.835310340294035614e-01
6.350263944664042981e-01 4.702477046072057743e-01 4.702477046072057743e-01 -5.931987635870321629e-01
5.156703087357408677e+00 5.259061419325683495e-02 5.259061419325683495e-02 9.029057011153742707e-01
-2.623726803601355684e+00 2.561251556592492040e-01 2.561251556592492040e-01 4.950269513935058319e-01
-4.672531379268640706e-02 -1.034009512266259589e+00 -1.034009512266259589e+00 4.670831343650101025e-02
-5.757072213418069850e+00 3.872551084687820833e-01 3.872551084687820833e-01 -5.021758806601736014e-01
1.130613127403810481e+00 1.112514751506488375e+00 1.112514751506488375e+00 -9.046736161871149484e-01
1.445846362567170473e+00 -6.092071562994485490e-01 -6.092071562994485490e-01 -9.922039041838720541e-01
-2.192149214823636783e+00 -6.740765714171904621e-01 -6.740765714171904621e-01 8.130916365661539080e-01
-2.833449073904087179e+00 3.127512993821923715e-01 3.127512993821923715e-01 3.032901804127058898e-01
-4.565701606289309211e+00 -3.635315424092672165e-01 -3.635315424092672165e-01 -9.892606845294433793e-01
2.950154264459344589e+00 -1.704927859011717839e-01 -1.704927859011717839e-01 -1.902712033362512489e-01
2.358382209772937443e+00 2.313407132366387398e-01 2.313407132366387398e-01 -7.055581389225521471e-01
5.294299840342377550e+00 5.335016048814611445e-01 5.335016048814611445e-01 8.354139264323564573e-01
-1.181044288427495204e-01 -8.602610194373235819e-01 -8.602610194373235819e-01 1.178300539268636454e-01
3.984578221874038206e+00 6.625615454658433379e-01 6.625615454658433379e-01 7.466325541244747122e-01
7.064372078118834608e-01 2.995797954740240243e-01 2.995797954740240243e-01 -6.491277539522914974e-01
4.086455000552176031e+00 -7.909616112252753073e-01 -7.909616112252753073e-01 8.104162968227114350e-01
-5.824272476427142742e+00 -2.835142357688278381e-01 -2.835142357688278381e-01 -4.429736840785984398e-01
4.030132486852471274e+00 -1.160150192704286320e+00 -1.160150192704286320e+00 7.761518729560319407e-01
-4.731668705134583597e+00 9.744133682566145094e-01 9.744133682566145094e-01 -9.998141518636577407e-01
-6.047693504525053498e+00 -5.488585382639503685e-01 -5.488585382639503685e-01 -2.333212424689265763e-01
2.443438482639866294e+00 2.559890764221743886e-01 2.559890764221743886e-01 -6.428048226594887948e-01
1.823619118274971029e+00 8.291277800681562393e-01 8.291277800681562393e-01 -9.682101926317405738e-01
4.293189288086580291e+00 -1.038124851734239185e+00 -1.038124851734239185e+00 9.134149816953265333e-01
1.000830508024931120e+00 7.398201958850798565e-01 7.398201958850798565e-01 -8.419194199576366389e-01
1.747868966193358631e+00 6.509517160447779727e-01 6.509517160447779727e-01 -9.843635606675787963e-01
-1.503899492335848187e+00 -2.950482114906483044e-01 -2.950482114906483044e-01 9.977632411157862924e-01
5.274172556291144787e+00 -6.452786061238117155e-01 -6.452786061238117155e-01 8.463063529917896899e-01
5.949956067565445039e+00 -5.636616571782019358e-01 -5.636616571782019358e-01 3.270963309406523245e-01
-5.806050055338555005e+00 -6.648731024444384241e-01 -6.648731024444384241e-01 -4.592362670858102791e-01
3.823137748265416747e+00 3.375949633362977931e-01 3.375949633362977931e-01 6.299936964439273313e-01
5.007787986089024201e+00 8.783860032576054078e-01 8.783860032576054078e-01 9.566860593013097880e-01
-4.314226622909380637e-01 -6.161416753422869208e-01 -6.161416753422869208e-01 4.181635314223016708e-01
-5.796258855766176943e+00 6.104629470035471961e-02 6.104629470035471961e-02 -4.679117766011586799e-01
2.484828699409046493e+00 1.182933154769871598e+00 1.182933154769871598e+00 -6.105571951025581257e-01
-5.860181495355432979e+00 4.244080288886595831e-01 4.244080288886595831e-01 -4.105013567038520161e-01
-4.582362986349419742e-01 -5.648399920172475497e-01 -5.648399920172475497e-01 4.423670482900505796e-01
-6.972899540257024853e-01 -8.746545761572764865e-01 -8.746545761572764865e-01 6.421425666058681037e-01
-6.220964056676044684e+00 5.201802128200110342e-01 5.201802128200110342e-01 -6.218111017834948573e-02
1.497249876768282029e+00 -2.649221480338754819e-01 -2.649221480338754819e-01 -9.972966787140331579e-01
2.357427921394595671e+00 -7.079257062406041356e-02 -7.079257062406041356e-02 -7.062340759611773766e-01
3.660812904518712330e+00 -1.185370458992020204e+00 -1.185370458992020204e+00 4.962033056593939118e-01
2.964658745800949902e+00 -8.582007214856421928e-01 -8.582007214856421928e-01 -1.760121811479498644e-01
3.847234599083334317e+00 3.555315013455746520e-01 3.555315013455746520e-01 6.485226090800827459e-01
6.842415577440155161e-01 -3.585021494355962179e-01 -3.585021494355962179e-01 -6.320854774758312145e-01
1.043175976420011253e+00 9.583692072628569036e-02 9.583692072628569036e-02 -8.640076186836747052e-01
3.528075020690971897e+00 1.016615047529227711e+00 1.016615047529227711e+00 3.769325791213223309e-01
3.399403334284311740e+00 -6.987457108731409683e-01 -6.987457108731409683e-01 2.549642012379679801e-01
-5.406478791418806829e+00 -1.049045763193772851e+00 -1.049045763193772851e+00 -7.686362553278618392e-01
5.264415670904169176e+00 8.026809032389008447e-01 8.026809032389008447e-01 8.514634466724189110e-01
-2.480216504818619327e+00 3.676174579327793346e-01 3.676174579327793346e-01 6.142034179131166116e-01
4.494213642659765640e+00 1.137090547467329182e+00 1.137090547467329182e+00 9.762940198978534712e-01
-3.321558130126991415e-01 -5.855985527526060830e-01 -5.855985527526060830e-01 3.260817642103311931e-01
-4.151473224749071989e+00 2.946731538038835918e-01 2.946731538038835918e-01 -8.467683190695010076e-01
-4.909548861573441059e+00 -8.514483236201453309e-02 -8.514483236201453309e-02 -9.806268688457496774e-01
2.821036750576926266e+00 8.573600217498074105e-01 8.573600217498074105e-01 -3.150941948128102577e-01
-3.560810387265533450e+00 1.102149007903916234e+00 1.102149007903916234e+00 -4.070460496407769524e-01
-2.583212241274738474e+00 -5.188128435869581168e-01 -5.188128435869581168e-01 5.298132979093598260e-01
2.277106538917900380e+00 2.686452170721826960e-01 2.686452170721826960e-01 -7.607618365130589533e-01
4.439166306160384323e+00 -8.703275460186743473e-02 -8.703275460186743473e-02 9.629063046487261746e-01
-7.023056132624700965e-01 8.609688485159106008e-02 8.609688485159106008e-02 6.459794036836870035e-01
-1.588704611898035246e+00 1.071870752059571830e+00 1.071870752059571830e+00 9.998396509478186811e-01
-2.647743316776514533e+00 -1.912776531290834026e-01 -1.912776531290834026e-01 4.740187894174764383e-01
2.615304155142450071e+00 -2.133718238652143606e-01 -2.133718238652143606e-01 -5.023275568565739313e-01
-4.373148680884455075e+00 1.826565587125354995e-01 1.826565587125354995e-01 -9.430077437615542735e-01
2.108584502734046850e+00 2.883267532035624914e-01 2.883267532035624914e-01 -8.588437607678705010e-01
3.358414156175653531e+00 5.208974090549656211e-02 5.208974090549656211e-02 2.151266384154970346e-01
-2.094853335862536525e+00 -3.837950379021410896e-01 -3.837950379021410896e-01 8.657961961346847257e-01
-3.540721466582188892e+00 -1.118694550703749568e+00 -1.118694550703749568e+00 -3.886157782611776024e-01
-1.848300076767242395e+00 -3.049491863935022140e-01 -3.049491863935022140e-01 9.617422960960803069e-01
-5.363399596363579214e+00 -2.238774864361525729e-02 -2.238774864361525729e-02 -7.954717810633908925e-01
5.666981155166910256e+00 -4.865316302408815297e-01 -4.865316302408815297e-01 5.779416231479964638e-01
-8.154882510504979365e-01 -7.805142516767058503e-01 -7.805142516767058503e-01 7.280603878089346725e-01
2.177610982573673581e+00 2.668187059628546187e-01 2.668187059628546187e-01 -8.214686365711024729e-01
-2.746341255017172855e-01 -1.031840946536588088e+00 -1.031840946536588088e+00 2.711947919524526074e-01
1.874991451335700887e+00 1.431415874765691321e-01 1.431415874765691321e-01 -9.540883421862224045e-01
-3.096797430048741973e+00 -5.612928652516802064e-01 -5.612928652516802064e-01 4.478024393813723192e-02
-4.569838275191617782e-01 8.522929902640636879e-01 8.522929902640636879e-01 4.412434428166603917e-01
5.154320031096117916e+00 -2.574276989547742422e-01 -2.574276989547742422e-01 9.039274661346748951e-01
-7.332077120015512151e-01 6.539459531785629665e-01 6.539459531785629665e-01 6.692565049315106762e-01
-4.096223071271639427e+00 -1.019392272197375826e+00 -1.019392272197375826e+00 -8.161002107162352859e-01
-5.938725151565272142e+00 1.926659438432538618e-01 1.926659438432538618e-01 -3.376885936922121023e-01
-1.196072482947323046e+00 1.194837563506951916e-01 1.194837563506951916e-01 9.306087348421120398e-01
-5.289172295210176955e+00 -1.160320425620726681e-01 -1.160320425620726681e-01 -8.382211398855918816e-01
4.996977750406893293e+00 7.339834453614724197e-01 7.339834453614724197e-01 9.597771918823605475e-01
5.437254985471815516e+00 -5.477615388961384335e-01 -5.477615388961384335e-01 7.485882720222452047e-01
-5.027259355931648521e+00 2.464212072369098561e-01 2.464212072369098561e-01 -9.508365307166893876e-01
-3.981620177060203769e+00 1.169743302020499476e+00 1.169743302020499476e+00 -7.446614905821451469e-01
-2.540457269693749964e+00 7.317625139524119859e-01 7.317625139524119859e-01 5.655791820204004727e-01
-2.024568395486447514e+00 3.053682569975846306e-02 3.053682569975846306e-02 8.987999803711815838e-01
-5.825125411407195308e+00 2.212502281788379932e-01 2.212502281788379932e-01 -4.422088373064354538e-01
-1.049822848319339030e+00 1.120000431297949683e+00 1.120000431297949683e+00 8.673350664360465201e-01
4.069454659123541873e+00 -3.288239736655601542e-01 -3.288239736655601542e-01 8.003399440018347244e-01
2.105425765241587754e+00 -8.655282767311511805e-02 -8.655282767311511805e-02 -8.604574976936785191e-01
2.502057272375100894e+00 -4.950347734365393437e-01 -4.950347734365393437e-01 -5.968227081605987916e-01
2.949532110090359538e+00 -8.408951327336458004e-01 -8.408951327336458004e-01 -1.908819550555678479e-01
-4.554575368548040792e+00 -6.892467317684203287e-01 -6.892467317684203287e-01 -9.875732549222584478e-01
-1.177201629142544448e+00 5.480926800123691045e-01 5.480926800123691045e-01 9.235364246351246420e-01
4.311733401255375853e+00 1.033601533784274329e+00 1.033601533784274329e+00 9.208055015547527145e-01
3.664645026304457431e+00 -1.054170960859958983e+00 -1.054170960859958983e+00 4.995267266065914202e-01
1.734837536747736664e+00 1.077119518510452734e+00 1.077119518510452734e+00 -9.865753854259090572e-01
2.228063984080895565e+00 -9.264356809018448047e-01 -9.264356809018448047e-01 -7.916645258568418830e-01
-8.682459322739077834e-02 2.493305995492205440e-01 2.493305995492205440e-01 8.671554632750680391e-02
-1.941521349549181430e+00 6.752949415668298982e-01 6.752949415668298982e-01 9.320649211698782688e-01
2.543778033349232359e+00 6.237647936767864998e-01 6.237647936767864998e-01 -5.628374547500190062e-01
5.001504954770297218e+00 -1.051854427504693712e+00 -1.051854427504693712e+00 9.584962901368699884e-01
-7.591456419566355862e-02 -8.135667993369066764e-02 -8.135667993369066764e-02 7.584166899832980868e-02
-6.152819844641486569e+00 -1.113964985343479652e+00 -1.113964985343479652e+00 -1.299965126808345361e-01
-3.000637161646648732e+00 -6.756699473880983797e-01 -6.756699473880983797e-01 1.404891942076497702e-01
-4.868926826016676479e+00 -2.297144178153764926e-02 -2.297144178153764926e-02 -9.877729497982747908e-01
-3.936443352132998452e+00 3.310899894157537382e-02 3.310899894157537382e-02 -7.137590434433440656e-01
-3.126187565728999473e-01 -2.399266890036099165e-01 -2.399266890036099165e-01 3.075515173605851693e-01
4.822847646680557432e+00 -2.600807711412571610e-01 -2.600807711412571610e-01 9.939056418002092386e-01
-1.815051001097589989e+00 9.306428161212194627e-01 9.306428161212194627e-01 9.703178389571348594e-01
-4.840879399213489087e+00 -7.841012602019151734e-01 -7.841012602019151734e-01 -9.917564570983916639e-01
-2.248462019567413428e+00 2.542134487376217500e-01 2.542134487376217500e-01 7.790383950263718438e-01
-2.337834568082719500e-02 -8.851870683036324738e-01 -8.851870683036324738e-01 2.337621617805665450e-02
2.731112975791450737e+00 -9.863303064037539647e-01 -9.863303064037539647e-01 -3.990492046064885168e-01
-6.154947296248828970e+00 8.298713678235840607e-01 8.298713678235840607e-01 -1.278868210741294920e-01
6.663701559705259569e-02 1.205358510997847077e-01 1.205358510997847077e-01 -6.658770969136401652e-02
-1.923886789191112001e+00 3.948042155717443880e-01 3.948042155717443880e-01 9.383085158035614493e-01
2.305556438641170658e+00 -8.132567105043015943e-01 -8.132567105043015943e-01 -7.419915979706463993e-01
1.884688480205104710e+00 -1.103824858165852074e+00 -1.103824858165852074e+00 -9.511390244973758623e-01
-1.858860915369888289e+00 -1.158507819659091442e-01 -1.158507819659091442e-01 9.587955156679371926e-01
-5.961874478428331514e+00 -1.006266061888930974e+00 -1.006266061888930974e+00 -3.158105750820927593e-01
-1.805668361705561331e+00 -2.379663491614580906e-01 -2.379663491614580906e-01 9.725441291435115154e-01
-5.741826356833717782e+00 1.186212359339419598e+00 1.186212359339419598e+00 -5.153011000643200612e-01
-2.650274815853234323e+00 -1.946243328954879726e-01 -1.946243328954879726e-01 4.717882507048167251e-01
4.327986638884322446e+00 1.152360741068820138e+00 1.152360741068820138e+00 9.270227232458198019e-01
3.866616915230025597e+00 1.072963713203805680e+00 1.072963713203805680e+00 6.631536022918679274e-01
1.123441614570510616e+00 1.160480544196706765e+00 1.160480544196706765e+00 -9.015945595621583930e-01
-8.881785086072921942e-01 9.902215274576686710e-02 9.902215274576686710e-02 7.759239904759489548e-01
-1.497791761110014441e+00 -3.920304370797970117e-01 -3.920304370797970117e-01 9.973363500404265336e-01
6.015050251603105025e+00 -1.031313403654098737e+00 -1.031313403654098737e+00 2.649335947237950739e-01
1.451779719037658012e+00 4.917563062594960677e-01 4.917563062594960677e-01 -9.929258798380321549e-01
-5.561731432221040272e+00 5.662996328673874924e-01 5.662996328673874924e-01 -6.604770062218543458e-01
5.598375775030431711e+00 1.990348859540347348e-01 1.990348859540347348e-01 6.325254981096685158e-01
6.048647602083640606e+00 9.887152680583619624e-01 9.887152680583619624e-01 2.323933722231106003e-01
4.697956659438929705e+00 4.484532490950281503e-01 4.484532490950281503e-01 9.998958558637763838e-01
-2.325242505074173405e+00 -2.093030584181275744e-01 -2.093030584181275744e-01 7.286509592257798262e-01
-1.946541191483204258e+00 -4.910072281410428063e-01 -4.910072281410428063e-01 9.302345403306380156e-01
-5.680764486175293726e-01 -2.690874753057692637e-01 -2.690874753057692637e-01 5.380116116155084782e-01
2.996612351759681658e+00 -1.386235445461785343e-01 -1.386235445461785343e-01 -1.444729382270553697e-01
-1.419247787858471277e+00 -5.230488089576406097e-01 -5.230488089576406097e-01 9.885384817389495371e-01
-2.691683598367526020e+00 1.054008167875019497e+00 1.054008167875019497e+00 4.348836413509698517e-01
4.316421747306542045e+00 -4.430054761676260888e-02 -4.430054761676260888e-02 9.226239334622046151e-01
-3.490927889764779302e+00 -3.806512170065067258e-01 -3.806512170065067258e-01 -3.422732707385939821e-01
3.974565858489219394e+00 6.760137701140103150e-01 6.760137701140103150e-01 7.399346504351810294e-01
-2.987362812348036467e+00 9.371959893163743782e-01 9.371959893163743782e-01 1.536191278478433453e-01
2.717410165625597784e+00 7.276792805719405344e-01 7.276792805719405344e-01 -4.115758589147835433e-01
-5.616420914511533802e+00 -9.148410474412502769e-01 -9.148410474412502769e-01 -6.184466017363200452e-01
-4.743520602701384981e+00 -2.039396715806163218e-01 -2.039396715806163218e-01 -9.995154501824433657e-01
5.631640398603403597e+00 2.898864959045908130e-01 2.898864959045908130e-01 6.064155597226286165e-01
-2.546581489535406195e+00 -1.132108491829413310e-01 -1.132108491829413310e-01 5.605179999586957784e-01
4.543682626655582979e+00 -4.048007960530380922e-01 -4.048007960530380922e-01 9.858028042653603773e-01
-2.039815955009133042e+00 -9.882124852625863154e-01 -9.882124852625863154e-01 8.920118566045885933e-01
5.446375856917462954e+00 7.969407551279927837e-02 7.969407551279927837e-02 7.425097601556863713e-01
2.176769673051609288e+00 -7.808328030657400998e-01 -7.808328030657400998e-01 -8.219481056614872383e-01
-4.458790870996081068e-01 -1.149045709090760869e+00 -1.149045709090760869e+00 4.312511872629781196e-01
4.654687931529201350e+00 -4.383997673878293755e-01 -4.383997673878293755e-01 9.983357563033101734e-01
-2.860868180395482518e+00 2.095304004546010290e-01 2.095304004546010290e-01 2.770518348823054477e-01
5.845350127661021133e+00 4.934799472901174600e-01 4.934799472901174600e-01 4.239798435935538401e-01
3.611435695101210541e+00 -8.410510799098278589e-01 -8.410510799098278589e-01 4.527463405900136739e-01
-3.982192504900802454e+00 -3.855129611439714887e-01 -3.855129611439714887e-01 -7.450433644286457158e-01
-3.003154186854053442e+00 5.089074801950110860e-01 5.089074801950110860e-01 1.379966899257789037e-01
-5.711798741741920260e+00 -9.711193721313475802e-01 -9.711193721313475802e-01 -5.407988804156012019e-01
-8.790576582773530490e-01 4.585260477644392818e-01 4.585260477644392818e-01 7.701381226699308691e-01
3.803537826313583281e+00 1.161031696191002771e+00 1.161031696191002771e+00 6.146523624212907322e-01
-3.457729713337539756e+00 9.477900849042120157e-02 9.477900849042120157e-02 -3.108973830038159747e-01
-5.226860576922048196e+00 8.111491676228197445e-01 8.111491676228197445e-01 -8.705528579083486873e-01
5.916825490218808881e+00 -4.561657380537553763e-02 -4.561657380537553763e-02 3.582192014015360138e-01
3.242576321035564035e+00 6.604928425477087917e-01 6.604928425477087917e-01 1.008121213952928308e-01
3.158747445867588155e+00 8.281532841482512897e-01 8.281532841482512897e-01 1.715395088507440727e-02
5.540976409067312147e+00 4.573660024053927131e-01 4.573660024053927131e-01 6.759174671044673177e-01
-3.118258674704303512e+00 5.597540150782853718e-01 5.597540150782853718e-01 2.333186148344500513e-02
2.649582985006384561e-01 3.235388876422662374e-01 3.235388876422662374e-01 -2.618690221174946875e-01
-3.811122010216436706e+00 -3.230912222764793507e-01 -3.230912222764793507e-01 -6.206170178014318584e-01
5.468268521220917222e+00 1.870042330284218401e-01 1.870042330284218401e-01 7.276685221991799901e-01
-4.152790725466969590e+00 2.378481434795924887e-01 2.378481434795924887e-01 -8.474684440773552208e-01
-1.901342713834296205e+00 2.819398897165448226e-01 2.819398897165448226e-01 9.458651494111057767e-01
-1.336934549493677515e+00 5.424879180731023709e-02 5.424879180731023709e-02 9.727787384759262190e-01
4.469344160960915247e-01 -1.046966993483964270e+00 -1.046966993483964270e+00 -4.322030984325817560e-01
5.343221756242893861e+00 4.498422873070131445e-01 4.498422873070131445e-01 8.075366026476225034e-01
2.682872065684316354e-01 1.146264856470056381e+00 1.146264856470056381e+00 -2.650803057853614586e-01
-2.337333846362250167e+00 6.634297686252321746e-01 6.634297686252321746e-01 7.203167160080531373e-01
-3.951599704747749797e+00 -4.438549992966819291e-01 -4.438549992966819291e-01 -7.242920361144986607e-01
4.692293382122914025e+00 -1.032245623958359948e+00 -1.032245623958359948e+00 9.997980902602070508e-01
-2.930799614478769577e+00 -1.150151020400907997e+00 -1.150151020400907997e+00 2.092354509806051976e-01
-3.000635417991597720e+00 3.042006772701784101e-01 3.042006772701784101e-01 1.404909205692858876e-01
-1.180490188199383894e+00 -1.004150911556404457e+00 -1.004150911556404457e+00 9.247926261700685213e-01
3.482302219304814983e+00 1.193548109363079979e+00 1.193548109363079979e+00 3.341559545203948711e-01
7.666205060543420657e-01 -3.567043276351355985e-01 -3.567043276351355985e-01 -6.937050932147942328e-01
-3.928767110400846363e+00 -8.625006741318175241e-01 -8.625006741318175241e-01 -7.083616941063453076e-01
3.738761089957641559e+00 -2.930725422878086572e-01 -2.930725422878086572e-01 5.623032226261199806e-01
4.818364024843091897e+00 -6.304781122319792486e-01 -6.304781122319792486e-01 9.943898983777045286e-01
6.651527299740855881e-01 -3.673214559579379701e-01 -3.673214559579379701e-01 -6.171793113109216300e-01
-2.842400749743381638e+00 7.701637028068246682e-01 7.701637028068246682e-01 2.947481065129089473e-01
7.683341674271373378e-01 1.021671217985132829e+00 1.021671217985132829e+00 -6.949383543158451637e-01
2.443388486554139760e+00 8.690420441383477357e-01 8.690420441383477357e-01 -6.428431203576111530e-01
6.158148445166258256e-01 2.037626444062743403e-01 2.037626444062743403e-01 -5.776238740342571898e-01
6.102090057941254031e+00 8.933856924891274698e-01 8.933856924891274698e-01 1.801070198862328164e-01
-3.960739378198238292e+00 -9.655005940885272864e-01 -9.655005940885272864e-01 -7.305634410638516263e-01
2.288999218406035041e+00 -1.159373999307942160e+00 -1.159373999307942160e+00 -7.529895002135198467e-01
5.535792994783696130e+00 6.246069081464420414e-01 6.246069081464420414e-01 6.797284286100583328e-01
5.085300331996549517e+00 -2.580592787895880091e-01 -2.580592787895880091e-01 9.312706062368650839e-01
5.013879777804252313e+00 -1.502286788740592183e-01 -1.502286788740592183e-01 9.548948669208112694e-01
2.831818069717588315e+00 7.217727194779801625e-01 7.217727194779801625e-01 -3.048439573491832366e-01
4.117612173874109160e+00 8.523951947438275223e-01 8.523951947438275223e-01 8.282735801160712175e-01
-3.144048617493725661e+00 -9.938996672046606085e-01 -9.938996672046606085e-01 -2.455961434969561232e-03
-2.372548781534734363e+00 6.636815528924726593e-01 6.636815528924726593e-01 6.954485060820976283e-01
2.975935132817539852e-01 5.629241394381774288e-01 5.629241394381774288e-01 -2.932203486030985351e-01
-5.629796009489257180e+00 4.980502508703175124e-01 4.980502508703175124e-01 -6.078810895626615141e-01
4.651899213195083149e+00 9.916660339072436159e-02 9.916660339072436159e-02 9.981710518133196652e-01
2.776938056214488526e+00 -5.915519409923413185e-01 -5.915519409923413185e-01 -3.566266243918745360e-01
-1.424873189365083448e+00 3.747383126584837854e-01 3.747383126584837854e-01 9.893720979012649019e-01
3.701397911448705003e+00 -1.164167206815177158e+00 -1.164167206815177158e+00 5.310211915750737699e-01
3.126447801193352305e+00 -9.611085998950158471e-01 -9.611085998950158471e-01 -1.514427344931274996e-02
2.145764039450941851e+00 -5.504644228599195888e-01 -5.504644228599195888e-01 -8.392098609641749363e-01
-3.898278401120125469e+00 7.227224713510247422e-01 7.227224713510247422e-01 -6.865153763238238671e-01
1.082144191328849203e+00 7.034648323255763280e-01 7.034648323255763280e-01 -8.829663968774268401e-01
-5.606137612276955728e+00 9.637505683611102825e-02 9.637505683611102825e-02 -6.264946551410097708e-01
-5.233347604291430422e+00 -1.068829826636639391e+00 -1.068829826636639391e+00 -8.673424598262446938e-01
2.552474224495222543e-01 -1.143596327355129505e+00 -1.143596327355129505e+00 -2.524848225339041963e-01
-1.642248184063454630e+00 9.423067821459232274e-01 9.423067821459232274e-01 9.974484018941949248e-01
7.220238691156133370e-02 -1.588406221968758913e-01 -1.588406221968758913e-01 -7.213966919891150187e-02
-4.422232761765225284e+00 3.965108021447205644e-01 3.965108021447205644e-01 -9.581991927584252444e-01
1.764837495729464578e+00 -1.016741500228144579e+00 -1.016741500228144579e+00 -9.812330079277800099e-01
-3.341787751978655407e-01 5.712802550722517747e-01 5.712802550722517747e-01 3.279934859287864657e-01
-5.798488791783420915e+00 1.118001825340182442e-01 1.118001825340182442e-01 -4.659398527567697457e-01
1.059440996541624713e+00 4.445816032627654124e-01 4.445816032627654124e-01 -8.720820648758161875e-01
4.289191598047873200e+00 1.009505909950381808e+00 1.009505909950381808e+00 9.117805090974807625e-01
2.696682300558784107e+00 -6.532321986724584084e-01 -6.532321986724584084e-01 -4.303769622609812107e-01
-5.875721256957723959e+00 -6.170181991776085839e-01 -6.170181991776085839e-01 -3.962822763942974169e-01
6.154910885877214355e+00 -1.121854522075657723e+00 -1.121854522075657723e+00 1.279229323869690571e-01
-1.989337882173248140e+00 -3.875591597283466472e-01 -3.875591597283466472e-01 9.136826650435334596e-01
3.058819640136599460e+00 -4.865513361400252146e-01 -4.865513361400252146e-01 -8.267852771242562016e-02
-6.601032629482439518e-02 -7.921639147242776069e-01 -7.921639147242776069e-01 6.596239824382318928e-02
4.048543181744582498e+00 -9.033212935231412777e-01 -9.033212935231412777e-01 7.876284713027756901e-01
2.194118690834372387e-01 1.022416199275989035e+00 1.022416199275989035e+00 -2.176556299100203262e-01
-2.134684892472398232e+00 -6.670493682058054041e-02 -6.670493682058054041e-02 8.451831581612707645e-01
-2.407913259893898594e+00 -2.121831836280488881e-01 -2.121831836280488881e-01 6.696069048008843616e-01
-1.746625917786362336e+00 1.119623569697030030e+00 1.119623569697030030e+00 9.845817615241854170e-01
-8.329102470876348363e-01 9.573406692889137037e-01 9.573406692889137037e-01 7.398922985860566515e-01
3.019005897569378760e+00 -8.572997356745204467e-01 -8.572997356745204467e-01 -1.222799576254595261e-01
-1.947981576449988594e-01 7.531677571321127029e-01 7.531677571321127029e-01 1.935685140447193364e-01
1.659913065423120671e+00 -9.829194098601461427e-01 -9.829194098601461427e-01 -9.960317307557686739e-01
3.076418444837187849e+00 -4.526744057520774023e-01 -4.526744057520774023e-01 -6.512807871443485053e-02
-2.479358894399160018e+00 -1.577791367821190782e-02 -1.577791367821190782e-02 6.148799732857134215e-01
-5.274941492364982665e+00 2.610902160009034301e-01 2.610902160009034301e-01 -8.458964932852761631e-01
-2.777337890689115074e+00 -3.825465406977983651e-01 -3.825465406977983651e-01 3.562530517382229145e-01
2.061504421470301551e+00 -2.218202924107510743e-01 -2.218202924107510743e-01 -8.819993897524613935e-01
-3.930112108685222871e+00 -9.908757839183229832e-01 -9.908757839183229832e-01 -7.093104196508821513e-01
1.503608850084781956e+00 -7.620660872982232270e-01 -7.620660872982232270e-01 -9.977437704261493678e-01
-4.187411926945639351e+00 9.179973494763793429e-01 9.179973494763793429e-01 -8.653354425098848113e-01
2.296793585361402990e+00 -6.626473317746021108e-01 -6.626473317746021108e-01 -7.478377323742997351e-01
1.356168268011437306e-03 -2.029989076505842593e-01 -2.029989076505842593e-01 -1.356167852302420183e-03
5.447338722475825179e+00 6.023557669357437749e-01 6.023557669357437749e-01 7.418644547735885331e-01
-6.142343356388355602e+00 1.007984289473471406e-01 1.007984289473471406e-01 -1.403767782274987774e-01
-4.239817461969867196e+00 -8.461300640712390297e-01 -8.461300640712390297e-01 -8.904007362179010565e-01
4.081832634578258734e+00 -8.667153926906090433e-01 -8.667153926906090433e-01 8.076996150629991433e-01
-4.006905045446448099e+00 2.625682157301514330e-01 2.625682157301514330e-01 -7.612978563809729149e-01
1.857069260122804266e+00 -4.705732638678606916e-01 -4.705732638678606916e-01 -9.593029805656942965e-01
5.105430834013430896e+00 -7.135414426277946198e-01 -7.135414426277946198e-01 9.237483051006563084e-01
5.633391705235133884e+00 1.003360986615906558e-01 1.003360986615906558e-01 6.050220826986147937e-01
-1.426569959813149602e+00 4.280344211068778382e-01 4.280344211068778382e-01 9.896173938621469768e-01
-1.303824975086176785e+00 8.265288045447427567e-01 8.265288045447427567e-01 9.645743106485240581e-01
3.687286178082622712e-01 4.807840601321080598e-01 4.807840601321080598e-01 -3.604297956403776926e-01
2.878774811211984641e+00 -2.543083235722715107e-01 -2.543083235722715107e-01 -2.598026622829034404e-01
3.296813523874023488e+00 -3.003493200216232895e-01 -3.003493200216232895e-01 1.545983179113791517e-01
1.054295598790885080e+00 -6.028795244581462986e-01 -6.028795244581462986e-01 -8.695525817048955775e-01
-3.195327153452943048e+00 4.046142896463127414e-01 4.046142896463127414e-01 -5.370864479520371521e-02
4.293975706635615452e+00 -1.101711419275275716e+00 -1.101711419275275716e+00 9.137347948139129539e-01
3.815007453462808229e+00 2.535401976657793988e-01 2.535401976657793988e-01 6.236589553485388793e-01
-4.651837111544353753e+00 1.232951463227820454e-01 1.232951463227820454e-01 -9.981672956645826211e-01
-5.311436495457666496e-02 1.082777044988101567e+00 1.082777044988101567e+00 5.308939467130095735e-02
-4.813213687894997150e-01 1.164932030543803565e+00 1.164932030543803565e+00 4.629508194710840741e-01
-2.878627021142675879e+00 7.883219936651661985e-01 7.883219936651661985e-01 2.599453746590880687e-01
-5.579778140371081108e-01 8.789562294865558290e-01 8.789562294865558290e-01 5.294718056235800940e-01
7.885924396101060552e-01 -5.075099515601078082e-02 -5.075099515601078082e-02 -7.093618642726590151e-01
5.252823564209323948e+00 1.186064635097807685e-01 1.186064635097807685e-01 8.574851651904633609e-01
3.627449653139871444e-01 7.863688641661501499e-01 7.863688641661501499e-01 -3.548419072041844036e-01
-4.403752616951387644e+00 9.988271488695230627e-01 9.988271488695230627e-01 -9.527486734342016650e-01
3.663738045231065499e+00 1.267869660077436400e-01 1.267869660077436400e-01 4.987408049337425653e-01
-3.756871545593899242e+00 -4.224684640344730235e-01 -4.224684640344730235e-01 -5.771862914278174106e-01
-4.773908741252332888e-01 -7.134959040016592979e-01 -7.134959040016592979e-01 4.594633249747198667e-01
5.848662684027498671e+00 7.339558486355710620e-01 7.339558486355710620e-01 4.209774346035082271e-01
-5.928410860399568882e+00 -1.173817960091975143e+00 -1.173817960091975143e+00 -3.473788672111187137e-01
2.445271108477992783e+00 5.225687289366491850e-01 5.225687289366491850e-01 -6.413998976403244567e-01
-3.363927849842989204e+00 -4.350562086790096261e-01 -4.350562086790096261e-01 -2.205079380586040527e-01
1.026487003948264309e+00 4.585428168289127360e-01 4.585428168289127360e-01 -8.554851463202812756e-01
-2.654978366989657168e+00 -7.017137602340131064e-01 -7.017137602340131064e-01 4.676358702932356670e-01
-5.134465245810380551e+00 -6.236978049661801027e-01 -6.236978049661801027e-01 -9.122403538830758940e-01
-1.014239401988739075e-01 4.580837045365520055e-01 4.580837045365520055e-01 1.012501413856356225e-01
-3.780067892070847702e+00 4.912304626220542758e-01 4.912304626220542758e-01 -5.959717428811376339e-01
2.560783712194460549e+00 -4.408225027251826411e-01 -4.408225027251826411e-01 -5.487004066716054673e-01
-3.360506057978406069e+00 1.112267717928804300e+00 1.112267717928804300e+00 -2.171690885731745457e-01
2.751873233593164159e+00 3.077272942191147109e-01 3.077272942191147109e-01 -3.799288891742411689e-01
-1.574601839619744759e+00 9.518959375502589193e-01 9.518959375502589193e-01 9.999927590448085546e-01
2.722492725449077611e+00 -1.171192812928158578e+00 -1.171192812928158578e+00 -4.069384423409935225e-01
2.949601645458216126e+00 1.004574647625258388e+00 1.004574647625258388e+00 -1.908136977731917372e-01
5.916224600597157490e+00 7.366822148682850013e-02 7.366822148682850013e-02 3.587801497882954216e-01
4.168371870679443703e+00 -9.604649932392845813e-01 -9.604649932392845813e-01 8.556364257504669446e-01
-3.855178576027001203e+00 5.972498062378479577e-01 5.972498062378479577e-01 -6.545490011515616713e-01
-4.040345060745226036e+00 4.122473794095726785e-01 4.122473794095726785e-01 -7.825507840607860421e-01
6.107704448178894907e+00 -6.110458137411689528e-02 -6.110458137411689528e-02 1.745816320656905229e-01
1.655894806888154491e+00 6.384255050769649387e-02 6.384255050769649387e-02 -9.963813089389269573e-01
3.297294755719155646e+00 -9.433025083076198580e-01 -9.433025083076198580e-01 1.550737461831102060e-01
2.248470145564878564e+00 7.671440391353445687e-01 7.671440391353445687e-01 -7.790333001934857116e-01
-4.486665245685747649e+00 -1.041132323046020325e+00 -1.041132323046020325e+00 -9.746323819725852822e-01
-2.975233008222393227e+00 -5.888864036610330643e-01 -5.888864036610330643e-01 1.655933579030970937e-01
-1.800978291202695480e+00 -2.829625104333790553e-01 -2.829625104333790553e-01 9.736248950909860422e-01
-4.605076247804302803e+00 -2.414622135366142341e-01 -2.414622135366142341e-01 -9.942475123746635779e-01
-2.731096294996579132e+00 1.697414150516829423e-03 1.697414150516829423e-03 3.990644996640928532e-01
-4.859319495651625687e+00 3.019680514896856405e-01 3.019680514896856405e-01 -9.892251173152857291e-01
-2.949261405192704188e+00 9.800547378375787932e-01 9.800547378375787932e-01 1.911476755046512821e-01
-6.131923154526477404e-01 -3.566864130401659061e-02 -3.566864130401659061e-02 5.754811116806797244e-01
7.668655863926314709e-01 4.453964866237414277e-01 4.453964866237414277e-01 -6.938815937357680763e-01
3.816906520295002991e+00 -7.428395787829352725e-01 -7.428395787829352725e-01 6.251423238621245382e-01
2.090515627414792021e+00 4.904376184647545323e-01 4.904376184647545323e-01 -8.679586194338315686e-01
5.145629803302062655e+00 -8.280713076320089794e-01 -8.280713076320089794e-01 9.076099741906171747e-01
9.143268082776172534e-01 -6.077183609309860790e-01 -6.077183609309860790e-01 -7.921519013485309735e-01
3.137364052486713462e+00 6.819678408608333964e-01 6.819678408608333964e-01 -4.228588501107567038e-03
-4.316353461615809017e+00 9.405572867790625846e-01 9.405572867790625846e-01 -9.225975934682435486e-01
9.528515589501056482e-01 -5.273906171003699406e-01 -5.273906171003699406e-01 -8.150708990648555252e-01
-4.824583659523636214e+00 -2.554414673807798852e-01 -2.554414673807798852e-01 -9.937127762516287932e-01
-1.259811282886150074e+00 -7.632095580777442656e-02 -7.632095580777442656e-02 9.520326117525990117e-01
6.074071453064993520e+00 -2.811097058207980837e-01 -2.811097058207980837e-01 2.075931400416080042e-01
-1.056597192041463629e+00 -9.333794700666588895e-01 -9.333794700666588895e-01 8.706868972028192211e-01
-8.098339138162264916e-01 -7.493500035750355615e-02 -7.493500035750355615e-02 7.241726482176288338e-01
1.252429335511187958e+00 -7.196410965086709188e-01 -7.196410965086709188e-01 -9.497478421184160080e-01
-4.601433847132202715e+00 -8.575155140730086334e-01 -8.575155140730086334e-01 -9.938507916842417300e-01
3.090539903083126205e+00 1.553489313213569645e-01 1.553489313213569645e-01 -5.103057622358330575e-02
-5.787381445762777687e+00 8.505708275289693976e-01 8.505708275289693976e-01 -4.757388706075060814e-01
-4.965136414695678013e+00 -1.129040120831739547e+00 -1.129040120831739547e+00 -9.682290395747730205e-01
-3.468618625300795788e+00 1.875773838617733613e-01 1.875773838617733613e-01 -3.212280427961979323e-01
-2.251975564319761425e+00 6.367596449513075463e-01 6.367596449513075463e-01 7.768306819467944990e-01
-2.557582665869093663e+00 6.402097971090456863e-01 6.402097971090456863e-01 5.513737266506302248e-01
1.879180881917468682e+00 3.275000731119899200e-01 3.275000731119899200e-01 -9.528251324487621021e-01
1.439162312322575410e+00 -1.141525866838938752e+00 -1.141525866838938752e+00 -9.913487460074347224e-01
4.224901774500601448e+00 1.038092642919250741e+00 1.038092642919250741e+00 8.835126577456090535e-01
2.284779717804662269e+00 -5.500661053919791987e-01 -5.500661053919791987e-01 -7.557593574646436219e-01
5.064518734609036343e+00 -5.337396803193739103e-02 -5.337396803193739103e-02 9.386402949180213673e-01
4.355204763897800646e+00 -1.156930614166535864e-01 -1.156930614166535864e-01 9.368850401547685891e-01
-2.179315047683941131e+00 1.320910225834375229e-01 1.320910225834375229e-01 8.204956949064717842e-01
3.460392816562746887e+00 1.080109127324315521e+00 1.080109127324315521e+00 3.134274066610053810e-01
3.953689468607185731e+00 4.760921917389959734e-01 4.760921917389959734e-01 7.257313317674771724e-01
2.640018110961721121e+00 5.934384459471697681e-01 5.934384459471697681e-01 -4.808067348945432862e-01
1.378971847880603008e+00 4.446476009624362735e-01 4.446476009624362735e-01 -9.816580318270313743e-01
2.355681969181944169e-02 -2.634399222901393500e-01 -2.634399222901393500e-01 -2.355464104580018772e-02
-2.321889103117918296e+00 -6.870177020523796640e-01 -6.870177020523796640e-01 7.309435534474841845e-01
4.082442658572903227e+00 -5.215628879242339977e-02 -5.215628879242339977e-02 8.080591313712343071e-01
-3.490932234990193894e+00 5.761818190178891186e-02 5.761818190178891186e-02 -3.422773535111233723e-01
2.724063904140763270e+00 -2.325688925794634487e-01 -2.325688925794634487e-01 -4.055027386974052739e-01
-3.165454075039261017e+00 8.125447335779731883e-01 8.125447335779731883e-01 -2.385915719454631198e-02
-4.681376145508152398e+00 -4.032912227256595372e-01 -4.032912227256595372e-01 -9.995191405790331274e-01
4.131586438502731440e+00 1.059922950549538667e+00 1.059922950549538667e+00 8.360225684291203718e-01
1.444284081027345401e+00 3.231764775615888485e-01 3.231764775615888485e-01 -9.920079939414210290e-01
4.482533473070223096e+00 -1.227203126142399903e-01 -1.227203126142399903e-01 9.736993259257072930e-01
-1.664472692231162121e+00 1.988899870361755529e-01 1.988899870361755529e-01 9.956155768915004867e-01
-5.668695648367074291e+00 -3.899478143480924475e-01 -3.899478143480924475e-01 -5.765416140388089916e-01
-1.485434920449549168e+00 4.896774567101358500e-01 4.896774567101358500e-01 9.963589268701963375e-01
-5.871963466809284604e+00 1.007099829274056502e+00 1.007099829274056502e+00 -3.997296054106898588e-01
-1.975367748996977646e+00 3.253393063133127594e-01 3.253393063133127594e-01 9.192711804433929546e-01
1.848723145974384252e+00 -9.351358319244651440e-02 -9.351358319244651440e-02 -9.616263077853726138e-01
5.030640252449794403e+00 3.696913429686403685e-01 3.696913429686403685e-01 9.497840577299806464e-01
-2.661500858424757698e+00 -1.096023204686182861e-01 -1.096023204686182861e-01 4.618605954411337255e-01
1.001675223469768561e+00 1.074416446292686844e+00 1.074416446292686844e+00 -8.423749307473694659e-01
-4.762285003312200615e+00 3.387608302384226278e-01 3.387608302384226278e-01 -9.987554516838028640e-01
-5.915868366232461817e+00 -9.279595955549737596e-01 -9.279595955549737596e-01 -3.591126440425103650e-01
3.975057181028770259e+00 6.453193772598566635e-01 6.453193772598566635e-01 7.402650633488477849e-01
-5.825704759569542368e+00 3.560245079483759234e-01 3.560245079483759234e-01 -4.416891387367550825e-01
-1.259234282059775722e+00 -1.004369016289091254e+00 -1.004369016289091254e+00 9.518558930035518895e-01
-3.143079676875006889e+00 9.493731201070414460e-01 9.493731201070414460e-01 -1.487022737186583432e-03
1.993582911519503398e+00 1.930902042715005873e-01 1.930902042715005873e-01 -9.119491376426667184e-01
9.895968015912348648e-01 8.200574055708509391e-03 8.200574055708509391e-03 -8.358046797718879928e-01
1.282930846453431251e+00 -3.376938143025273176e-01 -3.376938143025273176e-01 -9.588520627329232271e-01
2.513039245776017339e+00 -4.793527129176589074e-01 -4.793527129176589074e-01 -5.879752556395836383e-01
-2.857796080278979023e+00 2.426966565995156699e-01 2.426966565995156699e-01 2.800023655375368792e-01
-1.076355827049900071e+00 -9.964344693627853466e-01 -9.964344693627853466e-01 8.802343524194239377e-01
-4.848403158824437398e+00 -6.478849278389945399e-01 -6.478849278389945399e-01 -9.907643230366686149e-01
5.877529791276169036e+00 3.800295062351088937e-02 3.800295062351088937e-02 3.946211619106992363e-01
4.509849351385266658e-01 1.061201117299026775e+00 1.061201117299026775e+00 -4.358522049799160580e-01
1.170553628510641708e+00 -7.387067454115485710e-01 -7.387067454115485710e-01 -9.209664557138994567e-01
-2.684270678718019276e+00 -6.533159007651734296e-01 -6.533159007651734296e-01 4.415468667725548357e-01
2.530488868549205961e+00 -5.573568634355408058e-01 -5.573568634355408058e-01 -5.737718261633766303e-01
4.498263224873936039e+00 -2.029089118111524481e-01 -2.029089118111524481e-01 9.771625386434105165e-01
4.676477734888910831e+00 -6.021513373487700216e-01 -6.021513373487700216e-01 9.993552605168851688e-01
3.081690078665005217e+00 2.376672259154850586e-01 2.376672259154850586e-01 -5.986675643234008054e-02
-3.590765471231079253e+00 1.088224141093451669e+00 1.088224141093451669e+00 -4.342205514297810542e-01
-9.505070450483064093e-01 6.196164194282438586e-01 6.196164194282438586e-01 8.137103397445344388e-01
5.326704862264369567e+00 7.342150936577520604e-01 7.342150936577520604e-01 8.171679635176354317e-01
3.245616903617253968e+00 -2.232538890989148594e-01 -2.232538890989148594e-01 1.038367429992503171e-01
