-6.153200087628181159e+00 9.745514394375631717e-02 9.745514394375631717e-02 -1.296194868759368568e-01
-6.418681318451300299e-01 -9.699738375257297429e-01 -9.699738375257297429e-01 5.986928190381427539e-01
-1.869565140647914347e+00 -8.810488399291571682e-02 -8.810488399291571682e-02 9.556996053596151786e-01
5.647755744078054363e+00 -1.026317981252162781e+00 -1.026317981252162781e+00 5.935232887121912881e-01
-2.399752057351771217e+00 5.817331932881391054e-01 5.817331932881391054e-01 6.756459911376587746e-01
4.361177881297180647e+00 3.357217107497132424e-01 3.357217107497132424e-01 9.389567408096354262e-01
-1.325370220463134352e+00 3.311213905455807627e-01 3.311213905455807627e-01 9.700338821176922588e-01
3.979232683700420381e+00 1.387969912922142335e-01 1.387969912922142335e-01 7.430658556334754916e-01
4.360483465856580310e+00 -1.125075962108003536e+00 -1.125075962108003536e+00 9.387176110651394012e-01
1.278742408689899079e+00 9.157004872868694800e-01 9.157004872868694800e-01 -9.576545322600209520e-01
6.042111658040765221e+00 -9.455950609222685266e-02 -9.455950609222685266e-02 2.387453654044144891e-01
-5.750130752848997773e+00 -8.547237168352486147e-01 -8.547237168352486147e-01 -5.081664697926523422e-01
1.688373581930297185e+00 -1.022209735759746385e+00 -1.022209735759746385e+00 -9.930957539662066402e-01
3.315506662706400931e+00 -5.379873669314779727e-01 -5.379873669314779727e-01 1.730386310904289959e-01
-9.591099264275415592e-01 1.212978316560258119e-01 1.212978316560258119e-01 8.186807688910791025e-01
-1.419914824614767923e+00 1.102009017622363141e+00 1.102009017622363141e+00 9.886389637532055907e-01
-5.728163618189803685e+00 -6.667092001251249123e-01 -6.667092001251249123e-01 -5.269617335613250297e-01
-2.451305501570026024e+00 -7.667812345021126630e-01 -7.667812345021126630e-01 6.367586208266236003e-01
3.238388781544681905e+00 6.952177568865822721e-01 6.952177568865822721e-01 9.664504368632716169e-02
5.767235716494692355e+00 -6.338188410969807229e-01 -6.338188410969807229e-01 4.933610487092801589e-01
-5.321398509374170693e+00 6.300072607482458675e-01 6.300072607482458675e-01 -8.202150243140329255e-01
-3.453292575707770151e+00 -1.093072271291768649e+00 -1.093072271291768649e+00 -3.066770877936541018e-01
-4.961238441184258718e+00 -5.295295973621613195e-01 -5.295295973621613195e-01 -9.691964283070962916e-01
5.396939541769549820e+00 -1.115136714931135975e+00 -1.115136714931135975e+00 7.747033165500853968e-01
-2.553289617102869613e-01 -3.451516292939922348e-01 -3.451516292939922348e-01 2.525637191528983250e-01
3.717031047920755782e+00 8.221683724658153114e-01 8.221683724658153114e-01 5.442026355601351506e-01
-3.214624044386181101e+00 7.189050438227202466e-01 7.189050438227202466e-01 -7.296648826354627804e-02
1.918625659195358324e+00 6.540857022340347271e-01 6.540857022340347271e-01 -9.401148163571784178e-01
-1.704271264205845071e+00 -8.847717139622228721e-01 -8.847717139622228721e-01 9.911054374463358352e-01
-2.682514364067076773e+00 9.806097071764658946e-01 9.806097071764658946e-01 4.431220175292061025e-01
-5.488114170483878951e+00 3.009424767141986035e-01 3.009424767141986035e-01 -7.139134190730770380e-01
-3.651861084391492707e+00 -9.443025544775588420e-01 -9.443025544775588420e-01 -4.884115008001313485e-01
2.648144877303083788e+00 -8.682459417752899089e-01 -8.682459417752899089e-01 -4.736651712509434842e-01
2.169616500267897763e+00 8.893202291826218797e-02 8.893202291826218797e-02 -8.260012204938510516e-01
-4.676413935195871119e+00 -8.107409264296283613e-01 -8.107409264296283613e-01 -9.993529678489736501e-01
-3.084644518052119810e+00 2.085347547526346101e-01 2.085347547526346101e-01 5.691735920579777536e-02
-2.252334344282718170e+00 -3.251270091405558116e-01 -3.251270091405558116e-01 7.766047047919503177e-01
-6.181271016450244460e+00 3.418566712709067978e-01 3.418566712709067978e-01 -1.017379598125909002e-01
3.662550978599115936e+00 8.251635712059735006e-02 8.251635712059735006e-02 4.977115623758269769e-01
7.514767112229971957e-01 -4.003092858160419709e-01 -4.003092858160419709e-01 -6.827185095785217595e-01
2.135578098096907240e+00 -5.492111194611656311e-01 -5.492111194611656311e-01 -8.447054234075925816e-01
-4.760942604514854182e+00 1.149938817452540452e-01 1.149938817452540452e-01 -9.988215043400223703e-01
-3.926406490920808068e+00 -5.038372835847090281e-01 -5.038372835847090281e-01 -7.066934795698722738e-01
6.035984033819604022e+00 -1.010358888452487669e+00 -1.010358888452487669e+00 2.446912728471370979e-01
3.317294119898503979e+00 -9.989152401553713645e-01 -9.989152401553713645e-01 1.747988471918965336e-01
-2.542998549528297403e+00 9.327853654707385367e-02 9.327853654707385367e-02 5.634815797682910521e-01
-3.696194046414129630e+00 -5.983143615977023488e-01 -5.983143615977023488e-01 -5.266044819357825757e-01
-2.877182403432563262e-01 -7.589623528788425055e-01 -7.589623528788425055e-01 2.837650003912733365e-01
1.177656554800243782e+00 -5.682154014787236251e-01 -5.682154014787236251e-01 -9.237107979293219806e-01
1.357599091409632308e+00 -1.081521839074170988e-01 -1.081521839074170988e-01 -9.773594216261209944e-01
-3.341698620060516767e+00 -5.929953465588544415e-01 -5.929953465588544415e-01 -1.987731838757764435e-01
-3.989460833693891484e+00 -3.983375373308387646e-01 -3.983375373308387646e-01 -7.498717338497508100e-01
-4.032669712328109668e-01 1.831437639441597653e-01 1.831437639441597653e-01 3.924253385782149883e-01
2.652345772377808331e+00 -4.902677193529045852e-01 -4.902677193529045852e-01 -4.699612533142215054e-01
1.349813631724926744e+00 4.369876319363521500e-01 4.369876319363521500e-01 -9.756825249834273350e-01
3.057379621326496988e+00 -3.631564707020913385e-01 -3.631564707020913385e-01 -8.411353006699578971e-02
5.887950791829972275e+00 8.713504423282023570e-01 8.713504423282023570e-01 3.850246350865109135e-01
-9.210904419847372182e-01 -2.208592586665056867e-01 -2.208592586665056867e-01 7.962617586289869598e-01
4.212088404799667174e+00 -5.959984607505441900e-02 -5.959984607505441900e-02 8.774384186379043937e-01
2.254339356949525808e+00 5.681570922805374568e-01 5.681570922805374568e-01 -7.753400103123959664e-01
1.633976292430865840e+00 1.185206811169032148e+00 1.185206811169032148e+00 -9.980048097883387204e-01
-2.589222856989573440e+00 -1.060372107176053014e-01 -1.060372107176053014e-01 5.247060690653452264e-01
2.033857824547684601e+00 -8.040715696287881187e-01 -8.040715696287881187e-01 -8.946891542738277803e-01
-3.574333758744192568e+00 7.681775227862666089e-01 7.681775227862666089e-01 -4.193608038994551812e-01
-1.072455413890261333e+00 -4.001391776048920379e-01 -4.001391776048920379e-01 8.783767624463214574e-01
6.106007649056239828e+00 5.204535466040991487e-01 5.204535466040991487e-01 1.762521208182609156e-01
-2.927135313453595344e+00 -8.133277127815570218e-01 -8.133277127815570218e-01 2.128172310365391007e-01
-1.244732535573180421e+00 -6.878338077376050519e-01 -6.878338077376050519e-01 9.473105123902131330e-01
-3.281027964361933336e+00 -6.907883414810825906e-01 -6.907883414810825906e-01 -1.389839281193081255e-01
-5.047458294447093152e+00 7.057938166126958013e-01 7.057938166126958013e-01 -9.443875190372233996e-01
3.143554874808852873e+00 -7.710380434659711568e-01 -7.710380434659711568e-01 1.962219959865855491e-03
-1.744752492409294753e+00 -8.165099897778596016e-01 -8.165099897778596016e-01 9.849077424586064611e-01
2.774178183214406346e-01 3.590229567563585356e-02 3.590229567563585356e-02 -2.738731102544471052e-01
-3.995573728386468737e+00 -1.116238537885908100e+00 -1.116238537885908100e+00 -7.539018869708609127e-01
-1.970629285101801464e+00 1.697321102144297988e-01 1.697321102144297988e-01 9.211260302516551812e-01
-3.020518465066185154e+00 -7.060497904877618414e-01 -7.060497904877618414e-01 1.207786016597840878e-01
-5.402543435642628289e+00 2.329821337478286125e-01 2.329821337478286125e-01 -7.711476892832430652e-01
-7.513211766738780995e-01 6.391025843407429630e-01 6.391025843407429630e-01 6.826048551053980340e-01
-3.110543210390583901e+00 2.851304242409169465e-01 2.851304242409169465e-01 3.104445447765293367e-02
5.959360626274451178e+00 8.622947987179057083e-01 8.622947987179057083e-01 3.181947735768529961e-01
-4.230151716059481259e+00 5.734391507787626185e-01 5.734391507787626185e-01 -8.859595817057482892e-01
1.326470696577172426e+00 -7.951048706309413738e-01 -7.951048706309413738e-01 -9.703006770192743602e-01
-4.596291382703646455e+00 -1.036541007263703795e+00 -1.036541007263703795e+00 -9.932682402588610682e-01
1.774654179998730541e+00 7.055031257777486520e-01 7.055031257777486520e-01 -9.792928494563277741e-01
3.739400498575600196e+00 7.347974153596048552e-02 7.347974153596048552e-02 5.628318545310305732e-01
-3.291354689228553010e+00 -2.969856896349878372e-01 -2.969856896349878372e-01 -1.492028359667266768e-01
-5.890139561217909048e+00 -1.047741498194547649e+00 -1.047741498194547649e+00 -3.830036853811673581e-01
4.544054031938662419e+00 1.060114895124129264e+00 1.060114895124129264e+00 9.858650978969657475e-01
5.725233175185762136e-01 8.980178174488167020e-01 8.980178174488167020e-01 -5.417547120059895693e-01
-5.119377875275966439e+00 1.088633210342977664e+00 1.088633210342977664e+00 -9.183169179354572220e-01
3.816483002935253666e-01 7.995139887527218381e-01 7.995139887527218381e-01 -3.724506830355985842e-01
-5.191491853519608846e+00 -5.980279949250777438e-01 -5.980279949250777438e-01 -8.874088402848565593e-01
3.066715878930095229e+00 7.977377991660594692e-01 7.977377991660594692e-01 -7.480682777271160933e-02
-2.697948175261541959e+00 -8.554287577066554960e-02 -8.554287577066554960e-02 4.292339768875112482e-01
-1.713751731151704760e-01 7.190553795714309526e-01 7.190553795714309526e-01 1.705375383435500380e-01
-5.355552774989286391e+00 -2.406989310279304961e-01 -2.406989310279304961e-01 -8.002023429970304136e-01
4.506752135038125218e+00 -1.039041852602145655e+00 -1.039041852602145655e+00 9.789311451899175287e-01
1.073473609632016768e+00 -4.989308831584692294e-01 -4.989308831584692294e-01 -8.788629729378611977e-01
-6.206766883256164213e+00 -7.399333862303095755e-01 -7.399333862303095755e-01 -7.634406789771509827e-02
-5.259612979955683443e-01 -4.282651239340936611e-01 -4.282651239340936611e-01 5.020446071323755310e-01
-1.224100094288527174e-01 -5.533576186078706938e-01 -5.533576186078706938e-01 1.221045354934161831e-01
-3.558210466470829392e+00 8.631470021334781695e-01 8.631470021334781695e-01 -4.046698890726312392e-01
9.948010182484123831e-01 -8.916274786937242736e-01 -8.916274786937242736e-01 -8.386506034266602017e-01
7.669890742504410497e-01 9.285013244905584440e-01 9.285013244905584440e-01 -6.939705107072267065e-01
3.027064910298923550e+00 -3.099470663948882265e-01 -3.099470663948882265e-01 -1.142775382636245646e-01
4.454510915873182597e+00 -7.428408855914814257e-01 -7.428408855914814257e-01 9.669333104337276552e-01
-2.118321863876784228e+00 1.423633366785870269e-01 1.423633366785870269e-01 8.538152809170768132e-01
-2.341231528075275570e+00 -3.303512542171033184e-01 -3.303512542171033184e-01 7.176076426871444980e-01
-5.650752331520401128e+00 7.934614792123717564e-02 7.934614792123717564e-02 -5.911089235802456932e-01
-3.398945021757036056e+00 -1.135750950382698798e+00 -1.135750950382698798e+00 -2.545210089515816954e-01
-4.729994148676301080e+00 5.318930157605716857e-02 5.318930157605716857e-02 -9.998450330273378484e-01
-4.854064215522198467e+00 1.037488161250009311e+00 1.037488161250009311e+00 -9.899808393160476339e-01
1.748287192520603384e+00 -1.237224898265771866e-01 -1.237224898265771866e-01 -9.842898045378605243e-01
1.694623966389559477e+00 -6.196767639554180418e-01 -6.196767639554180418e-01 -9.923431490643078723e-01
-5.112247247693378682e+00 1.037432596127019879e+00 1.037432596127019879e+00 -9.211161780611932803e-01
-2.357571749749918677e+00 -2.474486447159305325e-01 -2.474486447159305325e-01 7.061322412863305642e-01
-1.906512429589302116e+00 -1.858088454772890419e-01 -1.858088454772890419e-01 9.441746349831938723e-01
2.710245481703337234e+00 1.064716966686951594e-01 1.064716966686951594e-01 -4.180949568789936732e-01
3.057816034744952560e+00 -1.129700445554181698e+00 -1.129700445554181698e+00 -8.367865522396075728e-02
6.091888351581408401e+00 9.596149828460664999e-02 9.596149828460664999e-02 1.901323516704455097e-01
1.704763071273541541e+00 8.526037796480216979e-01 8.526037796480216979e-01 -9.910398684102798006e-01
2.366591696915438803e+00 -5.785563969831524211e-01 -5.785563969831524211e-01 -6.997167588145648542e-01
-4.371734497461897462e+00 4.743426234124168417e-01 4.743426234124168417e-01 -9.425362020236687233e-01
-3.971694669718913495e+00 -6.473115387829363465e-01 -6.473115387829363465e-01 -7.380002154825897609e-01
-5.057541920242667466e+00 2.304764279967765894e-01 2.304764279967765894e-01 -9.410237178487680376e-01
3.207936448415512842e+00 -7.972722054056498031e-01 -7.972722054056498031e-01 6.629513684302351662e-02
5.770468583914590610e+00 -1.163624827790466609e+00 -1.163624827790466609e+00 4.905464477588616368e-01
3.237968622970633703e+00 4.562987302705465709e-01 4.562987302705465709e-01 9.622684339353401728e-02
3.975053944552064067e+00 -7.916320103839058486e-01 -7.916320103839058486e-01 7.402628874127086256e-01
1.302854642604495794e+00 -9.748218643860853128e-01 -9.748218643860853128e-01 -9.643178719252809561e-01
-3.861209988331355092e+00 1.172064422727728816e+00 1.172064422727728816e+00 -6.590969337671190864e-01
-8.822692662127122887e-01 5.550937075267552423e-01 5.550937075267552423e-01 7.721827587362367629e-01
-5.634377101349260286e+00 2.583138648588569897e-01 2.583138648588569897e-01 -6.042372081356895963e-01
3.269600255122457000e+00 -1.392001438371883726e-01 -1.392001438371883726e-01 1.276583002283440682e-01
-4.280411434687586336e+00 -4.598541913554483607e-01 -4.598541913554483607e-01 -9.081395918109251841e-01
2.766699335687917483e+00 7.556530168814745707e-03 7.556530168814745707e-03 -3.661732584965229909e-01
6.211185534214903825e+00 -7.555339100842853872e-01 -7.555339100842853872e-01 7.193758167522570912e-02
4.091077626363571085e+00 9.890415466141770917e-01 9.890415466141770917e-01 8.131158142940442257e-01
1.326212546289736061e+00 1.091553674792131057e+00 1.091553674792131057e+00 -9.702381976080463044e-01
5.044588810921903033e+00 -8.090539282943550736e-01 -8.090539282943550736e-01 9.453272152852282284e-01
2.729368305733910205e+00 -4.314866053764420117e-01 -4.314866053764420117e-01 -4.006483359340786699e-01
3.076128934836971140e+00 1.097315376087818484e+00 1.097315376087818484e+00 -6.541697132628958300e-02
-3.346290369241251117e+00 -5.668597228956717693e-01 -5.668597228956717693e-01 -2.032711957968379168e-01
3.656837650259188166e-01 1.179096155656608191e+00 1.179096155656608191e+00 -3.575879321418333756e-01
-3.862747306421238314e+00 -3.129963853818713559e-01 -3.129963853818713559e-01 -6.602523068390232508e-01
3.826875688315553248e+00 4.864727642996715673e-01 4.864727642996715673e-01 6.328921736547846733e-01
-4.818036638564315410e+00 6.633073080161029367e-01 6.633073080161029367e-01 -9.944244749575937847e-01
3.170621801229556169e+00 -8.176188622617153179e-02 -8.176188622617153179e-02 2.902507070930747390e-02
-5.028729518600991710e-01 2.402855447450313875e-01 2.402855447450313875e-01 4.819448090369840010e-01
-2.363753666281489085e+00 2.011205117038548096e-01 2.011205117038548096e-01 7.017414850694950745e-01
4.397050491438198705e+00 -4.305168537765968750e-01 -4.305168537765968750e-01 9.506914549964681216e-01
1.307132367973307119e+00 -5.543608490353819640e-01 -5.543608490353819640e-01 -9.654415609966445766e-01
-8.256021039799055217e-01 -5.248426920812989671e-01 -5.248426920812989671e-01 7.349562109239804464e-01
-3.825214011422494398e+00 9.234549439540518101e-02 9.234549439540518101e-02 -6.316047638548893950e-01
2.228918650060675688e+00 3.986076864414316301e-01 3.986076864414316301e-01 -7.911420734436812596e-01
-5.851899402770426306e-01 -6.152248983350295797e-01 -6.152248983350295797e-01 5.523577278729088214e-01
-4.785562107750154226e+00 3.011402716374464994e-01 3.011402716374464994e-01 -9.973240410275552303e-01
-4.856201506076534891e+00 -5.202832358808989754e-01 -5.202832358808989754e-01 -9.896767892313763637e-01
-3.553041984914838469e+00 8.465007889817186548e-01 8.465007889817186548e-01 -3.999381208048450320e-01
2.609014905728930245e-01 -3.231432828792284440e-01 -3.231432828792284440e-01 -2.579516387664013144e-01
1.679292584676135291e+00 3.425608796806181022e-01 3.425608796806181022e-01 -9.941200523625677299e-01
2.263686794419035309e+00 -9.291555844111232254e-01 -9.291555844111232254e-01 -7.694029056402690303e-01
-5.136351607090076321e+00 1.088911375454471253e+00 1.088911375454471253e+00 -9.114659732410177462e-01
-4.357608574488075703e+00 7.765795976508946818e-01 7.765795976508946818e-01 -9.377227950059424666e-01
4.286105732486932496e+00 -1.141488210471433007e-01 -1.141488210471433007e-01 9.105088732077741831e-01
4.031729910529074701e+00 -4.791345785029538229e-01 -4.791345785029538229e-01 7.771581313750581810e-01
5.775825010509283430e-01 2.028287969791204848e-01 2.028287969791204848e-01 -5.460001897767513546e-01
5.470950686042888478e+00 7.321563101521544326e-02 7.321563101521544326e-02 7.258261324851221774e-01
5.749631951167129884e+00 -1.056312782141978657e+00 -1.056312782141978657e+00 5.085960039303881741e-01
-2.076151092877897675e+00 1.068846591441292349e+00 1.068846591441292349e+00 8.750027808849912825e-01
-2.587580446340613349e+00 4.017604893994652926e-02 4.017604893994652926e-02 5.261035177676468555e-01
-3.677191160028531858e+00 1.062300539252818421e-01 1.062300539252818421e-01 -5.103558243965569119e-01
-1.692272460158556591e+00 -4.038304945502108056e-01 -4.038304945502108056e-01 9.926308430850494524e-01
-4.145950634167776983e+00 -1.743133004685490928e-01 -1.743133004685490928e-01 -8.438176137163366786e-01
-5.522586028519987700e+00 -9.093487624081765253e-01 -9.093487624081765253e-01 -6.893557001296294340e-01
2.844029758198608704e+00 -1.052829764343232499e+00 -1.052829764343232499e+00 -2.931910763879136406e-01
1.249648866256182878e+00 -7.801607343768764968e-01 -7.801607343768764968e-01 -9.488738405337602266e-01
-1.166693874837132938e+00 -7.651977620947478798e-01 -7.651977620947478798e-01 9.194556776742982551e-01
3.162091408570834261e+00 -7.400532589791675164e-03 -7.400532589791675164e-03 2.049731941862949908e-02
-5.862113866740603640e-02 7.548465551415086683e-01 7.548465551415086683e-01 5.858756978536419635e-02
-3.366190925369954012e+00 1.192250451409102796e+00 1.192250451409102796e+00 -2.227147418378633836e-01
-1.915646083177499293e+00 -1.181558378191402303e+00 -1.181558378191402303e+00 9.411262538769872288e-01
4.185363650789572176e+00 7.393755553874774566e-01 7.393755553874774566e-01 8.643070460236377262e-01
-1.254538462744872795e+00 6.705178924991277434e-01 6.705178924991277434e-01 9.504059198301980649e-01
-3.772230934739296604e+00 6.589994448398506233e-01 6.589994448398506233e-01 -5.896603866244701786e-01
-5.605633059424550702e+00 2.963873557339236076e-01 2.963873557339236076e-01 -6.268878368481803909e-01
6.066313809247898092e+00 -7.336867498574592972e-01 -7.336867498574592972e-01 2.151754629094580207e-01
6.555603295281375864e-01 -7.432758131333579987e-01 -7.432758131333579987e-01 -6.096035158488939398e-01
-5.251790789773931323e+00 -4.618473977079171622e-01 -4.618473977079171622e-01 -8.580160792105373524e-01
-5.669132681217255332e+00 -6.831889158590310762e-01 -6.831889158590310762e-01 -5.761844735277087404e-01
5.743121411226699280e+00 8.999899108754332300e-01 8.999899108754332300e-01 5.141907947170415438e-01
-2.595016790648605465e-01 -8.860417910727881319e-01 -8.860417910727881319e-01 2.565989476348694565e-01
-2.678767073627911888e+00 1.125533179783954507e+00 1.125533179783954507e+00 4.464781993603546550e-01
6.433018237421705976e-02 -1.178618912751742798e+00 -1.178618912751742798e+00 -6.428582117954781405e-02
4.288735384248957061e+00 -5.963821600570679005e-01 -5.963821600570679005e-01 9.115930573132450254e-01
2.171142680561962024e+00 3.228348656213808621e-01 3.228348656213808621e-01 -8.251399993618685480e-01
1.129467967975455345e+00 3.077323819033139785e-02 3.077323819033139785e-02 -9.041850647075461156e-01
1.689623542480690688e+00 3.971364862474646706e-02 3.971364862474646706e-02 -9.929483496547479859e-01
-4.029661517992041198e+00 -7.199049811495026319e-01 -7.199049811495026319e-01 -7.758548193516945357e-01
-6.251078109308148001e-01 -8.977697294960140795e-01 -8.977697294960140795e-01 5.851847002287127175e-01
-5.786827215483260289e+00 1.172558217143260029e+00 1.172558217143260029e+00 -4.762262910242142100e-01
-5.389359158930062677e+00 1.094429949060773621e+00 1.094429949060773621e+00 -7.794742774455203360e-01
6.764035004490125402e-01 -8.403686681075609455e-01 -8.403686681075609455e-01 -6.259924234589457903e-01
-4.114066877919971610e+00 8.036844483882001899e-01 8.036844483882001899e-01 -8.262818648795855481e-01
5.873123003070487513e+00 -3.778269331334015435e-01 -3.778269331334015435e-01 3.986664676065263535e-01
-1.732941845771278189e+00 9.301186332969260118e-01 9.301186332969260118e-01 9.868831911753476183e-01
-2.589125243871714943e-01 -8.434065360012723556e-01 -8.434065360012723556e-01 2.560294745534621441e-01
-1.040428082605555637e+00 4.680701242906450954e-01 4.680701242906450954e-01 8.626208523036008602e-01
-5.623639928657772735e+00 -2.179193864805013536e-01 -2.179193864805013536e-01 -6.127576411900608200e-01
-4.024520897857120971e+00 -3.564336938584912184e-01 -3.564336938584912184e-01 -7.726013060260480403e-01
-5.011730421084909182e+00 8.435685977194842255e-01 8.435685977194842255e-01 -9.555308995270302974e-01
5.005106264324114207e+00 -9.820405339699066483e-01 -9.820405339699066483e-01 9.574633254222753020e-01
5.699731051138378746e+00 -3.691673180514554176e-03 -3.691673180514554176e-03 5.509100177316910152e-01
-6.340582135629624361e-02 9.067136523330774356e-01 9.067136523330774356e-01 6.336334484422113944e-02
4.856792149750496890e+00 5.455627192711882678e-01 5.455627192711882678e-01 9.895919671413714314e-01
5.606612478329143556e+00 -5.421072474493785487e-01 -5.421072474493785487e-01 6.261244617055210515e-01
7.363419565524544907e-01 -1.467484266112339952e-02 -1.467484266112339952e-02 -6.715820561669788580e-01
-7.738223811956670417e-01 5.255585410636915977e-01 5.255585410636915977e-01 6.988742747189529148e-01
-6.959400842035003976e-01 -1.172580011072628325e+00 -1.172580011072628325e+00 6.411071916043349361e-01
-4.387153798953095318e+00 -6.621134793588004941e-01 -6.621134793588004941e-01 -9.475756047107037894e-01
1.448048478387938154e+00 -6.294291005032537356e-01 -6.294291005032537356e-01 -9.924759370864770780e-01
-1.698018508164553353e+00 -9.429871529460308599e-01 -9.429871529460308599e-01 9.919181678078488051e-01
3.322257910094013056e-01 5.051019786013952739e-01 5.051019786013952739e-01 -3.261479165211128572e-01
-4.698178030753114243e+00 1.036077464529794101e+00 1.036077464529794101e+00 -9.998990261546164549e-01
-3.919630379067762682e+00 1.133434118017127679e+00 1.133434118017127679e+00 -7.018830585768957020e-01
-6.094951157837691369e+00 5.771101045967725884e-01 5.771101045967725884e-01 -1.871245286003404285e-01
3.095100393430698205e+00 1.118473941021596252e+00 1.118473941021596252e+00 -4.647551289802585861e-02
-2.736612649474725156e+00 5.811098292857417302e-01 5.811098292857417302e-01 3.940003820262359402e-01
-1.827076249568266419e+00 5.335328889601342883e-01 5.335328889601342883e-01 9.673396485197237604e-01
5.140347123047046551e-01 3.715243704283999193e-01 3.715243704283999193e-01 -4.916945368433058849e-01
-4.989436568508192948e+00 -9.309116802878704133e-01 -9.309116802878704133e-01 -9.618671641942031503e-01
-5.121669036698742516e+00 1.158353472106605997e+00 1.158353472106605997e+00 -9.174075613801335738e-01
5.516544153947602780e+00 2.462937219625398466e-01 2.462937219625398466e-01 6.937199643855529452e-01
-3.958672631756102955e+00 -4.968031976340127054e-01 -4.968031976340127054e-01 -7.291506146718582659e-01
-7.835684339621069583e-01 -5.187396473924379414e-01 -5.187396473924379414e-01 7.058117841524764735e-01
-4.324204847423579245e+00 6.692305919080132615e-01 6.692305919080132615e-01 -9.255979062047914319e-01
3.726798987432520249e-01 -2.786082492246731990e-01 -2.786082492246731990e-01 -3.641126733216226707e-01
-4.947008621153414332e+00 -1.119609482700382186e+00 -1.119609482700382186e+00 -9.726028349611317569e-01
-1.489496811608186810e+00 -1.111764858235932962e-01 -1.111764858235932962e-01 9.966970143041955499e-01
4.185355942012291663e+00 2.246461686844591910e-01 2.246461686844591910e-01 8.643031687563251797e-01
-1.403960906257232466e+00 -2.226546244554865606e-01 -2.226546244554865606e-01 9.861152219068535230e-01
2.663384981414290920e+00 -3.459875341347831146e-01 -3.459875341347831146e-01 -4.601886489938539215e-01
3.536766478498403643e+00 -7.809256840484117834e-01 -7.809256840484117834e-01 3.849686227873764799e-01
3.245997057720517276e+00 -9.301607572338672636e-01 -9.301607572338672636e-01 1.042148346121473529e-01
-5.263518303998719894e+00 9.614690878903833227e-01 9.614690878903833227e-01 -8.519336955117740029e-01
5.482744052957317038e+00 7.018074430920229201e-01 7.018074430920229201e-01 7.176634458302182384e-01
-2.811920099054265876e-01 -5.157348080805435053e-02 -5.157348080805435053e-02 2.775010395598165314e-01
1.596678504531377385e+00 -1.179020072163982968e+00 -1.179020072163982968e+00 -9.996650751352560427e-01
-3.460804933041607967e-01 1.346046335156525497e-01 1.346046335156525497e-01 3.392133053586865454e-01
-3.803024891595097490e+00 1.035504293995579639e+00 1.035504293995579639e+00 -6.142476796395118788e-01
2.290940521680068898e+00 7.076206088372725134e-01 7.076206088372725134e-01 -7.517106414283308835e-01
-5.010611052375413266e+00 -3.968079544062216302e-01 -3.968079544062216302e-01 -9.558603925792276135e-01
3.572781471241542661e+00 -2.273788135147082334e-01 -2.273788135147082334e-01 4.179511021236347323e-01
-6.224067732802377684e+00 9.405981235779792282e-01 9.405981235779792282e-01 -5.908314551440188578e-02
1.234129494573433128e+00 -5.469005543232108302e-02 -5.469005543232108302e-02 -9.438609948993479382e-01
2.207053822628356698e+00 9.163143365262833573e-01 9.163143365262833573e-01 -8.043251418890936533e-01
2.987942111413550705e-01 -5.491476098761989277e-01 -5.491476098761989277e-01 -2.943680580132889135e-01
-2.471746257711300743e+00 6.237400799552133002e-01 6.237400799552133002e-01 6.208655814727850331e-01
-5.065819153024542665e+00 5.603635376382212208e-01 5.603635376382212208e-01 -9.381909901126564977e-01
8.655457889012208028e-02 4.006812194984208375e-01 4.006812194984208375e-01 -8.644654594607772968e-02
2.820844652899875626e+00 -1.263058444382836321e-01 -1.263058444382836321e-01 -3.152765012967441716e-01
4.512640114491034637e+00 -1.886290936528542961e-01 -1.886290936528542961e-01 9.801164395799789597e-01
-5.295631727600726535e+00 7.772699225923944688e-01 7.772699225923944688e-01 -8.346811520645296412e-01
-1.110750093155795426e+00 -4.662199491670079299e-01 -4.662199491670079299e-01 8.960319712312971863e-01
-1.909536539169124580e+00 1.058523296320347695e+00 1.058523296320347695e+00 9.431740402229502607e-01
7.218397198984938257e-01 1.066173259951044949e+00 1.066173259951044949e+00 -6.607666672847233302e-01
-2.321170793762478368e+00 3.401294176522724477e-01 3.401294176522724477e-01 7.314335663796125431e-01
7.504380533262464681e-01 -1.006673563792596982e+00 -1.006673563792596982e+00 -6.819592133557971225e-01
-1.499468333672897558e-01 -6.348420423898104570e-01 -6.348420423898104570e-01 1.493855626336811626e-01
3.496098287922166037e+00 9.059503606105481222e-01 9.059503606105481222e-01 3.471267825471299195e-01
-3.569813647431547832e+00 -8.633607010758197475e-01 -8.633607010758197475e-01 -4.152530879465681224e-01
4.056395022096769054e+00 5.921737591521902822e-01 5.921737591521902822e-01 7.924420575757474827e-01
-2.670084381940768026e+00 3.416720235175672027e-01 3.416720235175672027e-01 4.542304969098324707e-01
2.061953141136607215e+00 7.505248809489464268e-01 7.505248809489464268e-01 -8.817878415771140954e-01
-3.721308307252823244e+00 -6.391800531585658529e-01 -6.391800531585658529e-01 -5.477860695499174870e-01
3.044546370313829797e-01 -7.623819540850802490e-01 -7.623819540850802490e-01 -2.997729377726767175e-01
-4.765851432340340033e+00 2.512130315781926360e-01 2.512130315781926360e-01 -9.985712234788605146e-01
-5.953524480240712791e-02 2.667670256565943809e-01 2.667670256565943809e-01 5.950008113093614021e-02
6.006131954702365050e-02 -6.467555713486938807e-02 -6.467555713486938807e-02 -6.002521557161889787e-02
5.269410644565812873e-01 -2.202203832524467497e-01 -2.202203832524467497e-01 -5.028917089479190139e-01
-5.160016028344327488e+00 -6.190962187192058375e-01 -6.190962187192058375e-01 -9.014767185724470444e-01
-1.596844447592630445e+00 1.159097247514829343e+00 1.159097247514829343e+00 9.996607668830398419e-01
-5.263721486179925080e+00 1.180712777800141167e+00 1.180712777800141167e+00 -8.518272816448766438e-01
4.150761179854388416e+00 8.332637260820041636e-01 8.332637260820041636e-01 8.463893237202779751e-01
-2.904692673752926613e+00 -4.448189280325232087e-01 -4.448189280325232087e-01 2.346903217677597797e-01
-2.093342916650707153e+00 -3.634215344253158841e-01 -3.634215344253158841e-01 8.665510171725281374e-01
-4.222796141291382810e+00 -2.816225733694045497e-01 -2.816225733694045497e-01 -8.825244059315965339e-01
4.471509548584947424e+00 2.544199825226762801e-01 2.544199825226762801e-01 9.711285560139012452e-01
1.820464474805284283e+00 1.151727842835881033e+00 1.151727842835881033e+00 -9.689944698541547163e-01
1.192001952848672275e+00 1.984603408401950375e-01 1.984603408401950375e-01 -9.291111519271648689e-01
1.574410540578129236e+00 6.139652662121977134e-01 6.139652662121977134e-01 -9.999934687364741004e-01
-3.180071217612840062e+00 -9.798353312671013171e-01 -9.798353312671013171e-01 -3.846906949968158934e-02
5.289791726345685063e+00 5.452624213504653206e-02 5.452624213504653206e-02 8.378831844248273431e-01
-3.757427965324582786e+00 9.217339599528024952e-01 9.217339599528024952e-01 -5.776405813657662369e-01
2.919945286353103242e+00 -1.116423816041565154e+00 -1.116423816041565154e+00 -2.198369877203543432e-01
7.924658667428534642e-01 -6.950431075614141863e-01 -6.950431075614141863e-01 -7.120866997647005148e-01
2.818428734698169791e+00 1.977763654745336996e-01 1.977763654745336996e-01 -3.175682850127627410e-01
4.155938786028903209e+00 1.055726802971929557e+00 1.055726802971929557e+00 8.491353766406941617e-01
5.764534389024538186e-01 1.001576705361110653e+00 1.001576705361110653e+00 -5.450539305719617200e-01
4.855526852531490078e+00 -6.893418548082953512e-01 -6.893418548082953512e-01 9.897732535295044043e-01
4.579401834169946284e+00 1.325451887665378692e-01 1.325451887665378692e-01 9.911702342810732036e-01
-5.336093974061069112e+00 6.259979723029613918e-01 6.259979723029613918e-01 -8.117201439525666418e-01
2.975552730245611954e+00 9.252145609335029608e-01 9.252145609335029608e-01 -1.652780414658858166e-01
-5.990996662512537263e+00 -6.203281878207778099e-01 -6.203281878207778099e-01 -2.880487938993774311e-01
-5.937949304223526070e+00 6.308479898724788093e-01 6.308479898724788093e-01 -3.384187644160836506e-01
6.250981876980370444e+00 1.019924836015981828e-01 1.019924836015981828e-01 3.219786433469091352e-02
6.154747055664119060e+00 4.144205565167884409e-01 4.144205565167884409e-01 1.280854148717888163e-01
-9.731903872224147989e-01 1.043035423742008971e+00 1.043035423742008971e+00 8.266850366047664433e-01
-2.960060917259426105e-01 5.338822081930163499e-01 5.338822081930163499e-01 2.917023335335823253e-01
-1.904171312259411053e+00 7.079753865352067521e-02 7.079753865352067521e-02 9.449433171386060204e-01
-1.277962257292996284e+00 7.660345445528407016e-01 7.660345445528407016e-01 9.574296198365424004e-01
-5.400653591748873161e+00 3.627777278980719444e-01 3.627777278980719444e-01 -7.723494925031362257e-01
-2.481125733330900029e+00 -8.937580028067828586e-01 -8.937580028067828586e-01 6.134856485030958373e-01
-3.736713218257515123e+00 -5.641086291491091975e-01 -5.641086291491091975e-01 -5.606085958733567631e-01
1.287835139046744182e+00 8.641718930581039348e-01 8.641718930581039348e-01 -9.602328849779859787e-01
-4.245162005985660514e+00 -1.984743683149869931e-01 -1.984743683149869931e-01 -8.928207239182812671e-01
-4.713699517884831991e+00 -3.139565574950992088e-01 -3.139565574950992088e-01 -9.999991412458533180e-01
5.175162418777020434e+00 -5.574071808334046807e-02 -5.574071808334046807e-02 8.948177901819280855e-01
-3.314978432620222737e+00 6.838417856834613229e-01 6.838417856834613229e-01 -1.725183452179767651e-01
-2.180278481007342783e+00 3.157738064069790518e-01 3.157738064069790518e-01 8.199445649331109642e-01
-1.509331732700600170e+00 9.481165922706102922e-01 9.481165922706102922e-01 9.981116464490552564e-01
2.222155914482833339e+00 -6.488482657317323765e-01 -6.488482657317323765e-01 -7.952602590445480013e-01
-2.548308225155490714e+00 5.855930290736615085e-01 5.855930290736615085e-01 5.590871823383803951e-01
-2.034553457483308847e+00 8.946712396492983999e-02 8.946712396492983999e-02 8.943782060479871232e-01
1.055540631465849088e+00 9.554807623706016440e-01 9.554807623706016440e-01 -8.701667549892331266e-01
-5.244176112711782523e+00 -7.026219888535936153e-01 -7.026219888535936153e-01 -8.619022381848424619e-01
5.383548940113804804e-01 7.114214799373839160e-01 7.114214799373839160e-01 -5.127242748794594851e-01
3.358629607727610988e+00 -9.642081311549065559e-01 -9.642081311549065559e-01 2.153370404248096670e-01
6.075033192863415366e+00 3.404795057816951687e-01 3.404795057816951687e-01 2.066522556370109509e-01
-1.411851228475319076e+00 3.229626374291685309e-01 3.229626374291685309e-01 9.873947990864601065e-01
3.992278345182256771e+00 6.660132891077261696e-01 6.660132891077261696e-01 7.517327733832722680e-01
2.782996042843784323e+00 1.130366710515366968e-01 1.130366710515366968e-01 -3.509604592587882710e-01
-4.535365514020996969e+00 -2.657016505904996606e-02 -2.657016505904996606e-02 -9.843722212458574372e-01
1.667464325854298934e+00 3.699582655230164718e-01 3.699582655230164718e-01 -9.953312863231092988e-01
1.796835190808531380e+00 -9.180513568070340913e-01 -9.180513568070340913e-01 -9.745618039222142537e-01
-3.571265390762624392e+00 1.055708125954237131e+00 1.055708125954237131e+00 -4.165733094098514333e-01
5.005383284179130143e+00 -1.111066076500790700e-01 -1.111066076500790700e-01 9.573833532247917333e-01
-4.281776543360038545e-03 -1.638477921794265768e-01 -1.638477921794265768e-01 4.281763459968227631e-03
-2.062272031076096468e+00 7.981472357751961955e-01 7.981472357751961955e-01 8.816373934948369406e-01
-2.649804891811567309e+00 -3.644537673198996464e-01 -3.644537673198996464e-01 4.722025362095418899e-01
1.654558020126414064e+00 8.383086203267706704e-01 8.383086203267706704e-01 -9.964940399086135159e-01
-4.943309883799056337e-01 -9.928205723733710686e-01 -9.928205723733710686e-01 4.744428357161570298e-01
3.339494789412629672e+00 -9.830293964887971692e-01 -9.830293964887971692e-01 1.966128485632043232e-01
-2.909322052736857511e+00 3.163787822949344353e-01 3.163787822949344353e-01 2.301877416990531777e-01
4.740854536669283803e+00 -4.084823057241766531e-01 -4.084823057241766531e-01 9.995948834089017909e-01
6.211617592958241119e+00 1.139350012905992360e+00 1.139350012905992360e+00 7.150663563632536635e-02
-6.147428619379230241e+00 8.645709199837943171e-01 8.645709199837943171e-01 -1.353400753528564426e-01
-4.547371328765319021e+00 -1.048491355129163249e+00 -1.048491355129163249e+00 -9.864154558730464650e-01
1.403839234751156795e+00 9.208893893207370507e-01 9.208893893207370507e-01 -9.860950095276480587e-01
5.923407207186834000e+00 7.845219254822255461e-01 7.845219254822255461e-01 3.520665490919137608e-01
4.818433183362479610e+00 -1.562724298234252629e-01 -1.562724298234252629e-01 9.943825806332649009e-01
-2.996680083608093792e+00 7.980325732593687160e-01 7.980325732593687160e-01 1.444059166389270454e-01
3.970302569154227967e+00 -6.970421303006949509e-01 -6.970421303006949509e-01 7.370601105613683313e-01
3.931188537952261086e+00 2.751706268533025135e-01 2.751706268533025135e-01 7.100687795231910293e-01
-5.469050675692106012e+00 -6.770552904930927651e-01 -6.770552904930927651e-01 -7.271317972789516082e-01
5.589539209104300355e+00 -1.096673142239531051e+00 -1.096673142239531051e+00 6.393449835343855137e-01
3.717184122363894616e+00 -1.190685390500885621e+00 -1.190685390500885621e+00 5.443310515707464603e-01
-5.190525968090598852e+00 4.238820067103219458e-01 4.238820067103219458e-01 -8.878536832657050182e-01
-4.498376614468574175e+00 4.895590763009434188e-01 4.895590763009434188e-01 -9.771866268828584001e-01
2.254624480991704871e+00 3.623465794175384502e-03 3.623465794175384502e-03 -7.751599104107909088e-01
1.199021833405436332e+00 4.868609059281487905e-01 4.868609059281487905e-01 -9.316841938809685697e-01
2.912154787644279708e+00 -7.727873566380312198e-01 -7.727873566380312198e-01 -2.274301565058293451e-01
4.432719157420212497e+00 4.722135525150705782e-01 4.722135525150705782e-01 9.611466322122761419e-01
-3.735764889763216523e+00 -9.999052002945842954e-01 -9.999052002945842954e-01 -5.598230511783423013e-01
4.063291713116987225e+00 2.738051140810082718e-01 2.738051140810082718e-01 7.966297956776288158e-01
3.282960762632573193e+00 -4.397648040926346313e-01 -4.397648040926346313e-01 1.408977070873863036e-01
2.961216522980322452e+00 -7.377470561777981217e-01 -7.377470561777981217e-01 -1.793996144808552018e-01
3.485382391755960541e+00 9.655790793945742134e-01 9.655790793945742134e-01 3.370574821387812281e-01
-6.217617672868098744e+00 -4.070601307500996136e-01 -4.070601307500996136e-01 -6.552066394609172562e-02
3.552748020171344834e+00 3.505907475059677481e-01 3.505907475059677481e-01 3.996686724524360912e-01
3.852771295763421477e+00 -5.881281502416196849e-01 -5.881281502416196849e-01 6.527271553416692518e-01
-2.680913998406623033e+00 -6.646090972623370785e-01 -6.646090972623370785e-01 4.445561153554579703e-01
-1.892302109211104977e+00 -9.328092973877177840e-02 -9.328092973877177840e-02 9.487606733269129400e-01
-3.146133629905176310e+00 9.144510235038063595e-01 9.144510235038063595e-01 -4.540960709224620140e-03
-5.154937953517201521e+00 -2.220805557849492295e-02 -2.220805557849492295e-02 -9.036630169394948009e-01
4.341498268855467302e+00 -8.349159601205595749e-01 -8.349159601205595749e-01 9.320048807753650300e-01
1.219380658794896100e+00 5.745252784951455638e-01 5.745252784951455638e-01 -9.388863422505054901e-01
-5.744758126464190262e+00 7.957373487326095951e-01 7.957373487326095951e-01 -5.127863355301609527e-01
-1.986982345068497580e-01 2.176839319781305182e-01 2.176839319781305182e-01 1.973933459715248862e-01
-4.211861683019884950e+00 -3.999226133782747272e-01 -3.999226133782747272e-01 -8.773296400763347380e-01
-4.578434275515077978e+00 9.927138685541574414e-01 9.927138685541574414e-01 -9.910414764255092157e-01
-5.163013963517029126e+00 -5.828634249656516886e-02 -5.828634249656516886e-02 -9.001750803893294739e-01
4.002724164169123355e+00 -5.145505907106656673e-01 -5.145505907106656673e-01 7.585803174963258177e-01
-3.975793392037920260e+00 -1.917992643787724827e-01 -1.917992643787724827e-01 -7.407598284912471076e-01
4.987580698128594392e+00 -4.154368882891281700e-01 -4.154368882891281700e-01 9.623731195751368261e-01
5.234416441421133825e+00 8.730279863323351375e-01 8.730279863323351375e-01 8.668099916211701172e-01
4.007598449809664842e+00 2.962623679091709317e-01 2.962623679091709317e-01 7.617472783259237046e-01
-5.403271861791472119e-01 -6.847129166864439620e-01 -6.847129166864439620e-01 5.144165945550497332e-01
-3.537807382349263285e+00 -1.196092974816054255e+00 -1.196092974816054255e+00 -3.859290950992400604e-01
1.444125919493495225e+00 8.813552757648255298e-01 8.813552757648255298e-01 -9.919880254965471877e-01
3.172437898702529679e+00 -8.350306443926074351e-01 -8.350306443926074351e-01 3.084035416787531819e-02
-1.958128540888011138e+00 3.344315322332598317e-01 3.344315322332598317e-01 9.259200286253488343e-01
-2.858831152389319730e+00 2.760436897060936090e-01 2.760436897060936090e-01 2.790085472095391594e-01
-5.064971510237375796e+00 -5.434615597879848270e-01 -5.434615597879848270e-01 -9.384840374547218644e-01
-5.309280016970863159e-01 3.897189894510184605e-01 3.897189894510184605e-01 5.063338098362262230e-01
-7.254084102684723590e-01 -1.117099370747477893e+00 -1.117099370747477893e+00 6.634410821995818663e-01
2.394060646218498789e-03 -8.602274691168898535e-02 -8.602274691168898535e-02 -2.394058359282196999e-03
5.155380080813253940e+00 -7.717199301111394849e-01 -7.717199301111394849e-01 9.034735901435912986e-01
1.226108026302134668e+00 7.355757856143252393e-01 7.355757856143252393e-01 -9.411808226266165089e-01
-6.149363573040004027e+00 9.562065765350797886e-01 9.562065765350797886e-01 -1.334226726413442199e-01
5.282052304604547999e+00 2.988747131839821769e-01 2.988747131839821769e-01 8.420826084848516135e-01
-5.914180197178239951e+00 -5.033886917353443957e-01 -5.033886917353443957e-01 -3.606876900017981780e-01
-4.422997789250562306e+00 -6.654811633763773049e-01 -6.654811633763773049e-01 -9.584177881661074538e-01
-1.842845380504321007e+00 1.851028013722570975e-01 1.851028013722570975e-01 9.632223264548758213e-01
4.245918593909207672e+00 -4.873290860135048863e-01 -4.873290860135048863e-01 8.931612447845683755e-01
-4.642979990678892221e+00 -3.385181722852412811e-01 -3.385181722852412811e-01 -9.975921629747860342e-01
-1.296924892582895339e+00 -8.024274686722310257e-01 -8.024274686722310257e-01 9.627310432445398414e-01
-4.362737257805339830e+00 5.919714029598521776e-01 5.919714029598521776e-01 -9.394920794372704220e-01
-5.632636326292661977e+00 -1.799784654742109247e-01 -1.799784654742109247e-01 -6.056233493083394981e-01
