4.355404827167079773e-01 -6.581208368467718062e-01 -6.581208368467718062e-01 -4.219004873754153562e-01
1.965881468350563210e-01 -1.083572125284374854e+00 -1.083572125284374854e+00 -1.953243376989719782e-01
-1.021156708228533994e+00 2.048103478581326797e-01 2.048103478581326797e-01 8.527128334676186139e-01
-4.423138267077485253e+00 2.983683408007729021e-01 2.983683408007729021e-01 -9.584578666960152926e-01
1.206851667676360762e+00 9.897198290700750523e-01 9.897198290700750523e-01 -9.344999440903246635e-01
5.503679838012295988e+00 7.414887856672371935e-01 7.414887856672371935e-01 7.029277645535351171e-01
3.963889832879377906e+00 1.127081044738476701e+00 1.127081044738476701e+00 7.327110836374721714e-01
4.582338542105794943e-01 2.806739472380987976e-01 2.806739472380987976e-01 -4.423648560456172052e-01
5.067567844246372744e+00 -7.302832664680070085e-01 -7.302832664680070085e-01 9.375843024659460401e-01
2.889892161471943055e+00 -7.036475928999077478e-01 -7.036475928999077478e-01 -2.490512286908190265e-01
5.490952403011522875e+00 -6.041501485428276697e-01 -6.041501485428276697e-01 7.119231193900097399e-01
2.410477170975161343e+00 -5.451353993038581258e-01 -5.451353993038581258e-01 -6.677004490286106986e-01
-2.993833017434049726e+00 -9.896360408179893930e-01 -9.896360408179893930e-01 1.472225523214164278e-01
9.725370096379082341e-01 -1.991923901584802259e-01 -1.991923901584802259e-01 -8.263172275056600569e-01
2.572386092301885085e+00 -9.935084190058406373e-01 -9.935084190058406373e-01 -5.389638821172991756e-01
-3.787072332930456753e+00 -5.217754407453087939e-01 -5.217754407453087939e-01 -6.015816809831177059e-01
-6.128210070553729238e+00 1.052827795174928971e+00 1.052827795174928971e+00 -1.543556327446171383e-01
-2.626241637339954860e+00 -3.309341835827029898e-01 -3.309341835827029898e-01 4.928403055742760497e-01
-2.674878349275205291e+00 1.149999354572426524e+00 1.149999354572426524e+00 4.499544239403933110e-01
1.561909250367587987e+00 -1.111010055735519808e+00 -1.111010055735519808e+00 -9.999605101961978049e-01
2.453432793372124721e+00 -7.537368089014582218e-01 -7.537368089014582218e-01 -6.351169048551750240e-01
-3.491729149301947999e+00 6.636432048760669833e-01 6.636432048760669833e-01 -3.430260246081939246e-01
-2.577659026502834738e+00 -1.156198740147076354e+00 -1.156198740147076354e+00 5.345148653513862591e-01
1.340117557113016389e-01 -5.226465743194360636e-01 -5.226465743194360636e-01 -1.336109928632705779e-01
1.344207781502033683e+00 2.495762733141497769e-01 2.495762733141497769e-01 -9.744384627220502582e-01
2.295748958307656906e+00 -8.215321429687705290e-02 -8.215321429687705290e-02 -7.485308328491757646e-01
2.031538731123179176e-01 2.400051308612107803e-01 2.400051308612107803e-01 -2.017593432261552966e-01
2.920690111610744211e-01 6.345480215916501354e-01 6.345480215916501354e-01 -2.879342289108176023e-01
6.250327797766969340e+00 1.149079755800929581e+00 1.149079755800929581e+00 3.285159748335495650e-02
5.276244604552164930e-01 -1.009115717345567820e+00 -1.009115717345567820e+00 -5.034822844078591375e-01
-3.300869059751911472e+00 -8.920163834315706364e-01 -8.920163834315706364e-01 -1.586038133891921331e-01
-2.590701419792416083e+00 -1.067871234515084033e+00 -1.067871234515084033e+00 5.234468199126136589e-01
4.953340500494290310e+00 -1.018663260019149197e+00 -1.018663260019149197e+00 9.711113563369460078e-01
4.779347178602183277e+00 -6.089570118233054163e-01 -6.089570118233054163e-01 9.977591372571733563e-01
2.820125378198927280e+00 -6.025022141961782207e-01 -6.025022141961782207e-01 -3.159590112708000609e-01
1.110933115127460624e+00 -7.641774083491832403e-01 -7.641774083491832403e-01 -8.961132160635920663e-01
-5.469771618880268527e+00 -7.769992527930837944e-01 -7.769992527930837944e-01 -7.266366823795572527e-01
-8.332470682326986733e-01 2.109432923041281160e-01 2.109432923041281160e-01 7.401188447321301878e-01
-1.931683205930367464e+00 7.036126810947487265e-01 7.036126810947487265e-01 9.355840309844835057e-01
3.378864787901672884e+00 -5.098584495310671816e-01 -5.098584495310671816e-01 2.350520657781912381e-01
5.266727276175821260e+00 -6.757036884859548564e-01 -6.757036884859548564e-01 8.502489347784735196e-01
-5.819181351250190204e+00 -4.253105960410247244e-01 -4.253105960410247244e-01 -4.475322934812812625e-01
-3.838308463238152335e+00 1.089854124620579734e+00 1.089854124620579734e+00 -6.417023301885059761e-01
1.233474955985451871e-01 5.065677132084158707e-01 5.065677132084158707e-01 -1.230349528902297956e-01
4.421050674765014676e-01 3.952524681588716060e-01 3.952524681588716060e-01 -4.278430832255755711e-01
-3.676307252231969525e+00 5.090674028848172217e-01 5.090674028848172217e-01 -5.095954968328614276e-01
-1.426903283205153805e+00 4.403380806336889552e-01 4.403380806336889552e-01 9.896652464143282923e-01
-4.758638838951315009e+00 -1.449716511909040495e-01 -1.449716511909040495e-01 -9.989306659248744502e-01
-2.582407457861591205e+00 -2.900129077491860885e-01 -2.900129077491860885e-01 5.304956745846720612e-01
3.946442781054164683e+00 -1.688460204032420364e-01 -1.688460204032420364e-01 7.207267565656534369e-01
-6.021715427334553894e+00 1.018723451672453040e+00 1.018723451672453040e+00 -2.585007508147287858e-01
3.482448580140133032e+00 4.851063862311923991e-01 4.851063862311923991e-01 3.342938986329443418e-01
-7.807964200963013468e-02 1.043119752218716778e+00 1.043119752218716778e+00 7.800033167054047645e-02
9.114126392054808790e-01 1.002503759359703706e+00 1.002503759359703706e+00 -7.903699529627429277e-01
-5.819881889597233737e-02 3.965377999568611145e-01 3.965377999568611145e-01 5.816597023185633014e-02
-4.498407930620064832e+00 -9.972618113235357518e-01 -9.972618113235357518e-01 -9.771932774040206215e-01
2.860732134227296442e+00 -3.897698848662579652e-01 -3.897698848662579652e-01 -2.771825529553629264e-01
1.341199926785385799e-02 -5.274285796969208073e-01 -5.274285796969208073e-01 -1.341159717587775413e-02
3.814323708242262967e+00 -5.771150023515980720e-02 -5.771150023515980720e-02 6.231243283227148044e-01
2.261167386562510373e+00 8.435177331349603680e-01 8.435177331349603680e-01 -7.710097685689752955e-01
2.093854034358617611e+00 -3.691694417890943880e-01 -3.691694417890943880e-01 -8.662958110220625452e-01
-5.775916430867622964e+00 -1.852245265140299857e-01 -1.852245265140299857e-01 -4.857918559828205973e-01
6.160640763954285504e+00 2.079402990147829478e-01 2.079402990147829478e-01 1.222380615010712213e-01
6.150473457294072688e+00 4.600217628286045191e-01 4.600217628286045191e-01 1.323226296589473105e-01
-5.219120603173371897e+00 -2.116220198651281859e-01 -2.116220198651281859e-01 -8.743353907432284133e-01
5.507447992074638421e+00 5.560397858599057663e-01 5.560397858599057663e-01 7.002426385240154705e-01
6.147729264023436002e-01 1.050147628975989234e+00 1.050147628975989234e+00 -5.767730397272442522e-01
3.699737142319492023e+00 5.885237241059886326e-01 5.885237241059886326e-01 5.296131929995947507e-01
-2.527161522541081951e+00 1.939811252815246689e-01 1.939811252815246689e-01 5.764937919009636147e-01
4.692863378925071771e-01 8.443232120699730725e-01 8.443232120699730725e-01 -4.522498915989837664e-01
2.093561717217538032e+00 -8.306404943627558879e-01 -8.306404943627558879e-01 -8.664417955833700891e-01
-4.355297285850537214e+00 -1.492914402837552945e-01 -1.492914402837552945e-01 -9.369173852942677128e-01
-3.274833697300320701e+00 5.590410196172705959e-01 5.590410196172705959e-01 -1.328471515710801243e-01
-1.021076404100792701e+00 -7.621916391455596518e-01 -7.621916391455596518e-01 8.526708814510799428e-01
5.738335757489460676e+00 9.100793876946375871e-01 9.100793876946375871e-01 5.182894304718491663e-01
4.441390164939958751e+00 1.132882900636442036e+00 1.132882900636442036e+00 9.635040001871832960e-01
-1.350564875171579970e+00 -5.719323498690145335e-01 -5.719323498690145335e-01 9.758469135911967962e-01
2.351561277929061333e+00 -1.005479404555575940e+00 -1.005479404555575940e+00 -7.103753556797886004e-01
9.709466920044587113e-01 6.145726734627883214e-01 6.145726734627883214e-01 -8.254205081629043539e-01
-1.869204611949817796e+00 1.057624528813272624e+00 1.057624528813272624e+00 9.558056626278834678e-01
-2.453039371538741520e+00 2.226507505210939541e-02 2.226507505210939541e-02 6.354207410244739895e-01
4.300990503677670773e+00 4.380571692707198039e-01 4.380571692707198039e-01 9.165624803144581945e-01
2.648689936143146184e+00 4.620790318034138089e-01 4.620790318034138089e-01 -4.731850648659519099e-01
-4.389107264900909300e+00 2.664829004597577544e-01 2.664829004597577544e-01 -9.481979905176223244e-01
-8.080894534487548242e-02 1.413683032660366656e-01 1.413683032660366656e-01 8.072102583351474514e-02
-4.030339246590626701e+00 -8.064189396760468309e-01 -8.064189396760468309e-01 -7.762822278928370734e-01
-2.901409468475335096e+00 -9.380919922226158558e-01 -9.380919922226158558e-01 2.378805570959721671e-01
-6.054929043526348309e+00 -5.791295215587940470e-01 -5.791295215587940470e-01 -2.262793603169828138e-01
2.967857868915130481e+00 -1.163147609213788458e+00 -1.163147609213788458e+00 -1.728621074641971678e-01
4.493122483586169835e+00 3.927606763040694116e-01 3.927606763040694116e-01 9.760572589138886146e-01
-1.745659946301538312e+00 -1.115402517302751306e+00 -1.115402517302751306e+00 9.847502747007835788e-01
-6.218876169206676074e+00 -8.308493705656478934e-01 -8.308493705656478934e-01 -6.426482029377710015e-02
4.539688500259893900e+00 -5.229481089254642834e-01 -5.229481089254642834e-01 9.851243001616826200e-01
-5.547370161329645555e-01 6.000293142142121283e-03 6.000293142142121283e-03 5.267197718796656769e-01
-6.186252504874091507e+00 -1.659223756568128927e-01 -1.659223756568128927e-01 -9.678107734911624294e-02
8.468978299745764105e-01 -1.188328369959696929e+00 -1.188328369959696929e+00 -7.492294135365156205e-01
-2.310558830590543788e+00 -7.291446462894415337e-01 -7.291446462894415337e-01 7.386286787212799076e-01
3.345617337703430394e-01 4.331741377757940548e-01 4.331741377757940548e-01 -3.283552351669566938e-01
-3.188032061241558246e+00 -1.367068772289328216e-01 -1.367068772289328216e-01 -4.642271743666681605e-02
-5.466676853369383693e+00 4.303731605457210563e-01 4.303731605457210563e-01 -7.287593710533705194e-01
5.846075783615816590e+00 4.059617462258113818e-02 4.059617462258113818e-02 4.233225260145832003e-01
-3.421951824881630078e+00 7.725671054795417714e-01 7.725671054795417714e-01 -2.767008142545027694e-01
-5.789966425029433594e+00 4.386451293599349377e-01 4.386451293599349377e-01 -4.734635706328034210e-01
-3.584804117276535251e+00 1.045185598345603539e+00 1.045185598345603539e+00 -4.288428407222699690e-01
-5.289176935776076505e+00 -3.880807171615460183e-01 -3.880807171615460183e-01 -8.382186092345870199e-01
3.159704051240192157e+00 -1.761129229115061534e-01 -1.761129229115061534e-01 1.811040750830382462e-02
4.918111022058475612e-01 -1.220869646197129121e-01 -1.220869646197129121e-01 -4.722231104363777132e-01
4.852560758050103118e+00 7.604625852243009909e-01 7.604625852243009909e-01 9.901920112128649309e-01
-1.490746021084242479e+00 -1.020390677519631417e-01 -1.020390677519631417e-01 9.967976848758638431e-01
-3.735624319934989224e+00 8.046834627876571222e-01 8.046834627876571222e-01 -5.597065677753456647e-01
-4.689415726785480132e+00 -7.408170510988476565e-02 -7.408170510988476565e-02 -9.997361264152280214e-01
-4.880739005520030815e+00 -2.606249006049374817e-01 -2.606249006049374817e-01 -9.858625718203218868e-01
-3.418875087108594446e+00 9.215709160240306286e-01 9.215709160240306286e-01 -2.737428992673051065e-01
3.809549577189773828e+00 -6.202995155413478789e-01 -6.202995155413478789e-01 6.193832845559150702e-01
1.710757304615587060e+00 1.871374089854871414e-02 1.871374089854871414e-02 -9.902214407351608294e-01
2.067514458028741231e+00 -2.449601933731198056e-01 -2.449601933731198056e-01 -8.791512446981726292e-01
3.256935146366487288e+00 1.016819890345133315e+00 1.016819890345133315e+00 1.150869121950774815e-01
3.872931028754615923e+00 -6.436603230424571276e-01 -6.436603230424571276e-01 6.678663603551275862e-01
-5.068815440073228373e+00 -4.883740997310261900e-01 -4.883740997310261900e-01 -9.371497113879700969e-01
5.162898342421229358e-01 -5.772600828703239317e-01 -5.772600828703239317e-01 -4.936569723704909429e-01
-5.927482559623019398e+00 -9.113163957598987563e-01 -9.113163957598987563e-01 -3.482492081310251120e-01
1.975295615162417917e+00 -4.024814138440209188e-01 -4.024814138440209188e-01 -9.192995717192018468e-01
2.349536718214123354e+00 4.110454544948238809e-01 4.110454544948238809e-01 -7.117988305965992080e-01
4.304784188187365856e+00 9.760730169600366768e-01 9.760730169600366768e-01 9.180729433071221912e-01
1.889658452552946954e+00 7.431696483057617098e-01 7.431696483057617098e-01 -9.495927406769943957e-01
-6.428737549003047391e-01 -1.109475065111108494e+00 -1.109475065111108494e+00 5.994979988466693221e-01
4.944250969745729307e-01 5.588763024672176449e-01 5.588763024672176449e-01 -4.745256761230704501e-01
7.432982558522676086e-01 -5.818250523293495569e-01 -5.818250523293495569e-01 -6.767198978432559242e-01
-4.348313417328588670e-01 -1.176045003426493318e+00 -1.176045003426493318e+00 4.212574442438785649e-01
6.278627561989678085e-01 2.811694973025768984e-01 2.811694973025768984e-01 -5.874164619233371853e-01
3.583316360716368720e-01 -2.640954891306199759e-01 -2.640954891306199759e-01 -3.507123272314823237e-01
-6.933589877127701584e-01 -1.531657778604369469e-01 -1.531657778604369469e-01 6.391241922813299947e-01
-5.601069213556595372e-01 2.715466301245905711e-01 2.715466301245905711e-01 5.312767845494626995e-01
2.006288871843423749e+00 7.205660977554555480e-01 7.205660977554555480e-01 -9.066623686975209262e-01
-2.442279269814896736e+00 -1.159375214293884016e+00 -1.159375214293884016e+00 6.436923823679409074e-01
5.228845105858052733e+00 1.296058728196280985e-01 1.296058728196280985e-01 8.695746073700358902e-01
5.278104839682713489e-01 -9.553045313878213429e-01 -9.553045313878213429e-01 -5.036430010430803517e-01
4.172516505183621049e-01 -1.018169593401611506e+00 -1.018169593401611506e+00 -4.052494287099717152e-01
3.858526622441429410e-01 4.727112617643105530e-01 4.727112617643105530e-01 -3.763492461613003326e-01
1.089855879808554917e+00 -1.034791871165723354e-01 -1.034791871165723354e-01 -8.865602517622037659e-01
-3.666952000622035079e+00 -1.193383651106408205e+00 -1.193383651106408205e+00 -5.015239238965657487e-01
1.799957957714180878e+00 8.062227806614397085e-01 8.062227806614397085e-01 -9.738571821129321515e-01
6.062516298586519525e+00 -6.325694370473465833e-01 -6.325694370473465833e-01 2.188824579749345800e-01
5.696332915623312232e+00 -5.158127094971884929e-01 -5.158127094971884929e-01 5.537427952796395436e-01
3.239545717998291607e+00 -9.715206523970029151e-01 -9.715206523970029151e-01 9.779649948130622605e-02
3.585529506536600408e+00 -3.942588631543488820e-01 -3.942588631543488820e-01 4.294980293432835716e-01
6.244948097913420426e+00 -3.780667633440770725e-01 -3.780667633440770725e-01 3.822789227755866298e-02
7.615610575991578202e-01 4.770169937656616455e-01 4.770169937656616455e-01 -6.900521159972489160e-01
2.169564693139518496e-01 -1.134147325592172129e+00 -1.134147325592172129e+00 -2.152584430945427008e-01
4.796991518613108241e+00 1.839809589979131133e-01 1.839809589979131133e-01 9.964233393820550733e-01
5.012848166630849533e+00 -7.306725383092008697e-01 -7.306725383092008697e-01 9.552006895987065205e-01
2.178097976855820406e+00 4.431959791087525247e-01 4.431959791087525247e-01 -8.211908288810292333e-01
-1.594521028648325789e+00 -9.200671755525835493e-01 -9.200671755525835493e-01 9.997185824612787597e-01
-3.180185027488793725e+00 6.023698989855434949e-01 6.023698989855434949e-01 -3.858279488320091183e-02
4.306681876209990989e+00 -9.971404338384033395e-01 -9.971404338384033395e-01 9.188235551047286842e-01
3.768677813426592138e+00 -6.816752477403974497e-01 -6.816752477403974497e-01 5.867869874717258627e-01
-4.714718765071130413e+00 1.038378673284099607e+00 1.038378673284099607e+00 -9.999972860528849594e-01
1.818417291500571409e+00 -4.326526180654776121e-01 -4.326526180654776121e-01 -9.694982619781603583e-01
3.243190477220753820e+00 4.456388618424886872e-01 4.456388618424886872e-01 1.014231296991819076e-01
4.657918071878505373e+00 8.816101045067148423e-01 8.816101045067148423e-01 9.985168268421023008e-01
6.194237209897861973e+00 7.501672430685557558e-02 7.501672430685557558e-02 8.883085427881237672e-02
-1.829185411534188788e+00 7.163802828717980020e-03 7.163802828717980020e-03 9.668028590257630173e-01
2.717967174889208692e-01 -1.110561691753347846e+00 -1.110561691753347846e+00 -2.684626292517146018e-01
2.570187843474357692e+00 -1.066822120425555243e+00 -1.066822120425555243e+00 -5.408142268715282475e-01
-2.589337390241714498e+00 7.144374421946844134e-01 7.144374421946844134e-01 5.246085653600839338e-01
1.994629576499294288e+00 1.052699915079284176e+00 1.052699915079284176e+00 -9.115191881375760419e-01
-3.349208609576888929e+00 -7.729344852104511610e-01 -7.729344852104511610e-01 -2.061276409002262833e-01
5.461407097020778423e+00 -9.662337657617051656e-01 -9.662337657617051656e-01 7.323578058162020232e-01
-3.855291772883354451e+00 5.852471575555222572e-01 5.852471575555222572e-01 -6.546345759976165413e-01
4.197769377241494126e+00 4.102345965601843503e-01 4.102345965601843503e-01 8.704800180355395378e-01
-1.043834755176517248e+00 -2.771900660622831358e-01 -2.771900660622831358e-01 8.643391122684266348e-01
-2.015493023842730658e+00 7.293723138257228733e-01 7.293723138257228733e-01 9.027411830232217049e-01
-5.160776777206696586e+00 -3.521734917439586221e-01 -3.521734917439586221e-01 -9.011471846449162770e-01
-3.170790336491350558e+00 -1.196565740574901726e+00 -1.196565740574901726e+00 -2.919353455146601883e-02
-4.852518482899394137e+00 -2.569912925616975041e-01 -2.569912925616975041e-01 -9.901979167250242186e-01
2.378914107553130819e+00 -5.707042636953385539e-02 -5.707042636953385539e-02 -6.908604780432826553e-01
-6.111811406008662573e+00 4.498793554544591178e-01 4.498793554544591178e-01 -1.705362850316477774e-01
-5.469793106914523584e+00 -5.961572997377151406e-01 -5.961572997377151406e-01 -7.266219194610430421e-01
-2.620804558363926784e+00 9.485269511145719701e-01 9.485269511145719701e-01 4.975639076207098443e-01
-5.989430367340542460e+00 9.587469592493569337e-04 9.587469592493569337e-04 -2.895483488533365235e-01
1.611383732208622632e+00 -9.433975169790962401e-01 -9.433975169790962401e-01 -9.991764443263808637e-01
1.718356586812777920e+00 -5.354262614340938864e-01 -5.354262614340938864e-01 -9.891327250159988038e-01
5.598773753254224772e+00 1.099194261015451923e+00 1.099194261015451923e+00 6.322171981568456278e-01
3.718209418910033648e+00 -8.352091422440222068e-01 -8.352091422440222068e-01 5.451908563312125588e-01
-4.710699751141455671e+00 1.429211051049563697e-01 1.429211051049563697e-01 -9.999985732526212034e-01
-5.439642721003472126e+00 2.934087858322829145e-01 2.934087858322829145e-01 -7.470029870052321552e-01
-3.054024872552585812e+00 5.907740294504777445e-01 5.907740294504777445e-01 8.745591061642474240e-02
-2.489169591614668331e+00 7.414637246949473681e-01 7.414637246949473681e-01 6.071135876365357786e-01
-3.876941624392658436e+00 -1.139576711792721797e+00 -1.139576711792721797e+00 -6.708459920739945348e-01
4.168529031301609677e+00 -3.381350690470333875e-01 -3.381350690470333875e-01 8.557177579606406459e-01
5.580562878771507584e+00 9.990357581028994627e-01 9.990357581028994627e-01 6.462212136349978486e-01
-5.882792902359943454e+00 -2.219897416713607630e-01 -2.219897416713607630e-01 -3.897797410909887295e-01
-3.627759931803219651e+00 -5.199080900832608876e-02 -5.199080900832608876e-02 -4.672407033948579591e-01
5.233754251685338588e+00 4.754377748267011317e-01 4.754377748267011317e-01 8.671399949038571808e-01
-4.534506326475309379e-01 6.842786831838441053e-01 6.842786831838441053e-01 4.380700505784690946e-01
-6.144745436699045271e+00 -5.060790657880335219e-01 -5.060790657880335219e-01 -1.379980802403827922e-01
1.522951200760367385e-01 1.143904391845004254e+00 1.143904391845004254e+00 -1.517070852446482099e-01
2.577910356718147611e+00 5.594600069659008135e-01 5.594600069659008135e-01 -5.343024344600079134e-01
-5.820741669430783638e+00 -8.422469418197942037e-01 -8.422469418197942037e-01 -4.461364070066713983e-01
-4.963523458469186522e+00 1.714774233086535649e-01 1.714774233086535649e-01 -9.686311238863506423e-01
-4.342139802036903973e+00 -1.231405746647467048e-01 -1.231405746647467048e-01 -9.322372099270640478e-01
6.268748059740712364e+00 9.928426363991664783e-01 9.928426363991664783e-01 1.443674590828879396e-02
4.120379743686989116e+00 -3.406800221857623212e-01 -3.406800221857623212e-01 8.298211416013605568e-01
-3.874495998397194274e+00 -6.210144944983230220e-01 -6.210144944983230220e-01 -6.690303195386849699e-01
6.129702696125161054e+00 8.751754306058476818e-01 8.751754306058476818e-01 1.528807243638770630e-01
-5.516083561639170796e+00 9.814497308746121806e-01 9.814497308746121806e-01 -6.940516300166843511e-01
3.467630088969404056e+00 1.167820150042186311e+00 1.167820150042186311e+00 3.202917402401816438e-01
-6.044292318606303560e+00 -3.562633508201592525e-01 -3.562633508201592525e-01 -2.366271987601760718e-01
-2.535072704890691142e+00 -2.440825961418479073e-01 -2.440825961418479073e-01 5.700115797813681828e-01
-2.791581029626033050e+00 -4.547234577043579584e-02 -4.547234577043579584e-02 3.429087266666569489e-01
2.629296224640251367e+00 -8.864887280855822116e-01 -8.864887280855822116e-01 -4.901801536525073888e-01
6.270165519506871732e+00 -4.997920978457494057e-01 -4.997920978457494057e-01 1.301941983456107038e-02
5.891240963718338719e+00 1.130138161840961386e+00 1.130138161840961386e+00 3.819860362273412302e-01
-6.668622654974507569e-01 -8.662870096522947705e-01 -8.662870096522947705e-01 6.185235098690179401e-01
1.667971421997161308e+00 -1.038329083516953188e+00 -1.038329083516953188e+00 -9.952822146932754910e-01
-1.854890943059504416e+00 9.802863847130407482e-01 9.802863847130407482e-01 9.599158146793527191e-01
-6.030058300633570845e+00 2.887175227196416838e-01 2.887175227196416838e-01 -2.504325402240949461e-01
2.506630458724371735e+00 8.873357447207119719e-02 8.873357447207119719e-02 -5.931470780880966354e-01
5.634038088204270878e+00 1.015064370326020926e+00 1.015064370326020926e+00 6.045073006043645281e-01
-3.231355037854298118e+00 1.332969360049072183e-01 1.332969360049072183e-01 -8.964189262173793971e-02
-3.802316278962939666e+00 8.921934355482519230e-02 8.921934355482519230e-02 -6.136883498225339517e-01
3.739828409859986991e+00 -3.731752992142196579e-01 -3.731752992142196579e-01 5.631855022263931865e-01
2.599521361209708559e+00 4.516210411688570403e-01 4.516210411688570403e-01 -5.159114529527150106e-01
-5.774674755838343998e+00 6.211985265367059306e-02 6.211985265367059306e-02 -4.868767977270981318e-01
7.485663810673512941e-01 2.923452359881901774e-01 2.923452359881901774e-01 -6.805890968939994901e-01
-2.598881424323820966e+00 -9.549890044451784243e-01 -9.549890044451784243e-01 5.164595440376942292e-01
2.513388178260136385e+00 4.650548792382105390e-01 4.650548792382105390e-01 -5.876929757220961115e-01
6.058739419044552932e+00 7.079269594042669755e-01 7.079269594042669755e-01 2.225661829274769299e-01
-5.372844717150373484e-01 -8.479839029410340956e-02 -8.479839029410340956e-02 5.118049666887840576e-01
1.169802773420062891e+00 4.514207088263222367e-02 4.514207088263222367e-02 -9.206736315464543186e-01
-6.112353042149218929e+00 -1.355370603574921340e-01 -1.355370603574921340e-01 -1.700025581149132992e-01
-2.153919017529348778e-01 -3.083977963609174644e-01 -3.083977963609174644e-01 2.137302906687532644e-01
3.580193594790213041e+00 4.505120789732868225e-01 4.505120789732868225e-01 4.246732478435317204e-01
3.050956750473849510e+00 1.093844914928408629e+00 1.093844914928408629e+00 -9.051186042936405773e-02
-3.724583702044848899e+00 1.012126055042403161e+00 1.012126055042403161e+00 -5.505233819672659124e-01
-6.135600177424567647e+00 -1.793001812689363206e-01 -1.793001812689363206e-01 -1.470499452077618230e-01
-5.147352239301131505e+00 -8.899250586058493617e-01 -8.899250586058493617e-01 -9.068855247620069004e-01
7.922458752155927542e-01 2.240584719812996894e-01 2.240584719812996894e-01 -7.119322283443825228e-01
3.455076852267994880e+00 -3.065217958008483734e-01 -3.065217958008483734e-01 3.083748974461828496e-01
4.613029600964656751e+00 -1.022145095547030147e+00 -1.022145095547030147e+00 9.950679164426989853e-01
4.315276764198294757e-03 -6.775872076870613769e-01 -6.775872076870613769e-01 -4.315263371308052619e-03
-1.853033069763734275e-01 -1.165833448967636965e+00 -1.165833448967636965e+00 1.842446564845247603e-01
3.360933494968767477e+00 -3.322148112381265728e-01 -3.322148112381265728e-01 2.175863045011861840e-01
2.588381595315267347e+00 6.000969834029077354e-01 6.000969834029077354e-01 -5.254220354627852085e-01
-2.403222505830182598e-02 -7.783108154903091158e-01 -7.783108154903091158e-01 2.402991183181896195e-02
6.138645354695245970e+00 9.560723194276381509e-01 9.560723194276381509e-01 1.440371947023996735e-01
-2.728332921958469548e+00 9.813849556356120107e-01 9.813849556356120107e-01 4.015967726662066362e-01
3.832599572117016962e+00 -1.461537788997055998e-01 -1.461537788997055998e-01 6.373134413045906665e-01
-2.245889583228719566e+00 8.437521348824195133e-01 8.437521348824195133e-01 7.806486720424563597e-01
-7.251544488052950044e-01 -1.095218889356814440e+00 -1.095218889356814440e+00 6.632510395950166338e-01
-3.736434558957943963e-01 -4.681881549398982933e-01 -4.681881549398982933e-01 3.650099178352832485e-01
-6.061443775437732384e+00 1.109477816016808394e-01 1.109477816016808394e-01 -2.199288476687583094e-01
1.496500849102951669e+00 1.111142683087746219e+00 1.111142683087746219e+00 -9.972413602799864440e-01
1.797933062824181860e-01 9.084199008319824298e-01 9.084199008319824298e-01 -1.788262152926134163e-01
-6.520676741658792963e-01 8.668588094219005225e-01 8.668588094219005225e-01 6.068311527981589126e-01
1.852163666615085802e+00 -9.983611108235156406e-01 -9.983611108235156406e-01 -9.606766679424795230e-01
5.439797835170679718e+00 -5.961189074729045245e-02 -5.961189074729045245e-02 7.468998549128288422e-01
9.739902633406165577e-01 -5.918681953678941454e-01 -5.918681953678941454e-01 -8.271348343586069074e-01
5.443593970131180626e+00 3.970134911336515859e-01 3.970134911336515859e-01 7.443702904702507173e-01
1.143100621487159074e+00 -4.861021583064720764e-01 -4.861021583064720764e-01 -9.099239288018958760e-01
-2.913423050042469598e+00 -8.561270849006441530e-02 -8.561270849006441530e-02 2.261949471125684896e-01
2.070705032375455446e+00 7.151473502266456617e-01 7.151473502266456617e-01 -8.776263271093430740e-01
-3.814585297585250778e+00 4.164062124230103468e-01 4.164062124230103468e-01 -6.233289019894140415e-01
5.208012050952762095e+00 7.392418592865701576e-01 7.392418592865701576e-01 8.796725608051739753e-01
3.742080574961192951e-01 -7.395640643246559343e-02 -7.395640643246559343e-02 -3.655355057689969045e-01
-8.493161439954954872e-01 5.722311754588258470e-01 5.722311754588258470e-01 7.508288960667580669e-01
8.850119625075283381e-01 -3.589147861013760599e-01 -3.589147861013760599e-01 -7.739225628051364936e-01
5.406405732426689426e+00 -8.958534087826811598e-01 -8.958534087826811598e-01 7.686829880982414265e-01
-6.175523709225245739e+00 -6.884641137018988610e-01 -6.884641137018988610e-01 -1.074537338420977067e-01
-5.013977293864663842e+00 -2.562484890691114625e-01 -2.562484890691114625e-01 -9.548659055627187753e-01
1.705496704335951463e+00 -4.348835786864616582e-01 -4.348835786864616582e-01 -9.909416130054803373e-01
4.716421211240302114e+00 -3.580932151592519652e-01 -3.580932151592519652e-01 9.999918705681781761e-01
4.194538898477361499e+00 5.389834268564035469e-01 5.389834268564035469e-01 8.688854248594676255e-01
-3.500515621727008142e+00 1.159468044907530304e+00 1.159468044907530304e+00 -3.512660384519685763e-01
5.644929809646756169e+00 1.196434100798325018e+00 1.196434100798325018e+00 5.957952753246948951e-01
2.329347932415556599e+00 9.922150839079348916e-01 9.922150839079348916e-01 -7.258330800437970964e-01
-6.301029308266281603e-01 8.490183376202820043e-02 8.490183376202820043e-02 5.892279257605692599e-01
3.573748601912978273e+00 -4.013959577091065212e-01 -4.013959577091065212e-01 4.188295152639584518e-01
4.410571520976070303e+00 4.064984664093818090e-02 4.064984664093818090e-02 9.547978156276732964e-01
2.692429610218635361e+00 -8.530875895840221990e-01 -8.530875895840221990e-01 -4.342117466820947236e-01
5.184069320305088269e+00 -1.290105058921338088e-01 -1.290105058921338088e-01 8.908060269586579594e-01
2.508946629157660979e+00 8.374166358633765572e-01 8.374166358633765572e-01 -5.912807535449867702e-01
-6.094484366998675462e+00 4.977647816164048056e-01 4.977647816164048056e-01 -1.875830537362847827e-01
-4.053269652393048261e+00 7.394296733592367055e-01 7.394296733592367055e-01 -7.905318799246280337e-01
-4.578761735999338889e+00 -2.961926103150641643e-01 -2.961926103150641643e-01 -9.910851570958193468e-01
-5.106206037790255614e+00 4.769212034260252864e-01 4.769212034260252864e-01 -9.234511244551657505e-01
-2.184491611652540577e+00 -2.184151136797998216e-01 -2.184151136797998216e-01 8.175255180186824511e-01
4.105092649064628674e+00 -2.500467378557671427e-01 -2.500467378557671427e-01 8.211938640284603963e-01
-1.251851591634271621e+00 2.794420245560509386e-01 2.794420245560509386e-01 9.495668405253114841e-01
-2.163542601315153746e+00 7.842079192555688749e-01 7.842079192555688749e-01 8.294096274342798170e-01
-4.319799378334574946e+00 -1.044337546840283792e+00 -1.044337546840283792e+00 -9.239214230221923785e-01
4.757646398741748328e+00 1.124342512090062529e+00 1.124342512090062529e+00 9.989760578324836660e-01
-3.552266384029911350e+00 -4.178049730928189431e-01 -4.178049730928189431e-01 -3.992271296863598162e-01
2.643260617213641694e+00 -2.987651393562308355e-01 -2.987651393562308355e-01 -4.779610965873988815e-01
3.300647439984306430e+00 1.848095610909197273e-01 1.848095610909197273e-01 1.583849949235120735e-01
-2.132801320762601982e+00 -5.650897174954838675e-02 -5.650897174954838675e-02 8.461883836218772048e-01
8.170560642898783144e-01 -1.694928834044380217e-01 -1.694928834044380217e-01 -7.291342489241323666e-01
-5.876070543346717301e+00 9.672991882630155303e-03 9.672991882630155303e-03 -3.959615623600867274e-01
-4.309505521490463842e+00 -3.214509128552730521e-01 -3.214509128552730521e-01 -9.199342947739020948e-01
4.478689873566770174e+00 4.645895234563559573e-01 4.645895234563559573e-01 9.728164221954437307e-01
-5.768591331681915513e+00 -5.571411068524851906e-01 -5.571411068524851906e-01 -4.921814482777294164e-01
5.896075421940352612e+00 1.973053547965966104e-01 1.973053547965966104e-01 3.775137377073649048e-01
-5.036065194414299562e+00 -9.394601518892125025e-01 -9.394601518892125025e-01 -9.480725924464497023e-01
-1.609499064507693866e+00 -5.627360972910727677e-01 -5.627360972910727677e-01 9.992511425300212302e-01
-6.738446908069537500e-01 -2.601617591585597689e-01 -2.601617591585597689e-01 6.239949419731608549e-01
-3.023029540946717830e-01 -1.167792521693713725e+00 -1.167792521693713725e+00 2.977195171362464476e-01
-4.475029609124767660e-01 -8.275935142943873224e-01 -8.275935142943873224e-01 4.327157287882413272e-01
-5.323856147763143198e+00 -4.458598787471707015e-01 -4.458598787471707015e-01 -8.188066435185259451e-01
-5.355301679788429858e+00 3.923701082033210774e-01 3.923701082033210774e-01 -8.003529071231144654e-01
-3.691699762359244019e-01 8.893405703174759314e-01 8.893405703174759314e-01 3.608414536355067925e-01
2.109056261137514099e-01 -8.872949306775248512e-01 -8.872949306775248512e-01 -2.093455445763666989e-01
-4.414045915997225400e+00 5.674842846297398768e-01 5.674842846297398768e-01 -9.558248354490779253e-01
-2.238320640729670963e+00 3.702877640033630513e-02 3.702877640033630513e-02 7.853566286365395444e-01
2.082465872150425668e+00 -7.210072805485325809e-01 -7.210072805485325809e-01 -8.719282576334284052e-01
-3.837646306555873466e+00 -4.751582522692480159e-01 -4.751582522692480159e-01 -6.411943459694257053e-01
2.002836932485775989e+00 -2.670923685126653790e-01 -2.670923685126653790e-01 -9.081131888348923376e-01
6.225164312554143820e+00 -8.875822591552955387e-01 -8.875822591552955387e-01 5.798844611213911648e-02
1.625499420963711472e+00 5.094616292456586315e-01 5.094616292456586315e-01 -9.985041588164806914e-01
2.037514990231796830e+00 -4.680778643912937298e-01 -4.680778643912937298e-01 -8.930495580264765643e-01
-5.550387037817992919e+00 -1.191485529409655353e+00 -1.191485529409655353e+00 -6.689522200847761724e-01
3.936005157022506751e+00 -8.344073631769672872e-01 -8.344073631769672872e-01 7.134520668667322374e-01
-2.587894460906071448e+00 9.864203178973041108e-01 9.864203178973041108e-01 5.258364473986095744e-01
1.556864462373417801e+00 7.022646666588587827e-01 7.022646666588587827e-01 -9.999029531465933873e-01
5.589375959855466647e+00 8.814516624720261095e-01 8.814516624720261095e-01 6.394705006295885452e-01
-1.322898350093074882e+00 4.064152956222346624e-01 4.064152956222346624e-01 9.694303296441643125e-01
-1.698705573925254342e-01 6.323369450335409869e-01 6.323369450335409869e-01 1.690547709878783000e-01
-2.738893476029364393e+00 -2.738595933149959860e-01 -2.738595933149959860e-01 3.919030278922792654e-01
9.651042953601374208e-01 -6.745090600950898185e-01 -6.745090600950898185e-01 -8.221082994769197683e-01
-1.474258924418636596e-01 -9.261837494205192867e-01 -9.261837494205192867e-01 1.468924370889015119e-01
4.688775587768148512e+00 -9.470037091995009426e-01 -9.470037091995009426e-01 9.997212167988771547e-01
-1.640187224099208585e+00 2.695556734727886372e-01 2.695556734727886372e-01 9.975934175787584124e-01
-2.543044752400003272e+00 -3.440532919605191475e-01 -3.440532919605191475e-01 5.634434096518796675e-01
-2.296802090944405794e+00 -7.051760605009966820e-01 -7.051760605009966820e-01 7.478320856475340062e-01
6.180954694484203316e+00 -1.258709479679891441e-01 -1.258709479679891441e-01 1.020526353621950544e-01
5.648021801452550505e+00 -1.126697625851455387e+00 -1.126697625851455387e+00 5.933091402592340913e-01
-3.912325916275387172e+00 -5.569689745834957018e-01 -5.569689745834957018e-01 -6.966614685388401451e-01
-4.718182218576938425e-02 1.337658615534564888e-01 1.337658615534564888e-01 4.716431870029667850e-02
-2.541878426325053564e+00 4.108748772530883553e-01 4.108748772530883553e-01 5.644065919260032871e-01
4.320798658397666969e+00 -9.089886255012147309e-02 -9.089886255012147309e-02 9.243032685117775760e-01
-1.930534685102892389e+00 -1.265471807160412077e-02 -1.265471807160412077e-02 9.359889612692751104e-01
1.298855843419771894e+00 1.128746465702961332e+00 1.128746465702961332e+00 -9.632514942448101580e-01
3.296502564535323643e+00 9.350544981071535755e-01 9.350544981071535755e-01 1.542910896401739618e-01
-2.161376688789633960e+00 7.327402531940041541e-02 7.327402531940041541e-02 8.306176483865032045e-01
-2.940482219399473962e-01 -4.506750197019510074e-01 -4.506750197019510074e-01 2.898290552863501679e-01
-1.731107260220587030e+00 6.972250448385222121e-01 6.972250448385222121e-01 9.871776982983010429e-01
-5.288749121333647274e+00 5.982176604550841770e-01 5.982176604550841770e-01 -8.384518344346520990e-01
1.187266848911415096e+00 2.864406597870972071e-02 2.864406597870972071e-02 -9.273496984201512472e-01
-3.998113642562286518e+00 -1.116356492520393262e+00 -1.116356492520393262e+00 -7.555681440517862946e-01
-2.327726130724494524e+00 -8.692211051756275619e-01 -8.692211051756275619e-01 7.269477151445102869e-01
-6.078343680428707430e+00 2.293063340319905219e-01 2.293063340319905219e-01 -2.034121002832757485e-01
-5.527625800343063389e+00 1.177099551712297965e+00 1.177099551712297965e+00 -6.856960342793645413e-01
8.955801907214677726e-01 -6.070344918312234883e-01 -6.070344918312234883e-01 -7.805718700458793569e-01
-3.004319273094679055e+00 -4.129219958012186886e-02 -4.129219958012186886e-02 1.368426570272378573e-01
-3.065844016279573037e+00 3.869675462446291458e-01 3.869675462446291458e-01 7.567621896011288152e-02
-2.265891035988182978e+00 -1.027660776302120382e+00 -1.027660776302120382e+00 7.679930479591328130e-01
4.660093498799136924e+00 -1.046245364486234619e+00 -1.046245364486234619e+00 9.986329029088842901e-01
4.908467184622821833e+00 3.970456864586788814e-01 3.970456864586788814e-01 9.808381794449905211e-01
1.613337189587259246e+00 -1.113008962805268398e+00 -1.113008962805268398e+00 -9.990952739509006975e-01
-6.136797991881061343e+00 8.162980359106322137e-01 8.162980359106322137e-01 -1.458650469031769203e-01
-5.844894928999800676e+00 -1.165739543339112672e+00 -1.165739543339112672e+00 -4.243920601649509017e-01
-5.685838610464113430e+00 4.472807298278436150e-02 4.472807298278436150e-02 -5.624506227210942511e-01
-4.383771049190420932e+00 4.031985390469479125e-01 4.031985390469479125e-01 -9.464892896227665720e-01
5.398171170859745516e+00 -6.775450242964004000e-01 -6.775450242964004000e-01 7.739239394356984825e-01
2.998541091791341984e+00 1.033385692197503536e+00 1.033385692197503536e+00 -1.425641655465054725e-01
4.593082503693885599e+00 7.078648775551643624e-02 7.078648775551643624e-02 9.928914202955121393e-01
6.852911545064799270e-02 -1.675645656572881670e-01 -1.675645656572881670e-01 -6.847548985243846753e-02
6.212383202660838322e+00 8.295307752433067616e-01 8.295307752433067616e-01 7.074296491709808343e-02
3.643751707515420435e+00 -6.925112666133588224e-01 -6.925112666133588224e-01 4.813191677834880444e-01
-4.842820384071663042e+00 7.459036159797660659e-02 7.459036159797660659e-02 -9.915058768000741818e-01
8.624830487585262162e-01 1.706665176914179405e-01 1.706665176914179405e-01 -7.594602590261309016e-01
6.131075024094647219e+00 -1.764480192655213386e-01 -1.764480192655213386e-01 1.515243850596493802e-01
-6.027292963412321569e+00 1.113468953160676955e+00 1.113468953160676955e+00 -2.531087964018484682e-01
4.346791259439296340e+00 -6.707016843039084186e-01 -6.707016843039084186e-01 9.339102382402785230e-01
-1.521460428751312044e+00 -7.960734152308716061e-01 -7.960734152308716061e-01 9.987832314165102643e-01
5.753907514456535921e+00 7.934667048648818000e-01 7.934667048648818000e-01 5.049100838752050846e-01
-2.389581877315839709e+00 8.743710483900457575e-02 8.743710483900457575e-02 6.831086436416552443e-01
-3.468218469846736873e+00 -1.301289458820267253e-01 -1.301289458820267253e-01 -3.208490691242266712e-01
-2.146111905619999760e+00 9.730628277206185839e-01 9.730628277206185839e-01 8.390206378916303942e-01
-4.747935084117344218e+00 9.611809938678030907e-01 9.611809938678030907e-01 -9.993683037726064367e-01
5.581936109843802285e+00 4.355146851672719865e-01 4.355146851672719865e-01 6.451726231630022790e-01
-1.990168129573145706e+00 -6.362540908604408241e-01 -6.362540908604408241e-01 9.133449141122754744e-01
-2.489316429274497811e+00 -3.989687228329362734e-01 -3.989687228329362734e-01 6.069969016761737057e-01
-5.173089209064541727e+00 2.909398228410617904e-01 2.909398228410617904e-01 -8.957414126777532015e-01
-1.508194842858651796e+00 7.335727263620672733e-01 7.335727263620672733e-01 9.980411669432398547e-01
2.185496743344097936e+00 -2.068818678752950557e-01 -2.068818678752950557e-01 -8.169462574705035340e-01
-1.488241604624702674e-01 -1.536683312747926244e-01 -1.536683312747926244e-01 1.482753933080401543e-01
-3.912662709011285767e+00 -3.894098909799603714e-01 -3.894098909799603714e-01 -6.969030441410579702e-01
1.279492236836549779e+00 1.154855797129428874e+00 1.154855797129428874e+00 -9.578701533741638130e-01
-6.174262683382489847e+00 9.220016558788228789e-01 9.220016558788228789e-01 -1.087073726856734729e-01
2.836181248903889340e+00 -2.994123655059235389e-01 -2.994123655059235389e-01 -3.006855668912308821e-01
-1.686769233028718951e+00 8.612939670760855204e-01 8.612939670760855204e-01 9.932826764162181465e-01
2.202848350769212260e+00 -8.884920165805836323e-01 -8.884920165805836323e-01 -8.068168687714606380e-01
-3.546834843192740117e+00 -2.601874966211337181e-03 -2.601874966211337181e-03 -3.942413458574979268e-01
-1.514911607859924736e+00 1.078653684259063050e+00 1.078653684259063050e+00 9.984388554593451870e-01
4.756487756816246915e+00 -1.090258408778058019e+00 -1.090258408778058019e+00 9.990278065261632978e-01
-5.838726778236820181e+00 -1.054258059115427582e+00 -1.054258059115427582e+00 -4.299690796703622420e-01
9.285273014393711222e-01 -2.029413104635690024e-01 -2.029413104635690024e-01 -8.007386426638591903e-01
3.095800807014638778e+00 1.137057081054707597e+00 1.137057081054707597e+00 -4.577584481756489382e-02
3.562871454006915073e+00 1.152454274289534508e+00 1.152454274289534508e+00 4.089277778475509106e-01
3.692390361192092740e+00 1.066365418948618471e+00 1.066365418948618471e+00 5.233671278482153744e-01
-3.036934419320921563e+00 9.525101399176438832e-02 9.525101399176438832e-02 1.044672792367511704e-01
-2.972043206051997899e+00 -9.958220952695410189e-01 -9.958220952695410189e-01 1.687382742667788149e-01
5.926004706433838365e+00 2.546869501602906372e-01 2.546869501602906372e-01 3.496341698489997540e-01
1.682744288900618557e+00 1.122554266787021193e+00 1.122554266787021193e+00 -9.937403683112531194e-01
-3.785632819825101691e+00 9.153608315063281875e-01 9.153608315063281875e-01 -6.004311587578581300e-01
5.104444211312364033e+00 -1.236349057156107545e-01 -1.236349057156107545e-01 9.241257320229931960e-01
-3.577787678000591498e+00 -4.671349649501822521e-01 -4.671349649501822521e-01 -4.224938320421227633e-01
-6.162846314520640689e+00 7.761214952177248882e-01 7.761214952177248882e-01 -1.200487552433405769e-01
1.757662746801585740e+00 4.804486411355357589e-02 4.804486411355357589e-02 -9.825912172988851001e-01
