5.259676388489911147e+00 -6.525283149890509504e-01 -6.525283149890509504e-01 8.539392209596570193e-01
-3.296675215030451689e+00 3.921329233280297366e-01 3.921329233280297366e-01 -1.544616704202610435e-01
-3.561984437098075329e+00 3.101755579206777469e-01 3.101755579206777469e-01 -4.081181549443718692e-01
1.198822273428178597e+00 5.462167123799301915e-01 5.462167123799301915e-01 -9.316116813223134230e-01
-8.445405268032768475e-01 -1.019505399766669429e+00 -1.019505399766669429e+00 7.476660664974102977e-01
2.126825687615930605e+00 -1.058298165288637849e+00 -1.058298165288637849e+00 -8.493575753071981316e-01
-1.797630059084215581e+00 -5.511558552482634932e-01 -5.511558552482634932e-01 9.743833510497772465e-01
5.819462075212303631e+00 -4.045516770906276705e-02 -4.045516770906276705e-02 4.472812334586043770e-01
5.153828364912833138e+00 -7.036466983902014416e-01 -7.036466983902014416e-01 9.041376355110536389e-01
4.404983589336618266e+00 -8.496252489570585986e-01 -8.496252489570585986e-01 9.531218713157124656e-01
2.008104651915651573e+00 -1.089540989526633696e+00 -1.089540989526633696e+00 -9.058948748814158458e-01
-4.641210556021707845e+00 6.300271597144069258e-01 6.300271597144069258e-01 -9.974678852755709535e-01
1.119290640656008584e+00 6.728429140530711727e-02 6.728429140530711727e-02 -8.997911603270777325e-01
-5.973843298811794433e+00 1.234891871040777467e-01 1.234891871040777467e-01 -3.044319429305829550e-01
-5.531160780556827916e+00 1.184174234467345821e+00 1.184174234467345821e+00 -6.831186856873686652e-01
-6.164900949834373201e+00 -6.517541049643655882e-01 -6.517541049643655882e-01 -1.180087270986096282e-01
-2.802346434033522016e+00 9.843108321077369549e-01 9.843108321077369549e-01 3.327763674368298119e-01
-2.285208791509951709e-01 -2.877462992906647532e-01 -2.877462992906647532e-01 2.265371044110992826e-01
2.284485164925952105e+00 -1.109515073447949973e+00 -1.109515073447949973e+00 -7.559522124651791852e-01
1.839589306288477388e+00 -9.956984161410165068e-01 -9.956984161410165068e-01 -9.640921445434029735e-01
2.456039991678112600e+00 8.726736840154474262e-01 8.726736840154474262e-01 -6.331009067853089478e-01
-5.385630605691126505e+00 -4.698174174750466836e-01 -4.698174174750466836e-01 -7.818045472676249386e-01
-7.991804850674393279e-01 1.789181459839073174e-01 1.789181459839073174e-01 7.167848885216511201e-01
1.724982871722538391e+00 -1.201574064774066919e-01 -1.201574064774066919e-01 -9.881367851471102304e-01
3.750128608394373231e+00 -3.632067025942931071e-01 -3.632067025942931071e-01 5.716668448366420963e-01
-6.065857330550333160e+00 3.300826839756774156e-01 3.300826839756774156e-01 -2.156212263442200960e-01
6.210795005106698241e+00 -1.127274134212620682e+00 -1.127274134212620682e+00 7.232709347996953142e-02
5.767143929903708610e+00 8.850972123460263408e-01 8.850972123460263408e-01 4.934408848678825121e-01
-1.516342580038640975e+00 -4.417032348232454719e-01 -4.417032348232454719e-01 9.985177610489576194e-01
4.639364835619215199e+00 5.719140090526728670e-01 5.719140090526728670e-01 9.973349217563242108e-01
-5.174158615142546935e+00 -1.024481356052153513e+00 -1.024481356052153513e+00 -8.952654688929498894e-01
5.586301880912454720e+00 -4.937281646458279161e-01 -4.937281646458279161e-01 6.418308753748943607e-01
-5.876118688867952855e-01 1.182911905250895179e+00 1.182911905250895179e+00 5.543750429999676488e-01
-1.760253839478861160e+00 9.089627899941812306e-01 9.089627899941812306e-01 9.821065441690590703e-01
-2.240088616784915665e+00 7.376635774762656528e-01 7.376635774762656528e-01 7.842609475533595109e-01
1.635911108547866810e+00 7.918881074353363303e-01 7.918881074353363303e-01 -9.978807815364068023e-01
-6.014294212784997207e+00 -2.402947745415537906e-01 -2.402947745415537906e-01 -2.656625419625255891e-01
3.707951511240752396e+00 6.676003366899954106e-01 6.676003366899954106e-01 5.365629970185846753e-01
6.189952705004703404e+00 -7.537085079089085315e-01 -7.537085079089085315e-01 9.309759295936760604e-02
3.248121617548003215e+00 5.437149630750766072e-01 5.437149630750766072e-01 1.063275890161473891e-01
2.373866571641643830e+00 7.970931171789419345e-02 7.970931171789419345e-02 -6.945009702493336601e-01
-1.302070197030638532e+00 2.649117078553202553e-01 2.649117078553202553e-01 9.641098955348509358e-01
-5.583964691573807926e+00 -8.765456152865874762e-01 -8.765456152865874762e-01 -6.436213855714321141e-01
2.661311075465228271e+00 -1.174071008366108115e+00 -1.174071008366108115e+00 -4.620289155986700980e-01
-2.217752356158621652e+00 -2.157298788584821603e-01 -2.157298788584821603e-01 7.979222771959809668e-01
-3.832209875459403392e+00 7.296279621115846492e-01 7.296279621115846492e-01 -6.370130908505475809e-01
-3.841571098554975805e+00 -6.957974576989306437e-01 -6.957974576989306437e-01 -6.442012008880575458e-01
5.228945764629857607e-01 -8.489720516256678007e-01 -8.489720516256678007e-01 -4.993900217357994942e-01
-4.152400358062694252e+00 -7.190140659029258252e-01 -7.190140659029258252e-01 -8.472611546240971236e-01
5.249882634928498604e+00 -3.837091233530687262e-02 -3.837091233530687262e-02 8.589945884593830350e-01
4.486960136463164162e+00 -6.755499764451281530e-01 -6.755499764451281530e-01 9.746983396288403378e-01
-5.369142557752072165e+00 -6.186904275150298949e-01 -6.186904275150298949e-01 -7.919785014626941066e-01
5.961836782396039425e+00 1.082835661457756560e+00 1.082835661457756560e+00 3.158463416922466793e-01
-2.204366974791368783e+00 4.263581585330418200e-01 4.263581585330418200e-01 8.059187332537746107e-01
4.559307258417415909e+00 5.333153236589227575e-01 5.333153236589227575e-01 9.883058567085557522e-01
1.205618423680153484e+00 8.246632787462513381e-01 8.246632787462513381e-01 -9.340602439914317268e-01
3.628625839994995772e+00 2.937363441808267250e-01 2.937363441808267250e-01 4.680061036722866774e-01
-3.614229806986455351e+00 7.253951704867060979e-01 7.253951704867060979e-01 -4.552359101777755379e-01
1.886595729878759897e+00 5.961911732609568304e-01 5.961911732609568304e-01 -9.505484068969428657e-01
-4.741020497765337183e+00 -3.820367853436132943e-01 -3.820367853436132943e-01 -9.995901461060034965e-01
-3.991683204163769094e+00 -9.501104762967749195e-02 -9.501104762967749195e-02 -7.513401639128586273e-01
2.020804109250855518e+00 1.996788483171787476e-01 1.996788483171787476e-01 -9.004437172252955923e-01
2.979550015779340200e+00 -8.925230089864770733e-01 -8.925230089864770733e-01 -1.613344206214076260e-01
1.543554961623443411e+00 2.712220064253290097e-02 2.712220064253290097e-02 -9.996289769570844141e-01
6.174749856677696158e+00 1.094156521242027447e+00 1.094156521242027447e+00 1.082230735989381937e-01
-6.206279750029898068e+00 -9.557298966827851849e-01 -9.557298966827851849e-01 -7.682977036431175299e-02
-5.281392762034572641e+00 -1.826865384246501023e-02 -1.826865384246501023e-02 -8.424381486499084026e-01
-4.662650348311476733e+00 -3.206741217478118466e-01 -3.206741217478118466e-01 -9.987632892327628076e-01
-1.559266584824904989e+00 5.319206828359261952e-01 5.319206828359261952e-01 9.999335332613703553e-01
-1.354772085524603042e+00 8.474691256636868175e-02 8.474691256636868175e-02 9.767573625457367514e-01
4.697478268880415087e+00 -9.166634121061778551e-02 -9.166634121061778551e-02 9.998888374007998125e-01
-4.485866614979257427e+00 -7.932418304368513695e-01 -7.932418304368513695e-01 -9.744533282032451504e-01
6.268915741949586007e+00 9.972164585409106774e-01 9.972164585409106774e-01 1.426908097228229283e-02
-1.697516099587534022e+00 -5.051046573244324378e-01 -5.051046573244324378e-01 9.919817878499095354e-01
-4.379620000528899659e+00 -9.435303784008608474e-02 -9.435303784008608474e-02 -9.451414492879510743e-01
7.988463397250926690e-01 9.586827233290196038e-01 9.586827233290196038e-01 -7.165518508479336024e-01
-1.354673014330275649e+00 -9.473383737105538493e-01 -9.473383737105538493e-01 9.767361220423248502e-01
4.709706082061735799e+00 -1.159158497527750686e+00 -1.159158497527750686e+00 9.999964010304530637e-01
-5.357783606434558088e+00 -3.122996021262669508e-01 -3.122996021262669508e-01 -7.988624561623407505e-01
2.128820339345018908e+00 2.265530485716127362e-01 2.265530485716127362e-01 -8.483030735265761901e-01
-7.668989526592522310e-01 -4.471579979568858221e-01 -4.471579979568858221e-01 6.939056200349212888e-01
4.676879853632890160e+00 8.066973603781126823e-01 8.066973603781126823e-01 9.993696172002104472e-01
5.333213660276275192e+00 6.896379100318050792e-01 6.896379100318050792e-01 8.133990119455466461e-01
4.138328199221245285e+00 6.947167679503847282e-01 6.947167679503847282e-01 8.397027120857680771e-01
1.799256575598867869e+00 8.597618126532837746e-01 8.597618126532837746e-01 -9.740162693308556108e-01
5.214255451739761682e+00 -1.019947587116981635e+00 -1.019947587116981635e+00 8.766861997517721994e-01
8.656376134894712138e-01 1.002906916029160156e+00 1.002906916029160156e+00 -7.615086905789160143e-01
1.405543392528620927e+00 -7.583757366565702096e-01 -7.583757366565702096e-01 -9.863767787505440809e-01
-5.547895648619752151e+00 -6.557920147824917168e-01 -6.557920147824917168e-01 -6.708020051307415077e-01
8.482998104938950235e-01 -5.543509825631565135e-03 -5.543509825631565135e-03 -7.501572234200796219e-01
4.049410010659563852e+00 9.365687592734683875e-02 9.365687592734683875e-02 7.881622723628949334e-01
-3.249507928683453617e+00 -4.209770454172331311e-01 -4.209770454172331311e-01 -1.077059387524530454e-01
-5.769298304201607941e+00 -3.636739193305493778e-02 -3.636739193305493778e-02 -4.915659109611010824e-01
-1.995449753450372121e+00 -1.687572174617670839e-01 -1.687572174617670839e-01 9.111815776296837699e-01
5.691199892240206282e-02 2.935212328435159446e-01 2.935212328435159446e-01 -5.688128113468710750e-02
4.244597320494920112e+00 -8.462812288328861454e-01 -8.462812288328861454e-01 8.925662403477147011e-01
2.444652021018578480e+00 -5.839446262420819878e-01 -5.839446262420819878e-01 -6.418747427627865543e-01
4.324140528668813488e+00 6.374776112592077659e-01 6.374776112592077659e-01 9.255735591091859282e-01
5.719253612670728515e+00 6.091051792513872964e-01 6.091051792513872964e-01 5.345132320144720950e-01
3.344451762623899427e+00 -1.015294754907430486e+00 -1.015294754907430486e+00 2.014706321730278804e-01
-5.241960843635351530e+00 -8.444940630032657936e-01 -8.444940630032657936e-01 -8.630234288328033632e-01
-4.642028557680932366e+00 -1.081778708136006628e+00 -1.081778708136006628e+00 -9.975257264704855409e-01
-1.516140432132351279e+00 -4.045745442420881632e-01 -4.045745442420881632e-01 9.985067383757567638e-01
-7.720277549242089421e-01 1.281757389822266724e-01 1.281757389822266724e-01 6.975895533447044050e-01
5.871675732883515408e+00 1.039973975071478263e+00 1.039973975071478263e+00 3.999933353008334191e-01
2.857907475252643437e+00 -3.597359318471202716e-01 -3.597359318471202716e-01 -2.798954247026450570e-01
-1.887692376758081103e+00 3.831385981795134565e-01 3.831385981795134565e-01 9.502072426985794795e-01
-6.117301353989674340e+00 5.897549439335822985e-01 5.897549439335822985e-01 -1.651242143575404886e-01
-4.619425026663192213e+00 -1.958796609929873700e-01 -1.958796609929873700e-01 -9.956819628116998500e-01
3.951967491910640007e+00 1.078435029681287682e+00 1.078435029681287682e+00 7.245455739163868536e-01
-3.712104949623322714e+00 2.770152453516265822e-01 2.770152453516265822e-01 -5.400632804328382441e-01
-1.597763407848149519e+00 1.041938349752653759e+00 1.041938349752653759e+00 9.996364103047812311e-01
4.713016592110912839e+00 -5.828043345313090873e-01 -5.828043345313090873e-01 9.999998030517670555e-01
4.165253672474269919e+00 1.238867600518669398e-01 1.238867600518669398e-01 8.540183598794447439e-01
-1.584052722145368186e+00 4.458893768288589854e-01 4.458893768288589854e-01 9.999121352778876926e-01
-1.605403955340769961e+00 9.752416715567948646e-01 9.752416715567948646e-01 9.994012157898474191e-01
-4.020240884347071386e+00 7.933263228741951334e-01 7.933263228741951334e-01 -7.698768936637818694e-01
6.064542697610102451e-01 1.192796199854247119e+00 1.192796199854247119e+00 -5.699576143287303776e-01
-5.792478402074443977e+00 -9.549338255013566368e-01 -9.549338255013566368e-01 -4.712494961320345954e-01
-4.721679169375545548e+00 -3.773206299510825090e-01 -3.773206299510825090e-01 -9.999568465046313470e-01
2.789963355253815891e+00 -9.065195796390108640e-01 -9.065195796390108640e-01 -3.444278700458009435e-01
-1.780230190063689655e+00 2.530114938714276285e-01 2.530114938714276285e-01 9.781487747894000995e-01
-3.062676482911963927e+00 1.217707157663063811e-01 1.217707157663063811e-01 7.883428432567515798e-02
2.894753341387270140e+00 -4.794693780096440650e-01 -4.794693780096440650e-01 -2.443402989100791067e-01
3.489711411771558858e+00 1.717335754785016544e-01 1.717335754785016544e-01 3.411300144978748894e-01
-8.420734330904764420e-01 -1.082925536856041537e+00 -1.082925536856041537e+00 7.460254578327288888e-01
-3.465648304947467562e+00 -1.054179441383201743e+00 -1.054179441383201743e+00 -3.184137309342488509e-01
-3.230118141897308615e+00 6.709410314354482541e-01 6.709410314354482541e-01 -8.840990807390346207e-02
4.796008566164676523e+00 1.750705975374595713e-01 1.750705975374595713e-01 9.965059191019147722e-01
-4.496174240462869065e-01 6.217749898502935579e-01 6.217749898502935579e-01 4.346210128789572136e-01
2.354014792021867919e+00 2.926932448376082796e-01 2.926932448376082796e-01 -7.086463795621414929e-01
-2.851385391795912216e+00 -1.843357158851781641e-01 -1.843357158851781641e-01 2.861508263061384727e-01
-2.180777055684319343e+00 -6.731175627672159045e-02 -6.731175627672159045e-02 8.196590574854498712e-01
-1.204255526707331825e-02 -6.801665253577389159e-01 -6.801665253577389159e-01 1.204226419432616151e-02
2.825956098795776583e+00 6.485654485971164007e-01 6.485654485971164007e-01 -3.104216424107349437e-01
3.548451261817007207e+00 1.413230588650413733e-01 1.413230588650413733e-01 3.957263301104587683e-01
1.484303103275817826e+00 5.660245882805337025e-01 5.660245882805337025e-01 -9.962617924996938212e-01
2.666994487114877188e+00 6.386003375911128987e-01 6.386003375911128987e-01 -4.569810626361503481e-01
2.441018215644021438e+00 -3.943947064677773007e-01 -3.943947064677773007e-01 -6.446569352992952417e-01
-4.511273540437048979e+00 1.877229077488258291e-01 1.877229077488258291e-01 -9.798443644768245475e-01
-3.748587932453088190e+00 -1.612662346699071936e-01 -1.612662346699071936e-01 -5.704020640606919379e-01
3.784727795059451338e+00 -6.542648314577989010e-01 -6.542648314577989010e-01 5.997071859680100925e-01
-5.034494540082281588e+00 2.497822866124947971e-01 2.497822866124947971e-01 -9.485709757389374497e-01
2.203813719807898863e+00 2.947848712884331146e-01 2.947848712884331146e-01 -8.062461513281031777e-01
-3.531759881448118144e+00 2.238491592522258156e-01 2.238491592522258156e-01 -3.803430803676515204e-01
-5.917578108375536772e+00 -8.622654243191487655e-01 -8.622654243191487655e-01 -3.575164274707866574e-01
-4.230060330592340989e+00 -5.623425146841241062e-01 -5.623425146841241062e-01 -8.859171968572718825e-01
-2.623013365183899381e+00 -8.737442688002219349e-01 -8.737442688002219349e-01 4.956467160316641585e-01
9.399594918850793235e-01 3.382746815820294461e-01 3.382746815820294461e-01 -8.075342085414599635e-01
-4.255741857156983166e+00 -8.947409226689970740e-01 -8.947409226689970740e-01 -8.975359614235781658e-01
3.660731562007550011e+00 1.124823675389756028e+00 1.124823675389756028e+00 4.961326819325435622e-01
8.049960542570575583e-01 9.420275657688208515e-01 9.420275657688208515e-01 -7.208279081547233069e-01
4.779767852499679393e+00 -6.284213668865382685e-01 -6.284213668865382685e-01 9.977309024498342005e-01
4.447482667684957036e+00 3.160490157504864950e-01 3.160490157504864950e-01 9.651170342180841466e-01
4.503641465716107462e+00 -4.731745385540021553e-01 -4.731745385540021553e-01 9.782912404946445539e-01
2.242424468832327378e+00 -1.169157777998703240e+00 -1.169157777998703240e+00 -7.828095740421627813e-01
8.792983345635718706e-01 -2.762344366774405202e-02 -2.762344366774405202e-02 -7.702916222693708681e-01
-6.263416413164276442e+00 6.671256873109854268e-02 6.671256873109854268e-02 -1.976760639629203051e-02
1.528009956959157201e+00 1.199242292748653460e+00 1.199242292748653460e+00 -9.990848029098378102e-01
2.420738608540611736e+00 -5.385121971046974432e-01 -5.385121971046974432e-01 -6.600265073790883008e-01
-5.990689335346075950e+00 1.102102586870943535e+00 1.102102586870943535e+00 -2.883430816214631043e-01
4.893409813145495946e+00 1.043194814723193975e-01 1.043194814723193975e-01 9.836604209346792027e-01
2.334675824709883329e+00 2.213601906559481414e-02 2.213601906559481414e-02 -7.221578935683495848e-01
-7.848689261013497287e-02 -5.973509963296480541e-01 -5.973509963296480541e-01 7.840633503457683506e-02
3.360266416158708580e+00 2.130432579653185332e-01 2.130432579653185332e-01 2.169351598114455659e-01
2.472117296911889639e+00 -5.295936418997931883e-01 -5.295936418997931883e-01 -6.205746747893202686e-01
-3.253330175110545230e+00 -8.387595006114796359e-01 -8.387595006114796359e-01 -1.115051543698214326e-01
-5.042215755289529255e+00 -8.538679743634469688e-02 -8.538679743634469688e-02 -9.460984617186212198e-01
-2.747537129579637583e+00 3.337326657570063304e-01 3.337326657570063304e-01 3.839362692129467125e-01
4.502178256443063020e+00 5.230131562700490733e-02 5.230131562700490733e-02 9.779869655181808730e-01
-1.986660869617471903e+00 8.340892709893765744e-01 8.340892709893765744e-01 9.147674035829667094e-01
8.408599103648306539e-02 9.608258413814578791e-01 9.608258413814578791e-01 -8.398693837328276290e-02
-2.740452461358234171e+00 -6.369783525231219601e-01 -6.369783525231219601e-01 3.904682755419002227e-01
1.206901395452755210e-01 -5.645004363550987225e-01 -5.645004363550987225e-01 -1.203973552260047958e-01
-4.745925968391173200e+00 -2.433091573075948366e-01 -2.433091573075948366e-01 -9.994376879247751644e-01
-1.998605122533155587e+00 9.712569508550334962e-01 9.712569508550334962e-01 9.098770158804472263e-01
-5.267091540981576614e-01 -9.562104606655773553e-01 -9.562104606655773553e-01 5.026912438413188022e-01
-6.980584257217028465e-01 5.424371386614672552e-01 5.424371386614672552e-01 6.427314759961390012e-01
-3.458173786437893860e+00 -1.178862018644693865e+00 -1.178862018644693865e+00 -3.113194187201960283e-01
-6.122881547052996254e-01 5.638771263745177009e-01 5.638771263745177009e-01 5.747414402659783983e-01
3.680538916859804388e+00 -1.103712364300943882e+00 -1.103712364300943882e+00 5.132319072409117222e-01
-3.724695671855805301e+00 7.639083732255709247e-01 7.639083732255709247e-01 -5.506168531250301701e-01
9.799173641844287630e-01 -5.902873194152437053e-01 -5.902873194152437053e-01 -8.304513376439797145e-01
8.032751963199338263e-01 -8.452695725741390387e-01 -8.452695725741390387e-01 -7.196340905665078447e-01
-4.685320619531866626e+00 -7.664141580971464141e-01 -7.664141580971464141e-01 -9.996336742883102922e-01
-3.749376790812078308e+00 7.566010235023234998e-03 7.566010235023234998e-03 -5.710498276504584192e-01
1.779565774181481430e+00 -1.084586256063478693e+00 -1.084586256063478693e+00 -9.782866950376331028e-01
1.966075719138942191e+00 2.576566373710278413e-01 2.576566373710278413e-01 -9.228890158780433950e-01
5.878202013198112752e-01 9.314480429448031007e-01 9.314480429448031007e-01 -5.545484191711815836e-01
-3.530057380966397318e+00 -6.077730541884671656e-01 -6.077730541884671656e-01 -3.787679800585143086e-01
-3.888766994611527306e+00 9.503720916439848398e-01 9.503720916439848398e-01 -6.795685383340303032e-01
5.350786904905493913e+00 5.966143245925932259e-01 5.966143245925932259e-01 8.030514803002625213e-01
-6.173660184874683488e+00 -2.152089577045485091e-01 -2.152089577045485091e-01 -1.093062808961022259e-01
-3.343403272701138906e+00 1.992728146891855623e-01 1.992728146891855623e-01 -2.004435314488338671e-01
4.008051527486404808e-01 -1.013176458419473347e+00 -1.013176458419473347e+00 -3.901598107952194416e-01
-4.375777850826418458e+00 5.722122371679516650e-01 5.722122371679516650e-01 -9.438793944135536185e-01
3.159965375153712230e+00 -3.054336887939573808e-01 -3.054336887939573808e-01 1.837168794154899962e-02
-1.530033237969959714e+00 8.157613400544756477e-01 8.157613400544756477e-01 9.991693003305325282e-01
4.522890908166711910e+00 7.748901909122720699e-01 7.748901909122720699e-01 9.820989049406642080e-01
3.422812441625362467e+00 7.591438256216918035e-01 7.591438256216918035e-01 2.775277266061906833e-01
4.236034094288928742e+00 -8.116636814489233132e-01 -8.116636814489233132e-01 8.886722640651475436e-01
-6.218825514149526335e+00 -6.674315794799348112e-01 -6.674315794799348112e-01 -6.431537055837097117e-02
1.163922389538383229e-01 7.126864380931809961e-01 7.126864380931809961e-01 -1.161296196537107556e-01
5.724913547523557966e+00 -5.616467831086989770e-01 -5.616467831086989770e-01 5.297211449081351553e-01
-1.189790344710821124e+00 4.975316147982331572e-01 4.975316147982331572e-01 9.282910263883557000e-01
-2.275479485698179261e+00 -8.830875991540385606e-01 -8.830875991540385606e-01 7.618168372794495991e-01
4.631948799283327034e+00 -5.175997796046118982e-01 -5.175997796046118982e-01 9.967664327958992709e-01
4.185665349794309265e+00 8.100581059573934706e-01 8.100581059573934706e-01 8.644587505873778666e-01
-3.079881665217788722e+00 1.127201830246128855e+00 1.127201830246128855e+00 6.167182739116063017e-02
-3.103985492123517265e+00 7.963691219880701944e-01 7.963691219880701944e-01 3.759829746718806875e-02
-2.359383007878475880e+00 1.121977668610872447e+00 1.121977668610872447e+00 7.048485680802958342e-01
-4.018678102961692034e+00 -5.893877953070600917e-01 -5.893877953070600917e-01 -7.688785987015521739e-01
-3.116646457499239631e+00 -1.025801780389312245e+00 -1.025801780389312245e+00 2.494360878195590533e-02
-5.680248010106427436e+00 1.129310729053985218e+00 1.129310729053985218e+00 -5.670642900099583938e-01
3.131351204580745673e-02 -9.509378584520851163e-01 -9.509378584520851163e-01 -3.130839495885584522e-02
-3.544985601929149688e+00 7.237708838888989860e-02 7.237708838888989860e-02 -3.925412071736079644e-01
-6.097369711103449497e+00 3.851408560574149931e-01 3.851408560574149931e-01 -1.847481512079349464e-01
-1.435649854557924598e+00 9.764044253188159939e-01 9.764044253188159939e-01 9.908816068312342740e-01
-4.195662376002091243e+00 -3.315060005864545190e-02 -3.315060005864545190e-02 -8.694410126498975933e-01
3.117104970883168846e+00 -5.361002118875237699e-01 -5.361002118875237699e-01 -2.448523545403601467e-02
-5.882272010738976320e+00 -2.464025230233695130e-01 -2.464025230233695130e-01 -3.902593815101845776e-01
-4.780119881348404931e+00 1.064602914140859502e+00 1.064602914140859502e+00 -9.977071392651774007e-01
5.880002847617205930e+00 -4.477623819460930799e-01 -4.477623819460930799e-01 3.923476047062615102e-01
7.562620066576535294e-01 1.012338944718140565e+00 1.012338944718140565e+00 -6.862072062334377831e-01
-4.334407770562426876e+00 2.645124802768146210e-01 2.645124802768146210e-01 -9.294115532761337839e-01
-3.086310863958718009e+00 -4.153949938856450474e-01 -4.153949938856450474e-01 5.525363637248351112e-02
-3.574972882670496510e+00 -1.123550735367487841e+00 -1.123550735367487841e+00 -4.199409274686458082e-01
3.931651795312545161e+00 -9.951010606826782290e-01 -9.951010606826782290e-01 7.103948977997853742e-01
4.613006404267336436e+00 1.028221637952340339e+00 1.028221637952340339e+00 9.950656151559507112e-01
-1.453448363827564371e+00 -2.473618633014621482e-01 -2.473618633014621482e-01 9.931226253300494689e-01
-4.228168030867818672e+00 5.050232921055188839e-01 5.050232921055188839e-01 -8.850378804561626067e-01
-2.504249453204510090e-01 -3.728566181485819531e-01 -3.728566181485819531e-01 2.478156717037432455e-01
5.353204508945104578e+00 1.030011125704083375e+00 1.030011125704083375e+00 8.016084612680494104e-01
-3.522346430598639166e+00 8.355950528234612484e-02 8.355950528234612484e-02 -3.716203700231701101e-01
3.839385280831900005e+00 -1.138777669476398913e+00 -1.138777669476398913e+00 6.425278273274943608e-01
2.284585950044867531e+00 1.941432713454505077e-02 1.941432713454505077e-02 -7.558862319856628487e-01
1.410684949324719106e+00 8.139961205814139067e-01 8.139961205814139067e-01 -9.872095327936096787e-01
1.428224994967050243e+00 1.078113225687804766e+00 1.078113225687804766e+00 -9.898539114287906449e-01
-2.897997388456607926e+00 -3.552073498472307911e-02 -3.552073498472307911e-02 2.411933001950390676e-01
-2.771392984307584850e+00 -3.639954788008130659e-01 -3.639954788008130659e-01 3.618015818871955780e-01
-5.711005206831529790e+00 8.936398769540516707e-01 8.936398769540516707e-01 -5.414661934978162172e-01
3.266239496823738264e+00 -2.527374947701782615e-01 -2.527374947701782615e-01 1.243243242983676639e-01
3.220216123394582297e+00 -7.515822039318335035e-01 -7.515822039318335035e-01 7.854249104255256464e-02
5.030009674527558872e+00 1.486233472719189486e-01 1.486233472719189486e-01 9.499811805810794985e-01
-3.994691664753073468e+00 -1.507762603945308477e-01 -1.507762603945308477e-01 -7.533220894063207274e-01
-3.197398581939504769e+00 5.651857373758177872e-01 5.651857373758177872e-01 -5.577696677747899512e-02
-2.082395235738245809e+00 -6.178368106552164507e-01 -6.178368106552164507e-01 8.719628414226419100e-01
-2.020653276940910459e+00 5.467938741679412296e-01 5.467938741679412296e-01 9.005093148955664040e-01
-5.116447660168223166e+00 5.625166497618827588e-01 5.625166497618827588e-01 -9.194728877349852558e-01
-2.565873714501888614e+00 9.318357111454453889e-01 9.318357111454453889e-01 5.444379782332815498e-01
-2.559197845097911816e+00 1.179603858105975123e+00 1.179603858105975123e+00 5.500255312468997904e-01
2.580516370045012664e+00 2.124566930488391847e-01 2.124566930488391847e-01 -5.320977768196762936e-01
5.473903314839601464e+00 -1.371516195753978984e-01 -1.371516195753978984e-01 7.237919225585659477e-01
2.160290703123258993e+00 -8.621055486980053750e-01 -8.621055486980053750e-01 -8.312218821741473862e-01
1.525934750263565398e+00 2.563941453305962348e-02 2.563941453305962348e-02 -9.989938882309893353e-01
-3.347348602276591034e+00 -1.145359312588809297e+00 -1.145359312588809297e+00 -2.043072215347484510e-01
2.895509596919474404e+00 -6.126772904209318860e-01 -6.126772904209318860e-01 -2.436068960233966352e-01
8.062618428981531693e-01 -6.116019197583690836e-01 -6.116019197583690836e-01 -7.217046663862267675e-01
-5.414480588105488046e+00 -1.001031561356152011e+00 -1.001031561356152011e+00 -7.634930645545316974e-01
-3.667645678699775758e+00 -2.038445213864563677e-01 -2.038445213864563677e-01 -5.021239344562230533e-01
2.778228451922077014e+00 -7.880322145762861386e-01 -7.880322145762861386e-01 -3.554207794989022728e-01
7.116593469761545165e-01 1.819618469869279664e-01 1.819618469869279664e-01 -6.530912585399103465e-01
5.861734888222192907e+00 -9.378870303096134009e-01 -9.378870303096134009e-01 4.090843851981925128e-01
3.714739418941418236e+00 6.955238012750915022e-01 6.955238012750915022e-01 5.422786374281505228e-01
-5.390049208712690110e+00 1.090759047074913779e+00 1.090759047074913779e+00 -7.790418210915021069e-01
-2.454414118726345517e+00 -4.339679574894562686e-01 -4.339679574894562686e-01 6.343586077379560484e-01
-3.208436811886965501e-01 4.527762371980621481e-01 4.527762371980621481e-01 3.153673006330813822e-01
1.023383870224529701e+00 -6.102089480357272278e-01 -6.102089480357272278e-01 -8.538741424686040471e-01
5.271085079225183989e+00 -7.234762388088936680e-01 -7.234762388088936680e-01 8.479470048827651985e-01
-4.137332892541234486e-01 -9.813238788953313474e-01 -9.813238788953313474e-01 4.020304195483353493e-01
-5.842903360281997749e+00 1.035315037349969769e+00 1.035315037349969769e+00 -4.261945400573258769e-01
-3.123847928875364666e+00 9.052835956227982539e-01 9.052835956227982539e-01 1.774379349996905650e-02
-5.253998799650800855e+00 -1.784723859962964454e-01 -1.784723859962964454e-01 -8.568799043130119752e-01
-4.479652905604575075e+00 1.186707890742811466e+00 1.186707890742811466e+00 -9.730389877487979344e-01
1.963836329847534756e-02 -6.870573382408435847e-01 -6.870573382408435847e-01 -1.963710101689497903e-02
2.263266375592873914e+00 -2.226244376027374239e-01 -2.226244376027374239e-01 -7.696713859549022541e-01
-4.897965674528395041e-01 -6.257914607202597068e-02 -6.257914607202597068e-02 4.704463832131462464e-01
6.274090223769619001e+00 1.136684893699773102e-01 1.136684893699773102e-01 9.094958018780874634e-03
-3.210708867902578589e-01 2.101213032706101824e-01 2.101213032706101824e-01 3.155829037196803966e-01
-6.283034088885623092e+00 2.178616019208412524e-02 2.178616019208412524e-02 -1.512182933870676255e-04
-1.798611370582987590e-01 4.213960194872523601e-03 4.213960194872523601e-03 1.788929522708023190e-01
5.643483927720742699e+00 7.038349469221472088e-01 7.038349469221472088e-01 5.969558924694524649e-01
-3.531359729406030379e+00 8.586827270582799709e-01 8.586827270582799709e-01 -3.799729711239779317e-01
-5.979594898414030801e+00 4.370502562905504984e-01 4.370502562905504984e-01 -2.989483430178440648e-01
4.680116810828652163e+00 1.078638457484289992e+00 1.078638457484289992e+00 9.994792987306507781e-01
5.264571523398071662e+00 7.447723200174070080e-01 7.447723200174070080e-01 8.513817051085889043e-01
-3.312744608817670855e+00 -7.405370218122258041e-01 -7.405370218122258041e-01 -1.703175860881045722e-01
5.630650772418398731e+00 1.338953941634748457e-01 1.338953941634748457e-01 6.072021618187547487e-01
1.336831482686360317e-01 -5.340127976901132278e-02 -5.340127976901132278e-02 -1.332853245544594334e-01
-4.571226149953904638e+00 -5.476469142980281424e-01 -5.476469142980281424e-01 -9.900530617967014946e-01
4.464145791232608573e+00 9.940554350622889945e-01 9.940554350622889945e-01 9.693455682288170117e-01
4.075004223703333039e+00 -1.165224814759419525e+00 -1.165224814759419525e+00 8.036548245274577340e-01
-4.549201428606807873e+00 9.666700531140359764e-02 9.666700531140359764e-02 -9.867144338524440617e-01
-3.559412819018185736e+00 -1.038303359178683882e+00 -1.038303359178683882e+00 -4.057691030238429475e-01
-5.257041415138788309e+00 1.791514538504481724e-01 1.791514538504481724e-01 -8.553074232376369768e-01
4.170139027832719947e+00 -3.518627230188474675e-01 -3.518627230188474675e-01 8.565497297707201918e-01
-5.488345014821362611e+00 9.831942913658588967e-01 9.831942913658588967e-01 -7.137517550028640301e-01
-4.963345788828851468e+00 2.995062204780167825e-01 2.995062204780167825e-01 -9.686752600383293776e-01
-4.715315271766824523e+00 9.975967882702929668e-01 9.975967882702929668e-01 -9.999957184124287357e-01
-3.870243788982046240e-01 -1.036217096474056243e+00 -1.036217096474056243e+00 3.774345571149714806e-01
-3.733407223678442133e+00 -8.921149361588573967e-01 -8.921149361588573967e-01 -5.578679062322009496e-01
-5.618849020081044365e+00 -7.432129617700604651e-01 -7.432129617700604651e-01 -6.165367100319288918e-01
1.014946970832810713e+00 -1.170049431417632402e-01 -1.170049431417632402e-01 -8.494525713285059343e-01
7.759135855795715742e-01 -4.431231616104597260e-01 -4.431231616104597260e-01 -7.003684680052606470e-01
-2.778882570626863835e+00 -1.003092601585876542e+00 -1.003092601585876542e+00 3.548092945602564496e-01
-3.435798069340575633e+00 1.114750766889807343e+00 1.114750766889807343e+00 -2.899794985103856249e-01
6.093775820998251547e+00 3.859979835557101335e-01 3.859979835557101335e-01 1.882789750112101590e-01
-2.541501454854072417e+00 -3.218024163847589270e-01 -3.218024163847589270e-01 5.647177406114313181e-01
-3.240435867356731503e+00 -6.561744388896755265e-01 -6.561744388896755265e-01 -9.868234298704475771e-02
-2.007341953054574191e+00 -7.743150649682297715e-01 -7.743150649682297715e-01 9.062176163380669669e-01
2.454384586798846968e+00 4.558900296869248248e-01 4.558900296869248248e-01 -6.343814367903812812e-01
-5.757802704427631646e+00 -6.921683059526727577e-01 -6.921683059526727577e-01 -5.015440433021189914e-01
3.520430648538267704e+00 2.428290752207620251e-01 2.428290752207620251e-01 3.698411062393978099e-01
8.208502811172833091e-01 -1.711440591841051351e-01 -1.711440591841051351e-01 -7.317256451662143002e-01
3.388073220140750408e-01 -2.090878150482244902e-01 -2.090878150482244902e-01 -3.323624524822231807e-01
5.665812495258968795e+00 -8.789631604532853748e-01 -8.789631604532853748e-01 5.788949460323568053e-01
2.689843266884453854e+00 -4.924092747112308599e-01 -4.924092747112308599e-01 -4.365400979234345669e-01
3.274389996381568579e+00 -6.927533892916799552e-01 -6.927533892916799552e-01 1.324073703167383265e-01
-4.833307590528951536e+00 -5.066905084762970413e-01 -5.066905084762970413e-01 -9.926982481332525809e-01
-2.793342923699309477e+00 -1.152379315647799940e+00 -1.152379315647799940e+00 3.412531270896919655e-01
-2.745515268167613598e+00 -8.429288644494311589e-01 -8.429288644494311589e-01 3.858023883242012175e-01
4.867972524888536157e+00 -7.115246761611275783e-01 -7.115246761611275783e-01 9.879212749000008120e-01
-4.406119205206122658e+00 -1.052313563592125467e+00 -1.052313563592125467e+00 -9.534648788925678131e-01
5.026155689401022642e+00 6.863794594635213020e-01 6.863794594635213020e-01 9.511777495940325622e-01
3.978029479496553833e+00 1.197876843622058152e+00 1.197876843622058152e+00 7.422601116865850113e-01
4.637231756339440736e+00 -1.050620881287301023e+00 -1.050620881287301023e+00 9.971770250356144505e-01
4.877900522042724063e+00 6.264580257796381613e-01 6.264580257796381613e-01 9.863342043798376535e-01
1.250306413626747215e-01 -1.150459095009492172e+00 -1.150459095009492172e+00 -1.247051356152613921e-01
4.343843147611886835e+00 -5.301292849629661852e-01 -5.301292849629661852e-01 9.328522089801071226e-01
-4.024655032961542922e+00 -9.396962183648911449e-01 -9.396962183648911449e-01 -7.726864603135774612e-01
2.501888624594617028e-01 -7.226148325413905837e-02 -7.226148325413905837e-02 -2.475869460240729125e-01
3.772790598137291340e+00 -1.167718270946467740e+00 -1.167718270946467740e+00 5.901123071262935893e-01
-2.547049767964627343e+00 1.118254816300127574e+00 1.118254816300127574e+00 5.601301373684643981e-01
-5.403272386189025944e+00 7.633157551863178902e-02 7.633157551863178902e-02 -7.706833934863777102e-01
-5.465308893439360993e+00 6.108189374259016535e-01 6.108189374259016535e-01 -7.296954266400641487e-01
4.193591158447796730e+00 1.115808087927880887e-01 1.115808087927880887e-01 8.684158908354868700e-01
-4.462682767554696284e+00 9.139771159173084580e-01 9.139771159173084580e-01 -9.689850640047851238e-01
2.260036013763688345e+00 -9.075441468694345204e-02 -9.075441468694345204e-02 -7.717297595456117376e-01
-2.996537274727583355e+00 1.091558410362632570e+00 1.091558410362632570e+00 1.445472272001495639e-01
-3.574241146957762183e+00 -2.978192747108747707e-01 -2.978192747108747707e-01 -4.192767273016548835e-01
-5.433712557036404434e+00 6.618900877176381314e-01 6.618900877176381314e-01 -7.509323247121216793e-01
-1.805720440180141217e+00 4.279008682125722274e-01 4.279008682125722274e-01 9.725320081983188647e-01
-5.896810146105657680e+00 8.893965174212234981e-01 8.893965174212234981e-01 -3.768332783699252508e-01
1.631479319280209950e+00 7.558666314139750320e-01 7.558666314139750320e-01 -9.981593521529199542e-01
-4.569655722609847537e+00 -9.460019660801485264e-01 -9.460019660801485264e-01 -9.898308905844462879e-01
-3.211013027153936772e+00 2.051779326383229574e-01 2.051779326383229574e-01 -6.936462868981013719e-02
8.257570357584835818e-01 6.400599765710857092e-01 6.400599765710857092e-01 -7.350612635988474919e-01
5.852777035948902196e+00 -1.063999939347937129e+00 -1.063999939347937129e+00 4.172418722410334846e-01
6.121850290297064845e+00 7.193785783710324733e-01 7.193785783710324733e-01 1.606360293389283989e-01
-5.429708871261422765e+00 -3.025735005850972437e-01 -3.025735005850972437e-01 -7.535702497973445491e-01
-1.950454569528840665e+00 -8.801020020187299009e-01 -8.801020020187299009e-01 9.287913461064943865e-01
-2.595163305091003902e+00 1.925720030626814072e-01 1.925720030626814072e-01 5.196398354240617801e-01
-3.559287215733163201e+00 -2.105678774668026110e-01 -2.105678774668026110e-01 -4.056543014830240046e-01
1.979260874811524573e+00 -1.186752019942793002e+00 -1.186752019942793002e+00 -9.177317869516750104e-01
3.931278098249080699e+00 1.042641607225051947e+00 1.042641607225051947e+00 7.101318389752108162e-01
-5.169587976274689467e+00 6.733957755826087688e-01 6.733957755826087688e-01 -8.972924813285543255e-01
5.180562743572272311e+00 -6.281934467905591069e-01 -6.281934467905591069e-01 8.923938785892744363e-01
3.128961211567755640e-01 5.724964658199918066e-01 5.724964658199918066e-01 -3.078154266464633304e-01
-5.858168900064154805e+00 3.804590870075172937e-01 3.804590870075172937e-01 -4.123357292055813694e-01
-2.585103556400413893e+00 2.711476987953334028e-01 2.711476987953334028e-01 5.282082998677599672e-01
1.425607564579562059e+00 -3.460918441713389804e-02 -3.460918441713389804e-02 -9.894786135327970911e-01
-5.741868433725977994e+00 -2.836466767815771783e-01 -2.836466767815771783e-01 -5.152650393242137472e-01
2.122507662225251224e+00 -2.554381879388338827e-01 -2.554381879388338827e-01 -8.516287809415091781e-01
-3.585867317453497627e+00 1.093388784294308413e+00 1.093388784294308413e+00 -4.298030709910654057e-01
-4.347653735015744481e+00 -5.656285212060406797e-01 -5.656285212060406797e-01 -9.342182324036243379e-01
-3.298154300033838027e+00 -1.052546666014008592e+00 -1.052546666014008592e+00 -1.559228351113266242e-01
3.426088245165614055e+00 -2.645957724082936835e-03 -2.645957724082936835e-03 2.806733541267150134e-01
-2.269595026217348988e+00 -1.191760745370842534e+00 -1.191760745370842534e+00 7.656155342974556577e-01
5.301583221181076055e+00 -1.025366463505540393e+00 -1.025366463505540393e+00 8.313887023231700812e-01
5.201195512741035643e+00 -7.540026165518587398e-01 -7.540026165518587398e-01 8.828939068646273203e-01
3.462368296607149176e+00 3.669265829756600539e-01 3.669265829756600539e-01 3.153027337410633790e-01
4.905899493382863241e+00 7.224634580125093297e-01 7.224634580125093297e-01 9.813351939160620541e-01
1.531154063881326799e+00 4.302678900477152624e-01 4.302678900477152624e-01 -9.992143483918457525e-01
-7.901983579973528293e-01 4.930187817139508599e-01 4.930187817139508599e-01 7.104928717892086132e-01
2.859357549150958633e+00 -3.943908104484320498e-01 -3.943908104484320498e-01 -2.785030157581980803e-01
2.685744601964188405e+00 8.601197853074205035e-02 8.601197853074205035e-02 -4.402239274109235878e-01
4.657614267728700241e+00 5.851844968990187468e-01 5.851844968990187468e-01 9.985002404565084255e-01
4.059754141951009032e+00 8.304441833128202166e-01 8.304441833128202166e-01 7.944864686387324015e-01
1.772236311487844773e+00 4.494310589529442179e-01 4.494310589529442179e-01 -9.797794810335562765e-01
6.093916384626606231e+00 -4.429693312245801540e-01 -4.429693312245801540e-01 1.881409234211758597e-01
2.338414070870154404e+00 3.890132143502083029e-01 3.890132143502083029e-01 -7.195670032170056185e-01
1.618290266839421676e-01 -6.089746760786305391e-01 -6.089746760786305391e-01 -1.611236041652960305e-01
2.287727614284509770e+00 -3.004364624896416203e-02 -3.004364624896416203e-02 -7.538256480839389262e-01
-1.632662106833718596e+00 -7.919268607011662464e-01 -7.919268607011662464e-01 9.980869229187876446e-01
-2.294176769365978252e+00 3.187638469153313281e-01 3.187638469153313281e-01 7.495724257850525651e-01
-2.004208920089051382e+00 1.021071121286493577e+00 1.021071121286493577e+00 9.075378491228807132e-01
-3.648027187412274497e+00 -1.094367766525101704e-01 -1.094367766525101704e-01 -4.850624094669898634e-01
5.657036709734779123e+00 1.179296153884570098e+00 1.179296153884570098e+00 5.860283569501689716e-01
1.482956294295953548e+00 -1.155689284805768269e+00 -1.155689284805768269e+00 -9.961445443186303095e-01
-1.681775815956689790e+00 3.092918228618617427e-01 3.092918228618617427e-01 9.938480945178062020e-01
-3.262117262992382916e+00 3.656984742129454347e-02 3.656984742129454347e-02 -1.202330275370714768e-01
-4.516382939117740136e+00 3.406840256716003879e-01 3.406840256716003879e-01 -9.808522359836681082e-01
-6.080124870360379852e+00 -1.061053476953822017e+00 -1.061053476953822017e+00 -2.016678275579923685e-01
-1.287744315052492539e-01 4.824770680528780442e-01 4.824770680528780442e-01 1.284188185499736956e-01
-4.000612405299795782e+00 -1.001038801976266379e+00 -1.001038801976266379e+00 -7.572026481848072033e-01
-4.941348328455594796e+00 7.707337770983802017e-02 7.707337770983802017e-02 -9.739031129931133846e-01
-2.878498692957669913e+00 7.878721984749541551e-01 7.878721984749541551e-01 2.600692892067998363e-01
4.249306061775966370e+00 -1.607783594053162624e-01 -1.607783594053162624e-01 8.946795856017437654e-01
-1.316430136585586830e+00 -1.233562791298492556e-04 -1.233562791298492556e-04 9.678229769251689429e-01
2.527186340367018502e+00 3.736023330050639579e-01 3.736023330050639579e-01 -5.764735130399202268e-01
-4.460337816570998370e-01 -9.808031439282287600e-01 -9.808031439282287600e-01 4.313907524679767569e-01
-5.045158086622041793e+00 4.389815385418387450e-01 4.389815385418387450e-01 -9.451414080039712839e-01
-1.756408912165424496e+00 1.004884310875467479e+00 1.004884310875467479e+00 9.828233832531465541e-01
-4.624516244815761290e+00 8.216083181422668691e-01 8.216083181422668691e-01 -9.961416748399436472e-01
5.076483475079198726e+00 -8.941147614659468168e-01 -8.941147614659468168e-01 9.344465976378171224e-01
5.192585275231518693e+00 -3.003558293533892254e-02 -3.003558293533892254e-02 8.869042608186382681e-01
-2.734101354751503621e-01 1.006062476553142071e+00 1.006062476553142071e+00 2.700164687308476696e-01
-2.221022106906798577e+00 -2.003809008763404176e-01 -2.003809008763404176e-01 7.959471392049620730e-01
-3.179559416662168569e+00 -3.425385293588313340e-01 -3.425385293588313340e-01 -3.795764237250859319e-02
