5.107265426618534221e+00 -1.132681433049144815e+00 -1.132681433049144815e+00 9.230441018189537994e-01
4.257433058995331976e+00 5.898936317719711830e-01 5.898936317719711830e-01 8.982803981941505089e-01
5.415536198475072283e+00 6.456215970741163712e-01 6.456215970741163712e-01 7.628109092013048986e-01
-3.186911456062636816e+00 6.848545452183190108e-01 6.848545452183190108e-01 -4.530329148605585082e-02
5.060021342772577313e+00 6.784719266836070073e-01 6.784719266836070073e-01 9.401819369116443115e-01
-5.982811021870340973e+00 -2.634126359166754083e-01 -2.634126359166754083e-01 -2.958777543666191723e-01
-5.128274873631733399e+00 -9.313448771139443139e-02 -9.313448771139443139e-02 -9.147587782099944054e-01
4.122945391114969382e+00 8.806466625721565133e-01 8.806466625721565133e-01 8.312501157005839358e-01
-4.033737022920329984e+00 -9.583968474824230421e-01 -9.583968474824230421e-01 -7.784196517269672544e-01
-3.359354088219198342e+00 2.206893223985639807e-02 2.206893223985639807e-02 -2.160444678769443405e-01
-3.387508051624038341e+00 4.234461287520583372e-01 4.234461287520583372e-01 -2.434442848393130743e-01
3.586702568461339169e+00 7.855423317541618822e-01 7.855423317541618822e-01 4.305570880358112196e-01
-4.632439463795696710e-01 3.165098213764714341e-01 3.165098213764714341e-01 4.468525122500623947e-01
-1.738976491707716399e+00 1.755174318436329983e-01 1.755174318436329983e-01 9.858910186853435675e-01
-3.294440263105187672e+00 -1.191902259487955806e+00 -1.191902259487955806e+00 -1.522531567108764972e-01
5.592640921442509239e+00 9.151671504561138537e-01 9.151671504561138537e-01 6.369569432108218576e-01
3.775931091564881825e+00 -5.488302865155691990e-02 -5.488302865155691990e-02 5.926447797266355400e-01
-3.158156811978142020e+00 -7.172415579145079434e-01 -7.172415579145079434e-01 -1.656340094367581700e-02
5.468566390589602477e+00 7.838177156236152410e-01 7.838177156236152410e-01 7.274641726978599010e-01
-3.584081565429095395e+00 -1.072186625613329669e+00 -1.072186625613329669e+00 -4.281899905881856871e-01
5.842997905099997169e+00 5.605395558207939555e-01 5.605395558207939555e-01 4.261090099288075694e-01
-1.518414438486350271e+00 -5.966676836997817368e-01 -5.966676836997817368e-01 9.986283825590877017e-01
6.097450018871018784e+00 -6.916274639183450645e-02 -6.916274639183450645e-02 1.846692252708291293e-01
4.203183547609203430e+00 4.139391797024591924e-01 4.139391797024591924e-01 8.731321217470953133e-01
-6.179933659700841631e+00 -2.159998095123193407e-01 -2.159998095123193407e-01 -1.030682859513244037e-01
5.370845544126368054e-02 -2.036006244294430445e-02 -2.036006244294430445e-02 -5.368263794634452885e-02
3.931132066480397924e+00 7.148270858654284243e-01 7.148270858654284243e-01 7.100290150023295110e-01
5.576628544221113870e+00 -1.107248340140176035e+00 -1.107248340140176035e+00 6.492186924508608348e-01
-4.330111788631440639e+00 -1.568413201838436688e-01 -1.568413201838436688e-01 -9.278175714307749233e-01
-3.463437436606273234e+00 -1.222185732672524949e-01 -1.222185732672524949e-01 -3.163171577306457816e-01
-1.160392599757056331e-01 -1.022853526200145025e+00 -1.022853526200145025e+00 1.157790216805116151e-01
4.029612003359261507e+00 -5.184670307546870305e-01 -5.184670307546870305e-01 7.758235790502325813e-01
-1.685271115229801886e+00 9.768897043674977798e-01 9.768897043674977798e-01 9.934549135866700409e-01
5.141938488515416239e+00 7.349901080180194501e-01 7.349901080180194501e-01 9.091534543414829805e-01
5.161177482889666379e+00 9.987661817034119149e-01 9.987661817034119149e-01 9.009734010739565147e-01
-1.425449124751580143e+00 4.467074358095863840e-01 4.467074358095863840e-01 9.894556781644622268e-01
-5.836717178196005662e+00 1.582404815651516916e-01 1.582404815651516916e-01 -4.317825647986697768e-01
2.754952343085603772e+00 7.822072795229264575e-01 7.822072795229264575e-01 -3.770788680270750204e-01
-1.851111633559616720e+00 5.799546748704611510e-01 5.799546748704611510e-01 9.609682537334784946e-01
6.006593357525989774e+00 1.040082491849554591e+00 1.040082491849554591e+00 2.730787246778109689e-01
-3.320508529219210470e+00 -1.117495402563153384e-01 -1.117495402563153384e-01 -1.779628595015492476e-01
7.977352318484207672e-01 7.227245137640749828e-01 7.227245137640749828e-01 -7.157763733604723955e-01
3.054016044175114075e-01 -1.042600543413035430e+00 -1.042600543413035430e+00 -3.006762201321868111e-01
-5.615550489927554345e+00 1.093623974172914570e+00 1.093623974172914570e+00 -6.191303703586337193e-01
4.971381692952112630e+00 4.360692980586478029e-02 4.360692980586478029e-02 9.666484418366936282e-01
4.397194362692413705e-01 -2.522090103639024194e-01 -2.522090103639024194e-01 -4.256856078031598933e-01
5.841431374940851740e+00 3.033778551463715001e-01 3.033778551463715001e-01 4.275256822085611863e-01
4.951930387472032180e-01 7.424527690181788042e-01 7.424527690181788042e-01 -4.752015104764409359e-01
-3.328575130583225850e+00 4.925111255842238300e-01 4.925111255842238300e-01 -1.858948192798952348e-01
1.301367707262371276e+00 8.010893842819573063e-01 8.010893842819573063e-01 -9.639231441667280853e-01
2.813626465711962510e-01 -1.078455533440314307e+00 -1.078455533440314307e+00 -2.776649704872561908e-01
-5.054353301359252981e+00 -1.801173881709769997e-01 -1.801173881709769997e-01 -9.420977714241115519e-01
-6.237862937574156774e-02 -5.618475040108933394e-01 -5.618475040108933394e-01 6.233818373322560363e-02
5.970781327008765516e+00 5.005171913984347576e-01 5.005171913984347576e-01 3.073471437714354604e-01
4.837533746998525785e-01 8.729097680267143833e-01 8.729097680267143833e-01 -4.651051392991143452e-01
-2.720554858138935383e+00 1.104225313317595658e+00 1.104225313317595658e+00 4.087078328550186601e-01
-5.630275706973328020e+00 -6.471201798531346361e-01 -6.471201798531346361e-01 -6.075001263686382602e-01
-5.682849411129511807e+00 1.184242243780585513e+00 1.184242243780585513e+00 -5.649196685096367077e-01
-1.974487990400609405e+00 7.329640497613110206e-01 7.329640497613110206e-01 9.196171194689797268e-01
-1.389238610146479758e+00 8.079411650001675493e-01 8.079411650001675493e-01 9.835636219149692661e-01
-4.829079661934340351e+00 4.702025600992343346e-01 4.702025600992343346e-01 -9.931993645361617551e-01
-6.016280393462043463e-01 -7.797917272973364788e-02 -7.797917272973364788e-02 5.659854033606670498e-01
1.176681384690721366e+00 -6.966646911527972774e-01 -6.966646911527972774e-01 -9.233367803402737772e-01
4.930257893764546040e+00 1.707869710529588136e-01 1.707869710529588136e-01 9.763602991754315452e-01
3.754362955338500285e+00 -9.557857380510901280e-01 -9.557857380510901280e-01 5.751359312784224409e-01
2.499465566345675072e+00 -4.541826239376052232e-01 -4.541826239376052232e-01 -5.989002167260659704e-01
1.814771108668061572e+00 -6.346576284860595552e-01 -6.346576284860595552e-01 -9.703854882278796223e-01
-4.452523556393507498e+00 4.794764544800345085e-02 4.794764544800345085e-02 -9.664245662580265295e-01
-4.618468066945851547e+00 3.510528222136846122e-01 3.510528222136846122e-01 -9.955926722427016484e-01
-4.950405866464125282e+00 -1.043427639131616624e+00 -1.043427639131616624e+00 -9.718074559208484953e-01
4.601792780924805371e+00 6.157207091391974085e-01 6.157207091391974085e-01 9.938904715441793103e-01
-6.083249182855087867e+00 9.302081074032069186e-01 9.302081074032069186e-01 -1.986067279751122794e-01
-3.690920781891850577e+00 -3.870823441841547696e-01 -3.870823441841547696e-01 -5.221143239020499260e-01
4.275320000395696596e+00 -3.492514410635468858e-01 -3.492514410635468858e-01 9.059962122250864169e-01
-4.052295156977931967e-01 3.679658619553181076e-01 3.679658619553181076e-01 3.942296984190044595e-01
2.830849209122103360e+00 -2.838369401618120458e-01 -2.838369401618120458e-01 -3.057665591977237196e-01
2.340077821352302578e+00 6.702050207836376394e-01 6.702050207836376394e-01 -7.184106612149334659e-01
1.966012283366760371e+00 -6.241606023427607175e-01 -6.241606023427607175e-01 -9.229134409834766073e-01
5.479246989575807802e+00 -8.583085813616344595e-01 -8.583085813616344595e-01 7.200943728913697939e-01
-6.150234275526903716e+00 -4.026301769332313318e-01 -4.026301769332313318e-01 -1.325597044418178883e-01
3.273729548316483218e+00 4.370893929853814086e-01 4.370893929853814086e-01 1.317527084136770332e-01
5.838553427576703925e+00 9.261670553372984838e-01 9.261670553372984838e-01 4.301255817455865160e-01
-4.901789613126401157e+00 1.283651815680924013e-01 1.283651815680924013e-01 -9.821172545604377468e-01
4.950537580775840496e+00 -1.069147823126660457e+00 -1.069147823126660457e+00 9.717763924325610869e-01
5.505764540098162740e+00 3.393821796838347726e-01 3.393821796838347726e-01 7.014434703722721709e-01
-9.571812807530664102e-01 7.020509019094904879e-01 7.020509019094904879e-01 8.175717243091014108e-01
3.025166439505245108e+00 -4.828120127370680859e-01 -4.828120127370680859e-01 -1.161633648439242550e-01
-1.952072111031685431e+00 -9.790138763922934251e-01 -9.790138763922934251e-01 9.281906654579195060e-01
-4.407969271885916918e+00 -5.469030667215418751e-01 -5.469030667215418751e-01 -9.540210495370365917e-01
3.280887657644875333e+00 -2.141408341152835071e-01 -2.141408341152835071e-01 1.388449817623338689e-01
-5.692400451622130930e+00 -1.195901092698586465e+00 -1.195901092698586465e+00 -5.570130198970373314e-01
4.938294676315457821e+00 3.248739918936400795e-01 3.248739918936400795e-01 9.745916407677347459e-01
1.234787002689515134e+00 5.514418144159625168e-01 5.514418144159625168e-01 -9.440779939887766758e-01
-1.581381639834735786e+00 -7.896866255192147577e-02 -7.896866255192147577e-02 9.999439760970451063e-01
1.408016161070069217e-02 -2.982655173203376808e-01 -2.982655173203376808e-01 -1.407969638107410722e-02
-5.200687864044679642e-01 -5.904400866915499035e-01 -5.904400866915499035e-01 4.969398308292765631e-01
3.816897297735803107e+00 1.154830445098889102e+00 1.154830445098889102e+00 6.251351255286804465e-01
-2.875024647846419423e+00 1.932750705749475273e-01 1.932750705749475273e-01 2.634222161431960529e-01
-5.772289338171431972e+00 8.104857553852047314e-01 8.104857553852047314e-01 -4.889590028644917319e-01
-4.740544922628089353e-01 2.304438958224699352e-01 2.304438958224699352e-01 4.564974097285016685e-01
3.799978786278055409e+00 -4.777959392741061295e-01 -4.777959392741061295e-01 6.118411114359378900e-01
-2.311620184940885281e+00 -1.292980542095878427e-02 -1.292980542095878427e-02 7.379127905888042127e-01
-5.035803841619276078e+00 9.475592867569846423e-01 9.475592867569846423e-01 -9.481556843733389695e-01
