-1.010551960971495244e-01 5.184042594658200276e-02 -4.251477078828133083e-01 1.869401304572619882e-01 -1.389190438993470611e-01 2.493339534251641787e-01 1.869401304572619882e-01 -1.389190438993470611e-01 2.493339534251641787e-01 -1.350359600094039880e-01 -7.529950286840546569e-01 8.880309886934586450e-01
1.573462627480450848e-01 3.186467992954300499e-02 -4.823644489572774807e-01 -3.200729751086069941e-01 -1.399224349080032681e-01 1.544456934634212963e-01 -3.200729751086069941e-01 -1.399224349080032681e-01 1.544456934634212963e-01 -6.062493036794919243e-01 -5.386545500534436481e-01 1.144903853732935683e+00
-4.183704375848614765e-01 4.126270364806201574e-01 -4.010536267010470501e-01 2.047918530241751300e-01 -3.763677065834232227e-01 -3.772716475731721086e-01 2.047918530241751300e-01 -3.763677065834232227e-01 -3.772716475731721086e-01 5.818530607645111541e-01 -1.820582468738680904e+00 1.238729407974169749e+00
4.303418429877426954e-01 1.328999735463499698e-01 5.559976971295010895e-02 4.701899213555217338e-01 -8.447093654479453928e-02 4.001369406205226298e-01 4.701899213555217338e-01 -8.447093654479453928e-02 4.001369406205226298e-01 -6.589435335790578829e-01 2.660437476693173764e-01 3.928997859097405065e-01
3.071614872922298067e-01 2.413912914073175209e-01 -8.043123284481501489e-02 4.442733542959305115e-01 -2.658324086913831374e-01 1.466953788445592988e-01 4.442733542959305115e-01 -2.658324086913831374e-01 1.466953788445592988e-01 -3.892925592504722365e-01 -3.116586391300635306e-01 7.009511983805357671e-01
1.039841410962836221e-01 -2.429383439021237656e-02 -3.290901629093418990e-01 -1.082502044044535428e-01 2.910868273195795775e-01 -2.606692985675063134e-02 -1.082502044044535428e-01 2.910868273195795775e-01 -2.606692985675063134e-02 -4.883566775330395737e-01 -2.194797448328551503e-01 7.078364223658947241e-01
2.491846596104321243e-01 4.316266340797213497e-01 -2.382276732469433833e-01 3.478170805356806117e-01 -2.290628252419185662e-01 1.520809387569614923e-01 3.478170805356806117e-01 -2.290628252419185662e-01 1.520809387569614923e-01 -2.190192710868108517e-01 -1.120719632003872590e+00 1.339738903090683664e+00
1.423495401552221651e-01 -7.569419573168889581e-02 2.472425294417746056e-02 -3.856195791924836858e-01 -5.120673605925540883e-02 3.906786722113211319e-01 -3.856195791924836858e-01 -5.120673605925540883e-02 3.906786722113211319e-01 -3.546123374022353003e-01 3.391825889681603368e-01 1.542974843407496355e-02
8.707759272181125887e-02 -5.421516602775922067e-02 4.470510671561334082e-02 -2.328393535705558515e-01 2.535377962839456822e-01 -2.373605076041073181e-01 -2.328393535705558515e-01 2.535377962839456822e-01 -2.373605076041073181e-01 -1.932491054639129402e-01 2.459468636891054549e-01 -5.269775822519251474e-02
8.850006497307116859e-02 -2.950526165932016998e-01 -3.516492826360995139e-02 3.232352747901092727e-01 1.286511460167889531e-01 -2.247944939130972486e-01 3.232352747901092727e-01 1.286511460167889531e-01 -2.247944939130972486e-01 -5.838130313438051333e-01 6.963506712657110409e-01 -1.125376399219059076e-01
4.651575470143406443e-01 -4.310744167170506014e-01 -7.758186712276027297e-02 -2.081852873131347925e-01 2.606787211600908316e-01 3.489987098959557166e-01 -2.081852873131347925e-01 2.606787211600908316e-01 3.489987098959557166e-01 -1.869198628196711232e+00 1.748121451883412947e+00 1.210771763132982848e-01
-3.388675466560593375e-01 2.516941198144495573e-02 3.896592977765644950e-02 3.347345486769017775e-01 -4.136583492634551273e-01 -1.439671841611134262e-01 3.347345486769017775e-01 -4.136583492634551273e-01 -1.439671841611134262e-01 7.642544318013380078e-01 -2.914327049946681125e-01 -4.728217268066698953e-01
-9.231427132285641157e-02 4.048610107099664956e-01 4.325111841385632649e-01 4.243644659341255787e-01 -1.059487277950447170e-01 1.205047355313698665e-01 4.243644659341255787e-01 -1.059487277950447170e-01 1.205047355313698665e-01 1.081917453960092201e+00 -3.644822337879853880e-01 -7.174352201721068134e-01
-1.974818874996057128e-01 -1.663476950562928769e-01 3.487781210777657348e-01 4.869451933269575150e-01 -2.132458003735332452e-01 -4.834022423226195242e-01 4.869451933269575150e-01 -2.132458003735332452e-01 -4.834022423226195242e-01 7.574372878100572581e-01 3.719200613764681584e-01 -1.129357349186525417e+00
-2.251655959881959657e-01 3.063800562134763039e-01 1.540031985135530412e-01 -2.255235590139125224e-01 -3.608438417984463076e-01 4.301582521182779617e-01 -2.255235590139125224e-01 -3.608438417984463076e-01 4.301582521182779617e-01 8.733737416020758149e-01 -5.769031480099954257e-01 -2.964705935920803892e-01
-4.644909682396697326e-01 -4.163591715071589539e-01 -7.975609216808654534e-02 2.757895540132138112e-01 -2.296323701908641324e-01 1.193592852492563194e-01 2.757895540132138112e-01 -2.296323701908641324e-01 1.193592852492563194e-01 5.162165677280237119e-01 2.388159141210235425e-01 -7.550324818490472545e-01
3.597068869881915321e-01 -8.319399913662173240e-02 -2.020755543544722199e-01 1.524898059621260238e-01 -4.455141668608076921e-01 2.147823979215851553e-01 1.524898059621260238e-01 -4.455141668608076921e-01 2.147823979215851553e-01 -9.870261607312688090e-01 4.309814712343669196e-01 5.560446894969018894e-01
-3.344348439967261832e-01 8.593789365841486561e-02 1.115802674854967647e-01 3.045942014064366710e-01 4.306119949682050141e-01 2.322514289367457740e-01 3.045942014064366710e-01 4.306119949682050141e-01 2.322514289367457740e-01 9.052731122637536210e-01 -3.178816402911163186e-01 -5.873914719726373024e-01
3.898989854429452118e-01 4.767607918050952298e-01 2.140084796829212488e-01 -5.463080497272865266e-02 -4.429849994859428319e-01 1.689222912295427204e-01 -5.463080497272865266e-02 -4.429849994859428319e-01 1.689222912295427204e-01 -7.809397112618277070e-02 -3.837007765121412950e-01 4.617947476383240657e-01
4.132175423158179761e-01 2.052943963213393896e-01 4.608060488193044257e-01 1.545815272310986366e-01 4.059681443623279762e-01 -2.227419831931567451e-01 1.545815272310986366e-01 4.059681443623279762e-01 -2.227419831931567451e-01 -1.823795322838526189e-01 4.565984381072321074e-01 -2.742189058233794885e-01
-1.389515815361909157e-01 -7.506998299578604428e-02 2.750747937746078620e-02 2.571438619728658725e-01 2.254873718689330842e-01 -1.608933520456192756e-01 2.571438619728658725e-01 2.254873718689330842e-01 -1.608933520456192756e-01 2.429991138372512571e-01 3.560783065168404704e-02 -2.786069444889353042e-01
1.991663706733698413e-01 -1.413610492727257473e-03 1.604108011341902618e-01 1.626314014962410015e-01 -4.071113543922694200e-01 1.406668808043142205e-01 1.626314014962410015e-01 -4.071113543922694200e-01 1.406668808043142205e-01 -2.601255351742060018e-01 3.715208089838419880e-01 -1.113952738096359862e-01
2.075262252919962691e-01 2.805424215485918804e-02 2.089705076418948426e-01 2.983802744631141035e-01 1.947365133265313020e-01 3.419665587461386824e-01 2.983802744631141035e-01 1.947365133265313020e-01 3.419665587461386824e-01 -1.951400532014315736e-01 3.620801463698412048e-01 -1.669400931684096312e-01
4.985157672628340864e-01 -1.442256439826098413e-01 3.815671575754097100e-01 2.850412970267176549e-01 3.134846039131322648e-01 -6.198047881898449685e-02 2.850412970267176549e-01 3.134846039131322648e-01 -6.198047881898449685e-02 -1.012056135776690846e+00 1.310600481966350372e+00 -2.985443461896596373e-01
7.097521685580576722e-02 -2.601579415577320864e-01 7.846731997665523650e-02 -1.486741416224105494e-01 -4.676158819460290994e-01 -2.088333114618613484e-01 -1.486741416224105494e-01 -4.676158819460290994e-01 -2.088333114618613484e-01 -3.850249699262902059e-01 6.797957153720805001e-01 -2.947707454457902942e-01
8.616809495319921464e-02 -4.409729223738353410e-01 -1.881617527178059968e-01 1.181133803480993727e-01 -2.809466906658314445e-01 -1.884756126036890578e-01 1.181133803480993727e-01 -2.809466906658314445e-01 -1.884756126036890578e-01 -9.340007044705307404e-01 9.174675109594850886e-01 1.653319351104565182e-02
-4.460378978548531492e-01 1.262507292301285888e-01 -4.437806544329923053e-01 4.398589956827378966e-01 1.476165078422375654e-02 4.508193661128343521e-01 4.398589956827378966e-01 1.476165078422375654e-02 4.508193661128343521e-01 4.380271511211301094e-01 -1.204089905209430267e+00 7.660627540883002684e-01
-3.095966367277601661e-01 1.431235350719433086e-01 1.395944397099395662e-01 4.216812828985742057e-01 1.647282689918085907e-01 -1.692246313577040473e-01 4.216812828985742057e-01 1.647282689918085907e-01 -1.692246313577040473e-01 9.311480034106958126e-01 -3.676392795714922279e-01 -5.635087238392035847e-01
-1.117068503465462603e-01 -2.236742116947444403e-01 -3.401756183211680495e-01 -1.018706884226228127e-02 1.260632113370495633e-01 1.451752695354034950e-01 -1.018706884226228127e-02 1.260632113370495633e-01 1.451752695354034950e-01 -3.227252047525215328e-01 -5.082736404988352774e-03 3.278079411575098856e-01
-4.534343762673028744e-01 -1.303929554013140146e-01 -3.171268209553703699e-01 -1.735489816987799694e-01 -1.390383632801968083e-01 1.816834496163937107e-01 -1.735489816987799694e-01 -1.390383632801968083e-01 1.816834496163937107e-01 4.220904409727946893e-01 -4.813626014274633436e-01 5.927216045466865424e-02
-2.954444536200493410e-01 6.828860085268062541e-02 3.944216451160382775e-01 4.706688753483119214e-01 -4.975809124859792432e-01 1.888130184369563036e-02 4.706688753483119214e-01 -4.975809124859792432e-01 1.888130184369563036e-02 1.298371872485277745e+00 -2.663244417980548118e-02 -1.271739428305472375e+00
4.438229125111790019e-01 8.630718000365633635e-03 7.919396430217406913e-02 3.155128196368486293e-01 -3.830815445116220186e-02 -1.417864972392042233e-01 3.155128196368486293e-01 -3.830815445116220186e-02 -1.417864972392042233e-01 -8.508057393241919009e-01 6.133912205004101725e-01 2.374145188237817283e-01
-4.770669075609185183e-01 2.379274286622641288e-01 -3.938873905492265015e-01 4.201339964367145630e-02 -4.459727587632229540e-01 4.631198451930570448e-01 4.201339964367145630e-02 -4.459727587632229540e-01 4.631198451930570448e-01 5.975419963163574044e-01 -1.391826314427288214e+00 7.942843181109309203e-01
3.131705274833449515e-01 4.100306297374962661e-01 1.768423503224975102e-01 1.866707863693999325e-01 -2.904220960987893285e-01 2.045989574594696547e-01 1.866707863693999325e-01 -2.904220960987893285e-01 2.045989574594696547e-01 -3.512674758497214000e-02 -3.549362020960286079e-01 3.900629496810007479e-01
-2.815022186599011045e-01 1.422221935784737656e-01 2.508252761630369587e-02 -3.078577799957800121e-01 -3.925825457795955042e-01 2.279042521392542486e-01 -3.078577799957800121e-01 -3.925825457795955042e-01 2.279042521392542486e-01 7.041723558810814021e-01 -4.696721839014480482e-01 -2.345001719796333539e-01
2.280698421857733083e-01 1.802856090229452146e-01 2.571194687264996004e-01 -4.043945963172941305e-01 4.526180077609938124e-01 -3.508919345833568793e-01 -4.043945963172941305e-01 4.526180077609938124e-01 -3.508919345833568793e-01 -1.946862098665880225e-02 1.229006095105631413e-01 -1.034319885239043391e-01
8.937387823374254303e-02 -2.303465903491459521e-01 -1.869594244867067712e-01 3.208911648950252271e-01 -4.084509488387260134e-01 -3.948217272220924112e-01 3.208911648950252271e-01 -4.084509488387260134e-01 -3.948217272220924112e-01 -6.181828091673564618e-01 4.192022763958054288e-01 1.989805327715510330e-01
-2.578923277440651196e-01 -2.491303189628856218e-01 -3.453443511535203569e-04 -2.680843702625023139e-01 4.292921121449535526e-01 -4.855273944691174126e-01 -2.680843702625023139e-01 4.292921121449535526e-01 -4.855273944691174126e-01 3.024763286899437853e-01 2.115286448541764397e-01 -5.140049735441202250e-01
-2.536688038955000613e-01 2.934569246976078682e-01 -4.266742398824053817e-01 8.275562741067143957e-02 4.260880094177802446e-01 -3.232111111723212638e-01 8.275562741067143957e-02 4.260880094177802446e-01 -3.232111111723212638e-01 2.625225362183352118e-01 -1.476092190960629491e+00 1.213569654742294279e+00
-1.158881120517085694e-02 2.664892895181451005e-01 2.185142907009550717e-01 2.071746514926205984e-01 -1.454185963839084161e-01 -1.575112879393758547e-01 2.071746514926205984e-01 -1.454185963839084161e-01 -1.575112879393758547e-01 5.014921022848418675e-01 -2.919067467506112346e-01 -2.095853555342306329e-01
1.976648845204653782e-02 -3.940478297296450272e-01 -2.313207591193759960e-01 -8.126104331997385799e-02 8.242945622170994024e-02 -1.406811645639196584e-01 -8.126104331997385799e-02 8.242945622170994024e-02 -1.406811645639196584e-01 -7.346217489429177627e-01 6.627531444353053081e-01 7.186860450761245467e-02
-4.868599184766482235e-01 1.470027864356598934e-01 1.048803381791163503e-01 4.881620417954063429e-01 3.754199373941232709e-01 7.823871905857582298e-02 4.881620417954063429e-01 3.754199373941232709e-01 7.823871905857582298e-02 1.276592027318227629e+00 -5.124836629850257896e-01 -7.641083643332018394e-01
2.214887283519693106e-01 4.535867812462062165e-01 3.622725523387346769e-01 3.500830583777705396e-01 -4.486718327025651654e-01 -2.111095734347177011e-01 3.500830583777705396e-01 -4.486718327025651654e-01 -2.111095734347177011e-01 3.583073880410584389e-01 -3.027448480643305517e-01 -5.556253997672788714e-02
4.266826152438742970e-01 -4.853561968994992704e-01 -4.898113454742076822e-01 3.754391192115147380e-01 -1.881826128348678129e-01 -9.767559795682401180e-02 3.754391192115147380e-01 -1.881826128348678129e-01 -9.767559795682401180e-02 -2.089474050482506673e+00 1.484927679701329328e+00 6.045463707811775667e-01
2.605315404167414250e-01 6.972585780467055461e-02 -3.612079810757349296e-01 2.405168067036688173e-01 -2.394404182807572390e-01 -1.688196749318768841e-01 2.405168067036688173e-01 -2.394404182807572390e-01 -1.688196749318768841e-01 -6.732147765094608216e-01 -3.284694832743431103e-01 1.001684259783803821e+00
-3.656362721476413835e-01 -2.557246100712535775e-01 -3.881290694424880394e-01 6.853971513098366941e-02 -5.238667217072212612e-02 4.767610363013252694e-01 6.853971513098366941e-02 -5.238667217072212612e-02 4.767610363013252694e-01 8.184500475316880408e-02 -2.456566696491981894e-01 1.638116648960293853e-01
-3.142649721241552729e-02 -5.676778448291508461e-03 -1.066210515370169531e-01 -4.046960198830931166e-01 2.170915046351957756e-01 -4.078635926682813162e-01 -4.046960198830931166e-01 2.170915046351957756e-01 -4.078635926682813162e-01 -4.701597053997830233e-02 -1.316360161827010433e-01 1.786519867226793457e-01
-2.010171385413742629e-01 1.619299135854519456e-01 -3.256469045434999821e-01 4.834676983180860033e-01 4.693790384390033044e-01 4.651213361413986114e-02 4.834676983180860033e-01 4.693790384390033044e-01 4.651213361413986114e-02 1.872004291353540628e-01 -9.327423450440740504e-01 7.455419159087199876e-01
-4.057972678226773322e-01 2.548746057554170941e-01 1.710662745876099233e-01 -1.148287748130365493e-01 -2.610657778440874655e-01 4.219710224523227637e-01 -1.148287748130365493e-01 -2.610657778440874655e-01 4.219710224523227637e-01 1.263941180371012774e+00 -5.709162568585727238e-01 -6.930249235124399387e-01
-2.218440661128835423e-01 3.200075392134118513e-01 4.022847857827490659e-01 3.204551347721781296e-01 2.778517219236131819e-02 3.801430135619123796e-01 3.204551347721781296e-01 2.778517219236131819e-02 3.801430135619123796e-01 1.284948916258012108e+00 -3.393463436610850703e-01 -9.456025725969269269e-01
-1.165909339328847771e-01 -3.254712837330582254e-01 3.487807410082419679e-01 3.891141353870687380e-01 1.349973534572408429e-01 -1.228470566185435597e-01 3.891141353870687380e-01 1.349973534572408429e-01 -1.228470566185435597e-01 3.603084655813739712e-01 7.227601455849061995e-01 -1.083068611166280171e+00
-4.804800411768167523e-01 -4.225474248486651430e-01 4.622121372617231660e-01 -4.307062396370203716e-01 1.209569388018061353e-02 7.338021280254958256e-03 -4.307062396370203716e-01 1.209569388018061353e-02 7.338021280254958256e-03 1.623169094408354329e+00 5.309001188431704543e-01 -2.154069213251524673e+00
-2.916166860070051881e-01 2.615335028550882512e-01 -4.414364974702963407e-01 3.605106329237851570e-01 -3.243904868064285685e-01 -7.221903177418798059e-02 3.605106329237851570e-01 -3.243904868064285685e-01 -7.221903177418798059e-02 2.857279108637507115e-01 -1.444607274778112016e+00 1.158879363914361305e+00
-1.364002031958939654e-01 -4.210554627131463112e-01 -1.759570048426604139e-01 -1.214306036296791680e-01 -3.499753113311406816e-01 -2.852655943815372019e-01 -1.214306036296791680e-01 -3.499753113311406816e-01 -2.852655943815372019e-01 -3.680883305024006402e-01 5.466762057138904174e-01 -1.785878752114897772e-01
1.117438629026457075e-01 4.357969561592146546e-01 -3.574319637886389511e-01 4.124183612178122793e-02 1.019908454922391350e-02 -9.769682691232317584e-02 4.124183612178122793e-02 1.019908454922391350e-02 -9.769682691232317584e-02 -9.769425289005750912e-02 -1.487310671835735398e+00 1.585004924725792907e+00
3.439536221560056672e-01 5.444552572457439510e-02 -2.548254962737193097e-01 3.125428658818228955e-01 -9.592247467489345425e-02 -1.339372822862082701e-01 3.125428658818228955e-01 -9.592247467489345425e-02 -1.339372822862082701e-01 -7.862881769468841320e-01 -2.666131316156472586e-02 8.129494901084488578e-01
3.118302554393781456e-01 -6.564160374229366379e-02 -5.253626475462647161e-02 -3.837766600700182051e-01 3.387306974038424290e-01 9.354400539434892803e-02 -3.837766600700182051e-01 3.387306974038424290e-01 9.354400539434892803e-02 -7.639558474766053875e-01 4.716122351800603463e-01 2.923436122965450412e-01
8.311262884358872061e-02 -2.289982284672872348e-01 8.227544307826872849e-02 -3.665793531418167772e-01 -1.752781185736442815e-01 3.038363593777505534e-01 -3.665793531418167772e-01 -1.752781185736442815e-01 3.038363593777505534e-01 -3.671429850829632802e-01 6.337927692931906165e-01 -2.666497842102273363e-01
3.861342928279523079e-01 1.896764767182459455e-01 2.358791623939706650e-01 -4.424365606685854990e-01 8.925149315737890277e-02 4.563479338813303254e-01 -4.424365606685854990e-01 8.925149315737890277e-02 4.563479338813303254e-01 -3.565955668227427378e-01 2.622355699770574367e-01 9.435999684568530110e-02
-1.511724277769035396e-01 4.345488617196036074e-02 -1.003415445186774946e-01 -2.362641628128119287e-01 7.895439385677061050e-02 -2.339108947250727599e-01 -2.362641628128119287e-01 7.895439385677061050e-02 -2.339108947250727599e-01 2.290035687054827740e-01 -3.315076592860581872e-01 1.025040905805754132e-01
3.056946096400230406e-01 -2.707182614180349001e-01 1.883830610260661675e-02 -1.511356898083753286e-01 4.038174002418403186e-01 2.404885086735752964e-02 -1.511356898083753286e-01 4.038174002418403186e-01 2.404885086735752964e-02 -1.029023575329119256e+00 1.031047712270813044e+00 -2.024136941693899239e-03
-2.039200672663520342e-01 -1.454211093286906786e-01 -4.335069786141337866e-01 -4.850721772032992041e-01 -3.261792081017869105e-01 -2.155978712984800705e-01 -4.850721772032992041e-01 -3.261792081017869105e-01 -2.155978712984800705e-01 -1.483173401325372787e-01 -3.906926145767357639e-01 5.390099547092730425e-01
1.436402193909941394e-01 -1.505931907348309062e-01 4.725580966526976567e-03 1.276165372258100117e-01 3.276485328297167321e-01 -2.962874274077366143e-01 1.276165372258100117e-01 3.276485328297167321e-01 -2.962874274077366143e-01 -4.717948105055611574e-01 4.859549061017065519e-01 -1.416009559614539448e-02
-1.995041302265607719e-01 -3.242050433808846277e-01 4.231399319224408151e-01 -1.640050992373468519e-01 -3.949184009224828706e-01 -3.941793348154457588e-01 -1.640050992373468519e-01 -3.949184009224828706e-01 -3.941793348154457588e-01 7.310400728463453124e-01 6.591872299753541720e-01 -1.390227302821699595e+00
-2.600993197020222691e-01 -2.666261670889380486e-02 1.997546552294899858e-01 4.598566006008374396e-01 3.009592830464318247e-01 1.045195749855354350e-01 4.598566006008374396e-01 3.009592830464318247e-01 1.045195749855354350e-01 7.920349741580181568e-01 -5.577592512788998036e-03 -7.864573816452291588e-01
-1.571919638862326885e-01 -2.275538548049456100e-01 3.641442993023985553e-01 3.683373279166745062e-01 -2.469952907303087919e-01 -4.891495947266155664e-02 3.683373279166745062e-01 -2.469952907303087919e-01 -4.891495947266155664e-02 6.113804012479948646e-01 5.195096320729956085e-01 -1.130890033320990362e+00
-3.757371603817162287e-01 -4.963979679421682834e-01 -1.016055811684245525e-01 -2.936484292620401559e-01 -3.577576714039752970e-01 -1.259185878098445510e-02 -2.936484292620401559e-01 -3.577576714039752970e-01 -1.259185878098445510e-02 1.871457123057835847e-01 4.544222375924585888e-01 -6.415679498982421736e-01
2.392507348926604660e-01 -1.770510689540645277e-01 -9.638606204597577332e-02 3.832113357862453329e-01 -1.883298195564971911e-01 -4.005766368914387421e-01 3.832113357862453329e-01 -1.883298195564971911e-01 -4.005766368914387421e-01 -8.014607318447992679e-01 5.938407663907098177e-01 2.076199654540894501e-01
2.590991182893259692e-01 -3.666053361104062436e-01 -1.799059349738918456e-02 -2.057291444111272183e-01 -1.151705834811829199e-01 -1.415869921853653013e-01 -2.057291444111272183e-01 -1.151705834811829199e-01 -1.415869921853653013e-01 -1.111576021452181262e+00 1.163897574650510913e+00 -5.232155319832976215e-02
-4.724715365223040031e-01 -3.207676427223635773e-01 1.069316144298610993e-01 -1.266175477144846351e-01 -3.062719764975319059e-02 -2.771520496553715462e-01 -1.266175477144846351e-01 -3.062719764975319059e-02 -2.771520496553715462e-01 9.257300833110416738e-01 2.072351982583737762e-01 -1.132965281569415339e+00
2.890101145562437024e-01 4.441883604194307722e-01 -3.021104299943032645e-01 -8.576846935613402501e-02 2.046363118655503133e-01 -1.777181746261580209e-02 -8.576846935613402501e-02 2.046363118655503133e-01 -1.777181746261580209e-02 -3.025560544264187524e-01 -1.252916499700150510e+00 1.555472554126569484e+00
2.911535959625322079e-02 1.506493884680204509e-01 4.591679917979264447e-01 -2.194698544892805803e-01 9.965015308660629678e-02 4.631497126073793602e-01 -2.194698544892805803e-01 9.965015308660629678e-02 4.631497126073793602e-01 6.517775167283273996e-01 1.510266309088198478e-01 -8.028041476371472474e-01
6.091458981015196450e-02 2.464423502866897042e-01 3.423844425760607102e-01 -3.502244890628393170e-01 -5.165077453421307307e-02 4.733675530554626310e-01 -3.502244890628393170e-01 -5.165077453421307307e-02 4.733675530554626310e-01 4.944102727584740453e-01 -7.785084908020045713e-02 -4.165594236782735882e-01
3.310878277385972401e-01 -4.765623660099742587e-01 -4.625826641014543217e-01 -3.168757168449914952e-01 -2.377747054348910982e-02 -9.366139721439981081e-02 -3.168757168449914952e-01 -2.377747054348910982e-02 -9.366139721439981081e-02 -1.790450024449189881e+00 1.256514479226931602e+00 5.339355452222585008e-01
-3.115853444040648235e-01 9.224984586091800054e-02 4.972396725903323045e-01 1.520528253056152579e-02 1.760769604854732773e-01 -3.938778010920263029e-02 1.520528253056152579e-02 1.760769604854732773e-01 -3.938778010920263029e-02 1.577514119512998469e+00 7.705683589367406938e-04 -1.578284687871934988e+00
2.779935768965835496e-02 -4.675414656251978274e-01 -2.231075841101840540e-01 -4.419427291669134616e-01 3.777295487462997148e-01 -3.620499993708481412e-01 -4.419427291669134616e-01 3.777295487462997148e-01 -3.620499993708481412e-01 -8.629626781068832075e-01 8.579096871988304285e-01 5.052990908052779062e-03
-1.435755582054411006e-01 1.210175512987259339e-01 3.927028347501280159e-01 8.015881620195186574e-02 2.652237381522648541e-01 1.185805104179231684e-01 8.015881620195186574e-02 2.652237381522648541e-01 1.185805104179231684e-01 9.421142455822818507e-01 5.424115336240875607e-03 -9.475383609185227263e-01
1.247544671623863621e-01 -1.770989427664447780e-01 2.651063152941108836e-01 2.938233863918966460e-01 -1.472180251566643783e-01 2.319489375904677519e-01 2.938233863918966460e-01 -1.472180251566643783e-01 2.319489375904677519e-01 -2.016843774416823276e-01 7.097452497438357932e-01 -5.080608723021534656e-01
-2.884731049405415693e-01 1.263424068737182271e-01 -3.149281869975514292e-01 1.497827030604946819e-01 7.219819025405749269e-02 2.851802250203535616e-01 1.497827030604946819e-01 7.219819025405749269e-02 2.851802250203535616e-01 3.134296711452250195e-01 -8.942192157464755597e-01 5.807895446012505403e-01
-4.065440524135577327e-02 1.618477816145171833e-01 1.214089099948892914e-01 -1.449892548894520239e-01 -1.962781822852462943e-01 -2.498428547763360541e-01 -1.449892548894520239e-01 -1.962781822852462943e-01 -2.498428547763360541e-01 3.592499969224923762e-01 -2.245829601272123499e-01 -1.346670367952800262e-01
-1.400168048286923872e-01 -3.452540152862999534e-01 1.922047453417906615e-01 2.383601324221884532e-02 -3.201740035145322905e-01 -2.300359525717168285e-01 2.383601324221884532e-02 -3.201740035145322905e-01 -2.300359525717168285e-01 1.662453876180822743e-01 6.435852428479542642e-01 -8.098306304660365385e-01
3.889993554420075883e-01 3.197729233389011716e-01 -3.495605083913039257e-01 4.356653058961553748e-01 4.990639275195655200e-01 -3.563771141019775879e-01 4.356653058961553748e-01 4.990639275195655200e-01 -3.563771141019775879e-01 -5.938773246424042807e-01 -8.812562779250128209e-01 1.475133602567417102e+00
2.646026501940552667e-01 -3.386612021946143747e-01 4.942063474680236101e-02 -1.076031790056405368e-01 -3.719000601003374928e-01 -1.519595112889943200e-01 -1.076031790056405368e-01 -3.719000601003374928e-01 -1.519595112889943200e-01 -1.021680992493326112e+00 1.149718816684477396e+00 -1.280378241911510617e-01
-1.012428766731736651e-01 2.266106273201105026e-01 -3.567199468854830302e-01 -4.699487953392743611e-01 -4.502540732825748293e-01 2.680567833984770498e-01 -4.699487953392743611e-01 -4.502540732825748293e-01 2.680567833984770498e-01 5.407833881146217880e-02 -1.071528323559294282e+00 1.017449984747831992e+00
4.256518130836788316e-01 3.763806204159969582e-01 -3.111385162170565710e-02 -3.799177257005971198e-01 -3.360540865564549673e-01 1.895670907837992969e-01 -3.799177257005971198e-01 -3.360540865564549673e-01 1.895670907837992969e-01 -4.171764674709846910e-01 -4.525419353016666424e-01 8.697184027726513333e-01
8.602310120508682711e-02 4.239591989883327861e-01 -2.829539598444194004e-01 3.179480853812930441e-01 9.277232526728496076e-02 4.279677896707134721e-02 3.179480853812930441e-01 9.277232526728496076e-02 4.279677896707134721e-02 -2.179959290886979151e-02 -1.314481467150778071e+00 1.336281060059647974e+00
-3.034321702056382852e-01 1.885401626025023925e-01 1.510847190320572242e-01 -3.232392384264507479e-01 -4.018861684884026397e-01 -3.583640773847508454e-01 -3.232392384264507479e-01 -4.018861684884026397e-01 -3.583640773847508454e-01 9.639928187630851797e-01 -4.267464572396914013e-01 -5.372463615233937784e-01
1.168995257350946559e-02 1.882414041462181498e-01 3.754940767880872166e-01 4.976782871612995818e-01 1.932186967693576563e-01 -1.029398315159357757e-03 4.976782871612995818e-01 1.932186967693576563e-01 -1.029398315159357757e-03 6.006367083517752947e-01 8.921468498901741206e-03 -6.095581768506770359e-01
-2.210223279256537943e-01 -2.291611714837594738e-01 3.185357477754352518e-01 4.419024196457799203e-01 -4.714104035179701446e-01 -2.624085153803161763e-01 4.419024196457799203e-01 -4.714104035179701446e-01 -2.624085153803161763e-01 7.070766306139044666e-01 4.298919503067358816e-01 -1.136968580920640459e+00
2.703293631175914813e-01 -1.316049837702383263e-01 3.215071054177641718e-01 4.251937166460419970e-01 1.608339173600974448e-01 -4.428034032065800707e-01 4.251937166460419970e-01 1.608339173600974448e-01 -4.428034032065800707e-01 -4.422032446830117536e-01 8.590663163909952882e-01 -4.168630717079835346e-01
3.635855798511099524e-01 2.023209660799887288e-01 4.128825568271233815e-01 -1.635898583800922124e-01 2.175456400921941258e-01 3.602915773237455044e-01 -1.635898583800922124e-01 2.175456400921941258e-01 3.602915773237455044e-01 -1.244635594421745761e-01 3.648666906062890680e-01 -2.404031311641144919e-01
2.861273781970613550e-01 -7.502002298205712183e-02 -4.611571617099474718e-02 3.148678109217950549e-01 4.449874217467582049e-01 3.671676369483545255e-01 3.148678109217950549e-01 4.449874217467582049e-01 3.671676369483545255e-01 -7.176620353665426055e-01 4.634655354381024273e-01 2.541964999284401783e-01
-4.902916916668513814e-01 -4.347484098090449445e-01 2.577369170222534311e-01 -4.536392895407516113e-01 -1.998005378732014004e-01 2.723509914523898345e-01 -4.536392895407516113e-01 -1.998005378732014004e-01 2.723509914523898345e-01 1.166859612811387059e+00 4.456400429975440058e-01 -1.612499655808931287e+00
4.220521803674396333e-01 8.589572798464106818e-02 6.903491206435519167e-02 3.952894288779313925e-01 3.375306474345768359e-01 2.624281352740507334e-01 3.952894288779313925e-01 3.375306474345768359e-01 2.624281352740507334e-01 -6.969929106965747634e-01 3.825542101213168511e-01 3.144387005752579123e-01
2.659078564803155631e-01 -2.917988337275484456e-01 2.030829093300141608e-01 1.195870122090721965e-01 -1.315885392830460354e-01 2.299006201125048943e-01 1.195870122090721965e-01 -1.315885392830460354e-01 2.299006201125048943e-01 -8.075544132136851516e-01 1.137019268470182976e+00 -3.294648552564977129e-01
3.713508804839094068e-01 6.284459741074255312e-02 4.583506440989603137e-01 -9.198911609452686822e-02 -9.698280120776525681e-02 -4.803867797549327134e-01 -9.198911609452686822e-02 -9.698280120776525681e-02 -4.803867797549327134e-01 -2.704936413873459955e-01 6.880508512934720988e-01 -4.175572099061261033e-01
2.384402961989700032e-01 2.552307097680160952e-01 3.463798002679616683e-01 3.663040275848649108e-01 1.786941058855645581e-01 2.824378509375532476e-01 3.663040275848649108e-01 1.786941058855645581e-01 2.824378509375532476e-01 1.306305922640415007e-01 7.046816102635966583e-02 -2.010987532904011665e-01
-2.297961515286388590e-01 2.884872555979374198e-01 -3.663673778961401561e-01 -4.279634838954985421e-01 -4.748226102213786159e-01 -3.561739887063427590e-01 -4.279634838954985421e-01 -4.748226102213786159e-01 -3.561739887063427590e-01 2.768022099977678341e-01 -1.329320712333153409e+00 1.052518502335385797e+00
-2.166095601321504915e-02 -2.021148731615700633e-01 4.468151972054211774e-01 -6.253306234901923055e-02 2.595308755440844939e-01 2.177034304446158197e-01 -6.253306234901923055e-02 2.595308755440844939e-01 2.177034304446158197e-01 3.997969799833447357e-01 6.751562960499463140e-01 -1.074953276033291161e+00
-3.571242021206693096e-01 3.379508782022134783e-01 3.507189022138890167e-02 3.659940523894027464e-01 2.429265679800347577e-01 -2.953700245627739474e-01 3.659940523894027464e-01 2.429265679800347577e-01 -2.953700245627739474e-01 9.811909655884543113e-01 -8.547136557109971111e-01 -1.264773098774572002e-01
-2.472837212473170121e-01 -3.825156920008175865e-01 -1.981406104923977285e-01 4.894326901856379530e-01 -3.780032410027018841e-01 -4.005237287709728644e-02 4.894326901856379530e-01 -3.780032410027018841e-01 -4.005237287709728644e-02 -9.443165488559435161e-02 3.131784956039137535e-01 -2.187468407183194019e-01
-5.873970644530135399e-02 2.583285357930142911e-02 2.081414376187473714e-02 3.521424391729625070e-01 -2.311779071910790018e-01 -1.733965694926412615e-01 3.521424391729625070e-01 -2.311779071910790018e-01 -1.733965694926412615e-01 1.638988899820407186e-01 -8.612634744606195714e-02 -7.777254253597876144e-02
3.389822105081446990e-01 -3.105828666018598527e-01 3.471941361154695649e-02 1.370794512766090323e-01 -4.925994496621977081e-02 1.663949910667060772e-01 1.370794512766090323e-01 -4.925994496621977081e-02 1.663949910667060772e-01 -1.177040913222548779e+00 1.206701592783054888e+00 -2.966067956050599808e-02
