4.054003208000718228e-01 2.993050539876128679e-01 9.001275323917401483e-02 -2.123635068269468240e-01 4.858515331274073645e-01 2.956002429785968832e-01 -2.123635068269468240e-01 4.858515331274073645e-01 2.956002429785968832e-01 -3.824217146999117078e-01 -1.208774945025423708e-01 5.032992092024540787e-01
5.509275319711792740e-03 3.584071488088783619e-01 -1.545068322580642750e-01 -7.106657201993837880e-02 -1.122585393434860634e-02 -6.540403074949407980e-03 -7.106657201993837880e-02 -1.122585393434860634e-02 -6.540403074949407980e-03 1.494811143058043523e-01 -9.675019502644429670e-01 8.180208359586386146e-01
-4.274307558375822769e-01 3.231665195322287465e-01 -4.688179219989607738e-01 2.191532098996505917e-01 -1.118682235482085785e-01 1.012287580266054698e-01 2.191532098996505917e-01 -1.118682235482085785e-01 1.012287580266054698e-01 4.873730844444674748e-01 -1.735688774929429634e+00 1.248315690484962381e+00
-2.763615195482072018e-01 -1.412653748453441827e-01 -3.521798212600454336e-01 1.679463861398267088e-02 -2.985478568729397209e-01 -2.494062106372479937e-01 1.679463861398267088e-02 -2.985478568729397209e-01 -2.494062106372479937e-01 5.335271020814225107e-02 -3.611747958317605978e-01 3.078220856236183467e-01
-3.682151230069569126e-01 2.318930834422993081e-01 -1.077790008357765172e-01 8.907904782056208504e-02 3.727078964299579411e-03 -3.999685895475563191e-01 8.907904782056208504e-02 3.727078964299579411e-03 -3.999685895475563191e-01 7.487435756402975873e-01 -8.557347073396450732e-01 1.069911316993474859e-01
-2.174335976716312846e-02 2.863193424937855447e-01 2.983542760931409132e-01 4.342988202411338650e-01 -6.493804864683827560e-02 -2.649239940741240362e-01 4.342988202411338650e-01 -6.493804864683827560e-02 -2.649239940741240362e-01 6.423929893524249479e-01 -2.531679579617913678e-01 -3.892250313906335801e-01
-1.763890441763216188e-02 4.357780041764939272e-01 2.731425951214192516e-01 4.340743976947658567e-01 4.383159858429479527e-01 1.710406484426452156e-01 4.340743976947658567e-01 4.383159858429479527e-01 1.710406484426452156e-01 7.020191611902025786e-01 -5.411544784764191762e-01 -1.608646827137834023e-01
2.906135259730081577e-01 1.774716014907203876e-01 4.156979245340342022e-02 -2.706124248145431732e-01 -4.261852600322533213e-01 1.835649244540787928e-01 -2.706124248145431732e-01 -4.261852600322533213e-01 1.835649244540787928e-01 -3.402449670535215853e-01 -2.577855610196433389e-02 3.660235231554859192e-01
5.148280673048544198e-02 4.381454496248549102e-01 1.746996465970152013e-01 2.732792157092556184e-02 -3.673491161829531837e-01 -4.075007677425568353e-01 2.732792157092556184e-02 -3.673491161829531837e-01 -4.075007677425568353e-01 4.518094385822923886e-01 -6.220865309434673307e-01 1.702770923611749421e-01
1.734901437201955554e-01 1.979980445233677777e-01 2.229083490535483936e-01 2.611122973496388111e-01 -3.006443497969916168e-01 -4.302122873749455456e-01 2.611122973496388111e-01 -3.006443497969916168e-01 -4.302122873749455456e-01 7.486967098083219252e-02 3.925825308389585544e-04 -7.526225351167115107e-02
4.111216648007268715e-01 -1.782693355133261326e-01 2.954978729020554251e-01 4.083417255947481284e-01 -1.516544476527085239e-01 -3.116313379056315780e-01 4.083417255947481284e-01 -1.516544476527085239e-01 -3.116313379056315780e-01 -9.120798311696761695e-01 1.180237937597507170e+00 -2.681581064278310000e-01
-5.239522287162701186e-02 3.002165553338793647e-01 -2.186843780258597159e-01 -3.919041658671433837e-01 -3.771254020063380397e-01 8.565635409424354751e-02 -3.919041658671433837e-01 -3.771254020063380397e-01 8.565635409424354751e-02 1.439513397048173271e-01 -9.773300026418115793e-01 8.333786629369942522e-01
4.739682557652591388e-01 -2.832747038478110602e-01 -4.249655640586691430e-02 2.803285254063051513e-01 2.652354239578466055e-01 -5.725753336503380808e-02 2.803285254063051513e-01 2.652354239578466055e-01 -5.725753336503380808e-02 -1.535763016761188648e+00 1.346373039240438274e+00 1.893899775207504854e-01
-3.635154867444562177e-01 -4.566136664069755380e-01 4.224634469046897323e-01 1.413228004976969654e-01 1.777136499679478066e-01 -4.757288625681442840e-01 1.413228004976969654e-01 1.777136499679478066e-01 -4.757288625681442840e-01 1.096984723526533978e+00 6.824036029773130618e-01 -1.779388326503847040e+00
1.045272392745598689e-01 4.636986510872876943e-01 2.456297151566768644e-01 -6.079029859185924867e-02 -1.098448456059143430e-01 2.851802731830505033e-01 -6.079029859185924867e-02 -1.098448456059143430e-01 2.851802731830505033e-01 4.532879952898951625e-01 -5.454181464085152697e-01 9.213015111862010720e-02
3.109665739550673269e-01 -2.217741017820878957e-01 4.191635581524023602e-01 4.542856257909073658e-01 4.301327232182006188e-01 -4.682355250971601546e-01 4.542856257909073658e-01 4.301327232182006188e-01 -4.682355250971601546e-01 -5.893277008041153397e-01 1.176796682816789286e+00 -5.874689820126739459e-01
1.480564419758134687e-01 4.076733746613317999e-01 -1.021409800718835470e-01 -3.275511290648823737e-01 -1.734561108519282469e-01 -2.704253032475151253e-01 -3.275511290648823737e-01 -1.734561108519282469e-01 -2.704253032475151253e-01 7.300038758760507562e-03 -8.936350631690211932e-01 8.863350244102606856e-01
3.419721853830142155e-01 -3.578678201476265253e-01 -4.484003628872286207e-01 3.250836433749690890e-01 -6.547390128645014240e-02 2.889074208364510454e-01 3.250836433749690890e-01 -6.547390128645014240e-02 2.889074208364510454e-01 -1.559754796267436294e+00 9.186734104892180230e-01 6.410813857782183822e-01
-2.086575404536206158e-01 1.129303162280624884e-01 -1.216990326250799725e-02 3.929557795200007142e-01 -6.758511711313641701e-02 -4.510817290480428898e-01 3.929557795200007142e-01 -6.758511711313641701e-02 -4.510817290480428898e-01 4.921233423551606423e-01 -4.082650909136807948e-01 -8.385825144147984744e-02
1.645489927793860607e-01 2.655397701329820226e-02 -2.551053217881589230e-01 -6.957011090623632654e-02 -4.125357925095458622e-01 7.500621643713900610e-03 -6.957011090623632654e-02 -4.125357925095458622e-01 7.500621643713900610e-03 -4.906958379181103336e-01 -1.773572740157935979e-01 6.680531119339039314e-01
1.526147399155839413e-01 -1.371023319526305517e-01 2.148068875531423672e-01 -3.544248794758475540e-01 3.039439254375319033e-01 -2.226932347990274730e-01 -3.544248794758475540e-01 3.039439254375319033e-01 -2.226932347990274730e-01 -2.718826263559592782e-01 6.327054595859847863e-01 -3.608228332300255081e-01
-4.005996305839344407e-01 5.217784791402002575e-03 -1.714231101704908333e-01 -2.398023911070449321e-01 4.310631150036713377e-01 -3.457421103662419171e-01 -2.398023911070449321e-01 4.310631150036713377e-01 -3.457421103662419171e-01 5.911321686127745112e-01 -5.267706946181144323e-01 -6.436147399466007890e-02
3.392884106018829726e-01 1.532102653121092395e-03 4.646029790750422217e-01 -1.042952826218683793e-01 -2.358859925158146575e-01 3.564567000065066438e-02 -1.042952826218683793e-01 -2.358859925158146575e-01 3.564567000065066438e-02 -2.682938926243161326e-01 7.724508295489522780e-01 -5.041569369246361454e-01
4.489558069066826862e-01 -1.409579368534794597e-01 4.625555941413042049e-01 9.023261020396111665e-02 2.827874666336537279e-01 -1.625297435288998171e-01 9.023261020396111665e-02 2.827874666336537279e-01 -1.625297435288998171e-01 -7.901401318579559518e-01 1.256946063902387722e+00 -4.668059320444317706e-01
5.473168619571033844e-03 -2.810123640664637934e-01 -1.655710791147073646e-01 -1.518042625672645363e-01 1.943702229294447248e-01 2.348248611550658449e-01 -1.518042625672645363e-01 1.943702229294447248e-01 2.348248611550658449e-01 -4.889546197183938236e-01 4.407660168528452216e-01 4.818860286554860206e-02
4.156819164973003522e-01 -4.107147469169833975e-01 -2.439454932726541347e-01 3.882475826917741735e-02 -1.521176091699021349e-01 2.868000134886639074e-02 3.882475826917741735e-02 -1.521176091699021349e-01 2.868000134886639074e-02 -1.768026067213857022e+00 1.438675120000297625e+00 3.293509472135595084e-01
3.449385308721757415e-01 4.852582595144502298e-01 -2.750457314278448306e-01 4.664379980636258471e-01 2.037702664327170066e-01 -4.285279262662643474e-01 4.664379980636258471e-01 2.037702664327170066e-01 -4.285279262662643474e-01 -3.311274174320425479e-01 -1.269846014808067025e+00 1.600973432240109462e+00
9.522498396765799455e-02 -1.482272515830751480e-02 -3.171658361825500094e-01 1.241467945231792269e-01 -1.150503144858689986e-01 -3.402564472002967966e-01 1.241467945231792269e-01 -1.150503144858689986e-01 -3.402564472002967966e-01 -4.542658514260673464e-01 -2.366940566213073804e-01 6.909599080473747268e-01
-2.669267243185102778e-02 4.438708527150638794e-01 -3.735709067607244638e-01 -4.833170932703132472e-01 1.411940912698516071e-01 4.291360167001563308e-01 -4.833170932703132472e-01 1.411940912698516071e-01 4.291360167001563308e-01 8.224123511592063007e-02 -1.640048613249582177e+00 1.557807378133661658e+00
3.821058642385888326e-01 3.164818567114298098e-01 -1.143424449139689436e-01 -1.005628189028149322e-01 -3.947592793492773477e-01 -3.145684724722815906e-01 -1.005628189028149322e-01 -3.947592793492773477e-01 -3.145684724722815906e-01 -4.591364482779829448e-01 -4.707000623703743170e-01 9.298365106483572617e-01
3.479789975469744778e-01 -3.103208583689149869e-01 2.949531048374576248e-01 -1.578525707973643666e-01 4.873407078350220356e-01 -3.275288228030283078e-01 -1.578525707973643666e-01 4.873407078350220356e-01 -3.275288228030283078e-01 -9.831502466535376739e-01 1.385580860495535971e+00 -4.024306138419982970e-01
3.017393462865423093e-01 -4.511553531364939085e-01 3.226195766159523082e-01 -1.805133669753702375e-01 2.384108494984756854e-01 4.164759316328411343e-01 -1.805133669753702375e-01 2.384108494984756854e-01 4.164759316328411343e-01 -1.102037225843546020e+00 1.661868452029986232e+00 -5.598312261864402117e-01
5.238382150549725225e-02 3.862414106406841796e-01 3.043345413637544850e-01 -3.228922957379016800e-01 3.159623566090581370e-01 -9.884010749511440430e-02 -3.228922957379016800e-01 3.159623566090581370e-01 -9.884010749511440430e-02 5.703768718849777652e-01 -3.691989619252076249e-01 -2.011779099597701403e-01
5.652110587174408174e-02 -4.631556488471459954e-01 -1.115588919420471559e-01 -1.712256400801109857e-01 4.511490960755260016e-02 -3.386648676718669870e-01 -1.712256400801109857e-01 4.511490960755260016e-02 -3.386648676718669870e-01 -8.361978191334827892e-01 9.779202580489735341e-01 -1.417224389154907449e-01
1.139703292233636978e-01 -3.689164070263570849e-01 1.597132796610571948e-01 -2.350547802237128447e-01 -3.735350096676731679e-01 -1.018337789569402352e-01 -2.350547802237128447e-01 -3.735350096676731679e-01 -1.018337789569402352e-01 -5.739410272815117509e-01 1.031334227023208205e+00 -4.573931997416964546e-01
-1.234069988701166354e-01 -3.648972844584209563e-01 7.168733442719654736e-02 2.929277712713741488e-01 2.005735323540713821e-01 3.685472847077385650e-01 2.929277712713741488e-01 2.005735323540713821e-01 3.685472847077385650e-01 -5.771945081202556338e-02 6.269052755221196094e-01 -5.691858247100940460e-01
3.885029188507571618e-02 3.430116626352046616e-01 -4.275072348528583532e-01 -3.571837773491992607e-02 2.622520982174071369e-01 6.722139137994564972e-02 -3.571837773491992607e-02 2.622520982174071369e-01 6.722139137994564972e-02 -1.104588333797633659e-01 -1.423145434986904379e+00 1.533604268366667744e+00
-1.863208468966456310e-01 1.087346200633497739e-01 1.291943395649465254e-01 2.840177782847242982e-01 3.297546235707222717e-01 1.331736957332453342e-01 2.840177782847242982e-01 3.297546235707222717e-01 1.331736957332453342e-01 6.264751401718061663e-01 -2.352578687164924576e-01 -3.912172714553137087e-01
-3.122743058025780893e-01 4.769540907158765775e-01 -3.301803373024195798e-01 1.244675067242717592e-02 1.194016201980301339e-01 3.116825958619254822e-01 1.244675067242717592e-02 1.194016201980301339e-01 3.116825958619254822e-01 5.280582102493824870e-01 -1.787280546429809602e+00 1.259222336180427337e+00
-7.979639541227256938e-02 -2.503480184729478530e-02 9.426397503281058743e-02 3.551660765525528340e-01 4.198921792032211942e-01 -4.303584905075306111e-01 3.551660765525528340e-01 4.198921792032211942e-01 -4.303584905075306111e-01 2.434165891696891126e-01 5.916823906412660428e-02 -3.025848282338157169e-01
1.181987467472570552e-01 3.876876759100302827e-01 -3.285053547984745359e-01 -1.244073663518132644e-01 3.087773494817285247e-01 -1.904201670268076407e-01 -1.244073663518132644e-01 3.087773494817285247e-01 -1.904201670268076407e-01 -1.240365587165969119e-01 -1.282857180045349654e+00 1.406893738761946677e+00
2.524395454076741041e-01 4.333448202710715735e-01 -7.032125161930502522e-02 -7.287101610781421268e-02 3.607638592188558979e-01 -3.519306114853876233e-01 -7.287101610781421268e-02 3.607638592188558979e-01 -3.519306114853876233e-01 -1.103673526627668711e-01 -8.202622899900799958e-01 9.306296426528468668e-01
3.209557821191579841e-01 2.613943984676820875e-01 1.362927283467180173e-01 4.411482246964870679e-01 3.247691042925913152e-01 4.330675588521224473e-01 4.411482246964870679e-01 3.247691042925913152e-01 4.330675588521224473e-01 -2.299865413126339631e-01 -7.189275646189674518e-02 3.018792977745307082e-01
-9.967156707819158079e-02 -2.617678627728359242e-01 -2.703050463631643252e-01 -3.577390613081530280e-01 -4.785936189386028605e-01 -3.949940366441805351e-01 -3.577390613081530280e-01 -4.785936189386028605e-01 -3.949940366441805351e-01 -3.328429353961812609e-01 1.673997477845350357e-01 1.654431876116462252e-01
-6.445637648938018494e-03 4.240399429415923072e-01 -4.013613288135475798e-02 -1.513925665606586923e-01 5.555346402725458432e-02 -2.848827107972518036e-01 -1.513925665606586923e-01 5.555346402725458432e-02 -2.848827107972518036e-01 3.166774126148391710e-01 -9.405097333167110607e-01 6.238323207018718897e-01
-4.216201922843401118e-01 -5.904177420819500810e-03 9.375112375996241809e-02 4.300302985960424706e-02 3.474408176386011293e-01 -1.038088946893325204e-01 4.300302985960424706e-02 3.474408176386011293e-01 -1.038088946893325204e-01 1.014392429537496421e+00 -2.452817317075215442e-01 -7.691106978299748764e-01
-3.250219278988277782e-01 -9.746834994003528152e-03 4.025132375195437096e-01 1.250659094036407071e-01 1.446402878404153824e-01 -1.530293184458797473e-01 1.250659094036407071e-01 1.446402878404153824e-01 -1.530293184458797473e-01 1.340384033400086938e+00 6.743609602901012856e-02 -1.407820129429096845e+00
9.643261088906196488e-02 -3.422183467530094392e-01 -4.175843157296603714e-01 2.686821265452840057e-01 -2.151129228780067626e-01 -6.364499074027596404e-02 2.686821265452840057e-01 -2.151129228780067626e-01 -6.364499074027596404e-02 -9.525256926017959813e-01 4.723352677313912285e-01 4.801904248704047529e-01
2.644910965444714490e-01 2.368929549064959783e-01 -8.121929076810419090e-02 2.408679826656219269e-01 1.952360087443648640e-01 -4.230099301466819783e-01 2.408679826656219269e-01 1.952360087443648640e-01 -4.230099301466819783e-01 -3.202650766693031503e-01 -3.465480396334956747e-01 6.668131163027988251e-01
1.037265473927618809e-01 3.366171179121102419e-01 -1.889055353760289435e-01 -9.070153422073057303e-02 3.051907381639931138e-01 8.497770196492693273e-02 -9.070153422073057303e-02 3.051907381639931138e-01 8.497770196492693273e-02 -4.594359762580779716e-02 -8.991023399616412393e-01 9.450459375874490364e-01
-3.309711894092476347e-01 2.068087789035255586e-02 1.073505073701975787e-01 1.037169824936046147e-02 -4.414218676102642513e-01 1.998294936477725825e-01 1.037169824936046147e-02 -4.414218676102642513e-01 1.998294936477725825e-01 8.465786318178235570e-01 -2.134551300509709426e-01 -6.331235017668526144e-01
-4.812172380222878854e-02 -8.514029112077792227e-02 -3.968634528685953677e-01 -2.716686032393943462e-01 -4.501233562003629229e-01 -3.416889454652531910e-01 -2.716686032393943462e-01 -4.501233562003629229e-01 -3.416889454652531910e-01 -3.321369518533613396e-01 -3.280642533039679343e-01 6.602012051573292739e-01
2.939423249595677357e-01 -1.036741488595779304e-01 -4.147226146291149718e-03 4.881654718750620958e-01 4.800594305919418936e-01 -4.772650951178782908e-01 4.881654718750620958e-01 4.800594305919418936e-01 -4.772650951178782908e-01 -7.460382599091356370e-01 5.830075513925370156e-01 1.630307085165986214e-01
4.711752036309947433e-01 1.023576972742445967e-01 -3.984977273750053284e-01 1.063050583794283854e-01 4.111654076300541583e-02 -8.749633593756922512e-02 1.063050583794283854e-01 4.111654076300541583e-02 -8.749633593756922512e-02 -1.026935091742505968e+00 -2.041085414510379614e-01 1.231043633193543929e+00
-1.457290183221759960e-02 -4.132685096835952976e-04 -3.557908386981756266e-02 -3.363400996393909326e-01 1.518197628285662404e-01 1.507680373477390257e-01 -3.363400996393909326e-01 1.518197628285662404e-01 1.507680373477390257e-01 -6.727231779408482382e-03 -4.985130189330866379e-02 5.657853367271714617e-02
-2.776509222326943860e-01 3.421527494842581119e-01 2.759610655910339494e-01 -1.399936746850561908e-01 1.390611655164845084e-01 4.368612018244045769e-01 -1.399936746850561908e-01 1.390611655164845084e-01 4.368612018244045769e-01 1.201474765022550129e+00 -5.303814369773747206e-01 -6.710933280451754079e-01
-2.277437206822794380e-01 7.686629607023776067e-02 -2.443433952759271888e-01 3.665092097460188603e-01 -3.621141942023452520e-01 -1.102866671912198226e-01 3.665092097460188603e-01 -3.621141942023452520e-01 -1.102866671912198226e-01 2.461264446003199602e-01 -6.413837756739160234e-01 3.952573310735960632e-01
2.916144787696052232e-01 2.707848020733805150e-02 -1.068687973091666521e-01 1.876899823819110358e-01 4.846910655655167766e-01 -3.003214564368179573e-01 1.876899823819110358e-01 4.846910655655167766e-01 -3.003214564368179573e-01 -6.314888143288720501e-01 1.594937834978515934e-01 4.719950308310204568e-01
-1.578021878041463433e-01 -1.030581027184948040e-01 -2.011281288109889598e-01 3.199909026504360599e-01 -3.198948220820563293e-04 -3.048313783505333108e-01 3.199909026504360599e-01 -3.198948220820563293e-04 -3.048313783505333108e-01 1.087181972612216718e-02 -1.563126253713412739e-01 1.454408056452191067e-01
-3.757223194846714964e-02 -3.336639271211263580e-01 3.134067400560106575e-01 -4.138555842852501554e-01 1.718811270181501705e-01 4.795286451996100263e-01 -4.138555842852501554e-01 1.718811270181501705e-01 4.795286451996100263e-01 7.586401231757045061e-02 8.210161792939508763e-01 -8.968801916115213269e-01
-3.266549773253449862e-01 4.476342311364114313e-01 1.900807813052596273e-01 2.230480739911622212e-01 -1.699367996995378993e-01 -4.545017676219131886e-02 2.230480739911622212e-01 -1.699367996995378993e-01 -4.545017676219131886e-02 1.215514695193346650e+00 -8.327295986820125728e-01 -3.827850965113339665e-01
-3.832627312199837766e-01 -2.064047914552009644e-01 -5.595117695311069284e-02 -1.350856015038476299e-01 -2.532421683859449324e-01 2.846351401171189899e-01 -1.350856015038476299e-01 -2.532421683859449324e-01 2.846351401171189899e-01 5.493348002401854391e-01 -2.241882717346055376e-02 -5.269159730667248853e-01
-2.703162761673137959e-01 3.637586029541693966e-01 -4.785768924126270196e-01 2.042562512649250817e-01 4.692252021326094313e-01 3.275153370332648528e-01 2.042562512649250817e-01 4.692252021326094313e-01 3.275153370332648528e-01 2.815694203997968215e-01 -1.791357193856333963e+00 1.509787773456537252e+00
9.321585958912281811e-02 -4.276588387526600865e-01 2.519012323367361139e-01 1.272599441357702421e-01 1.110971824327733337e-02 -2.096718649876613272e-01 1.272599441357702421e-01 1.110971824327733337e-02 -2.096718649876613272e-01 -5.115304049072286752e-01 1.176659643280872025e+00 -6.651292383736432390e-01
-2.525455504488733904e-01 -1.721710125868456398e-01 4.885983209859285914e-01 4.359782483400596043e-01 -1.819713423856258450e-01 1.972278045045092743e-01 4.359782483400596043e-01 -1.819713423856258450e-01 1.972278045045092743e-01 1.175563697883925673e+00 4.063168127783179928e-01 -1.581880510662243555e+00
4.552350409343727256e-01 -4.586779101503545286e-01 -3.697645024792860502e-01 -1.893697766317650188e-01 -1.003083663310702089e-01 -4.839488512069194392e-01 -1.893697766317650188e-01 -1.003083663310702089e-01 -4.839488512069194392e-01 -2.055827417173006655e+00 1.579137814116871930e+00 4.766896030561347253e-01
2.533193424431563479e-01 -3.306199547977939357e-02 -1.175405617488538557e-01 3.116635243353375051e-01 4.904393659881777223e-01 3.318440014129522275e-01 3.116635243353375051e-01 4.904393659881777223e-01 3.318440014129522275e-01 -6.414595274851889739e-01 2.434506272015102279e-01 3.980089002836787460e-01
-4.761601959911411219e-01 7.860970507200826241e-02 -1.123580058485017519e-01 -4.097004391807184120e-01 9.844555883903538529e-03 2.651685443125951780e-01 -4.097004391807184120e-01 9.844555883903538529e-03 2.651685443125951780e-01 8.645852094338802862e-01 -6.362159982789724610e-01 -2.283692111549078252e-01
-2.139553305048103038e-01 1.625497405911240367e-01 -3.086943615451854805e-01 -4.319459542491418391e-01 -3.598546014884407285e-03 -1.623709783215456781e-01 -4.319459542491418391e-01 -3.598546014884407285e-03 -1.623709783215456781e-01 2.233546459361031022e-01 -9.157303505427135670e-01 6.923757046066104648e-01
-4.103446860000881102e-01 -2.844412788696936145e-01 3.881777121227841798e-01 6.738057755116555469e-02 3.992836667924792859e-02 -1.197247693690385306e-01 6.738057755116555469e-02 3.992836667924792859e-02 -1.197247693690385306e-01 1.340554884758309306e+00 3.713298375711145960e-01 -1.711884722329424013e+00
4.796933083190054736e-01 1.149723628557594024e-01 3.564516986630377193e-01 1.178276255107144621e-01 -1.069522982065940209e-02 -1.218468608128647768e-01 1.178276255107144621e-01 -1.069522982065940209e-02 -1.218468608128647768e-01 -5.560620405332230565e-01 6.546470476400774174e-01 -9.858500710685436097e-02
4.055032454117168950e-02 4.114248010823352564e-01 -2.378603210619107955e-01 3.792820127265716934e-02 -2.425181117267003472e-01 9.998192234636915643e-02 3.792820127265716934e-02 -2.425181117267003472e-01 9.998192234636915643e-02 6.685534104949908407e-02 -1.224041376948205695e+00 1.157186035898706500e+00
4.613877717570741277e-01 4.932920579228444735e-01 4.331221598505694548e-01 -1.604626005222168361e-01 -3.761953879097036380e-01 -3.882155322403503250e-01 -1.604626005222168361e-01 -3.761953879097036380e-01 -3.882155322403503250e-01 3.530837176989765069e-03 -9.341767985960325316e-02 8.988684268261348809e-02
-3.848406537947557382e-01 2.254548992187836998e-01 3.102102318791745139e-01 4.968809102163779245e-01 1.050619749287025062e-01 -7.447854438470180582e-03 4.968809102163779245e-01 1.050619749287025062e-01 -7.447854438470180582e-03 1.460620732805283595e+00 -3.755467380360856255e-01 -1.085073994769198080e+00
-2.020271834056963645e-02 -4.212521424281989724e-02 -4.006947879529715317e-01 3.764914602231219654e-01 2.525970930334739961e-01 9.189453144436010579e-02 3.764914602231219654e-01 2.525970930334739961e-01 9.189453144436010579e-02 -3.386395748856663168e-01 -4.091160487079328334e-01 7.477556235935991502e-01
-4.310157254598772081e-01 -9.827254300991916658e-02 -1.314039846455228311e-02 -1.670001462150061400e-01 -2.046132177541627462e-01 -1.754790252233686676e-01 -1.670001462150061400e-01 -2.046132177541627462e-01 -1.754790252233686676e-01 8.017770208416636901e-01 -2.014366190721729177e-01 -6.003404017694907724e-01
-4.269665456666704717e-02 -1.671530523646491684e-01 -3.272324786828049170e-01 -4.936476611088749245e-01 1.364451100698113040e-01 5.513117590296590098e-02 -4.936476611088749245e-01 1.364451100698113040e-01 5.513117590296590098e-02 -3.801692362394681890e-01 -4.107144387450012424e-02 4.212406801139683132e-01
3.613926874133444045e-01 1.882073117838670706e-01 1.004454889941378548e-01 9.032915206539005037e-02 -4.225825568691611300e-01 -1.984850101679426215e-01 9.032915206539005037e-02 -4.225825568691611300e-01 -1.984850101679426215e-01 -4.187649195759767240e-01 9.735844600051435371e-02 3.214064735754623703e-01
7.988277245087238576e-02 2.795240160795580131e-01 3.896637908473593592e-01 -1.102565054415974855e-01 -8.757053835830963529e-02 -4.066277500376263010e-01 -1.102565054415974855e-01 -8.757053835830963529e-02 -4.066277500376263010e-01 5.441020511559764294e-01 -7.668439839264440394e-02 -4.674176527633320255e-01
-4.449151678942140364e-01 -2.831308912516141696e-01 3.715131658292007977e-01 2.938274788022280370e-01 4.099690085635219194e-01 2.833987518424662122e-01 2.938274788022280370e-01 4.099690085635219194e-01 2.833987518424662122e-01 1.411780150399550182e+00 3.309976971413705060e-01 -1.742777847540920799e+00
-4.143051939866132516e-01 3.196769342290588511e-01 1.925584781822404778e-01 2.042303088510875053e-01 2.471136577990770133e-01 3.757426533734802288e-01 2.042303088510875053e-01 2.471136577990770133e-01 3.757426533734802288e-01 1.354674462323233630e+00 -6.555577402239683993e-01 -6.991167220992651199e-01
-3.581730543939385392e-01 2.185622826896694848e-01 -3.326537457920845098e-01 -2.594517486283223207e-01 1.874391945442996921e-01 2.466469083503739501e-01 -2.594517486283223207e-01 1.874391945442996921e-01 2.466469083503739501e-01 4.641184808099231285e-01 -1.173632751970969945e+00 7.095142711610467057e-01
2.100334933361196477e-01 -2.912459992374418771e-01 2.011040756308565269e-01 2.550615580740038801e-01 1.508773422435969458e-01 2.019705893666472463e-01 2.550615580740038801e-01 1.508773422435969458e-01 2.019705893666472463e-01 -6.597218163137890112e-01 1.039643780769694992e+00 -3.799219644559058695e-01
2.693629573321973947e-01 3.862315530080787651e-01 -2.586654109116179878e-01 1.640686436024506589e-01 -1.544337289323464146e-01 3.702301582976639249e-01 1.640686436024506589e-01 -1.544337289323464146e-01 3.702301582976639249e-01 -2.999354694530006471e-01 -1.016088557771284595e+00 1.316024027224285353e+00
3.641325543825191247e-02 -4.902519118135264531e-01 -4.771867365306401432e-01 4.765143449264739317e-01 -2.285916640640139885e-02 3.487338884898782965e-02 4.765143449264739317e-01 -2.285916640640139885e-02 3.487338884898782965e-02 -1.094938403952242290e+00 7.062562864032091436e-01 3.886821175490332569e-01
4.958282939543164902e-01 4.370642210249209292e-01 -2.163918059894788248e-01 4.374501662283820647e-01 2.170286263949229300e-01 6.234721187266023534e-02 4.374501662283820647e-01 2.170286263949229300e-01 6.234721187266023534e-02 -5.699710957365429209e-01 -8.616474381186551845e-01 1.431618533855198105e+00
4.767308840392514568e-01 2.668570066940046948e-01 3.118949933760134519e-01 2.753084233455438401e-03 -2.057132508658315873e-01 4.082813630596824339e-01 2.753084233455438401e-03 -2.057132508658315873e-01 4.082813630596824339e-01 -3.854896122366634481e-01 2.775613076658157707e-01 1.079283045708476774e-01
-1.457125781568575640e-01 1.744566964419230759e-01 -2.306679388251958729e-01 7.420478727583279532e-02 -1.827777017749316890e-01 1.995800903793493175e-01 7.420478727583279532e-02 -1.827777017749316890e-01 1.995800903793493175e-01 1.925271582014200789e-01 -7.734632487801867962e-01 5.809360905787667173e-01
1.531451248641150231e-01 9.480519905917139667e-02 -2.062574257826128576e-01 -4.895882266242064240e-01 -2.542994087988226237e-02 -4.066836683699701638e-01 -4.895882266242064240e-01 -2.542994087988226237e-02 -4.066836683699701638e-01 -3.619820045330208735e-01 -2.912186820439863766e-01 6.532006865770072501e-01
1.234966034572850813e-01 4.215631833851313237e-01 2.380791740783091415e-01 -1.232117014842788461e-01 -2.233489211817552000e-01 -1.087978239359355115e-01 -1.232117014842788461e-01 -2.233489211817552000e-01 -1.087978239359355115e-01 3.791533133443393266e-01 -4.591438350838364935e-01 7.999052173949716682e-02
-4.036342964072765493e-01 3.021235101795353151e-01 3.632668613717974226e-01 -3.148484148809821415e-01 -3.280167123091045633e-01 6.689976351257620468e-02 -3.148484148809821415e-01 -3.280167123091045633e-01 6.689976351257620468e-02 1.659349560789499023e+00 -4.469541039449643205e-01 -1.212395456844534536e+00
1.306562657571644914e-01 -2.231584012591011357e-01 3.855002490576716623e-01 -1.496925706857851202e-01 -3.098178121884891389e-01 -3.460716008509262531e-01 -1.496925706857851202e-01 -3.098178121884891389e-01 -3.460716008509262531e-01 -1.342308538026839582e-01 8.804109752047095672e-01 -7.461801214020256090e-01
-5.436364512940605742e-03 -2.538149174709775080e-01 1.929863091448880130e-02 -1.295072799988434831e-01 2.501056935346590571e-01 4.504367347964750579e-01 -1.295072799988434831e-01 2.501056935346590571e-01 4.504367347964750579e-01 -2.569016811430473446e-01 5.209387527936532036e-01 -2.640370716506058590e-01
-2.203085031123253046e-01 3.270615796249878304e-01 -1.120278676463485334e-01 -4.602799159399216800e-01 -3.890883130220723629e-01 -3.233607119785063544e-01 -4.602799159399216800e-01 -3.890883130220723629e-01 -3.233607119785063544e-01 5.358912929445537321e-01 -9.728249025777432335e-01 4.369336096331895014e-01
-4.872191854093913532e-01 -5.414309218534718582e-02 -5.486368892626269922e-02 4.548715030943727422e-01 -2.401315706421052187e-01 1.828494171384200673e-01 4.548715030943727422e-01 -2.401315706421052187e-01 1.828494171384200673e-01 8.923716535972239239e-01 -3.522097138093611690e-01 -5.401619397878627549e-01
7.673197499743422689e-02 3.562438232834657104e-01 -4.764791231963574347e-01 9.056263460751379224e-02 -1.785870738419768067e-01 2.439794597375468665e-01 9.056263460751379224e-02 -1.785870738419768067e-01 2.439794597375468665e-01 -1.810526294341168185e-01 -1.543419065363496934e+00 1.724471694797613974e+00
-3.912639281310250627e-01 3.713419867534361041e-01 -4.801684144935246534e-01 -1.945945626832376041e-01 -3.746062415499044063e-01 -1.346050185243063968e-02 -1.945945626832376041e-01 -3.746062415499044063e-01 -1.346050185243063968e-02 4.484836433348866613e-01 -1.876734012883664704e+00 1.428250369548778043e+00
1.615750646567037929e-02 -1.916021891242336572e-01 -1.092966360517199087e-01 4.545559783338299908e-01 7.481871011657215131e-02 -2.340025648502658262e-01 4.545559783338299908e-01 7.481871011657215131e-02 -2.340025648502658262e-01 -3.488211249291899296e-01 3.099268349199784112e-01 3.889429000921151847e-02
-3.069819197334023864e-01 3.536599380006537618e-01 3.218133377892007374e-02 2.600934784721379289e-01 -1.197787691081910744e-01 -1.288529143785390740e-01 2.600934784721379289e-01 -1.197787691081910744e-01 -1.288529143785390740e-01 8.872528013888824061e-01 -8.626458014821881681e-01 -2.460699990669423798e-02
-3.122342856812275746e-01 4.256518081742914905e-01 -2.105877258429897925e-01 1.222024947100942560e-01 2.276005600947104135e-01 4.973735101198638597e-01 1.222024947100942560e-01 2.276005600947104135e-01 4.973735101198638597e-01 6.288685907678991382e-01 -1.411239063520411285e+00 7.823704727525120362e-01
-4.076306765239415819e-01 -1.560950008038002323e-01 -4.786865231829980916e-01 -2.071046758313280778e-01 -2.061823736482670810e-01 7.272145407866581479e-02 -2.071046758313280778e-01 -2.061823736482670810e-01 7.272145407866581479e-02 1.538041590743712828e-01 -6.030955346694838459e-01 4.492913755951125632e-01
-1.058948581904320951e-01 -4.959667618821484991e-01 -4.603667261704272873e-01 -3.584712854890292899e-01 1.847920181075763946e-01 -1.165839289991885686e-01 -3.584712854890292899e-01 1.847920181075763946e-01 -1.165839289991885686e-01 -7.755431449129318588e-01 5.120608057532245461e-01 2.634823391597073128e-01
3.679877251490248913e-02 -1.115725860683330906e-01 -4.790399368344480102e-01 4.749518046709619856e-01 -4.387247695990692531e-01 2.893168915147708020e-01 4.749518046709619856e-01 -4.387247695990692531e-01 2.893168915147708020e-01 -5.629438960164171446e-01 -2.841290785022816401e-01 8.470729745186987847e-01
