-3.710737023451466943e-01 3.869607812174175043e-01 4.416677953897564235e-01 4.790109190008228213e-01 -2.540093940434132724e-01 3.621662670420272567e-01 4.790109190008228213e-01 -2.540093940434132724e-01 3.621662670420272567e-01 1.785492539470633577e+00 -4.781759583064857377e-01 -1.307316581164147617e+00
-4.230435530133672684e-01 -1.648187257254130067e-02 1.599705485232624236e-01 -1.730577502258093814e-01 -2.121662378599270538e-01 -3.937981323808623646e-01 -1.730577502258093814e-01 -2.121662378599270538e-01 -3.937981323808623646e-01 1.125493833871994198e+00 -1.723026415612987083e-01 -9.531911923106954898e-01
-1.527664820677804292e-01 -1.082030614353342024e-01 3.843603632419503313e-01 3.181010500240289973e-01 -1.628508863350485170e-01 -2.715183443264195251e-01 3.181010500240289973e-01 -1.628508863350485170e-01 -2.715183443264195251e-01 7.546686433457485688e-01 3.453569580520986504e-01 -1.100025601397847108e+00
3.726506554473952848e-01 -2.390955006189402487e-01 8.610794174114477784e-02 4.585323442450648379e-01 -2.369212197034153977e-01 -1.424803925590720777e-01 4.585323442450648379e-01 -2.369212197034153977e-01 -1.424803925590720777e-01 -1.092792880614970930e+00 1.121267510737658402e+00 -2.847463012268758309e-02
2.505950229289874986e-01 -8.838448638624119003e-02 5.828342416924847669e-02 -1.038154400046794601e-01 4.830668688918388076e-01 -1.834155889700471720e-01 -1.038154400046794601e-01 4.830668688918388076e-01 -1.834155889700471720e-01 -5.784648419861462276e-01 5.399338701006300978e-01 3.853097188551612984e-02
2.299905624240580204e-01 -9.462641715144393117e-02 -2.236628472629506037e-01 -1.898045017557968839e-01 -7.908986426290898208e-02 -3.222834160837423356e-01 -1.898045017557968839e-01 -7.908986426290898208e-02 -3.222834160837423356e-01 -7.481977505658780059e-01 2.457690643853434054e-01 5.024286861805346005e-01
2.980468339125637023e-01 1.817399450693611973e-01 1.208071592378456849e-02 2.884683870244413306e-01 7.231701595862549681e-02 -1.308388048937803028e-01 2.884683870244413306e-01 7.231701595862549681e-02 -1.308388048937803028e-01 -3.720524892585930221e-01 -6.156044286215323069e-02 4.336129321207462528e-01
-1.880550045203981391e-01 -2.771361819850197694e-01 -4.489926911712441848e-01 -3.039992457192609576e-01 -2.232050985325009229e-01 4.999640185426024175e-01 -3.039992457192609576e-01 -2.232050985325009229e-01 4.999640185426024175e-01 -3.228404735498328071e-01 -9.433803113712779798e-02 4.171785046869606051e-01
-4.186117273995715315e-02 -5.867852981958920910e-02 -2.987332342391345597e-01 -1.440724487840158163e-01 -4.386544639753572339e-01 2.595363091461329041e-01 -1.440724487840158163e-01 -4.386544639753572339e-01 2.595363091461329041e-01 -2.434924012323707032e-01 -2.543591302731698089e-01 4.978515315055405122e-01
-3.138069941196638402e-01 -2.786035537072277801e-01 -3.301804968282853192e-01 -3.273033138449507051e-01 4.160509082749910270e-01 -3.824237024705290366e-02 -3.273033138449507051e-01 4.160509082749910270e-01 -3.824237024705290366e-02 1.835082139773713816e-02 -8.752120583685474298e-02 6.917038443911760481e-02
8.127287263585869503e-02 -3.523144217932926425e-01 -1.076810599345405794e-01 2.831512705735061974e-02 3.429348593012820912e-01 -1.111493711567925757e-01 2.831512705735061974e-02 3.429348593012820912e-01 -1.111493711567925757e-01 -7.149573804057405280e-01 7.597904617831794383e-01 -4.483308137743891031e-02
1.820071393066324816e-02 1.128667531169923466e-01 -8.246079900314340350e-02 6.666933936303454100e-02 -1.869303393011811920e-02 3.666605749971458827e-01 6.666933936303454100e-02 -1.869303393011811920e-02 3.666605749971458827e-01 -5.437625794677547475e-03 -3.060324492725897683e-01 3.114700750672673157e-01
-5.287462138237264409e-02 1.375826945307928595e-01 1.383901057769485465e-01 2.989531640081799502e-01 -2.517234329802997550e-01 8.271375046196349778e-03 2.989531640081799502e-01 -2.517234329802997550e-01 8.271375046196349778e-03 3.841988971591312474e-01 -1.726118757896779599e-01 -2.115870213694532875e-01
4.194826137446735492e-01 4.799623263423092867e-01 -1.115958828308947215e-01 -4.672240987066366147e-01 5.907984118088682735e-03 1.862910603710800084e-01 -4.672240987066366147e-01 5.907984118088682735e-03 1.862910603710800084e-01 -3.533423621870193099e-01 -8.654887322717110809e-01 1.218831094458730391e+00
-2.296720947612853614e-01 2.278881583695114843e-01 1.940873750829799071e-01 -9.861175337527949836e-02 -1.465762967518311477e-01 1.328853196107075973e-01 -9.861175337527949836e-02 -1.465762967518311477e-01 1.328853196107075973e-01 8.948683949414251160e-01 -4.015528225627531533e-01 -4.933155723786719626e-01
-4.028987242069387298e-01 4.078755943543260765e-01 -3.797226550205303752e-01 4.430622606027790900e-01 3.588298127611166954e-02 -1.360647259959546496e-03 4.430622606027790900e-01 3.588298127611166954e-02 -1.360647259959546496e-03 5.789329834237334493e-01 -1.753597029777376637e+00 1.174664046353643077e+00
-1.814310475486763385e-01 1.803486660150015464e-01 -5.862585666751385371e-02 4.890884372297907845e-01 -3.238961622105038796e-01 4.640203904338944252e-01 4.890884372297907845e-01 -3.238961622105038796e-01 4.640203904338944252e-01 4.342283695089751427e-01 -5.735104150511892707e-01 1.392820455422141279e-01
2.065747062729789141e-01 -2.823371565422615470e-01 -4.127711138649736711e-02 -4.952126147588278293e-01 2.420093040571262843e-01 3.135450174175773430e-01 -4.952126147588278293e-01 2.420093040571262843e-01 3.135450174175773430e-01 -8.500654145857799993e-01 8.447465601725580031e-01 5.318854413221996147e-03
-2.164811534178333607e-01 -8.189078825199913592e-02 -1.441108453591318783e-01 -2.903972711228044457e-01 4.444741644379346379e-01 2.354837980254477214e-01 -2.903972711228044457e-01 4.444741644379346379e-01 2.354837980254477214e-01 2.009794818141364958e-01 -1.901226134911532251e-01 -1.085686832298327076e-02
4.729194890231303017e-01 -1.425753484052869613e-01 -4.857484848497041208e-01 3.443270139828221721e-01 -3.580135245747362305e-01 3.170569837942126545e-01 3.443270139828221721e-01 -3.580135245747362305e-01 3.170569837942126545e-01 -1.467168856231888530e+00 4.411593438506207221e-01 1.026009512381267808e+00
3.209932298479351021e-01 -5.360558451679708902e-02 -1.457751781727372187e-01 -1.947329901027109456e-01 2.547838931965644704e-01 3.135816816510619276e-01 -1.947329901027109456e-01 2.547838931965644704e-01 3.135816816510619276e-01 -8.273825224120103794e-01 3.578570356709771527e-01 4.695254867410332267e-01
-4.513097040244714586e-01 2.532401195921768489e-01 4.825738886809127770e-01 2.225000875099220066e-01 2.571297778090656516e-01 -8.866261685033560713e-02 2.225000875099220066e-01 2.571297778090656516e-01 -8.866261685033560713e-02 2.050040256500137659e+00 -3.007320613784921770e-01 -1.749308195121645593e+00
-2.591712200845531777e-01 -2.835427390557901939e-01 -2.078226348324779815e-01 2.487223064086382385e-01 4.107252348428405142e-01 3.182727747897611259e-01 2.487223064086382385e-01 4.107252348428405142e-01 3.182727747897611259e-01 2.801884959236122796e-02 9.759527706514725676e-02 -1.256141266575084847e-01
-3.530533545996249467e-01 -4.364462251638415724e-01 -9.912043636801470825e-02 1.096864651471213259e-01 -2.728711831006763733e-01 3.253026175490917327e-01 1.096864651471213259e-01 -2.728711831006763733e-01 3.253026175490917327e-01 2.021165645389879639e-01 3.732924684211025301e-01 -5.754090329600904941e-01
-3.997731126876988839e-01 -4.294123866863264194e-02 -2.008463554561839004e-01 3.526890057422693570e-01 1.502003358335974870e-01 -3.637076649023563979e-01 3.526890057422693570e-01 1.502003358335974870e-01 -3.637076649023563979e-01 5.202024421046067548e-01 -4.711649184057560280e-01 -4.903752369885072682e-02
-5.070835131226192338e-02 -1.958264426107534373e-01 -1.217321828948673135e-01 2.315598999207579833e-02 4.565715558589277245e-01 -3.519959436499687788e-01 2.315598999207579833e-02 4.565715558589277245e-01 -3.519959436499687788e-01 -2.247364023620328499e-01 2.275919349063866282e-01 -2.855532544353778235e-03
2.351940221225948813e-01 -4.031960468216257976e-01 4.878891693335261071e-01 1.730101338348399853e-01 2.132460130406765852e-01 -1.821271527008127000e-01 1.730101338348399853e-01 2.132460130406765852e-01 -1.821271527008127000e-01 -6.059394103813424692e-01 1.483219788024581431e+00 -8.772803776432389622e-01
-3.370455739533946282e-01 3.200224358697517646e-01 2.090508098155445804e-01 -2.729822282039421344e-01 -3.940325134549937935e-02 1.888991073865137205e-01 -2.729822282039421344e-01 -3.940325134549937935e-02 1.888991073865137205e-01 1.208131290659142598e+00 -5.989942411282016543e-01 -6.091370495309409439e-01
-1.931899004548038867e-01 -1.410047216603679265e-01 2.748797793474019313e-01 -4.164694114446829687e-01 -3.137884048132767445e-01 -1.311508060859378766e-01 -4.164694114446829687e-01 -3.137884048132767445e-01 -1.311508060859378766e-01 6.477555835471637824e-01 2.893966202525394271e-01 -9.371522037997032095e-01
1.144647064768743450e-01 1.573189166171418130e-01 -9.122617053016268684e-02 1.090938979435434053e-01 3.762619382503130661e-01 -3.652050361290529734e-01 1.090938979435434053e-01 3.762619382503130661e-01 -3.652050361290529734e-01 -1.439663643277968585e-01 -3.241075759263558620e-01 4.680739402541527205e-01
2.742336894342166653e-01 8.873960997028818021e-02 -2.672273278188879164e-01 -2.710924002756059936e-01 3.196898055745351908e-01 1.909893933186357362e-02 -2.710924002756059936e-01 3.196898055745351908e-01 1.909893933186357362e-02 -6.219156037561683892e-01 -2.237472766470509633e-01 8.456628804032193525e-01
3.967611582244098267e-01 -4.560245679759094006e-01 2.100583050156886733e-01 3.213034776981040785e-01 1.832706964459297483e-01 2.335704476706063071e-01 3.213034776981040785e-01 1.832706964459297483e-01 2.335704476706063071e-01 -1.516483314490476575e+00 1.832456617836167645e+00 -3.159733033456909590e-01
-4.812101995636448581e-01 1.964824307014501059e-01 2.151432520253599989e-01 9.092672553356917486e-02 3.506279997989658614e-01 -4.381552167767068795e-01 9.092672553356917486e-02 3.506279997989658614e-01 -4.381552167767068795e-01 1.498635538505989739e+00 -4.737249190829218026e-01 -1.024910619423067715e+00
-3.645259357775497699e-01 -1.196648164724268826e-01 -1.834497899729133907e-01 -4.071487869320320474e-01 4.156528409858124551e-01 -3.289144245178943216e-02 -4.071487869320320474e-01 4.156528409858124551e-01 -3.289144245178943216e-02 4.156931887150042693e-01 -2.830499369484950067e-01 -1.326432517665092625e-01
-3.000034751035999259e-01 -3.902155419374992995e-01 1.682182295427709917e-01 -1.921259020399767037e-01 1.238667252688535614e-01 2.567656059114030720e-01 -1.921259020399767037e-01 1.238667252688535614e-01 2.567656059114030720e-01 5.027451129502740201e-01 5.223019376371456080e-01 -1.025047050587419628e+00
-2.034437349359701219e-01 -3.885039427012844104e-01 -1.785270691457947478e-01 -1.244114375385407811e-01 -3.084289865135326769e-01 -3.853074745530956635e-01 -1.244114375385407811e-01 -3.084289865135326769e-01 -3.853074745530956635e-01 -1.780612051428858145e-01 3.926878932834850788e-01 -2.146266881405992644e-01
-6.413507473437318751e-02 3.595808364196214635e-01 9.058537904793373396e-02 -4.557480286847304107e-01 4.559123093102045443e-01 2.384024410154169660e-01 -4.557480286847304107e-01 4.559123093102045443e-01 2.384024410154169660e-01 5.127217695133478026e-01 -6.540393734811834614e-01 1.413176039678356588e-01
9.087276124817322831e-02 1.567619584408370681e-01 1.339816530073831835e-01 2.710773468151880250e-01 -2.053497580454533011e-01 -6.536747560894951015e-02 2.710773468151880250e-01 -2.053497580454533011e-01 -6.536747560894951015e-02 1.078169813077254346e-01 -8.680716217469086615e-02 -2.100981913303456849e-02
1.658591175591876965e-01 -1.891600228566839847e-01 3.794577915190244788e-02 -1.950358170422777926e-01 5.904680863594746754e-02 3.796815425879330741e-01 -1.950358170422777926e-01 5.904680863594746754e-02 3.796815425879330741e-01 -5.462783202896746015e-01 6.293714813026339838e-01 -8.309316101295938228e-02
-7.634520066109529157e-02 -2.950763130402982437e-01 4.958152929596350011e-01 -1.565214137547621398e-03 4.334558911487182975e-01 6.770213261564350660e-04 -1.565214137547621398e-03 4.334558911487182975e-01 6.770213261564350660e-04 5.275949090265033004e-01 7.910562770834534962e-01 -1.318651186109956797e+00
2.241676366115432639e-01 4.149707703156185756e-01 -3.318578819771796917e-01 1.234914565559808164e-02 -9.305359972841065197e-02 6.464721430985875816e-02 1.234914565559808164e-02 -9.305359972841065197e-02 6.464721430985875816e-02 -2.528114006330482999e-01 -1.284001666202126302e+00 1.536813066835174491e+00
3.286569145557377558e-01 -2.091590933432574406e-01 1.778949696185212481e-01 2.220245309336796868e-01 1.016334957831465102e-01 1.296183027065931359e-01 2.220245309336796868e-01 1.016334957831465102e-01 1.296183027065931359e-01 -8.522107921751633786e-01 1.033208824054932418e+00 -1.809980318797689280e-01
2.885455123065187033e-01 3.173391114616214148e-01 -4.247227201672655328e-01 3.652114629106292254e-01 2.771927284034405581e-01 -2.157672711595112203e-01 3.652114629106292254e-01 2.771927284034405581e-01 -2.157672711595112203e-01 -4.815769735574368382e-01 -1.128644452422634892e+00 1.610221425980071785e+00
1.563295894652734219e-01 4.521426972954207812e-01 -4.570938095974418358e-01 4.154076488518005927e-01 -4.561375702336174509e-01 4.958300034113987120e-01 4.154076488518005927e-01 -4.561375702336174509e-01 4.958300034113987120e-01 -2.024325065246564970e-01 -1.738500045096138535e+00 1.940932551620794921e+00
-3.143640556940477948e-01 -2.226597286947564758e-01 4.717630761139510742e-01 -2.266512634601293152e-01 3.948697402009823110e-01 1.325089742882500365e-01 -2.266512634601293152e-01 3.948697402009823110e-01 1.325089742882500365e-01 1.282504591216271583e+00 4.130122797778112420e-01 -1.695516870994082881e+00
-3.353058435020872530e-01 3.491685492708396232e-02 1.529997609452430352e-01 -2.447354829079744221e-01 4.514108146164075297e-01 -4.055127208576159159e-01 -2.447354829079744221e-01 4.514108146164075297e-01 -4.055127208576159159e-01 9.389722501454399461e-01 -1.980418551036233765e-01 -7.409303950418165696e-01
3.820414102298895775e-01 -6.692255089873155871e-02 -3.988925094365086688e-01 3.256808210194495068e-01 2.748654492251878523e-01 8.901348898527849940e-02 3.256808210194495068e-01 2.748654492251878523e-01 8.901348898527849940e-02 -1.108710097741624212e+00 1.729772157398115073e-01 9.357328820018127047e-01
4.040443929009577273e-01 2.275469913315296688e-01 -1.819713690396135286e-01 4.941858329981585474e-02 -2.521613530092302602e-01 -3.463334572273873979e-01 4.941858329981585474e-02 -2.521613530092302602e-01 -3.463334572273873979e-01 -6.364910645597040562e-01 -3.130608899528566358e-01 9.495519545125606919e-01
-1.312748293390358922e-01 3.863046660865598891e-01 2.457706747862598018e-02 -8.837354049156331826e-02 -3.164955329286615049e-01 4.143988867978849466e-01 -8.837354049156331826e-02 -3.164955329286615049e-01 4.143988867978849466e-01 5.726917783445341081e-01 -8.398464419659651403e-01 2.671546636214310322e-01
-4.753212716086687717e-01 -6.701579371881927205e-02 -2.963790679227680247e-01 1.012277576745201912e-01 1.361895490858444635e-01 1.030381394263709671e-01 1.012277576745201912e-01 1.361895490858444635e-01 1.030381394263709671e-01 5.311758470734715409e-01 -5.930231084113719575e-01 6.184726133790041658e-02
-2.346105090605545840e-01 -2.935105078609046014e-02 -6.174405302829644171e-02 -1.533921893908282152e-01 4.219157992485649267e-01 -1.957993241531308382e-01 -1.533921893908282152e-01 4.219157992485649267e-01 -1.957993241531308382e-01 3.742713729454003602e-01 -2.184873899043375811e-01 -1.557839830410627791e-01
-2.546327901471552302e-01 3.583376386342624897e-01 -2.286938987415337854e-01 -1.785780747243352895e-01 -1.194171320797153824e-01 3.010420278257667226e-01 -1.785780747243352895e-01 -1.194171320797153824e-01 3.010420278257667226e-01 4.845389533802946236e-01 -1.256902004762584069e+00 7.723630513822894450e-01
-9.828646462040135923e-02 4.536756964273129800e-01 3.809980607861311874e-01 -3.545498593011340294e-01 1.154234059633834075e-01 2.464978158757039628e-01 -3.545498593011340294e-01 1.154234059633834075e-01 2.464978158757039628e-01 1.039099703695423926e+00 -4.995649637579008262e-01 -5.395347399375229891e-01
1.601735374926850364e-01 3.481503803469848668e-01 -2.694287103061799860e-01 5.519388232336941424e-02 2.236230943988580799e-01 2.457637340963282346e-01 5.519388232336941424e-02 2.236230943988580799e-01 2.457637340963282346e-01 -1.778660081944510862e-01 -1.025799292779803418e+00 1.203665300974254393e+00
1.458941130666561170e-01 -1.583018851352678835e-01 -3.706442389613003874e-01 2.017857629358540406e-01 -2.471461222517388201e-01 -4.279198426384831500e-01 2.017857629358540406e-01 -2.471461222517388201e-01 -4.279198426384831500e-01 -7.589525774159842086e-01 1.189635549341876430e-01 6.399890224817965656e-01
4.594333408334251301e-01 4.233053075587083214e-01 -4.633085821305870100e-01 -3.819796887581208278e-01 -6.415878686168907663e-02 -7.151784551076556529e-02 -3.819796887581208278e-01 -6.415878686168907663e-02 -7.151784551076556529e-02 -6.393607521635719104e-01 -1.390109396780700113e+00 2.029470148944271912e+00
2.786953959411033743e-01 2.332891343167260434e-01 2.665910506061582863e-01 3.700997902944218598e-01 -3.817638712641336918e-01 1.107655897874192386e-01 3.700997902944218598e-01 -3.817638712641336918e-01 1.107655897874192386e-01 -5.848428965363472454e-02 7.920641919054949298e-02 -2.072212953691476844e-02
-9.275882858619266536e-02 -3.169667079200788606e-01 -4.554288890123359135e-01 1.977284017849593178e-01 -1.889803598418826613e-02 -1.345264746740064687e-01 1.977284017849593178e-01 -1.889803598418826613e-02 -1.345264746740064687e-01 -5.555151454166553648e-01 1.028248727750851188e-01 4.526902726415702460e-01
-2.271780975755329779e-01 2.372785797141678810e-01 4.825628194208797517e-02 2.282428292384774959e-02 4.473085818332408481e-01 -1.680728652073133489e-01 2.282428292384774959e-02 4.473085818332408481e-01 -1.680728652073133489e-01 6.886261950634317008e-01 -5.795914114182135757e-01 -1.090347836452181252e-01
-2.677658578290572633e-01 -9.697399759571134759e-02 4.132835963670337120e-01 4.703753278372165836e-01 -2.484772618313871861e-01 1.979152283282976654e-01 4.703753278372165836e-01 -2.484772618313871861e-01 1.979152283282976654e-01 1.132953297433678230e+00 2.426561017173115564e-01 -1.375609399150989676e+00
-3.997060577345021848e-01 -3.339521754787543317e-01 4.829901099578396417e-01 6.112092742977481841e-02 3.527819782402019655e-03 -2.636883106710508073e-03 6.112092742977481841e-02 3.527819782402019655e-03 -2.636883106710508073e-03 1.481047375933606247e+00 4.945808612389023251e-01 -1.975628237172508683e+00
3.326198455479379978e-01 -9.405767803171627417e-02 -1.832693334465437252e-01 -8.554346519432032281e-02 -2.768603022627380561e-03 -3.360900998902346393e-01 -8.554346519432032281e-02 -2.768603022627380561e-03 -3.360900998902346393e-01 -9.351889512885003253e-01 4.388464598108066106e-01 4.963424914776937147e-01
-2.366776232628493570e-01 3.783724953799940671e-01 -9.831181499601127083e-02 -2.295226590533767652e-01 4.280646875281357566e-02 -1.138616201501743141e-01 -2.295226590533767652e-01 4.280646875281357566e-02 -1.138616201501743141e-01 6.077817662381538311e-01 -1.070111074853006272e+00 4.623293086148523301e-01
1.737910715411417062e-02 -2.327929681376813553e-01 3.615909639255635577e-01 -4.258754820869758984e-01 3.443202816535961830e-02 -4.949481299949126667e-01 -4.258754820869758984e-01 3.443202816535961830e-02 -4.949481299949126667e-01 1.266311230541969923e-01 7.323439141757980275e-01 -8.589750372299950198e-01
1.339976977446607487e-01 4.222985036674477000e-01 -3.063767095975035160e-01 -3.405309076588411976e-01 -1.865794772650868349e-01 -4.302117198215817950e-01 -3.405309076588411976e-01 -1.865794772650868349e-01 -4.302117198215817950e-01 -1.057407591751843290e-01 -1.322797295123631756e+00 1.428538054298816196e+00
-4.308857835423418603e-02 -5.312303605380086502e-02 -1.551434133772519042e-01 2.188789152714244457e-01 2.726041436328024981e-01 -4.921897845942567740e-01 2.188789152714244457e-01 2.726041436328024981e-01 -4.921897845942567740e-01 -1.160897377819769538e-01 -9.732106578002253094e-02 2.134108035619994848e-01
3.577226441935545953e-01 -5.163082110200267749e-02 4.903685221395795990e-01 7.860998011710018663e-02 -4.944895597644740626e-01 -2.951223071024025035e-01 7.860998011710018663e-02 -4.944895597644740626e-01 -2.951223071024025035e-01 -3.639983159565896020e-01 9.242595874345328477e-01 -5.602612714779432457e-01
-4.743372819454684253e-01 -4.186304011466946973e-01 2.815817276816076076e-01 -2.319863607113981097e-02 1.873517954472737612e-01 -3.959080678665329867e-01 -2.319863607113981097e-02 1.873517954472737612e-01 -3.959080678665329867e-01 1.183751385380487076e+00 4.493363572856252097e-01 -1.633087742666112341e+00
1.925315900777658795e-01 -2.580982957985151760e-01 1.837264472760462564e-01 -2.967871766395902000e-02 -7.872660368358919136e-02 1.935917407956034841e-01 -2.967871766395902000e-02 -7.872660368358919136e-02 1.935917407956034841e-01 -5.780668454292823277e-01 9.264380627174780836e-01 -3.483712172881957558e-01
1.394725163987236005e-01 1.397051060751269835e-01 -3.325641805404607743e-01 4.670467919793230838e-01 -4.017500865479632921e-01 -9.934258831014552982e-02 4.670467919793230838e-01 -4.017500865479632921e-01 -9.934258831014552982e-02 -3.760368138774674573e-01 -6.038617240870512992e-01 9.798985379645187566e-01
3.558033423926110217e-01 3.692300108239043865e-02 3.668609136593748987e-01 2.698715146690553457e-01 2.808192790938623951e-02 -3.335188681952019341e-01 2.698715146690553457e-01 2.808192790938623951e-02 -3.335188681952019341e-01 -3.644677819869150959e-01 6.566183432142095322e-01 -2.921505612272944363e-01
-1.664925342087246740e-01 -1.054136456530185839e-02 -7.162148689414371550e-02 1.019436981131123243e-01 3.838254464445580716e-01 2.835077656425353254e-01 1.019436981131123243e-01 3.838254464445580716e-01 2.835077656425353254e-01 2.439160916549245606e-01 -2.073831108839279125e-01 -3.653298077099664809e-02
8.990997635457098625e-02 3.427768626848423095e-01 3.164210312143557191e-01 -2.827210276621686669e-01 -3.688837710328544128e-01 -2.129797786590156283e-01 -2.827210276621686669e-01 -3.688837710328544128e-01 -2.129797786590156283e-01 4.776452277521022749e-01 -2.501349706732435285e-01 -2.275102570788587464e-01
3.155238187685688311e-01 -9.857205069448005119e-02 -2.998101117915438207e-01 -3.138698336669976108e-01 -1.411384212072046562e-01 -1.538361273715341815e-01 -3.138698336669976108e-01 -1.411384212072046562e-01 -1.538361273715341815e-01 -9.725417817050395763e-01 2.900863047718273968e-01 6.824554769332121795e-01
-8.533806000947641301e-02 1.471966538940360225e-01 -2.438862049799820353e-01 -1.598992538758888804e-01 -1.339390871854129195e-02 -8.908426570191096960e-02 -1.598992538758888804e-01 -1.339390871854129195e-02 -8.908426570191096960e-02 6.085963942781036362e-02 -6.860587845674602780e-01 6.251991451396499144e-01
-2.251764301324034045e-01 -2.417380414277725542e-02 2.719308674089598865e-01 -2.320113174955799051e-01 3.339346694541026617e-01 -2.409810827245557618e-01 -2.320113174955799051e-01 3.339346694541026617e-01 -2.409810827245557618e-01 8.260486182783138842e-01 7.420070501681785835e-02 -9.002493232951317426e-01
3.672894054624648019e-01 -7.638593309115870866e-03 -3.877500074126140062e-01 -8.297025880800645847e-02 -3.091499958358460143e-01 -2.801956021435281219e-01 -8.297025880800645847e-02 -3.091499958358460143e-01 -2.801956021435281219e-01 -9.848945665944447425e-01 -7.560860416511605564e-03 9.924554270109563481e-01
3.657921110872219828e-02 2.510216488563984383e-01 -3.834413875704014707e-01 3.907643464500932806e-01 -2.989945183190942934e-01 -2.083507384836124077e-01 3.907643464500932806e-01 -2.989945183190942934e-01 -2.083507384836124077e-01 -1.499579769718215605e-01 -1.079017888671038206e+00 1.228975865642859766e+00
-2.673730071702344890e-01 -1.993911217924437818e-02 1.715276967657581864e-01 4.417421432655166402e-01 3.007605084861347811e-01 3.164127137140636536e-01 4.417421432655166402e-01 3.007605084861347811e-01 3.164127137140636536e-01 7.701994374024947465e-01 -4.494519804956886855e-02 -7.252542393529258780e-01
1.974287731445636407e-01 1.145276998103207378e-01 -3.010090600745159994e-01 -3.904303079583106850e-01 4.409503298781383140e-01 -1.793814723226516694e-02 -3.904303079583106850e-01 4.409503298781383140e-01 -1.793814723226516694e-02 -4.789554236819657529e-01 -4.287494864425756003e-01 9.077049101245413532e-01
7.225190579087337195e-02 4.992779939221710928e-01 -3.010886653331403817e-01 -4.819298191551935062e-02 -4.665927073848799012e-01 -1.261594307407879478e-01 -4.819298191551935062e-02 -4.665927073848799012e-01 -1.261594307407879478e-01 3.598420239058131020e-02 -1.573910562394907231e+00 1.537926360004326032e+00
-1.896191740201885745e-01 -2.124554977194385019e-01 2.705440616163653500e-01 2.692471190327554442e-01 -3.848621498235681448e-01 -3.647567040441367370e-01 2.692471190327554442e-01 -3.848621498235681448e-01 -3.647567040441367370e-01 5.612335146542208886e-01 4.061689735387236100e-01 -9.674024881929444986e-01
2.997958845706180098e-01 -3.229942184325040877e-01 2.932816727570481952e-01 3.373263760812974521e-01 2.503431870350202315e-01 4.621707754778746624e-01 3.373263760812974521e-01 2.503431870350202315e-01 4.621707754778746624e-01 -8.706149252002026717e-01 1.324170348646236395e+00 -4.535554234460336120e-01
-2.072059685594811462e-01 6.862958487313441935e-03 1.672147067866749381e-01 2.262432813061270309e-01 -4.455018444578373593e-01 -1.692750345053641858e-01 2.262432813061270309e-01 -4.455018444578373593e-01 -1.692750345053641858e-01 6.468560075328513292e-01 -4.455136274743642932e-02 -6.023046447854148999e-01
4.065554992211789509e-01 -2.114300423483044256e-01 3.234717190675371334e-01 9.958134637399496114e-02 -7.253859430674414188e-02 -2.493987002506892203e-02 9.958134637399496114e-02 -7.253859430674414188e-02 -2.493987002506892203e-02 -9.349130345644889317e-01 1.269460249561200182e+00 -3.345472149967113618e-01
-2.413159331105922956e-01 3.760268479205741698e-01 -2.901395261298580497e-01 4.832027382901180612e-01 -4.703991712577281215e-01 -1.484036868068450143e-02 4.832027382901180612e-01 -4.703991712577281215e-01 -1.484036868068450143e-02 4.129733413090862504e-01 -1.407384073202555985e+00 9.944107318934697348e-01
-4.553876987458859160e-01 2.104557595044915796e-01 -2.220100552045340958e-01 -2.749984053228379244e-01 3.156175864366617123e-01 1.484683580489194465e-01 -2.749984053228379244e-01 3.156175864366617123e-01 1.484683580489194465e-01 7.490183572300064263e-01 -1.027212850716059833e+00 2.781944934860534069e-01
-2.505799589435487862e-01 -1.776664619533818712e-01 1.476710403518632919e-02 1.166184435520740692e-01 3.513234378820871973e-01 -1.920343086364362239e-01 1.166184435520740692e-01 3.513234378820871973e-01 -1.920343086364362239e-01 3.742021801517493307e-01 1.047321257110929160e-01 -4.789343058628422467e-01
-1.314153938703824798e-01 -9.169709166025519220e-02 3.219039084078689772e-01 3.748423619393388417e-01 -1.338824499256842104e-01 -2.097733548410773974e-01 3.748423619393388417e-01 -1.338824499256842104e-01 -2.097733548410773974e-01 6.124664073787026153e-01 2.997953863150928377e-01 -9.122617936937954530e-01
8.831711355360571947e-02 1.063172834752101892e-03 4.650949732179694429e-01 -3.455745753453997038e-01 -9.372750309388122592e-02 -3.874870423006615550e-01 -3.455745753453997038e-01 -9.372750309388122592e-02 -3.874870423006615550e-01 3.664067480050468006e-01 4.624301781189860128e-01 -8.288369261240328134e-01
-3.101520880972420402e-01 2.090354601832900006e-01 4.665751069241639293e-01 -1.649934161603994198e-02 -3.345167716603868469e-01 -3.921503187393127199e-01 -1.649934161603994198e-02 -3.345167716603868469e-01 -3.921503187393127199e-01 1.579340639142220670e+00 -1.779472172390399454e-01 -1.401393421903180947e+00
-3.188490382630969622e-01 -3.927892545714539718e-01 7.759009004334871396e-02 -4.583473165160190099e-02 1.673871481804833916e-02 7.607676584045408585e-02 -4.583473165160190099e-02 1.673871481804833916e-02 7.607676584045408585e-02 4.097795161777297857e-01 4.519772099325187753e-01 -8.617567261102485610e-01
4.619363785472290207e-01 1.756891476442667965e-01 -4.786413170616516943e-01 1.277557161629794269e-01 3.974333267292595728e-01 5.156996076117603689e-02 1.277557161629794269e-01 3.974333267292595728e-01 5.156996076117603689e-02 -9.410193465822195291e-01 -5.924324147920601025e-01 1.533451761374279521e+00
1.730851720228876456e-02 2.186263903411519438e-01 4.376630939645620444e-01 4.414392916839432468e-01 1.120314683963741231e-02 -2.150729471927512737e-01 4.414392916839432468e-01 1.120314683963741231e-02 -2.150729471927512737e-01 7.048488230248565189e-01 1.436024660294754618e-02 -7.192090696278040651e-01
-6.241278873730748966e-02 1.762424822774628641e-01 -2.854268064573461938e-02 -3.615631586356485849e-01 2.578241076908904805e-01 -4.103575239012630105e-01 -3.615631586356485849e-01 2.578241076908904805e-01 -4.103575239012630105e-01 2.467638573875972074e-01 -4.395750014938279993e-01 1.928111441062307918e-01
-2.585813799234260024e-01 -4.311480355066260595e-01 -2.284489045752186032e-01 -3.485139921938071872e-01 -9.709155526810697712e-02 -4.175064969189066222e-01 -3.485139921938071872e-01 -9.709155526810697712e-02 -4.175064969189066222e-01 -1.577599753867695576e-01 3.718271569568011303e-01 -2.140671815700315728e-01
2.889491975290447989e-02 2.103368289742133523e-01 -1.500071563698310850e-01 8.627732152061795556e-02 -3.850478503628851357e-01 4.762733967391181711e-01 8.627732152061795556e-02 -3.850478503628851357e-01 4.762733967391181711e-01 2.121082657352002521e-03 -5.997558482018371384e-01 5.976347655444851359e-01
2.832344383138131194e-01 -3.596160422006531299e-01 3.811882514094400154e-01 5.268647110821389479e-02 -2.287834690688401729e-01 2.743529494802057211e-01 5.268647110821389479e-02 -2.287834690688401729e-01 2.743529494802057211e-01 -7.989826292554811360e-01 1.425164142977911164e+00 -6.261815137224300276e-01
-3.682021375956078257e-01 1.072493740115409988e-01 2.206242068226438313e-02 3.453645186677629653e-01 3.168251414784376552e-01 -4.312221523161562375e-01 3.453645186677629653e-01 3.168251414784376552e-01 -4.312221523161562375e-01 8.557672615464556598e-01 -4.673162934822495673e-01 -3.884509680642060925e-01
4.527916569719445672e-01 2.437981107721998164e-02 -1.361552249083621824e-01 3.871315434314075432e-01 -3.237183598599852052e-01 1.462553600863125691e-02 3.871315434314075432e-01 -3.237183598599852052e-01 1.462553600863125691e-02 -9.799066949959571726e-01 3.606791498027945853e-01 6.192275451931625874e-01
-7.120427750176216986e-02 4.011621706491615980e-01 1.570436769164231805e-01 -4.907155494940729223e-01 2.486557209831395943e-01 3.005974963657800370e-01 -4.907155494940729223e-01 2.486557209831395943e-01 3.005974963657800370e-01 6.328718344832011677e-01 -6.529705967828816071e-01 2.009876229968043937e-02
-1.200730440998795112e-01 -3.270486457288436233e-01 3.103020815432322443e-01 -1.525403318841525024e-01 2.283789963268682000e-01 -3.764062465187844042e-01 -1.525403318841525024e-01 2.283789963268682000e-01 -3.764062465187844042e-01 3.078817338641299806e-01 7.012613450193643239e-01 -1.009143078883494304e+00
3.149664793702473542e-01 3.536060422962720162e-01 -4.837472113226303216e-01 -2.020297358430700463e-01 1.702389414436098480e-01 3.283895525035855911e-01 -2.020297358430700463e-01 1.702389414436098480e-01 3.283895525035855911e-01 -5.121901102051031884e-01 -1.348146824860358528e+00 1.860336935065461716e+00
