3.839364795611862613e-01 -1.652032683251327683e-01 3.874317067891731581e-01 1.523141641866796459e-01 -4.885680247108487029e-01 3.599291160337029227e-01 1.523141641866796459e-01 -4.885680247108487029e-01 3.599291160337029227e-01 -7.282612817866513932e-01 1.156331061305963637e+00 -4.280697795193121324e-01
3.546871629172299034e-02 3.310449656508918093e-01 -4.845601733156822410e-01 3.976235506641399020e-01 -3.764558314604441458e-01 1.041825200757149350e-01 3.976235506641399020e-01 -3.764558314604441458e-01 1.041825200757149350e-01 -1.495993024547639383e-01 -1.516440526104349651e+00 1.666039828559113367e+00
-1.158781508464306054e-01 1.957540009945254456e-01 -2.525566599531485767e-01 -9.282072758624904107e-02 -1.378112680230638709e-01 2.473242468798823035e-01 -9.282072758624904107e-02 -1.378112680230638709e-01 2.473242468798823035e-01 1.399997658706637615e-01 -8.334141752710489959e-01 6.934144094003852343e-01
4.135817315706745712e-01 -6.860643458284998442e-02 2.778764933399567871e-01 3.890654379691070863e-01 -2.480427788344552464e-01 -6.676234765445321351e-02 3.890654379691070863e-01 -2.480427788344552464e-01 -6.676234765445321351e-02 -7.465145622150866078e-01 9.124436212041618921e-01 -1.659290589890752843e-01
-4.385689213947050469e-01 2.302432097015200130e-01 -4.650305988748176800e-01 -2.570523473997441410e-01 -1.022697639544778436e-02 1.841087110821617578e-01 -2.570523473997441410e-01 -1.022697639544778436e-02 1.841087110821617578e-01 4.615685832060701932e-01 -1.491941000131529638e+00 1.030372416925459333e+00
3.382613207036928582e-01 1.727863614628689648e-01 -2.692281857091562980e-01 2.286090745762660026e-01 -1.296311447174848253e-01 1.679290719476770333e-01 2.286090745762660026e-01 -1.296311447174848253e-01 1.679290719476770333e-01 -6.352367537839197498e-01 -3.758849578977416783e-01 1.011121711681661317e+00
-3.697882105204051140e-01 -4.876391574288345687e-01 -4.380638539364434259e-02 -4.853594891489254604e-01 1.077087908293482554e-01 4.695045697792008532e-01 -4.853594891489254604e-01 1.077087908293482554e-01 4.695045697792008532e-01 2.603137866000639900e-01 4.835037019988331908e-01 -7.438174885988971807e-01
-1.613208670106602849e-01 -7.967949208909674841e-02 -2.965611404034916854e-01 -2.776627675658801531e-01 2.355411722165401400e-02 -5.278292513189519752e-02 -2.776627675658801531e-01 2.355411722165401400e-02 -5.278292513189519752e-02 -4.809640295524852949e-02 -3.205946681444933333e-01 3.686910710997418628e-01
-4.626779909886609143e-01 -1.012241221052786466e-01 2.414423543862344035e-01 -9.421764262795528921e-02 -3.443304326527375503e-01 -3.232690414407149992e-01 -9.421764262795528921e-02 -3.443304326527375503e-01 -3.232690414407149992e-01 1.325404448450340888e+00 -1.321219889599933861e-02 -1.312192249554341661e+00
-4.229145955839613835e-01 -3.433246245580994227e-01 4.007817202363154196e-01 3.950982415656691948e-01 5.150428930783357284e-02 -2.543296649999617909e-01 3.950982415656691948e-01 5.150428930783357284e-02 -2.543296649999617909e-01 1.355412923322123486e+00 4.483361901037873909e-01 -1.803749113425910711e+00
-3.210971914289095785e-01 1.618106166295956161e-01 4.398082448548813472e-01 4.391186519981108427e-01 -4.081692332387414357e-01 -2.917982132380677607e-01 4.391186519981108427e-01 -4.081692332387414357e-01 -2.917982132380677607e-01 1.523226468177971249e+00 -1.403119157003546169e-01 -1.382914552477616743e+00
3.446188611438505411e-01 1.883385645969569699e-01 9.709228507748091097e-02 2.206798542099079885e-01 -3.374062443924865651e-01 -1.443360445323602637e-01 2.206798542099079885e-01 -3.374062443924865651e-01 -1.443360445323602637e-01 -3.884243951409401818e-01 7.361508615638467923e-02 3.148093089845555026e-01
-2.002701275754371624e-01 -1.646154901526165615e-01 -1.951148847932954178e-01 -3.719836042601987192e-01 1.652986090208484748e-01 9.819801441894238092e-02 -3.719836042601987192e-01 1.652986090208484748e-01 9.819801441894238092e-02 4.019505223397590310e-02 -6.599576426529740747e-02 2.580071203132150437e-02
-7.154926103210357269e-02 -1.507044067025590239e-01 -4.134273914743166189e-01 -7.542974483650488615e-03 -1.724261139528125986e-01 -1.930803547429439382e-01 -7.542974483650488615e-03 -1.724261139528125986e-01 -1.930803547429439382e-01 -3.719374546044443841e-01 -2.180941856371840792e-01 5.900316402416284634e-01
3.008518097836160310e-01 4.215931319496566410e-01 -3.358650182032664189e-01 2.896372482373390511e-01 1.049075027323884690e-01 -1.237157445675489686e-01 2.896372482373390511e-01 1.049075027323884690e-01 -1.237157445675489686e-01 -3.572367257998335655e-01 -1.246584758680647109e+00 1.603821484480480564e+00
-1.945400816571817293e-01 -6.287680873226819678e-02 3.935303744569458306e-01 2.962208749664478891e-01 -9.776536226551968412e-02 2.164620736940727763e-01 2.962208749664478891e-01 -9.776536226551968412e-02 2.164620736940727763e-01 9.238747641651620102e-01 2.430803212125762780e-01 -1.166955085377738399e+00
-2.486775258494944296e-02 2.173399513633041957e-01 2.720447795645533073e-01 1.191954561476946672e-01 5.784487890331357907e-02 -7.166794968199385885e-02 1.191954561476946672e-01 5.784487890331357907e-02 -7.166794968199385885e-02 5.608044538076969454e-01 -1.618714296960652721e-01 -3.989330241116316733e-01
-2.118544190061888433e-01 -2.069911988605841469e-01 3.372160065318320354e-01 -1.742675958194236374e-01 4.682057600317294233e-01 2.400249334622996944e-01 -1.742675958194236374e-01 4.682057600317294233e-01 2.400249334622996944e-01 7.364939925904988582e-01 4.148469251137143488e-01 -1.151340917704213318e+00
-3.534843206831983498e-01 -2.295868232418520893e-01 -3.738335076504486487e-01 6.532465844266932553e-02 3.345456521122402993e-02 8.522782351539448520e-02 6.532465844266932553e-02 3.345456521122402993e-02 8.522782351539448520e-02 9.638606623873202661e-02 -2.716986413527082700e-01 1.753125751139762434e-01
-4.433717971618937881e-01 -6.434501713562457148e-02 -1.294648769241373287e-01 4.429686133491812505e-01 2.996140521713149818e-01 1.774072121644411082e-01 4.429686133491812505e-01 2.996140521713149818e-01 1.774072121644411082e-01 6.842350457836444688e-01 -3.827596607428170872e-01 -3.014753850408273816e-01
-4.203869098440358165e-01 2.544924749082647653e-01 -3.005179113627770571e-01 3.806846571664885825e-01 1.928692593534545585e-01 -3.840296351103790196e-01 3.806846571664885825e-01 1.928692593534545585e-01 -3.840296351103790196e-01 6.181313211146304276e-01 -1.232741240800137250e+00 6.146099196855068225e-01
-4.617278010978043135e-01 -6.576198794385190727e-02 -5.653440373139217989e-02 -3.818681696065584497e-02 3.992733506518391096e-01 4.288278822745803520e-01 -3.818681696065584497e-02 3.992733506518391096e-01 4.288278822745803520e-01 8.265627849454234566e-01 -3.177851549850959634e-01 -5.087776299603274932e-01
-2.365968350432424705e-01 8.632098201641036361e-02 1.941147567856915668e-02 1.161174452132239798e-01 -3.285539794456376894e-01 -4.729833367410241074e-01 1.161174452132239798e-01 -3.285539794456376894e-01 -4.729833367410241074e-01 5.677301082689435452e-01 -3.451653629760623732e-01 -2.225647452928811720e-01
1.713723299573634007e-01 1.049224057992506065e-01 1.494647210287537442e-01 1.144858430855616449e-01 -2.107898076907233076e-02 6.752712255227155680e-02 1.144858430855616449e-01 -2.107898076907233076e-02 6.752712255227155680e-02 -9.037682642019073675e-02 1.122723188447071196e-01 -2.189549242451638289e-02
-3.514665486435414321e-01 -1.330529578944780189e-01 -3.002612820232664070e-01 -2.613942426039742584e-01 1.191225604535967042e-01 2.093501302421777455e-01 -2.613942426039742584e-01 1.191225604535967042e-01 2.093501302421777455e-01 2.487459906288667089e-01 -3.782075472922616921e-01 1.294615566633949832e-01
-1.051417035841261116e-01 -1.560067060419434437e-01 -1.220155397874889136e-02 5.847091016151440002e-02 3.062815238930421957e-01 -4.698118012359628892e-01 5.847091016151440002e-02 3.062815238930421957e-01 -4.698118012359628892e-01 4.521521184815613381e-02 1.861243609290275103e-01 -2.313395727771836441e-01
-4.319027264620499684e-01 -1.967209627141381922e-01 -3.883556585998336752e-01 -2.265960695757672783e-01 -2.508924510588129708e-01 -4.468147780772315780e-01 -2.265960695757672783e-01 -2.508924510588129708e-01 -4.468147780772315780e-01 2.540819904012971975e-01 -4.208008040101944847e-01 1.667188136088972872e-01
-6.074564940172466621e-02 -1.769265833467241755e-01 2.256905381163948343e-01 -3.876605229674441322e-01 -2.880496896578907950e-01 1.610043144663012571e-01 -3.876605229674441322e-01 -2.880496896578907950e-01 1.610043144663012571e-01 2.084741092221387149e-01 4.546310479150232897e-01 -6.631051571371620046e-01
-3.704232228567398977e-01 -2.382859493912529159e-01 -3.228385497873124121e-01 -1.851948393317373043e-01 -4.516168042638808444e-01 -4.076794034700972347e-01 -1.851948393317373043e-01 -4.516168042638808444e-01 -4.076794034700972347e-01 1.725142920025938276e-01 -2.120093790894580499e-01 3.949508708686422231e-02
1.519948484061099947e-01 -2.474066507366029510e-01 -1.261415973034242244e-01 -4.144062479202498261e-01 -2.275412012153121832e-02 1.885539349542345589e-01 -4.144062479202498261e-01 -2.275412012153121832e-02 1.885539349542345589e-01 -7.337386077544246765e-01 6.051329620451233460e-01 1.286056457093013305e-01
2.164715239363412813e-02 -9.821814752551105698e-02 4.213117917011138802e-01 -2.364796911579646332e-01 3.221844266795410583e-01 3.913423748283714199e-01 -2.364796911579646332e-01 3.221844266795410583e-01 3.913423748283714199e-01 3.639794942679845935e-01 5.325449134397289841e-01 -8.965244077077135776e-01
-4.802675404933793857e-01 -2.963531691484625474e-01 -6.415183360286536018e-02 -2.574267711309830009e-01 3.881881465906312778e-01 -3.101569732437969851e-01 -2.574267711309830009e-01 3.881881465906312778e-01 -3.101569732437969851e-01 6.840542330378819313e-01 3.922055328407081376e-02 -7.232747863219527451e-01
-4.095406507290926257e-01 2.425907409447407570e-01 -8.504683580168748147e-02 -1.926528542415744116e-01 -1.764741446011995896e-01 4.322781059213611776e-01 -1.926528542415744116e-01 -1.764741446011995896e-01 4.322781059213611776e-01 8.623959699285069780e-01 -8.667516738044366287e-01 4.355703875929650692e-03
-2.732266567299908022e-01 2.535208725100520644e-01 1.984950070919353493e-01 1.387252873419664301e-01 -3.359313429093297998e-01 3.223886038626504469e-01 1.387252873419664301e-01 -3.359313429093297998e-01 3.223886038626504469e-01 1.012228711181280438e+00 -4.660454360859539458e-01 -5.461832750953266036e-01
1.031629758620348225e-01 4.182962973982040644e-01 2.551776076189715692e-01 1.248893174890445268e-01 -4.561313628047147795e-01 -1.115420602962462482e-01 1.248893174890445268e-01 -4.561313628047147795e-01 -1.115420602962462482e-01 4.344856860855083047e-01 -4.474848160234196071e-01 1.299912993791130233e-02
2.620668019798758630e-01 2.389258786108156007e-01 1.973871937721349834e-01 7.629131321140736333e-04 1.028312578053053317e-01 -3.536605826382731577e-01 7.629131321140736333e-04 1.028312578053053317e-01 -3.536605826382731577e-01 -8.604301167461303468e-02 -1.900273479243708152e-02 1.050457464670501162e-01
6.155736027636893315e-02 -3.417631999397661158e-01 4.184948237804728688e-01 1.857196144351199729e-01 -4.652604875710315557e-01 -7.408602648141138225e-02 1.857196144351199729e-01 -4.652604875710315557e-01 -7.408602648141138225e-02 -6.784011925942889931e-02 1.029240851466804774e+00 -9.614007322073758743e-01
4.253568728677767918e-01 -1.725721571933582776e-01 -4.646998066652715531e-01 -4.830250461958018882e-01 -4.360446965005660980e-01 -4.429437424255942002e-01 -4.830250461958018882e-01 -4.360446965005660980e-01 -4.429437424255942002e-01 -1.407716674255875766e+00 4.790751875488001854e-01 9.286414867070754697e-01
4.285193564036171576e-01 1.227455940690618252e-01 2.870005431727254974e-01 -6.299282518021243060e-02 -2.528083917269108305e-03 -4.438239208119014734e-01 -6.299282518021243060e-02 -2.528083917269108305e-03 -4.438239208119014734e-01 -4.896362697355896021e-01 5.091494511078008545e-01 -1.951318137221125237e-02
-1.492987697409575709e-03 -2.131093016622922498e-01 -1.352020476460628062e-01 -3.640327229252365848e-01 -2.701093371982175029e-01 2.063031663342812516e-01 -3.640327229252365848e-01 -2.701093371982175029e-01 2.063031663342812516e-01 -3.608291284752102035e-01 3.106234661182197820e-01 5.020566235699042146e-02
2.732116217522615464e-01 -3.944524562575858484e-01 -4.380976958499674945e-01 -3.134728710921292905e-01 -7.084645449926185723e-02 1.637730448447247689e-01 -3.134728710921292905e-01 -7.084645449926185723e-02 1.637730448447247689e-01 -1.458676801943192158e+00 9.050659999618491103e-01 5.536108019813430481e-01
-3.269502765233963659e-01 -3.868319608233288243e-01 2.421369392527716879e-02 -3.262883568027256098e-01 1.840105690309021824e-01 -4.327905455624994069e-01 -3.262883568027256098e-01 1.840105690309021824e-01 -4.327905455624994069e-01 3.590093409104140321e-01 3.987542582528438295e-01 -7.577635991632578616e-01
-4.027275058601198499e-01 -4.936525239988892588e-01 -2.965918020684159551e-01 -2.984695406989529287e-01 -1.850887340651620194e-01 -1.949852870468006261e-01 -2.984695406989529287e-01 -1.850887340651620194e-01 -1.949852870468006261e-01 1.678588215994336608e-02 2.740461124827666684e-01 -2.908319946427100344e-01
3.455794880181506379e-02 -2.725610860481718634e-01 -5.461253457553449930e-02 9.520260032121785621e-02 -3.918177445145404336e-01 4.301977490627384437e-02 9.520260032121785621e-02 -3.918177445145404336e-01 4.301977490627384437e-02 -4.448131657456679822e-01 5.553359728504234649e-01 -1.105228071047554828e-01
3.098916654001786508e-01 -4.197056249446725618e-01 -3.987211541497467371e-01 7.458115551199351323e-03 -4.311974620923940682e-01 6.878984342431271326e-02 7.458115551199351323e-03 -4.311974620923940682e-01 6.878984342431271326e-02 -1.581918450991914415e+00 1.095010949739136930e+00 4.869075012527774859e-01
-1.597910971317417772e-02 -1.409382867494211045e-01 -1.949754246883246278e-01 -1.852762435113721740e-01 -4.874799907499329787e-01 -4.956277764616247028e-01 -1.852762435113721740e-01 -4.874799907499329787e-01 -4.956277764616247028e-01 -2.969932150590625097e-01 7.757839412715750171e-02 2.194148209319050080e-01
-4.128716430674878035e-01 -2.830361785860369128e-02 1.424149581009345189e-01 3.430025598280412868e-01 -4.224005017429055542e-01 2.688806079536096849e-01 3.430025598280412868e-01 -4.224005017429055542e-01 2.688806079536096849e-01 1.061695661422216830e+00 -1.623141598808963693e-01 -8.993815015413203495e-01
3.783243385397405678e-02 2.349374715928854718e-01 -1.557613704860700832e-01 1.973326180719765510e-01 -3.021480407168481985e-01 -3.899145454320556148e-01 1.973326180719765510e-01 -3.021480407168481985e-01 -3.899145454320556148e-01 2.888156658233942409e-03 -6.569089491241441037e-01 6.540207924659101613e-01
-1.428182413654637273e-01 1.340637531228464630e-01 -1.544325252980158769e-01 -7.596245957705982654e-02 -1.316162827278176684e-01 5.557467219508238632e-02 -7.596245957705982654e-02 -1.316162827278176684e-01 5.557467219508238632e-02 2.303089445103341237e-01 -5.762754263687155376e-01 3.459664818583814139e-01
-1.159692318842675540e-01 -2.638358395737233630e-01 -3.594641372848003114e-01 -5.437847650235427821e-02 -4.162920432069249221e-01 -7.513458434416508958e-02 -5.437847650235427821e-02 -4.162920432069249221e-01 -7.513458434416508958e-02 -3.754747669796582032e-01 5.900825121128350226e-02 3.164665157683747010e-01
-4.746002179498939322e-01 2.784921702787021003e-01 -3.444231938727378983e-01 -1.254895408514339339e-01 3.255883918190782822e-02 4.727036930322255914e-01 -1.254895408514339339e-01 3.255883918190782822e-02 4.727036930322255914e-01 6.681219329771357351e-01 -1.393447333304340674e+00 7.253254003272049388e-01
4.753927171733327572e-01 -7.080401788555545917e-02 1.430731579879294113e-01 4.389957485929885106e-02 2.742451562791468067e-01 -1.766552431081463981e-01 4.389957485929885106e-02 2.742451562791468067e-01 -1.766552431081463981e-01 -1.009415437333278653e+00 9.192259641807538628e-01 9.018947315252490160e-02
-4.865414415002422555e-01 -2.540679320453828050e-01 3.194116782188659576e-01 4.739710964682842809e-01 -4.669874398206871335e-01 -1.303463574543531900e-01 4.739710964682842809e-01 -4.669874398206871335e-01 -1.303463574543531900e-01 1.446258609930896721e+00 2.290096944862469730e-01 -1.675268304417143916e+00
1.450721264682418576e-01 -4.408956572026290210e-02 -5.226477261274775632e-02 1.312223198556238257e-01 2.081655367485341079e-01 3.223308715772088551e-02 1.312223198556238257e-01 2.081655367485341079e-01 3.223308715772088551e-02 -3.873222775201745627e-01 2.000275839144811663e-01 1.872946936056933964e-01
-2.752033544691523392e-01 3.430448852638385837e-01 -1.369159360577295592e-01 -4.920781571739234472e-01 1.759443868314285453e-01 7.385263984250234337e-02 -4.920781571739234472e-01 1.759443868314285453e-01 7.385263984250234337e-02 6.094179338506315879e-01 -1.077123474620008237e+00 4.677055407693766487e-01
4.356700019956495362e-01 4.276189989088249321e-01 -4.022244177846692192e-01 8.693040039796784413e-02 -9.113162521925666226e-02 1.397085386325646050e-01 8.693040039796784413e-02 -9.113162521925666226e-02 1.397085386325646050e-01 -5.754630173361052758e-01 -1.284876173382289100e+00 1.860339190718394375e+00
5.080606404094878403e-02 2.624420374753139162e-01 -2.692723315458065425e-01 1.742259418398226511e-01 -5.535955463649910868e-02 -3.944742498714759460e-02 1.742259418398226511e-01 -5.535955463649910868e-02 -3.944742498714759460e-02 -8.316712338848808450e-02 -8.925881677840242778e-01 9.757552911725123623e-01
2.572860403156147502e-01 4.528947275526200578e-01 1.878678821273960242e-02 -3.692637456871968871e-01 -2.193415248184893418e-02 1.719214095348274851e-01 -3.692637456871968871e-01 -2.193415248184893418e-02 1.719214095348274851e-01 -3.452468404354014364e-02 -7.212515112209499923e-01 7.557761952644901360e-01
3.869550884686103753e-01 2.586254830391490067e-01 2.853055020747373716e-01 -4.024236862230421430e-01 4.222001630431736485e-01 2.835821813620320597e-01 -4.024236862230421430e-01 4.222001630431736485e-01 2.835821813620320597e-01 -2.335816375234598397e-01 1.632549300532116776e-01 7.032670747024816205e-02
-3.222112513829020752e-01 -1.199985854705705179e-01 -3.056881723240306714e-01 2.400704411540499628e-02 1.100133634995553722e-01 -2.985536483399714447e-01 2.400704411540499628e-02 1.100133634995553722e-01 -2.985536483399714447e-01 1.997391618992350182e-01 -3.871272717149638609e-01 1.873881098157288427e-01
-3.776640788849949804e-01 -2.636431644712302624e-01 -3.657133752698649154e-01 -3.171682902179598917e-01 6.757416224910040015e-02 -2.858848773198958693e-01 -3.171682902179598917e-01 6.757416224910040015e-02 -2.858848773198958693e-01 1.197831035652495713e-01 -2.152219297099212669e-01 9.543882614467169567e-02
-2.081239318293668372e-01 -4.948436519660829314e-01 2.242640192833866841e-02 -8.955052340977154302e-03 -3.866108271976724797e-01 -1.001835902257082189e-01 -8.955052340977154302e-03 -3.866108271976724797e-01 -1.001835902257082189e-01 -7.275796349817231778e-02 7.359050397241363450e-01 -6.631470762259640273e-01
-1.829984376942118685e-01 -1.776492217245555505e-01 3.825217634984356962e-01 4.027305112832352263e-01 -2.749470819832732227e-01 4.643561614463472820e-01 4.027305112832352263e-01 -2.749470819832732227e-01 4.643561614463472820e-01 7.656982220498658176e-01 4.235536617205561960e-01 -1.189251883770422014e+00
2.932732330276140997e-01 3.735848104416324977e-01 2.821202495865915427e-01 3.097198904724006718e-01 2.708275698486842797e-01 -1.778106077124914641e-01 3.097198904724006718e-01 2.708275698486842797e-01 -1.778106077124914641e-01 6.608021151767462520e-02 -1.729491735848431855e-01 1.068689620671685603e-01
3.710049752440003346e-01 3.552415488703948299e-01 -1.985137132223040446e-01 -3.290866142975134023e-01 3.913657098249219146e-01 -2.915062785919327881e-01 -3.290866142975134023e-01 3.913657098249219146e-01 -2.915062785919327881e-01 -4.500906264594127792e-01 -7.238857491052645976e-01 1.173976375564677266e+00
2.327952687965220147e-01 -4.848984194111987112e-01 -1.697187990648179046e-01 1.950132051848409986e-01 -3.191031109111595043e-01 -3.297447058858804514e-02 1.950132051848409986e-01 -3.191031109111595043e-01 -3.297447058858804514e-02 -1.381063574178591047e+00 1.320042705636201852e+00 6.102086854238941704e-02
-2.277919909206560511e-02 -3.126799323480662363e-01 -2.442909955878376227e-01 -8.733970238918398188e-02 -2.335652564258611230e-01 4.376179159159186982e-01 -8.733970238918398188e-02 -2.335652564258611230e-01 4.376179159159186982e-01 -5.349883623206275196e-01 4.023976558145452298e-01 1.325907065060822898e-01
3.814751713995845339e-02 -1.247901782870203258e-01 -4.752240261168216851e-01 -8.845398690679739939e-02 4.965301162564809134e-01 6.174070969772393891e-02 -8.845398690679739939e-02 4.965301162564809134e-01 6.174070969772393891e-02 -5.784889660363818908e-01 -2.427199843355298814e-01 8.212089503719117722e-01
-1.346350287858841810e-01 -1.900423606953119959e-01 -4.697018144217608437e-01 -1.975966526635453135e-02 3.964823991250795432e-01 -2.931229656976231945e-01 -1.975966526635453135e-02 3.964823991250795432e-01 -2.931229656976231945e-01 -3.416807514047121019e-01 -2.657082370809704663e-01 6.073889884856825683e-01
-3.698244593690875881e-01 -2.517087420662023067e-02 -2.521273788041966668e-02 4.388849921242716778e-01 -2.818424884319874479e-01 -5.686914532178266590e-02 4.388849921242716778e-01 -2.818424884319874479e-01 -5.686914532178266590e-02 7.029760467400437696e-01 -2.915761305443357321e-01 -4.113999161957080375e-01
5.729540623639695074e-02 -1.775789481767128253e-01 -4.293673684447132377e-01 -3.538371403936203530e-01 -4.013548788989240723e-02 -2.811008273944058944e-01 -3.538371403936203530e-01 -4.013548788989240723e-02 -2.811008273944058944e-01 -6.500755667837355700e-01 -2.157399992361441754e-02 6.716495667073499876e-01
9.817350805647440115e-02 -1.812203171206189234e-01 -2.708052068294216630e-01 9.562963855814665681e-02 -3.139038568982092103e-01 -3.930623000606113804e-01 9.562963855814665681e-02 -3.139038568982092103e-01 -3.930623000606113804e-01 -6.308878797236031621e-01 2.286078324404869910e-01 4.022800472831161711e-01
-8.310159295062224949e-02 -4.742998525529217302e-01 2.371279609702856561e-01 -2.101254230394631328e-01 -1.078923746412940865e-01 -1.891740122757554765e-01 -2.101254230394631328e-01 -1.078923746412940865e-01 -1.891740122757554765e-01 -1.013077353682376724e-01 9.878089389343666094e-01 -8.865012035661289369e-01
-4.321446889130996505e-01 2.847495669454641609e-01 -2.235927366711366604e-01 -1.822235075012779149e-02 1.988063421253650764e-01 -3.286243116069813563e-01 -1.822235075012779149e-02 1.988063421253650764e-01 -3.286243116069813563e-01 7.436265941184343475e-01 -1.174266600685935469e+00 4.306400065675011213e-01
1.010389534045443849e-01 -1.526034948543859571e-01 3.552923824803051467e-01 1.171188866116343874e-01 -2.616708798680431602e-01 -2.738391173244792975e-01 1.171188866116343874e-01 -2.616708798680431602e-01 -2.738391173244792975e-01 7.876182487345229077e-04 6.869505156411939151e-01 -6.877381338899284380e-01
-2.049241060940013570e-01 -4.036281217457526882e-02 2.771437499400726256e-01 -4.528408190904500419e-01 -7.612503644833956695e-02 3.635994405384707084e-01 -4.528408190904500419e-01 -7.612503644833956695e-02 3.635994405384707084e-01 7.711539071523814126e-01 1.203038580284402359e-01 -8.914577651808216485e-01
-3.535290407731849216e-01 6.784644753934199191e-02 -2.093957114158584432e-01 -3.625204198818777757e-01 4.131410212815682659e-01 -1.359225460227724280e-01 -3.625204198818777757e-01 4.131410212815682659e-01 -1.359225460227724280e-01 4.988944178818242037e-01 -6.633421768022713660e-01 1.644477589204471624e-01
7.600908054959387705e-03 -3.140852704470468160e-01 4.087828287867477650e-01 -2.454643998399690386e-01 -7.722028502923594662e-02 -3.029602815541627692e-01 -2.454643998399690386e-01 -7.722028502923594662e-02 -3.029602815541627692e-01 1.141371521915885978e-01 8.940936041055631556e-01 -1.008230756297151753e+00
1.489051514456137815e-01 -8.503560003606225326e-02 1.661217360998751280e-01 7.987351774433948393e-02 1.257897297567101003e-02 1.453895264511246843e-01 7.987351774433948393e-02 1.257897297567101003e-02 1.453895264511246843e-01 -2.462039811103000631e-01 4.856696552071450013e-01 -2.394656740968449382e-01
-2.040962377791626370e-01 2.944176886703366858e-01 4.392662970818117518e-01 -4.897529594604861369e-01 -2.337997709769141785e-01 -1.386418020723700906e-03 -4.897529594604861369e-01 -2.337997709769141785e-01 -1.386418020723700906e-03 1.295435916864813519e+00 -2.577205811721431372e-01 -1.037715335692670493e+00
-4.629055867655921253e-01 4.834254714034866840e-01 -2.555779444580468240e-01 -4.545756444222917025e-01 1.313182507972159296e-01 1.315122184559165408e-01 -4.545756444222917025e-01 1.313182507972159296e-01 1.315122184559165408e-01 8.422230721891066363e-01 -1.705685218934350100e+00 8.634621467452434640e-01
-4.703450592022717647e-01 1.678644552728880690e-02 -1.188235315703473072e-01 -1.153261126322363550e-01 -1.210806917871551924e-01 1.215392324526697321e-01 -1.153261126322363550e-01 -1.210806917871551924e-01 1.215392324526697321e-01 8.068421095804311216e-01 -5.308489056090023306e-01 -2.759932039714287910e-01
-8.669534443542969981e-02 -3.111870681636197400e-02 -3.616933574918678174e-01 3.065517314272989680e-01 3.900318040218458959e-01 4.167083322120062050e-01 3.065517314272989680e-01 3.900318040218458959e-01 4.167083322120062050e-01 -1.863658938859701353e-01 -4.458281526081412371e-01 6.321940464941113724e-01
-4.101883609367744654e-01 -2.709086850739257368e-01 -8.827265724037802741e-03 1.809995305980963698e-01 3.462578093231610810e-01 -3.341492656092193148e-02 1.809995305980963698e-01 3.462578093231610810e-01 -3.341492656092193148e-02 6.238719148707176920e-01 1.005363075435372622e-01 -7.244082224142549542e-01
1.917746075764665825e-01 1.037500670232952560e-01 -7.773679483039130922e-02 -1.620178307575471655e-01 4.393222714706199739e-01 1.719622015807699134e-01 -1.620178307575471655e-01 4.393222714706199739e-01 1.719622015807699134e-01 -3.282623494944272302e-01 -1.069838636351896355e-01 4.352462131296168657e-01
-4.806525383821727004e-01 -2.199874804245706139e-01 -9.509236874814708251e-02 -2.547513761420534539e-01 -2.562871546315538263e-01 2.581019520922190891e-01 -2.547513761420534539e-01 -2.562871546315538263e-01 2.581019520922190891e-01 6.998988230841840519e-01 -1.120505087680868650e-01 -5.878483143160971869e-01
4.096625765865543611e-01 4.072852358789411653e-01 -2.960649006794902061e-02 4.786128712222403880e-02 -9.473595371775667129e-02 -2.430073151615697036e-01 4.786128712222403880e-02 -9.473595371775667129e-02 -2.430073151615697036e-01 -3.578728279591759653e-01 -5.455083030015281942e-01 9.033811309607041595e-01
-3.950425879783120431e-01 1.483460942903582769e-01 -1.095315673623046271e-01 -3.817923223149281009e-01 3.514574833633795636e-01 1.050102580016264442e-01 -3.817923223149281009e-01 3.514574833633795636e-01 1.050102580016264442e-01 7.496648917644341825e-01 -7.134036352120725066e-01 -3.626125655236167589e-02
-4.130305910753824250e-01 2.954633498396201929e-01 1.019871405304179079e-01 4.908650804684167035e-02 2.826745264570875715e-01 4.102789477481356695e-01 4.908650804684167035e-02 2.826745264570875715e-01 4.102789477481356695e-01 1.181282977830526049e+00 -7.210753166158556660e-01 -4.602076612146703827e-01
-3.153731619857345070e-01 -4.272889295133630583e-02 -9.542996966317462970e-02 -1.918448454903419753e-01 -2.904899626825530046e-01 -1.919859307973418305e-01 -1.918448454903419753e-01 -2.904899626825530046e-01 -1.919859307973418305e-01 4.846423658100191822e-01 -2.927509185843966133e-01 -1.918914472256225690e-01
8.405587255526902890e-02 4.662299802235342350e-01 4.606632605497810173e-01 4.809946801858266952e-01 4.906331195105294585e-01 -4.906755480771567424e-01 4.809946801858266952e-01 4.906331195105294585e-01 -4.906755480771567424e-01 7.749557950586737354e-01 -3.232060067214915788e-01 -4.517497883371821565e-01
1.014403761828062134e-01 5.860379642272928180e-02 4.164076040760915642e-01 -1.366112639105643289e-01 -4.420492091978994731e-01 3.078313982809485205e-01 -1.366112639105643289e-01 -4.420492091978994731e-01 3.078313982809485205e-01 3.264470972000539373e-01 3.445570669597800562e-01 -6.710041641598339934e-01
4.385141972093374862e-01 2.463487173472967973e-01 -7.275533585702409489e-02 -1.202019723484883951e-01 -2.013158358958866412e-02 1.844896657829464548e-01 -1.202019723484883951e-01 -2.013158358958866412e-02 1.844896657829464548e-01 -6.121373270980718928e-01 -1.640234430619373907e-01 7.761607701600092835e-01
1.139351266644379468e-01 -2.947232565807842430e-01 1.427913578996599098e-01 3.193584675185170418e-01 6.263244124417144398e-03 2.040492850078104992e-01 3.193584675185170418e-01 6.263244124417144398e-03 2.040492850078104992e-01 -4.755209625960616915e-01 8.591584779280486694e-01 -3.836375153319869780e-01
-3.019371352403760200e-01 1.170445529774164495e-01 -2.859504924181638374e-01 -2.091519454740820017e-01 -1.578016158199081476e-01 -4.431746174979622754e-01 -2.091519454740820017e-01 -1.578016158199081476e-01 -4.431746174979622754e-01 3.583988737711646388e-01 -8.385832389591399982e-01 4.801843651879753594e-01
3.574739717330577271e-03 -1.313058390525966290e-01 1.937440457173739139e-01 -8.637308688793121636e-02 9.244044681491303539e-02 -4.966838844845519185e-01 -8.637308688793121636e-02 9.244044681491303539e-02 -4.966838844845519185e-01 6.505423768023899100e-02 4.219087990914800468e-01 -4.869630367717190378e-01
4.533933461949365418e-01 -2.798540066193613285e-01 -2.139812260857738568e-01 3.283853636719709090e-01 -2.089904128641948411e-01 -3.207614331664114804e-01 3.283853636719709090e-01 -2.089904128641948411e-01 -3.207614331664114804e-01 -1.568776282766546570e+00 1.145580113615801476e+00 4.231961691507450940e-01
1.517863717812155677e-01 2.793405687788637071e-01 3.646212553805456835e-01 -4.715194341254201893e-01 -3.374788234680975441e-01 -1.675209120801983698e-01 -4.715194341254201893e-01 -3.374788234680975441e-01 -1.675209120801983698e-01 3.569346477436278198e-01 -3.800879862198169867e-02 -3.189258491216461211e-01
-4.357489393051755533e-01 2.236336058193932885e-01 3.422061041098869438e-01 -5.618518842729502971e-02 2.133486577863955569e-01 4.844111620637968629e-01 -5.618518842729502971e-02 2.133486577863955569e-01 4.844111620637968629e-01 1.659845242195228110e+00 -3.710168558396552685e-01 -1.288828386355572730e+00
-9.653015951933396899e-02 7.637294534884619956e-02 -3.087189458061112557e-02 -1.410416243260916858e-01 -2.213978034837938980e-01 -8.042804803541425684e-02 -1.410416243260916858e-01 -2.213978034837938980e-01 -8.042804803541425684e-02 2.266426080781213104e-01 -2.719876576513128308e-01 4.534504957319152041e-02
-1.908948413209462514e-01 4.170551838682613477e-01 3.700015317200220366e-01 8.525088371766875728e-02 4.753819011692723695e-01 -3.518233376841812809e-01 8.525088371766875728e-02 4.753819011692723695e-01 -3.518233376841812809e-01 1.207776592320320752e+00 -5.037123774475992244e-01 -7.040642148727214167e-01
-5.048522240132358174e-02 -2.551237724052979328e-02 -2.465893377194388059e-01 2.076454506549136880e-01 -4.308734622428986860e-01 -1.657699575433351225e-01 2.076454506549136880e-01 -4.308734622428986860e-01 -1.657699575433351225e-01 -1.534097417037330047e-01 -2.720830320948629533e-01 4.254927737985959579e-01
-2.143597917678348175e-01 -8.786367170481068634e-02 2.707843100914993917e-01 4.911988496391824777e-01 2.799157348697228764e-01 2.033989582569563082e-01 4.911988496391824777e-01 2.799157348697228764e-01 2.033989582569563082e-01 7.432315038966629261e-01 1.825573333388329500e-01 -9.257888372354958761e-01
