-2.165121375677901971e-01 1.630267489986300111e-01 -5.902442542590791152e-02 -1.830009312493481310e-01 -1.214611502762992234e-01 9.305170874687263005e-02 -1.830009312493481310e-01 -1.214611502762992234e-01 9.305170874687263005e-02 4.863895545305504386e-01 -5.644584548117136391e-01 7.806890028116320046e-02
5.343283415435684525e-02 -3.662959157708709501e-01 3.094698280443157756e-01 4.114931909727104209e-02 -4.600350051008764707e-01 2.585076190104999005e-01 4.114931909727104209e-02 -4.600350051008764707e-01 2.585076190104999005e-01 -2.297482636362910835e-01 1.012782092953385504e+00 -7.830338293170944208e-01
3.957395310931173249e-01 -2.020568762593929479e-01 4.060644258822015962e-01 3.043170297646002886e-01 -3.078483550357613563e-02 4.651124627206137951e-02 3.043170297646002886e-01 -3.078483550357613563e-02 4.651124627206137951e-02 -8.077296330576630989e-01 1.273735392823010848e+00 -4.660057597653478600e-01
-3.374793151334807284e-01 1.208021958319266398e-01 3.466380663105522730e-01 -5.415298493040066052e-02 2.729193137382095458e-01 8.326417793898199804e-03 -5.415298493040066052e-02 2.729193137382095458e-01 8.326417793898199804e-03 1.349652261953034671e+00 -1.654796092826310572e-01 -1.184172652670403725e+00
4.870681297267698273e-02 -4.175394002321576314e-01 -2.917453898190460748e-01 -3.636740820003655505e-01 3.461134249679110875e-01 -1.912738668501984263e-01 -3.636740820003655505e-01 3.461134249679110875e-01 -1.912738668501984263e-01 -8.825508837433433396e-01 7.122029457749879944e-01 1.703479379683553452e-01
-2.840505289802233158e-01 -5.629193544369670565e-02 4.927944775870328753e-01 1.543011150834918688e-01 4.456765082977987014e-02 -3.022361584033175230e-01 1.543011150834918688e-01 4.456765082977987014e-02 -3.022361584033175230e-01 1.378284108010005227e+00 2.188393275217325185e-01 -1.597123435531737634e+00
2.952045871766384444e-01 8.607154318571996754e-02 -3.695512693046645314e-01 8.145862418197824528e-02 -4.568925177601556031e-01 8.883810624506083276e-02 8.145862418197824528e-02 -4.568925177601556031e-01 8.883810624506083276e-02 -7.182098792560870359e-01 -3.445463704231286339e-01 1.062756249679215781e+00
-1.953135670516079614e-01 -4.506352665813426750e-01 -1.051561585284382927e-01 -4.388923964417643653e-01 -8.078320130887028938e-02 3.003450845712495321e-01 -4.388923964417643653e-01 -8.078320130887028938e-02 3.003450845712495321e-01 -1.965302989325115046e-01 5.829957078876462084e-01 -3.864654089551347038e-01
2.555294769028361168e-01 3.839354641184828942e-01 -2.516013388853205468e-01 2.372962459158926007e-01 -2.614930273970287322e-01 1.335657496155093771e-01 2.372962459158926007e-01 -2.614930273970287322e-01 1.335657496155093771e-01 -2.772752571052774506e-01 -1.008539130118485172e+00 1.285814387223762623e+00
4.779524096569847114e-01 4.323904036222125935e-01 -3.502454238455208202e-01 -4.600256416647845459e-01 4.980494521170497624e-02 3.037450413369509050e-01 -4.600256416647845459e-01 4.980494521170497624e-02 3.037450413369509050e-01 -6.097800708403446901e-01 -1.140613935557904579e+00 1.750394006398249269e+00
-3.566676825286786423e-01 1.807863684161898910e-01 -3.218745082061417184e-01 3.549463148471531104e-01 1.045562961228968524e-01 3.659947717013608548e-01 3.549463148471531104e-01 1.045562961228968524e-01 3.659947717013608548e-01 4.511717482148898117e-01 -1.068880366472064303e+00 6.177086182571744910e-01
-2.722871032781640777e-01 4.119236770924034063e-01 2.402960625569504627e-01 -4.280738336335625505e-01 1.246825900536594478e-01 1.968170342215870283e-01 -4.280738336335625505e-01 1.246825900536594478e-01 1.968170342215870283e-01 1.165110254574625248e+00 -6.827474170791677510e-01 -4.823628374954573861e-01
-1.490577394591185989e-02 -1.756070021915885349e-01 1.148018467681024557e-01 -3.995118197853969599e-01 4.408814893354734421e-01 -1.850158229851553982e-01 -3.995118197853969599e-01 4.408814893354734421e-01 -1.850158229851553982e-01 -3.583859638156794425e-02 4.263763552208229557e-01 -3.905377588392550114e-01
-1.408924751365085992e-01 -3.158342618317602213e-01 -4.247409948367560917e-01 1.616479314563720182e-01 -9.199159720319027844e-02 1.518984758070046626e-01 1.616479314563720182e-01 -9.199159720319027844e-02 1.518984758070046626e-01 -4.382961895915082895e-01 7.611852490153370177e-02 3.621776646899745877e-01
3.239611805032471814e-01 4.604254082569397832e-01 -4.264542386369962745e-02 -9.868903893582192666e-02 -1.682954993159329060e-01 6.986138147387588315e-02 -9.868903893582192666e-02 -1.682954993159329060e-01 6.986138147387588315e-02 -1.793552818016128647e-01 -7.813544698769375740e-01 9.607097516785504387e-01
-2.573245778156618702e-01 -9.802924867929463382e-02 1.177535273781936676e-01 3.782652867653868434e-02 4.789113834654195045e-01 3.584957330296658640e-01 3.782652867653868434e-02 4.789113834654195045e-01 3.584957330296658640e-01 6.023605799565208141e-01 4.683413560276306065e-02 -6.491947155592838747e-01
2.263194984280372246e-01 -2.322328174899096487e-01 -3.757698043881673167e-01 -4.548984752844464907e-01 3.217833905950767681e-01 -2.203486225554111000e-01 -4.548984752844464907e-01 3.217833905950767681e-01 -2.203486225554111000e-01 -1.034116206047553055e+00 4.274328996182019669e-01 6.066833064293510880e-01
-1.084982414102894088e-01 -1.221592961115974818e-01 1.705662711597015768e-01 4.908857866718063789e-02 -2.047738528490221643e-01 -3.039553061019679703e-01 4.908857866718063789e-02 -2.047738528490221643e-01 -3.039553061019679703e-01 3.081378265303362785e-01 2.675278915944069302e-01 -5.756657181247432087e-01
4.375950079397890047e-01 3.566285196172566119e-01 -1.608620238601231600e-01 4.511110024910935934e-02 -2.204961612421532102e-01 -1.094086250433899954e-01 4.511110024910935934e-02 -2.204961612421532102e-01 -1.094086250433899954e-01 -5.346754694635251770e-01 -5.934774081037650362e-01 1.128152877567290213e+00
1.748099347392726433e-01 -4.329039486530651404e-01 2.705606819483360459e-01 4.256054814078457094e-01 -3.382312174214487932e-01 -4.005453945738221000e-01 4.256054814078457094e-01 -3.382312174214487932e-01 -4.005453945738221000e-01 -7.357440327672373215e-01 1.341360967548417271e+00 -6.056169347811799497e-01
-4.384710691700607343e-01 3.032045170685091495e-01 -3.999106057281203164e-01 -2.860386475157727926e-02 7.707537529035479729e-02 -3.933405743481499517e-01 -2.860386475157727926e-02 7.707537529035479729e-02 -3.933405743481499517e-01 5.629984275277822858e-01 -1.543720435901990040e+00 9.807220083742078653e-01
1.162353660118573551e-01 -3.106086192985294536e-01 3.799462852613879615e-01 3.753692769007358487e-01 4.155307910627854540e-01 -3.468854712646798344e-01 3.753692769007358487e-01 4.155307910627854540e-01 -3.468854712646798344e-01 -2.306617335392009416e-01 1.031115744620252794e+00 -8.004540110810519637e-01
1.759965874682477560e-01 2.326242136762003421e-01 -3.479811107872887721e-01 4.815807858492934246e-01 3.291051504519263426e-01 -3.821058590414145861e-01 4.815807858492934246e-01 3.291051504519263426e-01 -3.821058590414145861e-01 -3.527854552693466816e-01 -8.421740138490511063e-01 1.194959469118397788e+00
-4.105050086048911417e-01 1.192721197973979352e-01 -1.494503676416903959e-01 -2.911362110399136061e-01 3.809459186399061226e-01 -3.209066665844222399e-01 -2.911362110399136061e-01 3.809459186399061226e-01 -3.209066665844222399e-01 7.095624361538621638e-01 -7.195558555661643041e-01 9.993419412302140259e-03
2.271520787467092850e-01 4.274398118743478747e-01 5.556505878974637991e-02 -2.978887407941291920e-01 1.845775113557887037e-01 3.042106456077198207e-01 -2.978887407941291920e-01 1.845775113557887037e-01 3.042106456077198207e-01 2.383175456843122930e-02 -6.319560943583304446e-01 6.081243397898992153e-01
-6.461342202431386017e-02 -2.186969133043129565e-01 -4.092637700920570554e-01 1.328473378888825884e-01 3.496559681792734686e-01 3.301281283550028256e-02 1.328473378888825884e-01 3.496559681792734686e-01 3.301281283550028256e-02 -4.581202552813196105e-01 -4.334698065703634917e-02 5.014672359383559597e-01
2.849367034311310887e-01 3.227854123431951328e-01 9.569577351910318885e-02 5.351024087086175829e-02 -3.032494897324813365e-01 3.789903972692036938e-01 5.351024087086175829e-02 -3.032494897324813365e-01 3.789903972692036938e-01 -1.352715096097953928e-01 -2.920837526578634602e-01 4.273552622676588530e-01
-3.427653169343864992e-01 -2.845924673535095151e-01 4.723155606875518719e-01 -2.266085083293678526e-01 -3.321607143010385510e-01 4.617657489903775891e-01 -2.266085083293678526e-01 -3.321607143010385510e-01 4.617657489903775891e-01 1.315871544459888298e+00 4.743721757271182615e-01 -1.790243720187006504e+00
4.831617877902014691e-01 4.594136529634330612e-01 -4.051573348278693087e-01 3.697705954873171663e-01 3.692904151587663719e-01 1.109333659221638513e-01 3.697705954873171663e-01 3.692904151587663719e-01 1.109333659221638513e-01 -6.126857721510682309e-01 -1.349955030582918436e+00 1.962640802733986778e+00
2.380328309576353885e-01 3.450888640749999459e-01 -2.014742620732534739e-01 1.149993166675622458e-01 -7.116486959508616650e-04 4.213078723674678061e-01 1.149993166675622458e-01 -7.116486959508616650e-04 4.213078723674678061e-01 -2.541213778333653028e-01 -8.288309436487666382e-01 1.082952321482131941e+00
1.723836759128136720e-01 2.231491600710839851e-01 -1.968044926600276412e-01 9.348835266860833215e-02 3.354571246027499010e-01 2.593560427305834359e-01 9.348835266860833215e-02 3.354571246027499010e-01 2.593560427305834359e-01 -2.592062339107064073e-01 -5.713894664234633325e-01 8.305957003341697398e-01
-1.263433810462455398e-02 1.554340203490020000e-01 4.335008799703194970e-01 -2.266039065353513404e-01 -4.777596072171486075e-02 -1.417155763088027154e-01 -2.266039065353513404e-01 -4.777596072171486075e-02 -1.417155763088027154e-01 7.169666488280487249e-01 8.804985895060124523e-02 -8.050165077786499701e-01
-1.220059586711108590e-01 -1.211189714313631871e-02 -3.759443383020143470e-01 2.519082762246278584e-01 -1.488612593672818951e-01 -8.452235260746898682e-02 2.519082762246278584e-01 -1.488612593672818951e-01 -8.452235260746898682e-02 -1.201894416888110717e-01 -5.429040611278612705e-01 6.630935028166723422e-01
4.076083618649384288e-02 -3.744582159285055889e-01 -4.211013534136479608e-01 -8.971174413066607123e-03 -3.780090339217990758e-01 4.242427861090749541e-01 -8.971174413066607123e-03 -3.780090339217990758e-01 4.242427861090749541e-01 -8.845933335856228652e-01 4.669544627857002972e-01 4.176388707999225680e-01
-2.207054031531436866e-01 -2.206559404040061567e-01 -1.718074833405913715e-02 -1.165255361718872118e-01 5.383789405444461273e-02 1.904755655405943049e-01 -1.165255361718872118e-01 5.383789405444461273e-02 1.904755655405943049e-01 2.257648385854247319e-01 1.840600938494303396e-01 -4.098249324348550715e-01
-7.104687270829057599e-02 1.482104017582851485e-01 -1.070749655176457260e-01 2.084625329901858004e-01 -3.616956727779035985e-01 -1.659510329023928810e-01 2.084625329901858004e-01 -3.616956727779035985e-01 -1.659510329023928810e-01 1.614981238370952754e-01 -4.877148583685542160e-01 3.262167345314589406e-01
2.410824063995625766e-01 1.638526307645071789e-02 -4.340996228379052635e-01 -1.370677563001487798e-01 5.674339210568923875e-02 3.770067734741904264e-01 -1.370677563001487798e-01 5.674339210568923875e-02 3.770067734741904264e-01 -7.428797516353253805e-01 -3.171293230516525341e-01 1.060009074686977915e+00
-2.396549272710848388e-01 -2.189029298195197537e-01 -2.110447930996299792e-01 1.667524451973090294e-01 2.137038205922658918e-02 3.196490516945247329e-01 1.667524451973090294e-01 2.137038205922658918e-02 3.196490516945247329e-01 4.956149174219959264e-02 -1.271081423716236003e-02 -3.685067750503723261e-02
4.629232135382689295e-01 -2.128830834068605737e-01 3.432659389221968116e-01 2.952611186628928408e-03 4.921628712391642457e-01 2.973428873457457655e-01 2.952611186628928408e-03 4.921628712391642457e-01 2.973428873457457655e-01 -1.078392749394104566e+00 1.392204190188702118e+00 -3.138114407945975515e-01
3.929469543476546978e-01 -3.244883702527929792e-01 3.462098191060600794e-01 2.159767228110975879e-02 6.337957777438851803e-02 -9.746739427287698376e-02 2.159767228110975879e-02 6.337957777438851803e-02 -9.746739427287698376e-02 -1.094832780625607516e+00 1.537819574140288248e+00 -4.429867935146808433e-01
-2.968923432588247424e-01 -3.145146373337052159e-01 -2.560731168309648975e-02 -1.352268504747244915e-02 4.307162943388740395e-01 -3.397871688078824004e-01 -1.352268504747244915e-02 4.307162943388740395e-01 -3.397871688078824004e-01 2.938703956369388415e-01 2.686968599801456969e-01 -5.625672556170845384e-01
-3.581145725073389130e-01 -2.648884601858331189e-01 2.059283750418825498e-01 1.055740065962038621e-01 3.398265526169985673e-02 3.942037060238688939e-01 1.055740065962038621e-01 3.398265526169985673e-02 3.942037060238688939e-01 8.467772129250240587e-01 2.864955386471419452e-01 -1.133272751572166115e+00
3.743436994457349787e-02 2.982361632911878502e-03 -1.115518690381207545e-01 3.263332752017975569e-01 4.270658178731508992e-01 -4.677445083637830070e-01 3.263332752017975569e-01 4.270658178731508992e-01 -4.677445083637830070e-01 -1.734713822261408911e-01 -8.629867173087846233e-02 2.597700539570193534e-01
-1.601513360431821020e-01 -4.218176989034636559e-01 3.933647713701632354e-01 -2.540442089276442328e-01 2.934248454734794676e-01 9.739456373357824326e-02 -2.540442089276442328e-01 2.934248454734794676e-01 9.739456373357824326e-02 4.402650039041369201e-01 8.565344782196666618e-01 -1.296799482123803582e+00
7.816335873771018683e-02 -2.048328448996482587e-01 -6.264591124825169555e-02 1.635628694587023535e-01 3.490601316522257136e-02 -2.064839774279192408e-02 1.635628694587023535e-01 3.490601316522257136e-02 -2.064839774279192408e-02 -4.584451491800531908e-01 4.596410396196364267e-01 -1.195890439583235931e-03
4.652933511063657157e-01 -2.082762056384825922e-01 -1.387729271523405750e-01 -1.976769263788301645e-01 -6.369938426400434395e-03 1.212642428984440635e-01 -1.976769263788301645e-01 -6.369938426400434395e-03 1.212642428984440635e-01 -1.414641000337257370e+00 1.028368471638792414e+00 3.862725286984649564e-01
-7.585275259553658778e-02 2.405931442945633547e-01 -7.531021768211465517e-02 1.379869200333162516e-01 -4.415514001371186881e-01 3.847915578174375684e-01 1.379869200333162516e-01 -4.415514001371186881e-01 3.847915578174375684e-01 2.718082448195108247e-01 -6.427632731013720457e-01 3.709550282818612210e-01
-1.550465370654042774e-01 4.890484311774413451e-01 -2.752173706929280650e-01 1.206496711428692858e-01 4.467793167854393621e-01 -4.305111654631903484e-01 1.206496711428692858e-01 4.467793167854393621e-01 -4.305111654631903484e-01 3.616313405181176277e-01 -1.622279572762634681e+00 1.260648232244517164e+00
-5.485495073646795561e-02 3.766595010502234997e-01 -2.622354054513774679e-01 -1.430736410352891896e-01 -3.270401993199324453e-01 -9.674395762247378627e-02 -1.430736410352891896e-01 -3.270401993199324453e-01 -9.674395762247378627e-02 1.631857159832466042e-01 -1.244861572531867910e+00 1.081675856548621084e+00
-3.162276819875572409e-01 3.889595914459145209e-01 4.840466966640692981e-01 3.000777731254702374e-01 -4.666308186965963944e-01 2.200862732007338174e-01 3.000777731254702374e-01 -4.666308186965963944e-01 2.200862732007338174e-01 1.732135603681728808e+00 -4.152776772792249882e-01 -1.316857926402503765e+00
4.101967335977119156e-02 1.978869256696411671e-01 -1.070734782715598854e-02 -4.934106396341931822e-01 3.273713278616234845e-01 -3.768568908664916561e-01 -4.934106396341931822e-01 3.273713278616234845e-01 -3.768568908664916561e-01 9.477052254582285507e-02 -3.771275380173948477e-01 2.823570154715719926e-01
-4.978744415340909946e-01 -2.334688992430744570e-01 -1.679205166372544911e-01 3.367468593393065923e-01 -2.865673556040390091e-01 -4.066831241696700072e-01 3.367468593393065923e-01 -2.865673556040390091e-01 -4.066831241696700072e-01 6.232418838885263046e-01 -1.688915757016820063e-01 -4.543503081868442983e-01
1.493119180601508722e-01 -7.665474441846154008e-02 -1.561537063773420497e-01 6.554939603812437454e-02 -7.205426672474901650e-02 1.532681655157904776e-01 6.554939603812437454e-02 -7.205426672474901650e-02 1.532681655157904776e-01 -5.167536432401418356e-01 1.707894392736235556e-01 3.459642039665182800e-01
-4.298674949123297839e-01 2.496090292309123271e-01 -2.950472128280590134e-03 -3.565233942248013932e-01 -1.918446231967377846e-01 -2.144655686776182346e-01 -3.565233942248013932e-01 -1.918446231967377846e-01 -2.144655686776182346e-01 1.025643228194117462e+00 -7.804338273779568569e-01 -2.452094008161604943e-01
3.962930889334380646e-01 -2.548024154484750392e-01 -1.243500936856567485e-01 2.994714625555968679e-01 9.730566636363469080e-02 -3.582300445785084886e-01 2.994714625555968679e-01 9.730566636363469080e-02 -3.582300445785084886e-01 -1.323502176622067150e+00 1.039942123193795975e+00 2.835600534282709528e-01
-3.617205851418996421e-01 -4.454331926130679076e-01 -1.565338257529179655e-01 3.704160434740405572e-01 7.976626495947980455e-02 2.664911383593120409e-01 3.704160434740405572e-01 7.976626495947980455e-02 2.664911383593120409e-01 1.404379759007035045e-01 3.382287776569188331e-01 -4.786667535576223376e-01
-1.971801620823865342e-01 -4.061531183536518652e-01 -1.055041425166408642e-01 -1.583481243379136760e-02 -1.627163175187176236e-01 -3.709993108159255204e-01 -1.583481243379136760e-02 -1.627163175187176236e-01 -3.709993108159255204e-01 -1.364019902102211468e-01 4.920740655445066114e-01 -3.556720753342854646e-01
1.506421767917029975e-01 -2.105189065648509494e-01 4.621201529014035136e-01 3.675382336831972685e-01 4.229547313028941824e-01 -1.105253459065917987e-01 3.675382336831972685e-01 4.229547313028941824e-01 -1.105253459065917987e-01 -6.955288225403433167e-02 9.246346672226417596e-01 -8.550817849686074279e-01
2.317056755620665598e-01 -6.707830498817768383e-02 6.895053923320604294e-02 3.871572872263181475e-01 4.192987740755793613e-01 3.825186666370498090e-01 3.871572872263181475e-01 4.192987740755793613e-01 3.825186666370498090e-01 -4.984191027234714522e-01 4.754008942418013195e-01 2.301820848167013267e-02
4.317945481437968080e-02 1.002520561830417822e-01 -2.047928337881402827e-01 4.401091589194575660e-01 2.565812300265178925e-01 -8.069161961396065230e-03 4.401091589194575660e-01 2.565812300265178925e-01 -8.069161961396065230e-03 -1.641439245914249057e-01 -4.121604101967532019e-01 5.763043347881781076e-01
-5.408589008913144980e-02 1.596926132875758908e-01 -3.060392735361525673e-01 -8.776061230643450450e-03 5.617825643174301220e-02 2.339786181747333105e-01 -8.776061230643450450e-03 5.617825643174301220e-02 2.339786181747333105e-01 -3.024625838582195581e-02 -7.856525598171956171e-01 8.158988182030175729e-01
5.885408799088198695e-02 -4.785402470734047009e-01 -1.456774096592836631e-01 -2.690553284861588734e-01 -4.070060089307787621e-01 -1.758570907215812884e-01 -2.690553284861588734e-01 -4.070060089307787621e-01 -1.758570907215812884e-01 -8.965122736110499035e-01 9.946728286719128675e-01 -9.816055506086296401e-02
2.987182705963105089e-01 2.710019471158831017e-01 -6.206047115651103230e-02 2.640114416526636587e-01 4.184543187437781420e-01 1.200787580116030595e-01 2.640114416526636587e-01 4.184543187437781420e-01 1.200787580116030595e-01 -3.309707662077010504e-01 -3.671303897840110242e-01 6.981011559917120746e-01
-4.579691490064263792e-01 3.772351301518250821e-02 1.163042355107868353e-02 7.938255584189590763e-03 2.580290708579459080e-01 -4.831538722789024964e-01 7.938255584189590763e-03 2.580290708579459080e-01 -4.831538722789024964e-01 9.902048130149259109e-01 -4.172876675736545415e-01 -5.729171454412713693e-01
-2.864797350115562136e-01 1.933427525386705037e-01 1.758649011983892674e-02 4.231157066312163373e-02 4.686562974238821511e-01 8.980411376338381935e-02 4.231157066312163373e-02 4.686562974238821511e-01 8.980411376338381935e-02 7.364655686213845698e-01 -5.732542087882523951e-01 -1.632113598331321747e-01
4.204694245093538729e-01 -2.752459164297756944e-01 -2.255737750819970522e-01 3.650381877293709110e-01 -2.604537371099442389e-01 -4.731618295544115504e-01 3.650381877293709110e-01 -2.604537371099442389e-01 -4.731618295544115504e-01 -1.481027422111918845e+00 1.053601577427970781e+00 4.274258446839480641e-01
-3.475367390419246139e-01 -3.311884528775812520e-01 2.669838660977841283e-02 1.963100514997135893e-01 3.906274994234683051e-01 -2.848260863392116926e-01 1.963100514997135893e-01 3.906274994234683051e-01 -2.848260863392116926e-01 4.700943327007529593e-01 2.846324348575947072e-01 -7.547267675583476665e-01
3.147824165272797847e-01 2.108686857260232417e-01 -4.261647257006527800e-01 4.066627940459907053e-01 -2.043150098598659481e-01 -6.427086791357483619e-02 4.066627940459907053e-01 -2.043150098598659481e-01 -6.427086791357483619e-02 -6.328424999814679097e-01 -7.813584029805857867e-01 1.414200902962053696e+00
-4.508910756021263788e-01 6.496480570660700948e-02 5.946013024153307125e-02 3.636818871639341255e-01 -2.306069663175065454e-01 4.032664624899905403e-01 3.636818871639341255e-01 -2.306069663175065454e-01 4.032664624899905403e-01 1.068886733850773707e+00 -4.085304302199834758e-01 -6.603563036307902312e-01
6.790217414403065810e-02 -3.059754976140738325e-01 -2.243427731422099614e-01 1.726508941451386780e-01 3.273996869888888828e-01 1.652535298411449416e-01 1.726508941451386780e-01 3.273996869888888828e-01 1.652535298411449416e-01 -7.067737132398344002e-01 5.317489712028373727e-01 1.750247420369970275e-01
3.336878843431596575e-01 6.359438253848803679e-02 -1.270247479713140226e-01 -2.193579578145798958e-02 1.996697917043124271e-01 2.905560363709308591e-01 -2.193579578145798958e-02 1.996697917043124271e-01 2.905560363709308591e-01 -6.792530078593330689e-01 1.000884277085563046e-01 5.791645801507767644e-01
-1.577921563649303804e-01 -2.461962258391469094e-01 -2.182495538229749510e-01 -2.304490480826058008e-01 -4.452884948354873806e-02 -2.070768887715506157e-01 -2.304490480826058008e-01 -4.452884948354873806e-02 -2.070768887715506157e-01 -1.510955788722251336e-01 1.199892265570972061e-01 3.110635231512792753e-02
-4.443584589483118297e-01 -1.077147971137152327e-01 -7.424863545600024484e-02 5.076034043638599780e-02 -1.298184222305059921e-01 1.196047343144867048e-01 5.076034043638599780e-02 -1.298184222305059921e-01 1.196047343144867048e-01 7.337303404663328976e-01 -2.529243571208169561e-01 -4.808059833455159415e-01
4.784051523960557439e-01 4.237163858069408207e-01 2.426266174406777054e-04 4.616320061409716624e-01 3.265454194643713226e-02 1.487535600561014082e-01 4.616320061409716624e-01 3.265454194643713226e-02 1.487535600561014082e-01 -4.362903995224427511e-01 -4.710458418554259730e-01 9.073362413778687241e-01
4.363836498604304337e-01 -2.157598185928593093e-01 -6.607015572287855409e-02 4.926688244473834688e-01 4.760852767852404854e-01 -1.262665311956003844e-01 4.926688244473834688e-01 4.760852767852404854e-01 -1.262665311956003844e-01 -1.314606958022248584e+00 1.058676006413066917e+00 2.559309516091816672e-01
3.439474921066008051e-01 -1.824456776962348759e-01 7.929194605049927347e-02 1.257043051909316755e-01 2.247924077407705834e-01 2.521155029128721026e-01 1.257043051909316755e-01 2.247924077407705834e-01 2.521155029128721026e-01 -9.253453232759081271e-01 9.231026342699580889e-01 2.242689005950038172e-03
3.422563841138713814e-01 -3.837635227823597006e-01 4.941066806774883080e-01 -1.169081296571228279e-02 2.289882618033868278e-01 4.594815183658665925e-01 -1.169081296571228279e-02 2.289882618033868278e-01 4.594815183658665925e-01 -9.028520370077974810e-01 1.651170751401872305e+00 -7.483187143940749353e-01
1.205126814049073403e-01 -1.345017979964326926e-01 3.626644823119836714e-01 1.754846797867918307e-01 -1.239450618337099019e-01 2.310296436494705397e-01 1.754846797867918307e-01 -1.239450618337099019e-01 2.310296436494705397e-01 -1.649273551270402649e-02 6.822284710207330294e-01 -6.657357355080290029e-01
3.948493866530267127e-01 3.335499370802996744e-02 -2.840412805956300524e-01 4.868221436603754615e-01 3.804777548950970534e-01 4.422105535626186246e-01 4.868221436603754615e-01 3.804777548950970534e-01 4.422105535626186246e-01 -9.282936621566448832e-01 6.192620780444912931e-02 8.663674543521957538e-01
3.278628014214208797e-01 -1.540927021045426226e-01 -1.019826748314638376e-01 4.280764738944663472e-01 -9.071917346084390488e-02 -3.440662884950514977e-01 4.280764738944663472e-01 -9.071917346084390488e-02 -3.440662884950514977e-01 -9.686281117362895987e-01 6.700133128066565469e-01 2.986147989296330518e-01
-1.112675538388718799e-02 1.680154645137592606e-01 -2.272239776072626505e-02 -2.824028300446126405e-01 -1.892320326124827812e-01 4.659920756750579596e-01 -2.824028300446126405e-01 -1.892320326124827812e-01 4.659920756750579596e-01 1.524843310225719728e-01 -3.741551896222002904e-01 2.216708585996283176e-01
-3.942569580895555204e-01 2.377909133784038564e-01 2.019490387384491603e-01 -2.885156818619480923e-01 2.386452544060987391e-01 -3.977783219502709633e-01 -2.885156818619480923e-01 2.386452544060987391e-01 -3.977783219502709633e-01 1.283716536043474576e+00 -5.049897003939900486e-01 -7.787268356494845278e-01
-4.492200209977237346e-01 -5.929009065441248616e-02 2.689111201458070921e-01 -1.205779990591034911e-01 1.209129446071329772e-01 3.460132542081928442e-01 -1.205779990591034911e-01 1.209129446071329772e-01 3.460132542081928442e-01 1.373493033097233029e+00 -4.311377216386080846e-02 -1.330379260933372221e+00
-2.045737290208675674e-01 -2.619309887460430364e-01 2.763920084242379449e-01 -2.471969621471772349e-01 2.087869331432486986e-01 -2.757322323090413141e-01 -2.471969621471772349e-01 2.087869331432486986e-01 -2.757322323090413141e-01 5.586017665668285836e-01 4.753077503047656860e-01 -1.033909516871594381e+00
4.826874926455662074e-01 2.923425313581251572e-03 4.595140329203817320e-01 1.312422828872095160e-01 3.420574475731277264e-01 -2.983549681301344014e-01 1.312422828872095160e-01 3.420574475731277264e-01 -2.983549681301344014e-01 -6.386001796300693201e-01 9.822535500767657357e-01 -3.436533704466964156e-01
-1.930821156461215438e-02 4.934016157544084402e-01 -1.251291256542547137e-01 -1.260635167562478287e-01 7.197853892502581452e-02 7.263610372153750383e-02 -1.260635167562478287e-01 7.197853892502581452e-02 7.263610372153750383e-02 3.007151945152793937e-01 -1.257328259054727893e+00 9.566130645394484988e-01
7.446945993622799964e-02 -3.580632236085778963e-02 -3.090479008054930476e-01 -4.473303619966523259e-01 -4.740996872715127486e-01 -4.633345481293880130e-01 -4.473303619966523259e-01 -4.740996872715127486e-01 -4.633345481293880130e-01 -4.351257153522685162e-01 -1.976317305020973691e-01 6.327574458543658853e-01
2.446047636550477966e-01 2.322266047372283371e-01 -2.799037734467102467e-02 1.542319420903477400e-01 -2.247593836192715022e-01 5.359573447476817520e-02 1.542319420903477400e-01 -2.247593836192715022e-01 5.359573447476817520e-02 -2.510541001238492109e-01 -2.847564423868000905e-01 5.358105425106493014e-01
-3.850677619632214554e-01 4.683566278604507360e-01 1.568200182826432476e-01 -5.051865447797654340e-02 3.125337253118865011e-02 4.862732120789150514e-01 -5.051865447797654340e-02 3.125337253118865011e-02 4.862732120789150514e-01 1.293295565868931796e+00 -9.395679769083375987e-01 -3.537275889605941970e-01
-4.992544779581020720e-01 7.694096929535010343e-02 -4.565590025864385559e-02 2.367163729345660439e-01 -2.980375443531079194e-01 -3.016724394684597854e-01 2.367163729345660439e-01 -2.980375443531079194e-01 -3.016724394684597854e-01 1.011933458836746347e+00 -5.683960321505316937e-01 -4.435374266862146531e-01
3.383604100590953401e-02 4.472829243018832113e-01 -3.936690195528558256e-02 3.684440933405888075e-01 3.441041520955470112e-01 6.654605985974759719e-02 3.684440933405888075e-01 3.441041520955470112e-01 6.654605985974759719e-02 2.680455301577574501e-01 -9.654901640140552965e-01 6.974446338562978465e-01
-3.544049709300933770e-01 1.336442048543495797e-02 1.415042787945288705e-01 1.766508272755595854e-03 -3.329946378927262085e-01 3.075887924407421092e-01 1.766508272755595854e-03 -3.329946378927262085e-01 3.075887924407421092e-01 9.497137317062231965e-01 -1.874535246862941706e-01 -7.622602070199290258e-01
-4.579304765416819523e-01 -4.618121173477982566e-01 3.713343117669590798e-01 -2.677882068028182294e-01 3.664537072120296335e-01 -3.886397757364353778e-01 -2.677882068028182294e-01 3.664537072120296335e-01 -3.886397757364353778e-01 1.287744101042601841e+00 5.692097397937341263e-01 -1.856953840836335967e+00
-1.403849008947605226e-01 3.378155785725417415e-01 2.641758348693502567e-01 3.555398692039045683e-01 1.111622436960327809e-01 -2.827626998127814595e-01 3.555398692039045683e-01 1.111622436960327809e-01 -2.827626998127814595e-01 8.787461469946787895e-01 -4.565210412108070548e-01 -4.222251057838717347e-01
-3.744146895361637473e-01 -4.334300110487466773e-01 8.783500496561047477e-02 -8.953559565658975039e-02 -4.348673450211388847e-01 -2.628103825075932543e-01 -8.953559565658975039e-02 -4.348673450211388847e-01 -2.628103825075932543e-01 5.268501855892953056e-01 4.670225480948766439e-01 -9.938727336841719495e-01
1.955062919408151467e-01 2.476465566487642267e-01 -4.323785092821850196e-01 -3.970811370670964680e-01 4.776154728270352035e-01 4.607724739217197163e-01 -3.970811370670964680e-01 4.776154728270352035e-01 4.607724739217197163e-01 -4.154761880459310053e-01 -1.024731491088650692e+00 1.440207679134581475e+00
-4.316677560528892066e-02 1.936844710980024642e-01 1.180136150854979027e-01 -4.326357274978187561e-01 3.215283657382782545e-01 -1.946040929415665532e-01 -4.326357274978187561e-01 3.215283657382782545e-01 -1.946040929415665532e-01 3.857882283581681726e-01 -2.894988367495443526e-01 -9.628939160862381996e-02
-4.389519248214586167e-01 1.569418833565223714e-01 -5.675800818133169834e-02 -4.937339255789005010e-01 -4.802922117868567708e-01 -7.220179142988225607e-02 -4.937339255789005010e-01 -4.802922117868567708e-01 -7.220179142988225607e-02 9.144264466981187889e-01 -6.871811944361784219e-01 -2.272452522619403670e-01
3.421031858766467870e-01 4.727154866535538957e-01 4.874224383018805895e-01 1.139015936993871270e-01 -3.909244896019309357e-01 1.203652977141861369e-01 1.139015936993871270e-01 -3.909244896019309357e-01 1.203652977141861369e-01 2.788507606469798894e-01 -1.078427303599214238e-01 -1.710080302870584656e-01
1.947649771732057333e-01 2.161028575543061381e-01 -4.590692048554899651e-01 -2.831287721325844720e-01 -1.715055219159411504e-01 -2.525522653752053648e-01 -2.831287721325844720e-01 -1.715055219159411504e-01 -2.525522653752053648e-01 -4.588401709706717568e-01 -9.854827797097444053e-01 1.444322950680416273e+00
4.923686779242797407e-02 -8.498347637675385258e-02 -2.434424586468864060e-02 -3.045743940837138952e-01 -4.614506276002261487e-02 4.844634886581397071e-01 -3.045743940837138952e-01 -4.614506276002261487e-02 4.844634886581397071e-01 -2.145840041270439258e-01 2.024820660162555130e-01 1.210193811078841275e-02
2.696547153578978673e-01 2.622821674545412485e-01 -9.095024517777527961e-02 -9.350784341300888425e-02 -1.102562491279146517e-01 2.563432849589170059e-01 -9.350784341300888425e-02 -1.102562491279146517e-01 2.563432849589170059e-01 -3.101454049782366162e-01 -4.162621899689369354e-01 7.264075949471735516e-01
-4.852852162513991985e-01 -2.374746357762493876e-01 -1.498964573085524998e-01 -3.704196787559120851e-01 4.717165996269035988e-01 3.480819617760217977e-01 -3.704196787559120851e-01 4.717165996269035988e-01 3.480819617760217977e-01 6.179761800121534865e-01 -1.356394731751021654e-01 -4.823367068370513211e-01
