-3.820412858419408586e-02 -3.677229721593618939e-01 3.712348461257168886e-01 1.731605213478918381e-01 -1.446147797852043171e-01 3.998080863595118162e-01 1.731605213478918381e-01 -1.446147797852043171e-01 3.998080863595118162e-01 1.156736431197133985e-01 9.126876020821095281e-01 -1.028361245201822927e+00
4.156441420797948316e-01 -1.875641559978827866e-01 3.662395691246850271e-01 3.100780154413371736e-01 -3.787292661686249007e-01 8.102821940783433430e-02 3.100780154413371736e-01 -3.787292661686249007e-01 8.102821940783433430e-02 -8.761781074865094832e-01 1.253214668013217015e+00 -3.770365605267075315e-01
-2.680165898395203694e-02 5.099933145715107585e-02 -3.270171249315212414e-02 -3.102629000473573484e-01 -1.858909901241396767e-01 4.303378036339560175e-01 -3.102629000473573484e-01 -1.858909901241396767e-01 4.303378036339560175e-01 6.896879600237848518e-02 -1.621552675458237669e-01 9.318647154344528172e-02
1.970114943272577301e-01 -2.140906907056071562e-01 1.033773381730680452e-01 -2.176785858404081120e-01 3.870946363099500021e-01 -1.141010230571687378e-01 -2.176785858404081120e-01 3.870946363099500021e-01 -1.141010230571687378e-01 -5.978636481976442596e-01 7.804895376518250494e-01 -1.826258894541807898e-01
8.977360476709839165e-02 3.699726239961083074e-01 -1.954356545233482123e-02 4.589635358554862155e-01 -4.168934202777145881e-01 -4.953017309506393406e-01 4.589635358554862155e-01 -4.168934202777145881e-01 -4.953017309506393406e-01 1.408127054893505425e-01 -7.206330468976474002e-01 5.798203414082968576e-01
7.147345351124678725e-02 -3.854009503115424229e-01 -1.258128614106600596e-01 9.015174295529138071e-02 -1.737754321674402913e-01 4.408988192813871887e-01 9.015174295529138071e-02 -1.737754321674402913e-01 4.408988192813871887e-01 -7.581749911985254942e-01 8.077612831037965790e-01 -4.958629190527108488e-02
-4.013932947630580728e-01 3.822226962483940005e-01 -3.652571410916085615e-01 -3.996134684449306196e-01 3.548777252976010876e-01 8.045524452592145437e-02 -3.996134684449306196e-01 3.548777252976010876e-01 8.045524452592145437e-02 5.800455880009098841e-01 -1.654920136743257109e+00 1.074874548742347224e+00
2.605576132408022882e-01 2.980854660103673393e-01 2.845920285560873397e-01 3.282889602544173391e-01 2.659212084883371130e-01 -3.588382745055725964e-01 3.282889602544173391e-01 2.659212084883371130e-01 -3.588382745055725964e-01 6.115797930918687175e-02 -5.041729426896568445e-02 -1.074068504022118731e-02
-3.148523051097384950e-02 -1.021184546530581327e-01 7.433294277301671915e-02 4.546139630066806658e-01 1.986343647631584330e-01 3.558973674932599529e-01 4.546139630066806658e-01 1.986343647631584330e-01 3.558973674932599529e-01 3.843220156789617370e-02 2.349480156325454150e-01 -2.733802172004415887e-01
-8.802355867354549890e-02 -1.842605150643265022e-01 1.982569828996829653e-01 2.713777216846130491e-01 3.169609583847513568e-01 3.255956858898171324e-01 2.713777216846130491e-01 3.169609583847513568e-01 3.255956858898171324e-01 2.304460076153307391e-01 4.188779720175866972e-01 -6.493239796329174363e-01
-1.107287192143969756e-01 -5.302764960361538993e-02 1.390638702904178903e-02 -4.667380535408749420e-02 -1.828386704319177047e-01 7.196485984260436730e-02 -4.667380535408749420e-02 -1.828386704319177047e-01 7.196485984260436730e-02 1.888029744507266905e-01 8.675183253040175124e-03 -1.974781577037668656e-01
-3.061410701129207990e-02 3.184267859494779307e-01 1.908420611720377247e-01 2.520083599668276886e-02 -2.210939121798358720e-01 2.629344110639337817e-01 2.520083599668276886e-02 -2.210939121798358720e-01 2.629344110639337817e-01 5.425282643784109515e-01 -4.307168331374934267e-01 -1.118114312409175248e-01
3.538148940056968783e-01 -1.330384320892640249e-01 3.801150095222681768e-01 1.186371519181425027e-01 -1.885835232908833481e-01 1.305279602661965077e-01 1.186371519181425027e-01 -1.885835232908833481e-01 1.305279602661965077e-01 -6.005389103244593851e-01 1.028582992214570169e+00 -4.280440818901106725e-01
-4.203275830606713059e-01 3.620161847450642512e-01 -2.171949027403785593e-01 -3.543984228831451588e-01 2.221556261377319874e-01 -3.423629314387388600e-02 -3.543984228831451588e-01 2.221556261377319874e-01 -3.423629314387388600e-02 7.679021498988383154e-01 -1.327297086194647147e+00 5.593949362958088312e-01
4.971164934860080598e-01 -4.353172077894180703e-01 1.529972725610734274e-01 3.079722549929154729e-01 -2.207002931892638742e-01 4.340134215357505099e-03 3.079722549929154729e-01 -2.207002931892638742e-01 4.340134215357505099e-03 -1.831840513828274730e+00 1.985422525630131441e+00 -1.535820118018568214e-01
-7.092765279329116268e-02 2.519676934331397389e-01 -8.582473170604110191e-02 -1.304632206501559200e-01 -1.995569168626997181e-01 -3.478249514839910628e-01 -1.304632206501559200e-01 -1.995569168626997181e-01 -3.478249514839910628e-01 2.611637086841422928e-01 -6.777998595621188560e-01 4.166361508779765632e-01
4.350069683008399579e-01 -8.980320041932743358e-02 -3.989465791345727652e-01 -3.225931614370058931e-01 1.591480964986999869e-01 6.289037297769872747e-02 -3.225931614370058931e-01 1.591480964986999869e-01 6.289037297769872747e-02 -1.255809228729466209e+00 3.278803016119609115e-01 9.279289271175051868e-01
-3.362162684337310914e-03 -1.840450882873916338e-01 3.519346123891032851e-01 -1.746012315467366793e-01 4.342050549386741176e-01 -1.909202810549464058e-01 -1.746012315467366793e-01 4.342050549386741176e-01 -1.909202810549464058e-01 2.285687192032486159e-01 6.129394622387133174e-01 -8.415081814419619333e-01
5.560920914250322422e-02 3.798147634362931679e-01 4.764363990028378515e-01 1.208494853765955668e-01 -3.547614139229905428e-01 3.421108366991552074e-01 1.208494853765955668e-01 -3.547614139229905428e-01 3.421108366991552074e-01 8.001194371591019427e-01 -1.847978675526741332e-01 -6.153215696064278095e-01
-1.827740367462130644e-01 -4.166816484900681683e-01 -1.773929623967593905e-01 7.125035742490826163e-02 -2.583086686029389956e-01 -1.846107730734131147e-01 7.125035742490826163e-02 -2.583086686029389956e-01 -1.846107730734131147e-01 -2.581321733555312914e-01 4.763401522347952000e-01 -2.182079788792639086e-01
-4.982144318597458987e-02 -2.059334623802033803e-01 -4.704873323593952161e-01 1.151103647674055486e-01 -2.626540076479855212e-01 -4.937723295899868470e-01 1.151103647674055486e-01 -2.626540076479855212e-01 -4.937723295899868470e-01 -5.123476963039771404e-01 -1.338924643899721545e-01 6.462401606939492948e-01
-4.678402522453140033e-02 -2.953235418442722304e-01 -2.401717547261591479e-01 -3.857698762870254150e-01 3.326762083367831302e-01 -2.762674365677475485e-02 -3.857698762870254150e-01 3.326762083367831302e-01 -2.762674365677475485e-02 -4.579891275409605500e-01 3.358099930578519743e-01 1.221791344831085757e-01
-4.975351540870032174e-03 -4.536630601117962458e-01 -2.886200401390019987e-01 -3.173642082013887755e-01 3.586649439089795166e-01 -4.489090154495199991e-01 -3.173642082013887755e-01 3.586649439089795166e-01 -4.489090154495199991e-01 -8.132212938620327902e-01 7.183982241542002933e-01 9.482306970783249689e-02
-8.997031127238264148e-02 -1.215731706657359190e-01 3.859464415909062973e-01 4.478850765430919534e-01 -4.398981901032825714e-01 4.748436602877034174e-01 4.478850765430919534e-01 -4.398981901032825714e-01 4.748436602877034174e-01 5.773814929378497940e-01 4.301206426549792905e-01 -1.007502135592829084e+00
1.040894955045736925e-01 -8.496188789892478166e-02 1.216633625010096198e-01 3.254634498790633934e-01 1.669390640478302101e-01 1.657295915784490203e-01 3.254634498790633934e-01 1.669390640478302101e-01 1.657295915784490203e-01 -1.903738313602136856e-01 3.947786414608923655e-01 -2.044048101006786800e-01
5.042721155822404988e-02 1.772683433883528448e-01 -1.254516894720237863e-01 2.557150092223700044e-01 -2.433087981258479360e-01 8.331086012586275125e-02 2.557150092223700044e-01 -2.433087981258479360e-01 8.331086012586275125e-02 -4.215405899864577144e-02 -4.726618616795073002e-01 5.148159206781530717e-01
-4.173347853282975972e-01 -2.927937096107443571e-01 -2.924893583750701742e-01 -2.768203712386828608e-01 -4.458285570703703904e-01 2.927198944974648276e-01 -2.768203712386828608e-01 -4.458285570703703904e-01 2.927198944974648276e-01 2.500713176057622888e-01 -1.167937002858745466e-01 -1.332776173198877423e-01
-4.861469537269245134e-01 2.446710394153820411e-01 2.248676263007863829e-01 1.296009624156537754e-01 -4.859934754929770007e-01 -2.423080775819952404e-01 1.296009624156537754e-01 -4.859934754929770007e-01 -2.423080775819952404e-01 1.554540999753040387e+00 -5.384858485122256955e-01 -1.016055151240814691e+00
-3.233780125683051176e-01 1.047214623939868305e-01 -2.815607873254205584e-01 -1.977850238510971970e-01 6.260393285843368627e-02 -4.869272862693044823e-01 -1.977850238510971970e-01 6.260393285843368627e-02 -4.869272862693044823e-01 3.909573022767959261e-01 -8.197533635450872103e-01 4.287960612682912842e-01
4.963232904230269193e-01 9.738450894995431817e-02 4.785608036247297470e-01 -1.680730104942562697e-01 4.948532337170177264e-01 -1.314316373502466551e-01 -1.680730104942562697e-01 4.948532337170177264e-01 -1.314316373502466551e-01 -5.078480490962844485e-01 8.071849257593197713e-01 -2.993368766630353228e-01
-4.166508389502432408e-01 -1.809360923692349132e-01 7.613647368918230462e-03 -1.036243467536572815e-01 -4.496823977187517363e-01 4.062429574231085638e-03 -1.036243467536572815e-01 -4.496823977187517363e-01 4.062429574231085638e-03 7.384598049160321365e-01 -3.815331628156148902e-02 -7.003064886344706474e-01
2.065958067914954732e-01 2.133807114537594751e-01 3.343884091846790474e-01 -2.103839671896210461e-01 -3.261450242448400427e-01 -2.591823517183420300e-01 -2.103839671896210461e-01 -3.261450242448400427e-01 -2.591823517183420300e-01 1.430792479318526711e-01 1.072109216663317266e-01 -2.502901695981843977e-01
2.314811265727284573e-01 5.249733480568186117e-02 -2.653560037015801898e-01 1.184074841339488593e-01 -8.240674128291380907e-02 -4.433418630469604382e-01 1.184074841339488593e-01 -8.240674128291380907e-02 -4.433418630469604382e-01 -5.875492847781820238e-01 -1.781733489917751712e-01 7.657226337699571950e-01
-3.698463029290917081e-01 -2.794306547716616240e-01 2.958438270836738493e-01 2.282959144935565732e-01 -1.464803023073515398e-01 4.446762998763372776e-01 2.282959144935565732e-01 -1.464803023073515398e-01 4.446762998763372776e-01 1.032281545378068266e+00 3.510009526682469350e-01 -1.383282498046315201e+00
2.726413691329292455e-01 4.199253314231555789e-01 -4.597007526952524570e-01 1.839917971157700727e-02 3.013606110591335874e-01 -2.898003595445309832e-01 1.839917971157700727e-02 3.013606110591335874e-01 -2.898003595445309832e-01 -3.822672480254923344e-01 -1.546949531960981616e+00 1.929216779986473895e+00
-2.387367936456887829e-01 -2.901784486881729963e-01 -6.025118275286978076e-02 -4.354427172769962384e-01 2.454416234201817204e-02 -3.618243510462091361e-01 -4.354427172769962384e-01 2.454416234201817204e-02 -3.618243510462091361e-01 1.426179226861643556e-01 2.581963653796021108e-01 -4.008142880657664664e-01
-3.043095999747443825e-01 -1.742232658706432957e-03 -3.160893040194900916e-01 -4.946020021622735685e-01 1.237826773041693640e-01 -6.805038430932186522e-02 -4.946020021622735685e-01 1.237826773041693640e-01 -6.805038430932186522e-02 2.493706974291813872e-01 -6.304462138156967654e-01 3.810755163865153783e-01
-2.564447331808805686e-02 -3.583069020015018369e-01 2.757372629889287552e-03 -2.985016703190979115e-02 1.165585118018592770e-01 7.698067867166391576e-02 -2.985016703190979115e-02 1.165585118018592770e-01 7.698067867166391576e-02 -3.658673921380624083e-01 6.977422144037479512e-01 -3.318748222656855429e-01
2.529605083656385478e-01 -4.547569718899802105e-02 1.898657243325538868e-01 3.890807624335634873e-02 -1.030514952008246832e-01 -3.310629672728538919e-01 3.890807624335634873e-02 -1.030514952008246832e-01 -3.310629672728538919e-01 -4.088950744613905064e-01 5.574485777198482372e-01 -1.485535032584577309e-01
-1.902640744947958762e-01 3.226550979307494238e-01 3.951729375319469328e-01 -4.097986235005651734e-01 3.572683694193851123e-01 3.885054968539645159e-01 -4.097986235005651734e-01 3.572683694193851123e-01 3.885054968539645159e-01 1.197030404945788273e+00 -3.313039700353138661e-01 -8.657264349104745182e-01
-1.054379422666484878e-01 -4.755566598293183844e-01 2.238242023033835126e-01 -1.850437572257279673e-02 1.453336279450256896e-02 -2.850424016680881412e-01 -1.850437572257279673e-02 1.453336279450256896e-02 -2.850424016680881412e-01 -5.796432276365681702e-02 9.510136426352375771e-01 -8.930493198715807601e-01
-2.590425289520713603e-01 7.977843272399032237e-03 4.699915509464102081e-01 1.567902396045561808e-01 4.648814633585446332e-01 -2.384207668110182032e-01 1.567902396045561808e-01 4.648814633585446332e-01 -2.384207668110182032e-01 1.307419740157525379e+00 1.356437693003307299e-01 -1.443063509457856330e+00
2.810358829262171732e-03 3.450559239073032192e-01 2.008995001370557087e-01 -1.467625500243090464e-01 4.330229117823749529e-01 -1.463062442271905184e-01 -1.467625500243090464e-01 4.330229117823749529e-01 -1.463062442271905184e-01 5.088972691538850013e-01 -4.448909845683045594e-01 -6.400628458558044187e-02
-3.498273658039668943e-01 4.895994546347302023e-01 3.951142789068773364e-02 -4.954764522705537022e-01 1.213806311497445112e-02 3.186934746895921933e-01 -4.954764522705537022e-01 1.213806311497445112e-02 3.186934746895921933e-01 1.044046485654085199e+00 -1.136492202974847210e+00 9.244571732076201087e-02
-2.065230112810091390e-01 1.480499833230140005e-01 -4.313582638539110725e-01 3.688802817000782497e-01 2.666270159686767727e-01 -2.614640532238308168e-01 3.688802817000782497e-01 2.666270159686767727e-01 -2.614640532238308168e-01 9.717487110387901250e-02 -1.083508938129496002e+00 9.863340670256171006e-01
6.731837983441146811e-02 4.070533088506924635e-01 3.048899800964417484e-01 2.198030060179686496e-01 4.087882636690144400e-01 3.695985483259631721e-01 2.198030060179686496e-01 4.087882636690144400e-01 3.695985483259631721e-01 5.562067771134141525e-01 -3.956053366322075382e-01 -1.606014404812066143e-01
-4.270147778659286741e-01 -2.631564088141560287e-01 2.080786743888647372e-01 -1.277026150072907429e-01 2.093905444640717928e-01 1.451461286676474227e-01 -1.277026150072907429e-01 2.093905444640717928e-01 1.451461286676474227e-01 1.038336257642382465e+00 2.246314235486958077e-01 -1.262967681191078384e+00
4.454844931271384478e-01 1.379174948546901813e-01 2.584114856438255448e-01 1.332568457098600723e-01 3.286860364040411486e-01 -4.609515820366759664e-01 1.332568457098600723e-01 3.286860364040411486e-01 -4.609515820366759664e-01 -5.307287476029887152e-01 4.736295162099731781e-01 5.709923139301553707e-02
-3.469744779786037014e-01 -1.961366529534102066e-01 3.440461686660994944e-01 -1.317557455436838554e-01 3.969408769455067265e-01 -1.270653928184406478e-01 -1.317557455436838554e-01 3.969408769455067265e-01 -1.270653928184406478e-01 1.135764295366220367e+00 2.773454326130468939e-01 -1.413109727979267483e+00
-4.854905049963790242e-01 4.880897499771350567e-01 1.149769651580401231e-02 -2.468836968079607397e-01 -7.716009322967332107e-02 1.047934846194075176e-01 -2.468836968079607397e-01 -7.716009322967332107e-02 1.047934846194075176e-01 1.266034873826549445e+00 -1.232848030140660134e+00 -3.318684368588931122e-02
2.629923610621642815e-03 8.129034344332730644e-02 -2.161831056131647832e-01 2.852758332722908907e-01 -2.704420100464463017e-01 -3.922281386073849241e-01 2.852758332722908907e-01 -2.704420100464463017e-01 -3.922281386073849241e-01 -1.208818334799535155e-01 -4.220988619296519584e-01 5.429806954096054739e-01
-3.563426383269302500e-01 3.765328905994062003e-01 1.101715819957558296e-01 -4.020214869071493391e-01 -3.561659187630380474e-01 1.615660384174323339e-01 -4.020214869071493391e-01 -3.561659187630380474e-01 1.615660384174323339e-01 1.113901437869461608e+00 -8.246813185485921682e-01 -2.892201193208694399e-01
4.426907069579355536e-01 -4.193845372099422875e-01 1.166243147182257633e-01 -4.635376827087849261e-01 -9.725547929454902985e-03 1.318818968722867968e-01 -4.635376827087849261e-01 -9.725547929454902985e-03 1.318818968722867968e-01 -1.646312654554806132e+00 1.782991186820438223e+00 -1.366785322656319801e-01
-3.669159486182528296e-01 -4.601841764714721394e-01 -1.299790511306618823e-01 -2.594892808140883966e-01 -4.135240430249891297e-01 -1.633719607114705319e-01 -2.594892808140883966e-01 -4.135240430249891297e-01 -1.633719607114705319e-01 1.696049970238535654e-01 3.789798654760253571e-01 -5.485848624998789225e-01
4.576037393658909380e-01 -3.308534401132672276e-01 3.579598107008219454e-02 -1.456399730877874221e-01 -1.743997960116225876e-01 3.381501437300247215e-01 -1.456399730877874221e-01 -1.743997960116225876e-01 3.381501437300247215e-01 -1.544139491112402229e+00 1.506947030042838032e+00 3.719246106956419773e-02
4.598786880062496474e-01 -3.903110329219705577e-01 4.862657596528747739e-01 -2.324066865709663032e-01 2.983558792960159245e-01 2.706582003131399183e-01 -2.324066865709663032e-01 2.983558792960159245e-01 2.706582003131399183e-01 -1.313352481157992413e+00 1.923885541322118531e+00 -6.105330601641261179e-01
4.940554446469334060e-01 1.716131858354345008e-01 -2.494091210411885084e-01 5.816623286981137397e-02 -1.030006349325870429e-01 -3.684040381465550906e-01 5.816623286981137397e-02 -1.030006349325870429e-01 -3.684040381465550906e-01 -9.050313939594282209e-01 -1.430230858376675407e-01 1.048054479797095873e+00
-1.663088266215703159e-01 3.265045428003492400e-01 2.702149313175326029e-01 -2.713203951967402272e-02 -2.491149702161095103e-01 -1.030218445273086703e-01 -2.713203951967402272e-02 -2.491149702161095103e-01 -1.030218445273086703e-01 9.364137311351384829e-01 -4.469987484958012347e-01 -4.894149826393372482e-01
4.859254198915419209e-02 3.479001240692047858e-02 -2.447094982567923349e-01 2.255423113793808554e-02 2.968071571471376791e-01 -2.501436091120822214e-01 2.255423113793808554e-02 2.968071571471376791e-01 -2.501436091120822214e-01 -2.681013782509052978e-01 -3.085695414002955772e-01 5.766709196512008750e-01
4.073274560269707356e-01 -4.924503338092678373e-02 1.884861607241946624e-01 4.634648286495901548e-02 3.720403240059748651e-01 -1.613665925487540731e-01 4.634648286495901548e-02 3.720403240059748651e-01 -1.613665925487540731e-01 -7.752046295247908558e-01 7.902392556232360477e-01 -1.503462609844519182e-02
-3.963839530994717197e-02 3.964697914030688164e-01 -2.812890845803464046e-01 -5.624250309337608389e-02 2.584183587263205739e-01 -7.322532296345052316e-02 -5.624250309337608389e-02 2.584183587263205739e-01 -7.322532296345052316e-02 1.387826797259704703e-01 -1.322911206500351433e+00 1.184128526774380852e+00
-1.257552505185078884e-01 -4.161330006840698870e-01 -6.263779198519625613e-02 -2.763831650047920974e-02 1.605352671428975642e-01 -1.947332234753206270e-01 -2.763831650047920974e-02 1.605352671428975642e-01 -1.947332234753206270e-01 -2.717804760243365259e-01 6.347030619209118596e-01 -3.629225858965753337e-01
-7.828202459182642681e-02 1.035928837340661657e-01 2.413117978131185115e-01 -7.384568782938061293e-02 -2.197608409753302183e-01 4.742154699407781226e-01 -7.384568782938061293e-02 -2.197608409753302183e-01 4.742154699407781226e-01 5.428628959513257524e-01 -3.763795621419085968e-02 -5.052249397371348927e-01
-4.748430356544274256e-01 -6.024355606983422540e-02 9.305495236551919458e-02 4.056762149751659274e-01 -1.678886087121744808e-03 1.683766806851252351e-01 4.056762149751659274e-01 -1.678886087121744808e-03 1.683766806851252351e-01 1.103949223235223265e+00 -1.972687876394420003e-01 -9.066804355957813755e-01
-1.933753026522547769e-01 -4.405663025358929064e-01 -4.325140949921992828e-01 -2.596907762782658668e-01 -1.374170355640305097e-01 -4.600838650739169644e-02 -2.596907762782658668e-01 -1.374170355640305097e-01 -4.600838650739169644e-02 -4.931180473899966499e-01 2.884435255529593789e-01 2.046745218370372710e-01
-6.724236788974491397e-03 -9.908727885374968292e-02 -1.060533158683116817e-01 4.888099773953187288e-01 6.875010839316952893e-02 -2.304267499580301415e-01 4.888099773953187288e-01 6.875010839316952893e-02 -2.304267499580301415e-01 -1.913182248039937416e-01 8.977256460124483084e-02 1.015456602027489108e-01
-3.237482929489297057e-01 4.678982565722402676e-01 2.472055041958495236e-01 3.575503693606650879e-01 -2.787729076243204984e-01 -4.307423631351250393e-01 3.575503693606650879e-01 -2.787729076243204984e-01 -4.307423631351250393e-01 1.316856291846747684e+00 -7.938421200429403024e-01 -5.230141718038072707e-01
-4.758481612559561924e-02 1.983444841468451347e-01 2.194055890200845571e-01 3.764290119326834105e-01 -4.749601327551287167e-01 4.984395249282610463e-01 3.764290119326834105e-01 -4.749601327551287167e-01 4.984395249282610463e-01 5.240504065549554946e-01 -1.971816227788271148e-01 -3.268687837761283799e-01
2.308421666424309571e-01 1.208167154272223875e-01 -1.798624126684222890e-01 7.335434358496950580e-02 -4.955934501669735370e-01 9.543705541825664440e-02 7.335434358496950580e-02 -4.955934501669735370e-01 9.543705541825664440e-02 -4.531236608634591212e-01 -2.344693645215853994e-01 6.875930253850445206e-01
3.303891886436550740e-01 -9.163878211950460262e-02 3.532437651610649265e-01 -4.922737112757674671e-01 3.577942983284760903e-01 -4.103077118177755889e-02 -4.922737112757674671e-01 3.577942983284760903e-01 -4.103077118177755889e-02 -5.019334375491919520e-01 8.841516339255813817e-01 -3.822181963763894297e-01
-2.446049875849213295e-01 2.281586747629894552e-01 4.507526773893726357e-01 4.768117323785653339e-01 -1.801903474828715490e-01 -2.686668281582849094e-02 4.768117323785653339e-01 -1.801903474828715490e-01 -2.686668281582849094e-02 1.381148500992740225e+00 -1.771624020942834665e-01 -1.203986098898456980e+00
-2.147071866476147894e-01 3.984724522339384567e-01 -9.193601977418874860e-02 1.716854099904607800e-02 -2.630762619288097293e-01 -4.972980569249777494e-01 1.716854099904607800e-02 -2.630762619288097293e-01 -4.972980569249777494e-01 5.889997134537665602e-01 -1.091357158350881429e+00 5.023574448971148687e-01
-4.567815241975858864e-02 4.992580271851141394e-01 3.797663671416678932e-01 3.744460483561975472e-01 3.800331106789028857e-01 3.086360546427709961e-01 3.744460483561975472e-01 3.800331106789028857e-01 3.086360546427709961e-01 9.503917134175575709e-01 -5.470450552796474186e-01 -4.033466581379101523e-01
2.226570854641656272e-01 1.546250733650165188e-01 -4.809874893797694284e-01 4.328158730283279132e-01 1.963951835511824617e-01 2.204241255780079456e-01 4.328158730283279132e-01 1.963951835511824617e-01 2.204241255780079456e-01 -5.756208181324078410e-01 -8.177788413624791364e-01 1.393399659494886977e+00
-1.779370071708992196e-01 7.355530627828921197e-02 -3.870276891513402262e-02 3.193510522679777752e-01 -1.891250878563456306e-01 2.334801540112106943e-01 3.193510522679777752e-01 -1.891250878563456306e-01 2.334801540112106943e-01 3.717538654039025392e-01 -3.411621233673294284e-01 -3.059174203657311075e-02
4.254833498407791792e-01 4.635885914344394232e-01 -7.669533165669439878e-02 2.012553405115030669e-01 -1.693284317660478377e-01 4.325941388355664108e-01 2.012553405115030669e-01 -1.693284317660478377e-01 4.325941388355664108e-01 -3.574009677411366104e-01 -7.538825165514912996e-01 1.111283484292628021e+00
-1.226418145477403687e-01 3.045022331898475931e-01 -3.568725334218294520e-01 2.054203356236914413e-01 -1.962840136941090829e-01 3.205239108779900370e-02 2.054203356236914413e-01 -1.962840136941090829e-01 3.205239108779900370e-02 1.388096817511262904e-01 -1.285084478406334219e+00 1.146274796655208039e+00
1.943941006059181076e-01 1.336921209865490345e-01 -1.683039728354575049e-01 -1.099353797308836311e-01 -6.013043222537384214e-02 1.644271081090200592e-01 -1.099353797308836311e-01 -6.013043222537384214e-02 1.644271081090200592e-01 -3.667857146197365248e-01 -2.899737475300809830e-01 6.567594621498175078e-01
-1.491174174123924834e-01 2.653986753372672425e-01 -4.163248823647981434e-01 -2.900563567270402210e-01 3.555568190472340184e-01 -3.012525818485004558e-01 -2.900563567270402210e-01 3.555568190472340184e-01 -3.012525818485004558e-01 1.048543361331660817e-01 -1.316622856453303347e+00 1.211768520320137377e+00
1.609641720351464578e-01 -2.868055982567992990e-01 1.305871853464235510e-02 -1.160159392997693883e-01 3.462665671519614685e-01 1.690191127667317605e-02 -1.160159392997693883e-01 3.462665671519614685e-01 1.690191127667317605e-02 -7.023057278581015250e-01 8.238996424035220922e-01 -1.215939145454205672e-01
-2.220363072288459305e-01 3.211898887349144971e-01 4.072308318432515950e-02 1.875810346201829404e-01 8.792976764637228104e-02 2.704830454230393588e-01 1.875810346201829404e-01 8.792976764637228104e-02 2.704830454230393588e-01 7.196425434470596905e-01 -7.428763790836987457e-01 2.323383563663905527e-02
-1.291328279525371103e-01 8.670060114191902034e-02 3.877186916088636304e-01 3.503220231803862994e-01 4.584072253948523468e-02 3.988615973331036679e-01 3.503220231803862994e-01 4.584072253948523468e-02 3.988615973331036679e-01 8.708706216034961534e-01 6.580514059555075956e-02 -9.366757621990469129e-01
-2.460077630701904550e-01 -2.989577898157897984e-01 -1.936983398018208291e-01 3.874535116524874256e-01 1.033317284448369566e-01 3.395387942810613735e-01 3.874535116524874256e-01 1.033317284448369566e-01 3.395387942810613735e-01 -6.752212448721817140e-04 1.542859894790127306e-01 -1.536107682341405489e-01
2.258290801594602382e-01 3.732844166760705962e-01 -2.709560947400322384e-01 -8.640489313504506885e-02 7.309416042623440024e-02 3.012615108362320937e-01 -8.640489313504506885e-02 7.309416042623440024e-02 3.012615108362320937e-01 -2.544172902834359595e-01 -1.041639025827286513e+00 1.296056316110722584e+00
-3.199214227428144319e-01 -3.488741774971734211e-01 -4.791603858580841813e-01 -4.239176381550241457e-01 -2.844160822341952333e-01 -3.503436689309836760e-01 -4.239176381550241457e-01 -2.844160822341952333e-01 -3.503436689309836760e-01 -1.765834115517518343e-01 -1.097784119715401463e-01 2.863618235232919806e-01
-2.887189044708969865e-01 7.243105862967225139e-02 -3.426126155856212829e-02 1.949559284933344294e-01 2.038443100476263758e-01 1.622708858228274487e-01 1.949559284933344294e-01 2.038443100476263758e-01 1.622708858228274487e-01 5.928874344555702391e-01 -4.157173945790010317e-01 -1.771700398765692075e-01
4.647247508826255480e-01 2.888205326651749338e-01 2.426045570174359955e-01 -4.288402214875109975e-01 -3.616985736269417995e-02 1.723637083549567350e-01 -4.288402214875109975e-01 -3.616985736269417995e-02 1.723637083549567350e-01 -3.915047452711238885e-01 1.450232723239830435e-01 2.464814729471408450e-01
4.804524589169412163e-02 -3.678592513011249565e-01 -3.468600240137136304e-01 1.311509455011615755e-01 3.616062942786887335e-01 2.008590621508303808e-01 1.311509455011615755e-01 3.616062942786887335e-01 2.008590621508303808e-01 -8.419972443820034069e-01 5.365213832029683827e-01 3.054758611790350242e-01
4.625555535081772307e-01 -2.603382516639196620e-02 -4.934246728843472152e-01 -1.416187754423293699e-01 -3.735005910889634961e-01 2.775295560892314661e-01 -1.416187754423293699e-01 -3.735005910889634961e-01 2.775295560892314661e-01 -1.245580136812064032e+00 3.419025705246481195e-02 1.211389879759599220e+00
3.177566231815553977e-01 -1.487090498483817358e-01 3.113613987213706968e-01 4.396046740332143488e-01 -3.699975964504451653e-01 1.057300931983714554e-01 4.396046740332143488e-01 -3.699975964504451653e-01 1.057300931983714554e-01 -6.007240904987212193e-01 9.631100979196697276e-01 -3.623860074209485083e-01
2.326781917303675229e-01 1.091473296151466155e-01 -3.988072611594623007e-01 1.806566125002634360e-01 -1.541195707800886439e-01 -1.042441711678075977e-01 1.806566125002634360e-01 -1.541195707800886439e-01 -1.042441711678075977e-01 -5.996836757345567204e-01 -5.304035501160504484e-01 1.130087225850607169e+00
-2.506415881778341070e-01 4.630499745558759317e-01 4.336716559085700418e-01 4.909941823500318936e-01 3.993740396931819703e-01 6.758782257389150949e-02 4.909941823500318936e-01 3.993740396931819703e-01 6.758782257389150949e-02 1.492577328278718252e+00 -5.399815107538029624e-01 -9.525958175249151783e-01
1.693644561610300192e-01 -9.808019674600809701e-02 8.289609561130562021e-02 1.883675550248175012e-01 2.830527119290451310e-01 4.060239148678025378e-01 1.883675550248175012e-01 2.830527119290451310e-01 4.060239148678025378e-01 -3.894567432352920022e-01 4.721661687180274125e-01 -8.270942548273541028e-02
-4.576376778083487418e-01 -2.212418948894134818e-02 3.434611816539525631e-01 -1.693462929677241879e-01 -3.862052213000179979e-01 3.967161788613382534e-02 -1.693462929677241879e-01 -3.862052213000179979e-01 3.967161788613382534e-02 1.581055439804804674e+00 -4.685801755481189268e-02 -1.534197422249992782e+00
1.311671226788713174e-02 -4.388330369401948206e-01 -4.398956515588657856e-01 4.205832050332872774e-01 3.647323664037671609e-01 3.686314208631666922e-01 4.205832050332872774e-01 3.647323664037671609e-01 3.686314208631666922e-01 -9.356627100906727001e-01 5.703098044631951247e-01 3.653529056274775755e-01
-3.533856344990727871e-01 -3.888188121412767817e-01 -4.371504139666338995e-01 4.176224565842503456e-01 -3.729227014232339155e-02 8.402564630353714925e-03 4.176224565842503456e-01 -3.729227014232339155e-02 8.402564630353714925e-03 -1.164208626384729550e-01 -1.345020663788676352e-02 1.298710692763597185e-01
-1.577453743853156620e-01 5.558836824786128616e-02 -4.201737311470595815e-01 -1.525588395612380577e-01 -3.123862668626791184e-01 -7.802854916886059478e-02 -1.525588395612380577e-01 -3.123862668626791184e-01 -7.802854916886059478e-02 -3.870499701626217703e-02 -8.013536651529334920e-01 8.400586621691956690e-01
2.283329204915558464e-01 -1.881284583169329228e-01 4.464838125743745278e-01 1.417245540390801306e-01 1.933374322192110695e-01 3.047730158722266047e-01 1.417245540390801306e-01 1.933374322192110695e-01 3.047730158722266047e-01 -2.728106986351588326e-01 9.864444282840977296e-01 -7.136337296489388970e-01
1.623180737805963725e-01 -3.222662965929385948e-01 7.536498218760168122e-02 -1.250894078838097334e-01 -3.051220073602676219e-01 2.548143496915487027e-01 -1.250894078838097334e-01 -3.051220073602676219e-01 2.548143496915487027e-01 -7.067799973550471515e-01 9.515903644914919246e-01 -2.448103671364447731e-01
-3.698155596234816711e-01 2.185350726445450809e-01 2.530898950847892959e-02 4.267073691321416895e-01 -5.797452158806892797e-03 -8.439494454106688526e-02 4.267073691321416895e-01 -5.797452158806892797e-03 -8.439494454106688526e-02 9.293267525116699623e-01 -6.579147081790466256e-01 -2.714120443326233367e-01
-2.703643294135423814e-01 -6.232251589077730802e-02 -1.204080175235244798e-01 -1.510332280029057506e-01 -1.478951347250090365e-02 3.489724778588422227e-01 -1.510332280029057506e-01 -1.478951347250090365e-02 3.489724778588422227e-01 3.496104093103286070e-01 -2.476325307617875948e-01 -1.019778785485410122e-01
-6.443273557670814444e-02 1.580330970873095042e-01 3.968979572096930086e-01 -2.104138212427466570e-01 3.889497951158920053e-01 -4.529328130918774953e-03 -2.104138212427466570e-01 3.889497951158920053e-01 -4.529328130918774953e-03 7.856409452532423510e-01 1.302105796864794218e-02 -7.986620032218902931e-01
-2.569137101877572160e-01 4.903564462178147121e-01 -8.016736207191244024e-02 -3.239690269496410258e-01 1.808204329727368664e-01 -4.168822922811177278e-02 -3.239690269496410258e-01 1.808204329727368664e-01 -4.168822922811177278e-02 7.196705635462813389e-01 -1.295535725799800364e+00 5.758651622535189141e-01
