-4.692443664542148563e-01 -2.249864125259856129e-01 1.428528743614638774e-01 -3.029953280445796260e-02 2.027304090671289138e-01 -2.226201305707161682e-01 -3.029953280445796260e-02 2.027304090671289138e-01 -2.226201305707161682e-01 1.061009720340511109e+00 9.105713368039425326e-02 -1.152066854020905362e+00
-1.822823386191206874e-01 1.326975047600752466e-01 -1.715885513251743655e-01 1.677992611939540524e-01 -3.392414986401312005e-01 9.533281744399135782e-02 1.677992611939540524e-01 -3.392414986401312005e-01 9.533281744399135782e-02 2.809475857068326476e-01 -6.258532100102229823e-01 3.449056243033903346e-01
-1.679385335514428368e-01 3.848869551123312860e-01 4.542362784701258205e-01 5.491179785767053012e-02 -2.486129239456909001e-01 9.380341064352926139e-02 5.491179785767053012e-02 -2.486129239456909001e-01 9.380341064352926139e-02 1.287653314202656052e+00 -3.576787581364498925e-01 -9.299745560662060484e-01
-8.302665935211406278e-02 -1.727676031510874122e-01 -4.440989359238821654e-01 2.768554453726893572e-01 -3.222618776053637335e-01 -2.559080910165391076e-01 2.768554453726893572e-01 -3.222618776053637335e-01 -2.559080910165391076e-01 -3.969622427492229821e-01 -2.178187429903921668e-01 6.147809857396151489e-01
-9.385044829444233461e-02 3.118082457104649485e-01 -2.443603041451181124e-02 4.506689792195358590e-01 4.307128598533893626e-02 -4.526616837214431088e-01 4.506689792195358590e-01 4.307128598533893626e-02 -4.526616837214431088e-01 4.053427015955292090e-01 -7.331432697854983749e-01 3.278005681899691659e-01
-6.149069070611123955e-02 -1.749664108563843135e-01 3.943932629706237147e-01 -1.388756032297312482e-01 3.250591075282955877e-01 -6.352342613640782343e-02 -1.388756032297312482e-01 3.250591075282955877e-01 -6.352342613640782343e-02 4.574025721312777737e-01 5.542770157299601319e-01 -1.011679587861237906e+00
2.090279220637561997e-01 3.265084332476586582e-01 -1.167521617190730998e-01 -8.925883046571592150e-02 3.877960899371835080e-02 4.580837643460115016e-01 -8.925883046571592150e-02 3.877960899371835080e-02 4.580837643460115016e-01 -1.671938986574883490e-01 -6.686203904071810200e-01 8.358142890646693690e-01
-3.667562502550014703e-01 -4.829619540363471186e-01 -2.877709713659786228e-01 -3.363709909684809984e-01 -2.609227598155094974e-01 3.574080899977705172e-02 -3.363709909684809984e-01 -2.609227598155094974e-01 3.574080899977705172e-02 -4.103850945381481985e-02 3.005493744904785824e-01 -2.595108650366637626e-01
-1.363652935244087372e-01 -1.853476877409798718e-02 4.685419850547711818e-01 3.173552624666746702e-01 -3.724035662322355833e-01 5.353758639657735241e-02 3.173552624666746702e-01 -3.724035662322355833e-01 5.353758639657735241e-02 9.422357430874644946e-01 2.744268053062040025e-01 -1.216662548393668608e+00
-1.578787663505876182e-02 2.562706040664312068e-01 3.495047730420353105e-01 -1.113202978052759695e-01 -2.053291149825027251e-01 -2.173534953742081166e-01 -1.113202978052759695e-01 -2.053291149825027251e-01 -2.173534953742081166e-01 6.791259271791817431e-01 -1.491704434073882757e-01 -5.299554837717934674e-01
-3.760124355808884822e-01 -1.676598344410064056e-01 1.275684299641680619e-01 2.197972477573923999e-01 -4.246381636588120179e-01 1.174989447158635292e-01 2.197972477573923999e-01 -4.246381636588120179e-01 1.174989447158635292e-01 8.427150008963727457e-01 6.755904526763978346e-02 -9.102740461640125291e-01
-4.840635663478536355e-01 -4.613273269658472175e-01 6.076588528089776897e-02 2.675423000546480745e-01 4.759926497492460440e-01 1.049357843177112226e-01 2.675423000546480745e-01 4.759926497492460440e-01 1.049357843177112226e-01 7.467939971791384135e-01 3.842428892998545065e-01 -1.131036886478992809e+00
-4.909556164663374522e-01 5.949587074606421666e-02 4.695977907571616816e-01 -2.049879843593704898e-01 6.415407369446790575e-02 5.204427186665017135e-02 -2.049879843593704898e-01 6.415407369446790575e-02 5.204427186665017135e-02 2.036452821406400382e+00 -8.689323062925846664e-02 -1.949559590777142137e+00
-2.000810803007676553e-01 3.807806714614138111e-01 -7.999613145367745481e-02 -3.946756827568280723e-01 -3.790466389413436055e-01 2.219914194668456409e-01 -3.946756827568280723e-01 -3.790466389413436055e-01 2.219914194668456409e-01 5.681765542088744736e-01 -1.025888895344240659e+00 4.577123411353662963e-01
5.128970220670148183e-02 -3.666751359289253109e-01 2.090698999774585065e-01 -4.750581317741885412e-01 -4.358109158528781224e-01 2.747465124939931780e-01 -4.750581317741885412e-01 -4.358109158528781224e-01 2.747465124939931780e-01 -3.479584692019719316e-01 9.565814776495380478e-01 -6.086230084475661162e-01
1.034730573112548901e-01 -4.150382632248517112e-02 -4.257321684698979203e-01 -2.381889104923913258e-01 -2.362823968299561095e-01 7.254667791052982206e-02 -2.381889104923913258e-01 -2.362823968299561095e-01 7.254667791052982206e-02 -5.669398834592850323e-01 -3.124678722996461211e-01 8.794077557589311533e-01
-4.983552422399295523e-01 2.286108597853029334e-01 -1.235084532295063209e-01 4.088606808301944451e-01 2.734760421167790057e-01 -1.087599262777583231e-01 4.088606808301944451e-01 2.734760421167790057e-01 -1.087599262777583231e-01 9.713952381013759574e-01 -9.387049131141425029e-01 -3.269032498723345448e-02
2.178100404080511865e-01 2.397166851528983456e-01 -5.025718197725947967e-02 -3.555990989843573757e-01 1.215681935233470234e-01 1.883283209622653720e-01 -3.555990989843573757e-01 1.215681935233470234e-01 1.883283209622653720e-01 -2.134751992753798344e-01 -3.580610006153429614e-01 5.715361998907227958e-01
-2.803486977661047153e-01 1.465921040593796132e-01 7.179585171789470976e-02 2.674947327232769512e-01 -3.934384106148230975e-01 3.209187544951479509e-01 2.674947327232769512e-01 -3.934384106148230975e-01 3.209187544951479509e-01 7.696118966953555685e-01 -4.251623788619722788e-01 -3.444495178333832897e-01
2.719700380241929505e-01 -1.715452411961297940e-01 -7.355250939214885708e-02 4.037459828571657861e-01 1.517428249700102372e-01 3.898153270002601145e-01 4.037459828571657861e-01 1.517428249700102372e-01 3.898153270002601145e-01 -8.503246513036410992e-01 6.515195292507128810e-01 1.988051220529282181e-01
-7.470970470764914939e-02 2.742883578829460323e-01 3.229106307874117787e-01 -4.832213992836656979e-01 -3.033675864646812048e-01 2.628023875009022348e-02 -4.832213992836656979e-01 -3.033675864646812048e-01 2.628023875009022348e-02 7.828843790604026465e-01 -2.471463653405736594e-01 -5.357380137198289871e-01
3.521794762396760481e-01 3.135188367775729734e-01 -2.623573112071286850e-02 2.987269871549024236e-01 -2.278161807678781292e-01 -2.804627123432766878e-01 2.987269871549024236e-01 -2.278161807678781292e-01 -2.804627123432766878e-01 -3.544716394694970019e-01 -3.651851271893900019e-01 7.196567666588870038e-01
-4.395928318664400480e-01 7.459120900965265921e-02 -1.875063928952097614e-01 4.439710844645360366e-01 4.193263975220384854e-01 -3.884109943429766565e-01 4.439710844645360366e-01 4.193263975220384854e-01 -3.884109943429766565e-01 6.887189244905425056e-01 -7.016650552464585022e-01 1.294613075591599660e-02
4.746847379175000992e-01 2.520339841129084490e-01 9.309516184036903397e-02 -5.119942005193567347e-02 -2.490635740763991191e-01 2.570979215691382436e-03 -5.119942005193567347e-02 -2.490635740763991191e-01 2.570979215691382436e-03 -5.666089318761898808e-01 7.711792696577179917e-02 4.894910049104180816e-01
-4.339988774529387472e-01 -9.384788432413848636e-02 -1.284712771790073038e-01 3.983753626020825056e-02 3.869484599134358493e-01 -3.973477741765902849e-01 3.983753626020825056e-02 3.869484599134358493e-01 -3.973477741765902849e-01 6.456780891311217907e-01 -3.235669020029474652e-01 -3.221111871281743255e-01
1.793625964913760917e-01 3.696625577579778499e-01 -3.226337858168603079e-01 -3.066681416359353651e-01 -8.509688855189834200e-02 -4.779298283825532678e-01 -3.066681416359353651e-01 -8.509688855189834200e-02 -4.779298283825532678e-01 -2.213901149268886481e-01 -1.171587934314141322e+00 1.392978049241030192e+00
1.154001669174503641e-01 -1.814694937478464887e-01 -2.830454083645157493e-01 2.385418684063326245e-01 -4.962341748089518223e-01 -4.402814759770937725e-01 2.385418684063326245e-01 -4.962341748089518223e-01 -4.402814759770937725e-01 -6.742770798786830166e-01 2.387259520580873318e-01 4.355511278205956849e-01
-4.922835271792862510e-01 -2.298285108156823409e-01 -4.328519558761886321e-01 3.376202409444722941e-01 -1.016163638322726825e-01 -9.214159815116940155e-02 3.376202409444722941e-01 -1.016163638322726825e-01 -9.214159815116940155e-02 2.920721764465422643e-01 -4.559402272348641594e-01 1.638680507883218951e-01
-4.169955503826654475e-01 -4.781727319050467218e-01 -1.462675478353558933e-02 3.244027222349633588e-01 -2.836393411184502389e-01 3.189059475323564596e-01 3.244027222349633588e-01 -2.836393411184502389e-01 3.189059475323564596e-01 4.322754572644686988e-01 4.340381645984409120e-01 -8.663136218629096108e-01
-1.406910701646796324e-01 4.701211592614090717e-01 2.193519653244638823e-01 -3.778103659691077754e-01 1.447429029860414218e-01 4.281449277996640657e-02 -3.778103659691077754e-01 1.447429029860414218e-01 4.281449277996640657e-02 8.904813772298835195e-01 -7.421037385131147301e-01 -1.483776387167687894e-01
3.774521941883601794e-02 3.756174915270663606e-01 -1.937379071900310334e-01 2.608785914729303546e-01 -3.122344196260841143e-01 4.511431462238100210e-01 2.608785914729303546e-01 -3.122344196260841143e-01 4.511431462238100210e-01 8.006969335091040918e-02 -1.053841202865230198e+00 9.737715095143196775e-01
-3.590861263696920602e-02 9.096970293545070252e-02 1.034963090824639886e-01 4.660196479317808560e-01 -6.267969479739510241e-02 -8.675056262213964864e-02 4.660196479317808560e-01 -6.267969479739510241e-02 -8.675056262213964864e-02 2.687486488380719241e-01 -1.067106745125004919e-01 -1.620379743255714322e-01
1.230186193345603751e-01 1.084555750798762430e-01 -1.868082025210258124e-01 2.068903640642527630e-02 -1.947151746030015840e-01 -1.591581488912182651e-01 2.068903640642527630e-02 -1.947151746030015840e-01 -1.591581488912182651e-01 -2.810956178176977627e-01 -3.288110900416196802e-01 6.099067078593174429e-01
3.599326513042674369e-01 1.816772153532776324e-01 1.329731291287228334e-01 -9.751374751017127807e-02 1.885778893039200543e-01 6.533421731032551527e-02 -9.751374751017127807e-02 1.885778893039200543e-01 6.533421731032551527e-02 -3.981775209974758312e-01 1.452209395123049696e-01 2.529565814851708616e-01
-2.510350788649361453e-01 6.105447968241572987e-02 1.713028174135743376e-01 -2.016428803773664402e-01 -4.038723513725246406e-01 6.593732488964731964e-02 -2.016428803773664402e-01 -4.038723513725246406e-01 6.593732488964731964e-02 7.936079304949718027e-01 -1.636957175399800235e-01 -6.299122129549917792e-01
2.462634777320461543e-01 2.987935435699622388e-01 -3.265686733210398929e-01 -6.560160363694078622e-02 -4.292918166842296657e-02 -3.345209919843519231e-01 -6.560160363694078622e-02 -4.292918166842296657e-02 -3.345209919843519231e-01 -3.848997422290310055e-01 -9.200969968628550655e-01 1.304996739091885960e+00
2.454382276225132165e-01 -4.443736224608374474e-02 4.055533045590206109e-01 4.267836060858573033e-01 -9.468750106696688373e-02 -3.988887189324288318e-01 4.267836060858573033e-01 -9.468750106696688373e-02 -3.988887189324288318e-01 -1.626153104498528901e-01 6.986271304908251434e-01 -5.360118200409722533e-01
-1.221240229216439266e-01 -7.551139157041841798e-02 -1.952712916097470996e-01 4.592243317081990961e-01 2.753947398569496219e-01 1.972285764993124690e-01 4.592243317081990961e-01 2.753947398569496219e-01 1.972285764993124690e-01 -2.499311371694901140e-02 -1.727691193978460049e-01 1.977622331147950163e-01
1.357293882924806017e-01 -1.974797809324523312e-01 -5.945016757208176905e-02 4.600311684766622555e-02 8.134138211768393578e-02 3.474906996271998061e-01 4.600311684766622555e-02 8.134138211768393578e-02 3.474906996271998061e-01 -5.727522243400708923e-01 5.243662549028248465e-01 4.838596943724604582e-02
-2.245990713935880345e-01 3.808342197558789444e-01 6.219289516574100229e-02 -2.463738148461960265e-01 -1.119814899279720777e-01 1.653187713627771727e-01 -2.463738148461960265e-01 -1.119814899279720777e-01 1.653187713627771727e-01 7.863091848357501856e-01 -8.294200965423605965e-01 4.311091170661041083e-02
-2.252043091751003701e-01 1.974163239854369589e-01 -2.883693642281626168e-02 4.287117326588727462e-01 4.442509868174902010e-01 -4.003126044748595014e-02 4.287117326588727462e-01 4.442509868174902010e-01 -4.003126044748595014e-02 5.616467109071049402e-01 -5.985659912014332784e-01 3.691928029432833824e-02
-4.276557459056550270e-01 -8.370907040146258193e-02 -4.847447999072374003e-01 -1.648733799101979036e-01 3.469342197302595077e-01 4.904169345825772908e-01 -1.648733799101979036e-01 3.469342197302595077e-01 4.904169345825772908e-01 2.355432208951694362e-01 -7.844038926060218353e-01 5.488606717108523991e-01
-4.501207454837303779e-01 -4.934712443003049787e-01 -5.512971106175579283e-02 4.429384189575605868e-01 -1.626188489043115526e-01 4.678517686731967773e-01 4.429384189575605868e-01 -1.626188489043115526e-01 4.678517686731967773e-01 4.400670246398790120e-01 3.991984376929406109e-01 -8.392654623328196228e-01
2.275225485779123202e-01 7.409994025755006763e-02 3.521324057880941272e-01 1.880648800421235167e-01 -2.304978045305561274e-02 -2.004019891688590960e-01 1.880648800421235167e-01 -2.304978045305561274e-02 -2.004019891688590960e-01 -3.311110945575146403e-02 4.085453231813193087e-01 -3.754342137255678447e-01
-8.022173046108571626e-02 -5.585850039589201899e-02 -4.007727124025243226e-01 4.583137362664583270e-01 3.594115311217745967e-01 -4.558885357389854676e-01 4.583137362664583270e-01 3.594115311217745967e-01 -4.558885357389854676e-01 -2.501821055619729561e-01 -4.359376352497089657e-01 6.861197408116819219e-01
-4.691268654037582531e-01 3.174355512907705013e-01 -3.815559976221941652e-01 -3.304223243327309989e-01 -3.088205352090140909e-01 -2.477852907484274780e-01 -3.304223243327309989e-01 -3.088205352090140909e-01 -2.477852907484274780e-01 6.361120060893381556e-01 -1.556315350799744035e+00 9.202033447104058794e-01
4.541745778954485724e-01 -3.214887032120858912e-01 -2.687501572226990154e-01 -4.666336465412564971e-01 -4.234121909836353614e-01 1.216433625071482449e-01 -4.666336465412564971e-01 -4.234121909836353614e-01 1.216433625071482449e-01 -1.686701603133522465e+00 1.223404314848535179e+00 4.632972882849872853e-01
4.324124648437370766e-01 -4.382281778574039777e-01 3.758339023716642524e-01 -2.968130477221339047e-01 -3.617559617754187995e-01 2.684960611350173387e-02 -2.968130477221339047e-01 -3.617559617754187995e-01 2.684960611350173387e-02 -1.443448259814839041e+00 1.945385818174891757e+00 -5.019375583600524937e-01
1.845690429035141689e-01 -2.469161710856740966e-01 1.261621854159851175e-01 -1.554811881501774184e-01 -3.938374530818691266e-01 -1.963338364795449431e-01 -1.554811881501774184e-01 -3.938374530818691266e-01 -1.963338364795449431e-01 -5.962762817727392806e-01 8.509311026952823820e-01 -2.546548209225431014e-01
-4.926684914513941305e-01 -3.542754179619793664e-01 2.199018618057535512e-01 -1.724177713319444694e-01 4.625886789790600861e-02 4.051709311418065784e-01 -1.724177713319444694e-01 4.625886789790600861e-02 4.051709311418065784e-01 1.168469706235105710e+00 3.075883452517366168e-01 -1.476058051486842437e+00
-1.699848147296657563e-01 -3.565896269106876293e-01 1.580796165788821428e-01 -3.649539214718581226e-01 -4.460912679236430645e-01 -1.300333347361244396e-01 -3.649539214718581226e-01 -4.460912679236430645e-01 -1.300333347361244396e-01 1.831274880392212978e-01 6.074526754469681267e-01 -7.905801634861894245e-01
-4.388243349203617694e-01 2.512041508580659110e-01 2.181725845873593306e-01 -5.208214181067627457e-02 2.033343212602447547e-01 -2.048670975359154767e-01 -5.208214181067627457e-02 2.033343212602447547e-01 -2.048670975359154767e-01 1.427428931529355793e+00 -5.320213836075667890e-01 -8.954075479217888933e-01
-1.107453350420204430e-01 3.493960234958795041e-01 -2.513195948132809221e-01 -1.468795993181304382e-02 -1.182728219322825014e-01 8.887776627524279771e-02 -1.468795993181304382e-02 -1.182728219322825014e-01 8.887776627524279771e-02 2.376647267752329817e-01 -1.192228794158350702e+00 9.545640673831176093e-01
-2.845966309036817021e-01 2.000090282490396554e-01 -2.375009875170537299e-01 4.494865486275796407e-01 3.405355090583372935e-01 -4.964668732382940819e-01 4.494865486275796407e-01 3.405355090583372935e-01 -4.964668732382940819e-01 4.322822206155642055e-01 -9.329057722370860395e-01 5.006235516215218340e-01
3.000022489542530924e-02 -4.184797158905813053e-01 -4.421825757631168141e-01 -3.498687907911760542e-01 -3.671469559075164479e-01 1.172389661740567135e-01 -3.498687907911760542e-01 -3.671469559075164479e-01 1.172389661740567135e-01 -9.422905682540118066e-01 5.419440636909229614e-01 4.003465045630888453e-01
1.489059942021947469e-01 4.466613494727761369e-01 2.397903482691000621e-01 -2.411744051962040336e-01 1.361504173762017045e-01 3.791032005637209323e-01 -2.411744051962040336e-01 1.361504173762017045e-01 3.791032005637209323e-01 3.526593871023835369e-01 -4.873409536691819532e-01 1.346815665667984163e-01
-1.016542482787912149e-01 -2.693941599591276326e-01 4.076863633596302661e-01 3.968921212622775752e-01 4.507358001319263785e-01 1.799355658638337463e-01 3.968921212622775752e-01 4.507358001319263785e-01 1.799355658638337463e-01 4.815645006027908792e-01 6.745307726602208787e-01 -1.156095273263011869e+00
4.330317754527828189e-01 -2.496719730099522527e-01 2.805011358677882427e-01 3.163794707275814355e-01 -2.907731289813687559e-01 2.769633487015483730e-01 3.163794707275814355e-01 -2.907731289813687559e-01 2.769633487015483730e-01 -1.120689233925636685e+00 1.390718736645441433e+00 -2.700295027198048592e-01
-3.511388383354091536e-01 -4.744268230958279542e-01 4.546012131472413342e-01 -5.773558070394002595e-02 -2.371645568129290282e-01 -3.178694807077233619e-01 -5.773558070394002595e-02 -2.371645568129290282e-01 -3.178694807077233619e-01 1.107142236697919557e+00 7.362727566173361549e-01 -1.843414993315255712e+00
3.596270273081487723e-01 2.320840516697060263e-01 -2.501601089362224251e-01 9.755528686310233066e-02 2.326067733669897608e-01 4.294618968620933508e-01 9.755528686310233066e-02 2.326067733669897608e-01 4.294618968620933508e-01 -5.925671478733107733e-01 -4.836715162661335832e-01 1.076238664139444356e+00
1.024398154538735950e-01 1.503062406947307528e-01 2.108871430932370838e-01 -3.168728949844752396e-01 -2.988444629312969614e-02 2.588770758715255305e-01 -3.168728949844752396e-01 -2.988444629312969614e-02 2.588770758715255305e-01 1.612850910158390993e-01 1.204349102174573360e-02 -1.733285820375848330e-01
-4.532936083179283093e-01 -3.264004661229076287e-01 -2.401550417761827427e-01 3.848389835230092704e-01 1.476477604726175175e-01 -3.640447951203196197e-02 3.848389835230092704e-01 1.476477604726175175e-01 -3.640447951203196197e-02 3.567283323426688746e-01 -3.654126799518198077e-02 -3.201870643474868938e-01
-2.378118639186412864e-01 -4.740559838578257690e-01 6.521978259663607780e-02 -2.245148522415170156e-01 8.670664871312983024e-02 4.158071872234153643e-01 -2.245148522415170156e-01 8.670664871312983024e-02 4.158071872234153643e-01 8.747386550096702962e-02 6.833129952203464974e-01 -7.707868607213135270e-01
-2.522372399255664588e-01 -2.634121927245212103e-01 1.869417225912610725e-01 1.859635670812338493e-01 -3.381922490062465592e-01 -3.253396722867450963e-01 1.859635670812338493e-01 -3.381922490062465592e-01 -3.253396722867450963e-01 5.401952850608502388e-01 3.738351006406219756e-01 -9.140303857014722144e-01
3.268058780332100399e-01 3.629567820608180506e-01 2.069289381953454132e-02 6.920281558558094570e-02 3.421441992956706368e-01 -1.241207007295842546e-01 6.920281558558094570e-02 3.421441992956706368e-01 -1.241207007295842546e-01 -2.281913122675880423e-01 -4.436371015630811154e-01 6.718284138306691577e-01
-6.493766790420296697e-02 -8.726260984591382996e-02 -2.305011320859086110e-01 2.355037829381037007e-01 -2.971684460507476588e-01 -4.102720440402218838e-01 2.355037829381037007e-01 -2.971684460507476588e-01 -4.102720440402218838e-01 -1.751599273942986423e-01 -1.314290163802807054e-01 3.065889437745793478e-01
3.080203215558905416e-01 -4.935678928638579377e-01 2.353850679282976088e-02 3.914601488883026059e-01 -2.626769127958858974e-01 -3.605013593806215555e-01 3.914601488883026059e-01 -2.626769127958858974e-01 -3.605013593806215555e-01 -1.476674335068204336e+00 1.632835028881814754e+00 -1.561606938136101963e-01
2.278934984274034736e-01 -4.905857859025176682e-01 -1.513932620576146082e-01 -4.338703454137963211e-01 2.650424233568000609e-01 3.323332319021200520e-01 -4.338703454137963211e-01 2.650424233568000609e-01 3.323332319021200520e-01 -1.366962036002933312e+00 1.338966083748194258e+00 2.799595225473916482e-02
-1.346322979283643972e-01 -3.973859125548268034e-01 -3.304696839287687427e-01 -1.428621555556003342e-01 -1.689134327649084444e-01 -1.623742154471639054e-01 -1.428621555556003342e-01 -1.689134327649084444e-01 -1.623742154471639054e-01 -4.783603375109207745e-01 3.652327065500362568e-01 1.131276309608845176e-01
4.619281521227319720e-01 -7.994749629669950508e-02 -4.819417235126421950e-02 -1.199663740121069688e-01 -4.125676409996326122e-02 -2.746169762627582722e-01 -1.199663740121069688e-01 -4.125676409996326122e-02 -2.746169762627582722e-01 -1.118806380137765011e+00 7.504829892062502283e-01 3.683233909315147825e-01
3.835357348871609728e-01 -3.158866758003265884e-01 -8.032850901730781423e-02 3.189030951112736822e-01 -2.235861677959368743e-01 -3.575804136192950455e-02 3.189030951112736822e-01 -2.235861677959368743e-01 -3.575804136192950455e-02 -1.383741002520871843e+00 1.222460218898190121e+00 1.612807836226817226e-01
3.302552123193123190e-01 1.561416194029443538e-01 1.179425812022971698e-02 -1.620335014424890696e-01 2.987457554789091363e-01 -9.089812322236268116e-02 -1.620335014424890696e-01 2.987457554789091363e-01 -9.089812322236268116e-02 -4.629232812386573359e-01 3.490541514848355398e-02 4.280178660901737819e-01
4.508608038638601823e-01 2.326367971554796910e-01 2.734097809392088685e-01 6.430147863547353015e-02 6.480802632945037445e-02 2.141601394372311118e-01 6.430147863547353015e-02 6.480802632945037445e-02 2.141601394372311118e-01 -4.064636588351346891e-01 2.838186192079060755e-01 1.226450396272286136e-01
1.541817091089298097e-01 -1.277223576431240071e-01 -8.518608687450845984e-02 4.785396144066820234e-01 9.309099818123800496e-02 -4.806770088512778427e-01 4.785396144066820234e-01 9.309099818123800496e-02 -4.806770088512778427e-01 -5.385262122351679448e-01 3.672958352360908840e-01 1.712303769990770608e-01
3.834876215692561985e-02 3.809406870394741462e-01 1.076808523218445446e-01 -4.491925506522724820e-01 -2.282183616984916341e-01 -1.180665487967346161e-01 -4.491925506522724820e-01 -2.282183616984916341e-01 -1.180665487967346161e-01 3.618642253122170693e-01 -6.043138297299361916e-01 2.424496044177191223e-01
1.800725290316400606e-01 4.557972290313525576e-01 -4.565952403945601201e-01 -4.974061021395659310e-02 -1.109447462702326526e-01 2.276016896400101519e-01 -4.974061021395659310e-02 -1.109447462702326526e-01 2.276016896400101519e-01 -2.299694460206160862e-01 -1.731251454063658102e+00 1.961220900084274188e+00
-3.319932247583169405e-01 3.842378204846296219e-01 -2.425645899734065747e-01 4.439006592421002040e-01 4.155521496816565463e-01 -4.910332813900809557e-01 4.439006592421002040e-01 4.155521496816565463e-01 -4.910332813900809557e-01 6.049590244466069855e-01 -1.383026075277287603e+00 7.780670508306806177e-01
-1.211337587503780178e-02 3.955999190863447312e-01 -2.392121599189449555e-01 3.529100133501927861e-01 3.230563917552143893e-01 1.299136194292150881e-01 3.529100133501927861e-01 3.230563917552143893e-01 1.299136194292150881e-01 1.316725041700492760e-01 -1.221498004747515687e+00 1.089825500577466411e+00
-1.934924888344375926e-01 4.609554552632346702e-01 -2.039637106045995019e-01 -3.837424931057898947e-01 2.203441410267619194e-01 3.963613116989237461e-01 -3.837424931057898947e-01 2.203441410267619194e-01 3.963613116989237461e-01 4.698545078047067225e-01 -1.424604443673414655e+00 9.547499358687079329e-01
2.973854957853799830e-01 -3.757124562063500761e-01 2.065040875977151025e-01 1.883301181212589936e-01 5.930312753437838591e-02 -3.908431990047696036e-01 1.883301181212589936e-01 5.930312753437838591e-02 -3.908431990047696036e-01 -1.047174847689531063e+00 1.401642139731062997e+00 -3.544672920415319339e-01
-3.607212846808446338e-01 -4.306471473367998737e-01 -1.850457816331763095e-01 4.945909495495977026e-01 -4.045738555055504726e-01 -4.255797280165661833e-01 4.945909495495977026e-01 -4.045738555055504726e-01 -4.255797280165661833e-01 1.196225076152792610e-01 2.901946832165117618e-01 -4.098171908317910228e-01
-2.801900261111156532e-01 2.035458504130363000e-01 -1.803288909047704447e-01 1.750208177541265897e-01 2.373211750707343581e-01 2.871418189485255290e-01 1.750208177541265897e-01 2.373211750707343581e-01 2.871418189485255290e-01 4.885414532027460011e-01 -8.514855490389635628e-01 3.629440958362175618e-01
-2.275468337150512443e-01 -4.759983973342513108e-01 2.937260663700138608e-01 3.707220481039575910e-01 -4.187726740806336778e-01 1.928878764483116237e-01 3.707220481039575910e-01 -4.187726740806336778e-01 1.928878764483116237e-01 4.021313425394101859e-01 8.188980607549913859e-01 -1.221029403294401572e+00
-3.157557157824480987e-01 -1.098910547701744678e-01 -2.502061817046630221e-01 -1.245617261993233749e-01 4.657474325376224078e-01 4.913223917347123715e-01 -1.245617261993233749e-01 4.657474325376224078e-01 4.913223917347123715e-01 2.538023987171552642e-01 -3.366931111519207986e-01 8.289071243476553441e-02
4.920331181331382142e-01 1.656155085568743468e-01 2.903606294937388643e-02 -7.025609750680461563e-02 8.312271203907750650e-02 -4.784526088853138237e-01 -7.025609750680461563e-02 8.312271203907750650e-02 -4.784526088853138237e-01 -7.565995664648800245e-01 2.396481061130826262e-01 5.169514603517973983e-01
-3.416223504694596569e-01 -3.492484262500470393e-01 3.664783808124481013e-01 -2.707704441998559641e-02 2.499927640814563201e-01 -2.243088593376165729e-01 -2.707704441998559641e-02 2.499927640814563201e-01 -2.243088593376165729e-01 1.022476600527633783e+00 5.188185356651918712e-01 -1.541295136192825765e+00
2.804967809466923923e-01 1.455411519214758753e-01 4.169015103644992948e-01 4.794102534975662744e-01 -4.703499185929939097e-01 3.041484974233438221e-01 4.794102534975662744e-01 -4.703499185929939097e-01 3.041484974233438221e-01 1.659677342863430383e-03 3.821442706433180181e-01 -3.838039479861814485e-01
2.054193261138665960e-01 -1.638404984845396317e-01 4.021530576911647170e-02 -4.334312003511298084e-02 4.309067129755854708e-01 -4.240170477574015662e-01 -4.334312003511298084e-02 4.309067129755854708e-01 -4.240170477574015662e-01 -5.989426994259711146e-01 6.312465674053767684e-01 -3.230386797940565380e-02
-2.493030421358486404e-01 -1.058371418187520341e-02 -4.688457017547620342e-01 -2.318539110651305357e-01 -3.909389350241299077e-02 3.208719242578497166e-01 -2.318539110651305357e-01 -3.909389350241299077e-02 3.208719242578497166e-01 1.524998741896110843e-02 -7.936873170969281910e-01 7.784373296779670826e-01
2.030988760965960482e-01 -2.174794663507026993e-01 4.274742460407388034e-02 -3.524450668923430063e-01 -2.770652694159569940e-01 2.196581270806186037e-02 -3.524450668923430063e-01 -2.770652694159569940e-01 2.196581270806186037e-02 -6.709976707901376125e-01 7.519653641530638088e-01 -8.096769336292619634e-02
1.823524940331292532e-01 -1.824605748271221906e-01 -4.496161466287061925e-01 -7.660604103727997050e-02 -4.968922424384244474e-01 3.216304728646051103e-01 -7.660604103727997050e-02 -4.968922424384244474e-01 3.216304728646051103e-01 -9.087004058940082452e-01 1.340011111889740647e-01 7.746992947050341805e-01
3.842863758298173948e-01 1.824648106773629763e-03 8.262185424649071130e-02 2.969491805624127068e-01 2.817526677065369523e-01 -4.933321680991820113e-02 2.969491805624127068e-01 2.817526677065369523e-01 -4.933321680991820113e-02 -7.263026319206870030e-01 5.435080447556767114e-01 1.827945871650102916e-01
3.001108798624737561e-01 -3.520001208614121913e-01 1.801590190655228962e-01 4.854616709252755902e-01 9.864739400713118389e-02 4.402499447330141535e-01 4.854616709252755902e-01 9.864739400713118389e-02 4.402499447330141535e-01 -1.032625674843014485e+00 1.332253348026228412e+00 -2.996276731832140383e-01
-4.274390720692835544e-01 5.550476899345935244e-02 4.367691783098470726e-01 2.691275991577680715e-01 -3.542125679822307749e-01 -3.304072268912809918e-01 2.691275991577680715e-01 -3.542125679822307749e-01 -3.304072268912809918e-01 1.756161949549920109e+00 -6.603280443064041272e-02 -1.690129145119279919e+00
-1.940810842640839917e-01 -4.267976147881669124e-01 1.256539804893042067e-01 4.673061454521933999e-01 -4.181176925669577438e-01 1.369289342799626663e-01 4.673061454521933999e-01 -4.181176925669577438e-01 1.369289342799626663e-01 1.147392795531860799e-01 6.864865880650850016e-01 -8.012258676182710815e-01
-4.336214413771105614e-01 -2.297940382088154987e-01 2.596106122413833761e-01 -4.168811738747231210e-01 4.034724464062223737e-01 2.973476486084831727e-01 -4.168811738747231210e-01 4.034724464062223737e-01 2.973476486084831727e-01 1.184566623764927940e+00 2.026118999318876623e-01 -1.387178523696815713e+00
-2.358531467466263853e-01 9.138191441228626921e-03 -1.464031483026715375e-01 -2.185720447259114074e-01 -3.870097885982622943e-01 -2.621618604235458339e-01 -2.185720447259114074e-01 -3.870097885982622943e-01 -2.621618604235458339e-01 3.108613337001426835e-01 -3.855789139770584573e-01 7.471758027691577375e-02
4.367561454984497660e-01 1.567326794458142603e-01 -3.072464763630911033e-02 -1.338171604863245268e-01 -3.248783808935973294e-01 2.513302732806850237e-01 -1.338171604863245268e-01 -3.248783808935973294e-01 2.513302732806850237e-01 -6.965820981231352071e-01 1.169820841807034384e-01 5.796000139424317688e-01
-7.950550348407803281e-02 1.589761432746107372e-01 1.115077800686784526e-01 2.683063495914589369e-01 -4.858983970177310763e-01 -1.153763215348732052e-01 2.683063495914589369e-01 -4.858983970177310763e-01 -1.153763215348732052e-01 4.226523841572977780e-01 -2.607898786093649779e-01 -1.618625055479328001e-01
-4.799573512355684857e-01 -2.589812457933626799e-01 3.110613049647773520e-01 2.554190228481004743e-01 2.286323159557712703e-02 3.350168474087774628e-01 2.554190228481004743e-01 2.286323159557712703e-02 3.350168474087774628e-01 1.403906236079683012e+00 2.362344615092923927e-01 -1.640140697588975183e+00
3.235954764435502451e-01 2.669652497680489178e-01 4.117942172249815513e-01 -5.418847057516085197e-02 -3.475267849958765254e-01 2.451646679522432315e-01 -5.418847057516085197e-02 -3.475267849958765254e-01 2.451646679522432315e-01 3.394074608363117918e-02 1.930941673583623786e-01 -2.270349134419935577e-01
-6.189508241316032944e-02 2.848781737147793036e-01 -1.708170274748970208e-01 4.998492154619245120e-01 -3.201554832426867225e-02 -1.525269563760396352e-01 4.998492154619245120e-01 -3.201554832426867225e-02 -1.525269563760396352e-01 1.898348042619215637e-01 -8.703039114138297894e-01 6.804691071519082257e-01
4.243500526441200682e-01 3.041776428955856870e-01 3.374538089379153227e-02 -2.388131794309455991e-01 3.310756258090959969e-01 -3.864846136452456671e-01 -2.388131794309455991e-01 3.310756258090959969e-01 -3.864846136452456671e-01 -4.510436587031870781e-01 -1.828395612038689055e-01 6.338832199070559836e-01
