4.064232691643386852e-01 -4.719505971038103764e-01 4.348531337494406790e-01 3.524766398396647071e-01 -2.506635689319712812e-01 -2.073300548448545610e-01 3.524766398396647071e-01 -2.506635689319712812e-01 -2.073300548448545610e-01 -1.378144596603033456e+00 2.003169588832263148e+00 -6.250249922292295812e-01
3.387957581109779515e-01 2.457890132383213633e-01 3.279523454395498749e-01 -1.022980408756102300e-01 4.630736914356721190e-01 1.678109701442215274e-01 -1.022980408756102300e-01 4.630736914356721190e-01 1.678109701442215274e-01 -1.082539723241667806e-01 1.763476399253858240e-01 -6.809366760121904338e-02
4.309546777401996875e-01 2.690089987808818028e-01 -3.248242548979265454e-01 -2.690586564600554453e-01 -2.057092569799624515e-01 -4.224781472830626550e-01 -2.690586564600554453e-01 -2.057092569799624515e-01 -4.224781472830626550e-01 -7.061517184321755014e-01 -6.351204622280821610e-01 1.341272180660257662e+00
-2.536063557142791414e-01 2.853560605076329582e-01 3.809655993444942546e-01 -3.343404666670264369e-01 -4.278904314564717648e-01 3.617171245873820329e-01 -3.343404666670264369e-01 -4.278904314564717648e-01 3.617171245873820329e-01 1.302861367721403818e+00 -3.254655889428125226e-01 -9.773957787785912954e-01
4.026637044263726706e-01 2.826966361181696419e-01 -2.867860571079119403e-01 -7.942342774890498447e-02 -6.872486323435245126e-02 -1.831139893930012752e-01 -7.942342774890498447e-02 -6.872486323435245126e-02 -1.831139893930012752e-01 -6.256075903560879281e-01 -6.398928296569050822e-01 1.265500420012993121e+00
-4.760969738576691368e-01 -1.097552649652814294e-01 -4.931723832535800378e-01 2.537599968630195324e-01 1.323991488704291397e-01 -4.033780035926038954e-01 2.537599968630195324e-01 1.323991488704291397e-01 -4.033780035926038954e-01 2.898036835393574817e-01 -7.740240702879807033e-01 4.842203867486232216e-01
-4.080951478362276896e-01 -3.880603654641434641e-02 -3.059945743643764926e-01 -6.483732857806479011e-02 -2.633428476556530784e-01 -2.100020319118997003e-01 -6.483732857806479011e-02 -2.633428476556530784e-01 -2.100020319118997003e-01 4.162693102773360465e-01 -6.150611671088117571e-01 1.987918568314757106e-01
3.280935695469475721e-01 3.669361094050652694e-01 7.805174874023945719e-02 -4.889759355933279705e-01 -3.428490704382346488e-01 -2.109581075225639424e-01 -4.889759355933279705e-01 -3.428490704382346488e-01 -2.109581075225639424e-01 -1.831339447973516776e-01 -3.730351898622206175e-01 5.561691346595722951e-01
-3.209945931652782303e-01 -3.993320197843429620e-01 1.149815714009601031e-01 -1.230458575985909908e-01 1.504320777492139660e-01 -2.408341588178005699e-01 -1.230458575985909908e-01 1.504320777492139660e-01 -2.408341588178005699e-01 4.649844136936849281e-01 4.835766547033636398e-01 -9.485610683970485679e-01
-2.673289043680262544e-01 9.195388433273499196e-03 -2.390155613501795395e-01 -2.752139121045207304e-01 -4.121766289137692718e-01 3.651077215533744535e-01 -2.752139121045207304e-01 -4.121766289137692718e-01 3.651077215533744535e-01 2.703027806416666845e-01 -5.233150895253375623e-01 2.530123088836708778e-01
-2.695693255897805285e-01 1.764358869800243257e-01 -2.728937230054884200e-02 -1.146671674349760695e-01 -8.180263662175379924e-02 1.509604010638305738e-01 -1.146671674349760695e-01 -8.180263662175379924e-02 1.509604010638305738e-01 6.339704105432657499e-01 -5.857808506293180617e-01 -4.818955991394768823e-02
2.854207215855096846e-01 3.273093048975674879e-01 -4.284917105302628038e-01 1.957236480763113740e-01 -2.616683970643426393e-01 3.264844052743776093e-02 1.957236480763113740e-01 -2.616683970643426393e-01 3.264844052743776093e-02 -4.692521897789575513e-01 -1.170339835137978124e+00 1.639592024916935564e+00
-3.686378196185269296e-02 1.318790922401964494e-01 2.577834972058457019e-01 -1.232547085832302880e-01 -1.711779634520165239e-01 3.267904947711223196e-01 -1.232547085832302880e-01 -1.711779634520165239e-01 3.267904947711223196e-01 4.979266172489599240e-01 -3.697305248250515319e-02 -4.609535647664547708e-01
-1.383833522879427402e-01 7.313226326818045298e-02 3.075820379343013888e-01 -1.246303712316531032e-01 -3.550938812477306694e-01 2.033994279743885913e-01 -1.246303712316531032e-01 -3.550938812477306694e-01 2.033994279743885913e-01 7.526407628152014251e-01 1.835068096775438473e-02 -7.709914437829558098e-01
-2.621632262970774452e-01 -4.966259414533149563e-01 4.885504436237136927e-01 -4.077054086625256923e-01 -3.595821300945073462e-01 -2.998982518736386105e-01 -4.077054086625256923e-01 -3.595821300945073462e-01 -2.998982518736386105e-01 8.542820601315908036e-01 8.908559713251127388e-01 -1.745138031456703542e+00
4.450482237927938511e-01 3.813196460233808649e-01 -2.905613141590485116e-01 3.915978697473795345e-01 -3.724145451870419787e-02 -4.698191517362148018e-01 3.915978697473795345e-01 -3.724145451870419787e-02 -4.698191517362148018e-01 -5.865898055922658116e-01 -8.921135455977964313e-01 1.478703351190062243e+00
3.004790489984635604e-01 -2.286792860481534628e-02 2.734218755622184194e-01 6.578423231994867670e-02 1.315277187253676150e-01 2.069312868717190224e-01 6.578423231994867670e-02 1.315277187253676150e-01 2.069312868717190224e-01 -4.084391094955692747e-01 6.381727956486826780e-01 -2.297336861531134033e-01
-2.513181338428314149e-01 -2.988506491310449764e-01 4.222485922290397653e-01 -1.757135419127159315e-01 -4.810966120520429046e-01 4.337445566391464613e-01 -1.757135419127159315e-01 -4.810966120520429046e-01 4.337445566391464613e-01 9.125396963699505815e-01 5.624628069896531191e-01 -1.475002503359603701e+00
4.351746863442698121e-01 3.265907148431730356e-01 -2.243714868599990808e-01 -3.074982377352822871e-01 -1.910570140515002180e-01 1.703993585811401923e-01 -3.074982377352822871e-01 -1.910570140515002180e-01 1.703993585811401923e-01 -5.976125588056258042e-01 -6.202230519658649133e-01 1.217835610771490717e+00
-2.852121487912894215e-01 -4.467444273388874176e-01 -3.299180670249849401e-01 2.792016325620905182e-02 -1.833624570329398518e-01 2.753381244166674957e-02 2.792016325620905182e-02 -1.833624570329398518e-01 2.753381244166674957e-02 -2.190317302541475719e-01 2.855707209899124299e-01 -6.653899073576485801e-02
4.649709995361268611e-01 2.335581482586641666e-01 3.560081633059569706e-01 -9.446798360845387599e-02 -3.994080546878309157e-02 1.605248133661042464e-01 -9.446798360845387599e-02 -3.994080546878309157e-02 1.605248133661042464e-01 -3.636157373291977191e-01 3.756293532979969596e-01 -1.201361596879924054e-02
-1.208315817736036468e-01 -2.486115348749090570e-01 -3.751559833315377679e-01 4.771636726780321691e-01 -3.744698645035131612e-01 3.436345318799900461e-01 4.771636726780321691e-01 -3.744698645035131612e-01 3.436345318799900461e-01 -3.608627280194099951e-01 1.403040644167186102e-03 3.594596873752428090e-01
4.852196553795465883e-01 -2.881781099659774803e-02 2.397465219446972551e-01 -2.109985705524901611e-01 -3.905604670585792748e-01 1.050882349810539074e-01 -2.109985705524901611e-01 -3.905604670585792748e-01 1.050882349810539074e-01 -8.896940413577699713e-01 9.075521032826771028e-01 -1.785806192490713151e-02
3.344787191622667910e-01 1.724746582093580338e-01 -2.018362286153307927e-01 3.759095374562000380e-01 4.356747357682446697e-01 2.194257953692702046e-01 3.759095374562000380e-01 4.356747357682446697e-01 2.194257953692702046e-01 -5.909653447155439610e-01 -2.781240898122741001e-01 8.690894345278180610e-01
-4.917834949606879613e-01 -8.999992063013306787e-02 -7.097103113230796012e-02 1.616325236503104446e-01 -2.416666780183724939e-01 2.516971362795447087e-01 1.616325236503104446e-01 -2.416666780183724939e-01 2.516971362795447087e-01 8.540730508235523377e-01 -3.120254709084365752e-01 -5.420475799151157625e-01
4.273983084653987241e-03 -8.483359351226793521e-03 -1.938504402224821010e-01 2.437099123274765189e-01 5.766195545891306118e-03 -3.816549765172002617e-01 2.437099123274765189e-01 5.766195545891306118e-03 -3.816549765172002617e-01 -1.925712781203162693e-01 -1.908211351989674842e-01 3.833924133192837536e-01
3.128295501637062825e-01 2.978446191105952323e-01 -1.569157048362000983e-01 1.736778814943404914e-01 -1.126355370838467707e-01 1.121292437751708615e-02 1.736778814943404914e-01 -1.126355370838467707e-01 1.121292437751708615e-02 -3.899362632790329686e-01 -5.606978892399818726e-01 9.506341525190148412e-01
4.437739993000753280e-01 -4.613534750584067368e-01 -4.137560193593871061e-01 4.749566352840313144e-01 3.322676036589061743e-01 3.939624146462238352e-01 4.749566352840313144e-01 3.322676036589061743e-01 3.939624146462238352e-01 -2.048038474434731526e+00 1.518729508192779631e+00 5.293089662419518948e-01
-3.445793476505910613e-01 -6.535055007660151016e-02 2.570621004779364283e-01 2.978742755003686016e-01 7.833630659684032160e-02 -3.028629712676724761e-01 2.978742755003686016e-01 7.833630659684032160e-02 -3.028629712676724761e-01 1.068745341422835393e+00 3.196762360857319241e-02 -1.100712965031408697e+00
-2.756115940627056338e-01 -5.092440552802190989e-02 -2.218364413509765765e-01 7.729685118966145296e-02 -3.627406975886334761e-01 -4.413761359858410227e-01 7.729685118966145296e-02 -3.627406975886334761e-01 -4.413761359858410227e-01 2.564812631234436591e-01 -3.876203420698898228e-01 1.311390789464461637e-01
-9.234110908929560324e-03 -4.261889692500604454e-01 -1.334039797063159005e-01 4.443394079666624918e-01 4.973705051205037364e-01 4.768775223960608489e-01 4.443394079666624918e-01 4.973705051205037364e-01 4.768775223960608489e-01 -6.341042214585472792e-01 7.711514559110942413e-01 -1.370472344525469621e-01
3.206663345385307728e-01 -2.160279294811195960e-01 4.645350193891861768e-02 2.030869047715556652e-01 4.173844376414492796e-02 1.512163020395400626e-01 2.030869047715556652e-01 4.173844376414492796e-02 1.512163020395400626e-01 -9.501732933740950626e-01 9.412029163166990564e-01 8.970377057396006215e-03
-1.341096142194070362e-01 4.070373768197906861e-01 -4.766228664701180895e-01 -1.897996860228191585e-01 4.320283320529191284e-01 2.149909495814109617e-01 -1.897996860228191585e-01 4.320283320529191284e-01 2.149909495814109617e-01 1.279034819087491170e-01 -1.837660126951025763e+00 1.709756645042276757e+00
4.091824637608486581e-01 3.062458783408414931e-01 2.175486678660920603e-01 2.067209496362198973e-01 -3.873500023363167788e-01 1.169411690225780065e-01 2.067209496362198973e-01 -3.873500023363167788e-01 1.169411690225780065e-01 -2.828119621868380174e-01 1.567138373175769317e-02 2.671405784550803242e-01
4.107134542882382444e-01 4.161525757097549461e-01 1.631899274414362333e-01 3.699038708348791893e-01 1.947991798091852633e-02 1.789031834947183430e-01 3.699038708348791893e-01 1.947991798091852633e-02 1.789031834947183430e-01 -2.138437913811314095e-01 -2.932595292451251057e-01 5.071033206262565152e-01
-1.134336371651148978e-01 1.861280982539943452e-01 4.606832336961557139e-01 4.798000112828724184e-01 -2.960621769251852164e-01 2.617042255729865596e-01 4.798000112828724184e-01 -2.960621769251852164e-01 2.617042255729865596e-01 1.034418817739898966e+00 -1.876713888846326395e-02 -1.015651678851435591e+00
-4.644711951696366414e-01 6.593353398547985300e-02 -4.781868402971654053e-01 3.477437700621298644e-01 -5.214865336547136465e-02 5.629132645602530349e-02 3.477437700621298644e-01 -5.214865336547136465e-02 5.629132645602530349e-02 3.980111934866723544e-01 -1.134725247207601928e+00 7.367140537209295736e-01
2.192321416923365129e-01 3.259196998012193758e-01 -8.672361862152744294e-02 4.980076441941257981e-01 3.904092248083115280e-01 -1.730420757509465446e-02 4.980076441941257981e-01 3.904092248083115280e-01 -1.730420757509465446e-02 -1.623872562227292038e-01 -6.119995992205494728e-01 7.743868554432786766e-01
-1.473067833479630995e-01 2.416477811960254796e-01 4.923643328000614217e-01 1.533000870238858671e-01 -3.517124322204927545e-01 -4.079708746654238105e-01 1.533000870238858671e-01 -3.517124322204927545e-01 -4.079708746654238105e-01 1.218092196043815800e+00 -1.004778681303309940e-01 -1.117614327913484917e+00
4.779895119966026673e-01 4.333677049373143575e-01 1.035606605058776442e-01 1.483734854559393135e-02 1.532563226675420776e-02 -4.975503015529186834e-01 1.483734854559393135e-02 1.532563226675420776e-02 -4.975503015529186834e-01 -3.579503991936423546e-01 -3.450674249566805241e-01 7.030178241503228787e-01
-2.642376730020182807e-01 -4.656230844013142800e-02 3.847734447499041588e-01 3.394019326707895523e-01 3.562667675889094054e-01 2.842751122699120891e-01 3.394019326707895523e-01 3.562667675889094054e-01 2.842751122699120891e-01 1.109260989317405688e+00 1.547457764612032438e-01 -1.264006765778609154e+00
6.348175271361766736e-02 3.011352140683646317e-01 3.340513248686634018e-01 -4.141330475946902734e-01 -2.758463634746485260e-01 1.729629852378891108e-01 -4.141330475946902734e-01 -2.758463634746485260e-01 1.729629852378891108e-01 5.222349014139704426e-01 -1.791438479098045322e-01 -3.430910535041659104e-01
2.430308748562126642e-02 -4.344168930887647440e-01 4.026310823136902695e-02 2.180205344961031466e-01 2.009726523813594179e-01 -4.702152337253131531e-01 2.180205344961031466e-01 2.009726523813594179e-01 -4.702152337253131531e-01 -5.659595745302763437e-01 9.599635459755871958e-01 -3.940039714453108521e-01
-4.468713093270424430e-01 4.556766559053810894e-01 3.920842569859895876e-01 4.663654462530474332e-01 -4.148957540742588268e-01 -1.871697745761408127e-01 4.663654462530474332e-01 -4.148957540742588268e-01 -1.871697745761408127e-01 1.908413895020568685e+00 -6.601228938815419944e-01 -1.248291001139026690e+00
3.956099852149419505e-01 1.816955408577702880e-02 1.114064647827255339e-01 -3.058854414009667400e-01 7.332087019854605092e-02 3.750164227398850025e-01 -3.058854414009667400e-01 7.332087019854605092e-02 3.750164227398850025e-01 -7.059331003327503629e-01 5.475689028569672434e-01 1.583641974757831195e-01
3.499176092791567161e-02 -1.050870876516259989e-01 -1.720573512932721538e-02 1.804152248926198521e-01 -4.224738836596384495e-01 -3.667569169765116932e-01 1.804152248926198521e-01 -4.224738836596384495e-01 -3.667569169765116932e-01 -2.012231032405451536e-01 2.344949640006612768e-01 -3.327186076011612315e-02
4.648463390269615969e-01 1.264074396443214399e-01 -2.742393756595717935e-01 2.662322588415133584e-01 -1.723851143844641332e-01 -3.587015351038838062e-01 2.662322588415133584e-01 -1.723851143844641332e-01 -3.587015351038838062e-01 -9.252057038338314943e-01 -9.003390774566910615e-02 1.015239611579500600e+00
3.940620995065691190e-02 3.093553204242411869e-01 5.589281119008393528e-02 -1.769131384631394965e-02 2.262128865944746936e-01 -3.508556870665514582e-01 -1.769131384631394965e-02 2.262128865944746936e-01 -3.508556870665514582e-01 2.532049118569192903e-01 -5.250607291662727771e-01 2.718558173093534869e-01
-2.648795927425356966e-01 2.052129689934265588e-01 1.413741755146266099e-01 1.032253784852441569e-01 -4.000518761914236832e-01 2.170502434726959695e-01 1.032253784852441569e-01 -4.000518761914236832e-01 2.170502434726959695e-01 8.762390371696839875e-01 -4.409761319013456582e-01 -4.352629052683383293e-01
1.035595516954864737e-01 3.337872434508155628e-01 -3.703830239098978572e-01 1.700084852838934513e-01 -3.708692196426159882e-01 2.885941965246621166e-01 1.700084852838934513e-01 -3.708692196426159882e-01 2.885941965246621166e-01 -1.718097136506576694e-01 -1.227815415396401599e+00 1.399625129047059158e+00
2.239012800161188643e-02 -4.493564722667976463e-01 -3.171231675412167217e-01 -2.179196473835006698e-01 3.900243622293735335e-01 -4.191367372710000927e-01 -2.179196473835006698e-01 3.900243622293735335e-01 -4.191367372710000927e-01 -8.906743565399239948e-01 7.266546209750510688e-01 1.640197355648729260e-01
-4.022126560220826708e-01 -7.504891173790706471e-02 -2.381349190110866321e-01 2.168613424269492107e-01 1.965502543215291720e-02 -4.749767203972787843e-01 2.168613424269492107e-01 1.965502543215291720e-02 -4.749767203972787843e-01 4.573402301603181064e-01 -4.561722484064579808e-01 -1.167981753860125593e-03
-4.963933604223313978e-03 -2.341031266712055858e-01 3.640665520741481753e-02 -4.848955588227590319e-01 1.789086500146580549e-01 -9.373965047769616810e-02 -4.848955588227590319e-01 1.789086500146580549e-01 -9.373965047769616810e-02 -2.152787886554281549e-01 4.945266280055002905e-01 -2.792478393500721356e-01
4.751396811571156897e-01 2.085488297493478527e-01 5.248407237597663144e-02 8.556586273617761140e-02 3.818393525361639673e-01 2.948885720472732563e-01 8.556586273617761140e-02 3.818393525361639673e-01 2.948885720472732563e-01 -6.502019157299202545e-01 1.366042953674884153e-01 5.135976203624318392e-01
3.849587041043367464e-02 3.637124033444644189e-01 4.815943038036804014e-01 -4.309097618212491820e-01 3.948876306380477708e-02 2.833033611279697217e-01 -4.309097618212491820e-01 3.948876306380477708e-02 2.833033611279697217e-01 8.351547197187969562e-01 -1.664300937966748384e-01 -6.687246259221221178e-01
-2.164948768127408218e-01 4.600938805489981354e-01 -4.203115099728939041e-01 -2.603295503360936181e-01 -4.924956914361222626e-02 -4.201933635564758518e-04 -2.603295503360936181e-01 -4.924956914361222626e-02 -4.201933635564758518e-04 3.072637768060203500e-01 -1.903529123590166794e+00 1.596265346784146555e+00
-4.480431048675104222e-01 -2.696334082721394410e-01 4.117356737439875625e-01 -3.300423377636521050e-01 -5.226032095377508568e-02 5.891304088476023715e-02 -3.300423377636521050e-01 -5.226032095377508568e-02 5.891304088476023715e-02 1.526038368578173099e+00 3.306757345252268054e-01 -1.856714103103399793e+00
-4.522267873140641825e-01 4.934342682419106119e-01 -2.888650512301066398e-01 3.991306303763000329e-01 1.272235388293707636e-01 -2.436974905223564525e-01 3.991306303763000329e-01 1.272235388293707636e-01 -2.436974905223564525e-01 7.890398263313320726e-01 -1.798071221139769360e+00 1.009031394808437287e+00
-1.571247618739198826e-01 3.054016874005462956e-01 -2.719671668328614844e-01 4.664677634738620959e-01 -2.886224094626559378e-01 -3.427705045167894760e-02 4.664677634738620959e-01 -2.886224094626559378e-01 -3.427705045167894760e-02 2.618158774327187244e-01 -1.151654527755372026e+00 8.898386503226531907e-01
-1.105520959694633598e-01 3.366421520834030900e-01 -9.905194803921335556e-02 -1.954854498121679773e-01 4.215143105541382385e-01 1.138045061167682892e-01 -1.954854498121679773e-01 4.215143105541382385e-01 1.138045061167682892e-01 3.721468386700291786e-01 -9.066161000675408976e-01 5.344692613975117190e-01
-3.842859493906946033e-01 1.959177333746809913e-01 -4.783066675146169233e-01 2.458163553762419129e-01 -1.799341502429605555e-01 1.816604221413469222e-01 2.458163553762419129e-01 -1.799341502429605555e-01 1.816604221413469222e-01 3.504795665539169880e-01 -1.402725927792386251e+00 1.052246361238469152e+00
-4.787603818231689345e-02 -3.249132197072235329e-02 2.563464346552121187e-01 1.630647446925270749e-02 4.137031761510332473e-01 -3.529052685471005812e-01 1.630647446925270749e-02 4.137031761510332473e-01 -3.529052685471005812e-01 3.708375762218060201e-01 2.355992864331158954e-01 -6.064368626549219154e-01
9.363732940887214973e-02 -2.902769546469988748e-01 -3.985534142674219682e-01 -3.999257032615088914e-01 -3.086650387280593932e-01 -2.690700090770059560e-01 -3.999257032615088914e-01 -3.086650387280593932e-01 -2.690700090770059560e-01 -8.567338477834592902e-01 3.536638264220741679e-01 5.030700213613851224e-01
3.923374572552320583e-01 7.116123793873285752e-02 -4.362382070225350184e-01 -1.169373827977839841e-01 2.270370945515337580e-01 -4.410137186802309817e-02 -1.169373827977839841e-01 2.270370945515337580e-01 -4.410137186802309817e-02 -9.420777121894059469e-01 -2.822176181376419013e-01 1.224295330327047848e+00
2.987627112516094696e-01 -3.982440575212875533e-01 3.701054982564199181e-01 -2.175112029331470742e-01 -4.781950605422969902e-01 4.491989410664684046e-01 -2.175112029331470742e-01 -4.781950605422969902e-01 4.491989410664684046e-01 -9.337847933873957285e-01 1.543956215512565233e+00 -6.101714221251696157e-01
1.989011499859488774e-01 -1.892427599740021948e-01 -4.533738828681922461e-01 -1.689571620920871098e-04 2.677456365379156100e-01 1.015095286570226740e-01 -1.689571620920871098e-04 2.677456365379156100e-01 1.015095286570226740e-01 -9.533824716805441302e-01 1.719429808067594045e-01 7.814394908737847256e-01
1.444148962624405286e-01 -2.644406785358581757e-01 -4.627145253067966868e-01 -3.073497391288620983e-01 1.484651052823682260e-01 5.387030278887894319e-02 -3.073497391288620983e-01 1.484651052823682260e-01 5.387030278887894319e-02 -9.601814900666063579e-01 2.857980827878208174e-01 6.743834072787855405e-01
-3.543205666165660794e-01 1.997818560333475268e-02 -1.987926944836407861e-01 3.919458386998921906e-01 5.831567786451019586e-02 1.945674579446748931e-01 3.919458386998921906e-01 5.831567786451019586e-02 1.945674579446748931e-01 4.805030900173288266e-01 -5.567746858272455412e-01 7.627159580991671461e-02
-3.675260111832514553e-01 1.462720092557019402e-01 3.441217757745802519e-01 1.537639172712068625e-02 -4.843594357365098579e-01 3.063483063789941285e-01 1.537639172712068625e-02 -4.843594357365098579e-01 3.063483063789941285e-01 1.439126395866232144e+00 -2.222738995004406304e-01 -1.216852496365791625e+00
-3.939407819794413790e-01 -4.347615163048402787e-01 -4.399022200316742293e-01 3.386316975216097092e-01 -2.269941927728913456e-01 1.016301942876322029e-01 3.386316975216097092e-01 -2.269941927728913456e-01 1.016301942876322029e-01 -8.658656278544840657e-02 3.651141414906411420e-02 5.007514863638429237e-02
3.661990340843911396e-01 2.565502954746655684e-01 4.019304278461208746e-01 1.237081398223616180e-01 -7.519019598988285757e-02 -2.787656406844237766e-01 1.237081398223616180e-01 -7.519019598988285757e-02 -2.787656406844237766e-01 -7.950860227231681954e-02 2.511925013042785038e-01 -1.716838990319616842e-01
-4.840895887555601851e-01 3.875867114180028272e-01 -4.663802116030814071e-01 -1.930241133205101711e-01 2.181514544701927960e-01 -6.529409282638032330e-02 -1.930241133205101711e-01 2.181514544701927960e-01 -6.529409282638032330e-02 5.996172689726781968e-01 -1.930696635164031116e+00 1.331079366191352920e+00
-2.937141434993456590e-01 -1.612843100767311633e-01 -1.833506234530268841e-01 -8.720300825527194100e-02 -3.376935243928746999e-02 2.649098777834953955e-01 -8.720300825527194100e-02 -3.376935243928746999e-02 2.649098777834953955e-01 2.407195383065385830e-01 -1.463471797814239750e-01 -9.437235852511460799e-02
3.402191556813095596e-01 -1.455214337764778598e-01 -4.199330467619940555e-01 4.174692658478806884e-03 -1.791644459862572480e-01 -2.335153185049398950e-01 4.174692658478806884e-03 -1.791644459862572480e-01 -2.335153185049398950e-01 -1.157783048797543790e+00 3.096220280905634947e-01 8.481610207069802954e-01
-3.224714025501929093e-02 1.533191091480492485e-01 4.162683518991026066e-01 4.373472775395838008e-01 -9.965469916320945920e-02 4.929557574207217296e-01 4.373472775395838008e-01 -9.965469916320945920e-02 4.929557574207217296e-01 7.353519362214975263e-01 6.185288723904025510e-02 -7.972048234605377814e-01
2.252718223897827166e-01 -1.182653917340883432e-01 4.755235598889095971e-01 -4.354762690381961399e-01 -3.044941330967971815e-01 -4.198429602969816488e-01 -4.354762690381961399e-01 -3.044941330967971815e-01 -4.198429602969816488e-01 -1.255772959432028824e-01 8.576950512143284300e-01 -7.321177552711255476e-01
1.862174762439660070e-01 2.792520919931823498e-01 3.256887430410855266e-01 2.817945399114032412e-01 -2.455992824167011479e-01 2.050219048994605942e-03 2.817945399114032412e-01 -2.455992824167011479e-01 2.050219048994605942e-03 2.385038124672562709e-01 -4.346307395364890080e-02 -1.950407385136073701e-01
1.564502865386020458e-01 -2.600669176428169749e-01 -3.453149588385355795e-01 -2.001898022630700380e-01 2.885501189618110418e-01 4.060977341778376770e-01 -2.001898022630700380e-01 2.885501189618110418e-01 4.060977341778376770e-01 -9.112091654492087134e-01 4.276829472897798468e-01 4.835262181594288666e-01
4.360246214061882508e-01 -3.576285755673477285e-01 1.419038858885909304e-01 -4.136482826211873576e-01 1.943079268628145062e-01 4.717716673451199938e-02 -4.136482826211873576e-01 1.943079268628145062e-01 4.717716673451199938e-02 -1.466274072897575609e+00 1.604646285953670537e+00 -1.383722130560949282e-01
-4.894200930616542378e-01 -1.677625737221797309e-01 9.379201114503155079e-02 -9.659215239696983257e-02 4.117357303216739872e-02 -1.541310586234108104e-01 -9.659215239696983257e-02 4.117357303216739872e-02 -1.541310586234108104e-01 1.066838168056352565e+00 -4.490742395647451257e-02 -1.021930744099877941e+00
2.605151199802830941e-01 1.821205804105755499e-01 -2.121037726339898288e-01 -1.175303414928152712e-01 -4.492416642345148370e-01 -4.294020142202945589e-01 -1.175303414928152712e-01 -4.492416642345148370e-01 -4.294020142202945589e-01 -4.581816925858834821e-01 -4.016839907565237233e-01 8.598656833424072055e-01
4.646173192524803985e-01 3.859029397238743497e-01 3.863370505721600567e-01 4.225639021633884607e-01 -3.082445216239447783e-01 1.866540641369818232e-01 4.225639021633884607e-01 -3.082445216239447783e-01 1.866540641369818232e-01 -1.571900421909008250e-01 8.232928313590504033e-02 7.486075905499578464e-02
-3.900720234627880201e-01 5.348549232003851905e-02 -4.305998656079168541e-02 4.479783656821203497e-01 -2.445483486899391323e-01 -2.599095672252282885e-01 4.479783656821203497e-01 -2.445483486899391323e-01 -2.599095672252282885e-01 7.730844335250381949e-01 -4.596103466517933445e-01 -3.134740868732448504e-01
3.939512634713341344e-01 -4.454782596361085423e-01 1.194470258617275071e-02 -1.476909147654839050e-01 -4.712015100624228348e-01 2.851821529136148170e-01 -1.476909147654839050e-01 -4.712015100624228348e-01 2.851821529136148170e-01 -1.632555344349811977e+00 1.682133334470141239e+00 -4.957799012032926278e-02
4.381348210283492195e-01 1.414092415349311738e-01 -2.616455119861432754e-01 4.313027283347337093e-01 -4.318619392288086667e-01 2.127666984926301907e-01 4.313027283347337093e-01 -4.318619392288086667e-01 2.127666984926301907e-01 -8.487516316315906195e-01 -1.509427911758560725e-01 9.996944228074466920e-01
-7.617006613344090571e-02 2.925212091289544070e-01 -4.650269441149736949e-01 -8.353910598903402374e-02 5.369665124795197642e-03 4.579625752604858935e-01 -8.353910598903402374e-02 5.369665124795197642e-03 4.579625752604858935e-01 -1.380762787998945917e-02 -1.441401013279976606e+00 1.455208641159966065e+00
2.407350962614844825e-01 -2.011716719737783876e-01 3.499102518197905187e-02 3.932540847952764596e-01 -4.426466023025179553e-01 1.691611195823589098e-01 3.932540847952764596e-01 -4.426466023025179553e-01 1.691611195823589098e-01 -7.416293093897662336e-01 7.660185064327063031e-01 -2.438919704294006952e-02
-1.553409628712619783e-01 -4.079224484967889364e-01 -1.811282117215541332e-01 4.687008861600425735e-01 3.860562884287219720e-01 1.925910959404769640e-01 4.687008861600425735e-01 3.860562884287219720e-01 1.925910959404769640e-01 -3.128019893725157985e-01 4.902596157924733467e-01 -1.774576264199575482e-01
-3.507750493089132338e-01 -2.278762778006424572e-01 3.426360605488657507e-01 -1.300510338613548589e-01 1.342437175081800937e-01 -3.332723127905614646e-01 -1.300510338613548589e-01 1.342437175081800937e-01 -3.332723127905614646e-01 1.116174748492027913e+00 3.191174072288961439e-01 -1.435292155720923946e+00
2.610847442216859271e-01 -8.922534754803479462e-02 2.000057072109344691e-01 -4.274024774369381552e-01 -3.544446857489387259e-01 -2.675242750364484889e-01 -4.274024774369381552e-01 -3.544446857489387259e-01 -2.675242750364484889e-01 -4.787587751363733268e-01 6.706684954343375971e-01 -1.919097202979642702e-01
-4.529868349670997940e-01 -4.982921219577444161e-01 8.123183009874590521e-02 -3.979581811475307873e-02 1.225116133109092065e-01 1.103778506995132247e-01 -3.979581811475307873e-02 1.225116133109092065e-01 1.103778506995132247e-01 6.597674269875846154e-01 4.861822788721419375e-01 -1.145949705859726553e+00
3.929770040899982497e-01 1.353641632890166813e-01 -4.705003084930493573e-01 4.190990955305372578e-01 3.459398809667890706e-01 4.990426227159194816e-02 4.190990955305372578e-01 3.459398809667890706e-01 4.990426227159194816e-02 -8.721446295406615201e-01 -5.389981587641814453e-01 1.411142788304843076e+00
9.826122757183086698e-02 2.297674226733177338e-01 -2.927507720721870266e-01 7.858936272046701532e-03 -3.193187785154804059e-01 -3.982898385130155816e-01 7.858936272046701532e-03 -3.193187785154804059e-01 -3.982898385130155816e-01 -2.004018036511385770e-01 -8.094948170745408511e-01 1.009896620725679428e+00
-1.258423524472327415e-01 -3.290360939663394824e-02 -2.752765976991167207e-01 4.741462737732514698e-01 2.569396276546719315e-01 3.848874064561913499e-02 4.741462737732514698e-01 2.569396276546719315e-01 3.848874064561913499e-02 -5.005425511743200051e-02 -3.630200728262962251e-01 4.130743279437282256e-01
1.120463659937898093e-03 -1.242772988834740522e-01 -3.556130483599149184e-01 2.304196764385136875e-01 2.363808755099012782e-01 -4.466774837955866939e-02 2.304196764385136875e-01 2.363808755099012782e-01 -4.466774837955866939e-02 -4.336402631862630308e-01 -1.266830408177053169e-01 5.603233040039683477e-01
-4.138575905203711880e-02 -2.460167027881458024e-01 1.798148892065596360e-01 -2.831051145510055100e-01 1.578862222564609841e-01 -3.000944908049407722e-01 -2.831051145510055100e-01 1.578862222564609841e-01 -3.000944908049407722e-01 2.050160621384855553e-02 5.738457813313964095e-01 -5.943473875452449651e-01
3.037390361043754705e-01 4.811793521245372185e-01 -3.279781422402276991e-01 1.405614314496540507e-01 3.710213556756759568e-01 -1.336536513471021648e-01 1.405614314496540507e-01 3.710213556756759568e-01 -1.336536513471021648e-01 -3.057329471866574444e-01 -1.408603931242245366e+00 1.714336878428902811e+00
-2.287871921078966642e-01 8.053127940622817338e-02 -2.206489777611633230e-01 6.860383883729381793e-02 -2.687778439221777393e-02 4.035926690298102804e-01 6.860383883729381793e-02 -2.687778439221777393e-02 4.035926690298102804e-01 2.742244280365697673e-01 -6.175059370673234849e-01 3.432815090307537176e-01
-4.593441905633142142e-01 3.377023980771687306e-01 -3.831748760146085342e-01 -2.236229220374286175e-01 1.537243261827782037e-01 5.969048949386845937e-02 -2.236229220374286175e-01 1.537243261827782037e-01 5.969048949386845937e-02 6.284872947032436041e-01 -1.605578323478338731e+00 9.770910287750951273e-01
-3.772405786927235383e-02 9.601828992602912116e-02 2.807486264851133395e-02 -3.651148413975962015e-01 -1.396151849888858099e-01 -2.933229039589341225e-01 -3.651148413975962015e-01 -1.396151849888858099e-01 -2.933229039589341225e-01 1.931965065912902846e-01 -1.954893230181672381e-01 2.292816426876953528e-03
3.023927037402467377e-01 -1.990816413642109151e-01 -1.446260437786622832e-01 -9.261519051610689335e-02 2.871975546049762018e-01 1.126663664927284314e-01 -9.261519051610689335e-02 2.871975546049762018e-01 1.126663664927284314e-01 -1.011621929096822026e+00 7.041532905869817283e-01 3.074686385098402974e-01
-1.839528894921715896e-01 -5.387418925399511949e-03 1.733224452248174341e-01 -2.186181118213393892e-01 2.869384163573739377e-01 -2.506377922551907833e-01 -2.186181118213393892e-01 2.869384163573739377e-01 -2.506377922551907833e-01 5.929600962466122782e-01 1.207720787977928367e-04 -5.930808683254100711e-01
-4.007365369174319403e-01 3.948163694820768788e-01 -3.492829799603835994e-01 4.905512859718085261e-01 4.820515388206580987e-02 -1.671936934695803512e-01 4.905512859718085261e-01 4.820515388206580987e-02 -1.671936934695803512e-01 6.014686681269936219e-01 -1.653213499633392702e+00 1.051744831506399080e+00
