-2.063858516263205045e-01 -3.696642190456457255e-01 3.969850695075824998e-01 -1.289360549838108883e-01 -2.165375675719428683e-01 -2.710207883336535062e-03 -1.289360549838108883e-01 -2.165375675719428683e-01 -2.710207883336535062e-03 6.509069993112071018e-01 7.127972903714006048e-01 -1.363704289682607707e+00
1.513043323409910546e-01 1.450856402604435713e-01 4.727203528528248766e-01 -2.776168064688242509e-01 2.865007628599348655e-01 1.601418096235968092e-01 -2.776168064688242509e-01 2.865007628599348655e-01 1.601418096235968092e-01 3.728411185085065416e-01 2.856118609782679618e-01 -6.584529794867745034e-01
-2.476332984954102701e-01 -2.047112056001522129e-01 -1.061159921446235277e-01 -2.487968166506133727e-01 -1.158857720037733685e-01 3.934266373502793845e-01 -2.487968166506133727e-01 -1.158857720037733685e-01 3.934266373502793845e-01 1.940344202810251328e-01 5.187660637866919888e-02 -2.459110266596943317e-01
-1.679364256331630223e-01 -2.483608576441471705e-01 2.002894376334497517e-01 -4.581224297000037193e-01 -4.874771631135267347e-01 -4.649263806949210931e-01 -4.581224297000037193e-01 -4.874771631135267347e-01 -4.649263806949210931e-01 3.614214656026488726e-01 4.452576045753634526e-01 -8.066790701780123252e-01
-3.252341236436884220e-01 -3.652068820393209458e-01 -4.852179132579070853e-01 4.033311768168755806e-01 -4.082461665588085209e-01 4.216369186561400584e-01 4.033311768168755806e-01 -4.082461665588085209e-01 4.216369186561400584e-01 -1.886248185655141629e-01 -8.672686808895391231e-02 2.753516866544680752e-01
1.063294616533303483e-01 2.288508775192559241e-01 3.785878632047704473e-01 -4.673561340374076112e-01 2.796548415470079263e-02 3.903050272242412078e-01 -4.673561340374076112e-01 2.796548415470079263e-02 3.903050272242412078e-01 4.282392612507140983e-01 2.375257368686367609e-02 -4.519918349375777744e-01
3.094906921265820898e-01 4.026094039689986914e-02 3.271360023322883448e-01 -3.495449716323365541e-01 2.967454755900841290e-01 2.452918728580154584e-01 -3.495449716323365541e-01 2.967454755900841290e-01 2.452918728580154584e-01 -2.911539329600771886e-01 5.583503391928216208e-01 -2.671964062327444323e-01
4.248079703993506984e-01 -2.098555368954583278e-01 -1.296943062261123325e-01 -2.855351288666801990e-01 3.092165837173445064e-01 -2.353183682831460066e-01 -2.855351288666801990e-01 3.092165837173445064e-01 -2.353183682831460066e-01 -1.312029217594518737e+00 9.634197553749356269e-01 3.486094622195831105e-01
1.909421420661685520e-01 -2.707949727079342894e-01 2.103545783196093533e-01 -1.408806610758892575e-01 -4.640190323413581064e-01 4.632415649136705227e-01 -1.408806610758892575e-01 -4.640190323413581064e-01 4.632415649136705227e-01 -5.672260119535574852e-01 9.687556173101470325e-01 -4.015296053565895473e-01
2.350659632886694661e-01 -4.263981830900154257e-02 -8.608015427059112490e-02 3.032081943280083847e-01 2.429212503896970299e-01 1.746068718168242162e-01 3.032081943280083847e-01 2.429212503896970299e-01 1.746068718168242162e-01 -5.947804813589276929e-01 2.757000635480395534e-01 3.190804178108881395e-01
4.230245355464833379e-01 9.712730294664906339e-02 -1.830371697882293702e-02 3.456149622311454062e-01 -3.041657663250075805e-01 -4.671347441180834226e-01 3.456149622311454062e-01 -3.041657663250075805e-01 -4.671347441180834226e-01 -7.420914547015474705e-01 2.629159090505432950e-01 4.791755456510041755e-01
2.986035911520393826e-01 -4.910608976287549332e-01 -1.167365431947132715e-01 -4.561784902728530655e-01 1.545375346228314850e-01 -2.389502685953134309e-01 -4.561784902728530655e-01 1.545375346228314850e-01 -2.389502685953134309e-01 -1.542541571547944468e+00 1.514903486383644804e+00 2.763808516429977491e-02
-3.276594916546714531e-01 -3.112549331228140481e-01 1.958461339323264161e-01 -1.708539982057002415e-01 -5.649615809606489680e-02 2.900955211458999816e-01 -1.708539982057002415e-01 -5.649615809606489680e-02 2.900955211458999816e-01 7.042052930426412338e-01 3.814903625805868836e-01 -1.085695655623228006e+00
2.129889803826766626e-01 -3.103940521817034615e-01 -3.839791910837797584e-02 -3.272725366771199740e-01 2.671586035861572839e-02 4.795978714178411595e-01 -3.272725366771199740e-01 2.671586035861572839e-02 4.795978714178411595e-01 -9.100062268790082287e-01 9.258704330723307452e-01 -1.586420619332251647e-02
-8.415128173247266030e-02 -3.300592857827422399e-01 1.131123353670122622e-01 -4.624161485142967987e-01 1.209523875804722204e-01 4.664114156523104793e-01 -4.624161485142967987e-01 1.209523875804722204e-01 4.664114156523104793e-01 -6.071682419803114961e-02 6.367849080061580569e-01 -5.760680838081269073e-01
1.488911205830856233e-02 -1.475703697835911710e-01 4.635670871883419419e-01 3.433232139195224741e-01 -1.354765524441117197e-01 4.252611878587662098e-01 3.433232139195224741e-01 -1.354765524441117197e-01 4.252611878587662098e-01 3.898395557865363958e-01 6.336674696924320394e-01 -1.023507025478968435e+00
-3.852540270466248140e-01 -4.194704728716140973e-01 -3.732642908579913987e-01 -3.459208281676425800e-01 -2.203788205501511221e-01 1.624091806912478786e-01 -3.459208281676425800e-01 -2.203788205501511221e-01 1.624091806912478786e-01 -2.274666128278801658e-02 7.996349246874590033e-02 -5.721683118595788375e-02
2.738743427204186620e-01 -1.189185087065476321e-01 4.841265438849168268e-01 -3.246674082286616914e-01 -1.167196898719874421e-01 -3.315230283535528510e-01 -3.246674082286616914e-01 -1.167196898719874421e-01 -3.315230283535528510e-01 -2.471223131681905549e-01 9.339685298017048609e-01 -6.868462166335143060e-01
4.401011881393812608e-02 -3.384892295139880769e-01 1.828158032681237444e-02 -3.440247669565775768e-01 -2.490384622837542583e-01 -2.072858471641048084e-02 -3.440247669565775768e-01 -2.490384622837542583e-01 -2.072858471641048084e-02 -4.913442990530357823e-01 7.660110219574964852e-01 -2.746667229044607028e-01
4.828171137304450022e-01 -4.862324874422832011e-01 3.626166945052219370e-01 5.522531853134449165e-02 2.713625072014619333e-01 3.687788695550200391e-01 5.522531853134449165e-02 2.713625072014619333e-01 3.687788695550200391e-01 -1.748695852406308093e+00 2.207531459121080619e+00 -4.588356067147724704e-01
1.637946452197888147e-01 1.717297848174202946e-01 1.021836538927107796e-01 1.570403290247293082e-01 3.272003251393061918e-01 1.544693512274343261e-01 1.570403290247293082e-01 3.272003251393061918e-01 1.544693512274343261e-01 -5.184768000295603141e-02 -7.992525289490604035e-02 1.317729328978620718e-01
-3.148696017309693396e-01 1.051167805003662137e-01 5.146883581277650332e-02 4.484584043057936453e-01 -2.109889168122303094e-01 1.958484563594459216e-01 4.484584043057936453e-01 -2.109889168122303094e-01 1.958484563594459216e-01 7.853875696475306478e-01 -3.980573112084092591e-01 -3.873302584391213887e-01
2.500217637026599382e-01 2.778484768591753529e-01 1.783769722513198763e-01 3.600257482181212776e-02 -1.450974891492265995e-01 3.907241914935130067e-01 3.600257482181212776e-02 -1.450974891492265995e-01 3.907241914935130067e-01 -4.169539646128239685e-02 -1.320301111395093541e-01 1.737255076007917509e-01
4.096355249515570840e-01 -2.727024590840504414e-01 -1.607958151149000425e-01 3.747476199043634493e-01 7.356108257709526033e-02 2.362572574465340303e-01 3.747476199043634493e-01 7.356108257709526033e-02 2.362572574465340303e-01 -1.413216468317513907e+00 1.084370300018666189e+00 3.288461682988478296e-01
-2.742906613921453074e-01 2.871162896558341338e-01 -2.649223633138296785e-01 -3.947374733372130962e-01 -2.255258871964291867e-01 4.408492093746438911e-01 -3.947374733372130962e-01 -2.255258871964291867e-01 4.408492093746438911e-01 4.390063521889480125e-01 -1.166384157769720264e+00 7.273778055807722520e-01
4.824174492929428348e-01 -2.798713259730187808e-01 5.143157367337247710e-02 1.085654369735586933e-01 -2.732106793337351069e-01 3.838175899975118099e-01 1.085654369735586933e-01 -2.732106793337351069e-01 3.838175899975118099e-01 -1.493307769475041180e+00 1.425188201276575750e+00 6.811956819846554101e-02
3.859420993107745002e-01 -3.737898962506412959e-01 7.119423548204495411e-03 -2.026243295084495522e-02 9.866388160643568828e-02 -1.045362836924885741e-01 -2.026243295084495522e-02 9.866388160643568828e-02 -1.045362836924885741e-01 -1.453036219806212781e+00 1.454463386626975163e+00 -1.427166820762493238e-03
-4.332750023606435352e-01 4.659330650197223145e-01 -2.893718215811975636e-01 -3.254010795463058159e-02 1.991465654129165319e-01 -3.878495167789032250e-01 -3.254010795463058159e-02 1.991465654129165319e-01 -3.878495167789032250e-01 7.478805359169182765e-01 -1.721368539456217261e+00 9.734880035392989850e-01
1.102408126466296601e-01 1.391268487199049941e-01 -3.603506663158965173e-01 3.956418025994465903e-01 1.060352981689621776e-01 -1.867783048531139745e-01 3.956418025994465903e-01 1.060352981689621776e-01 -1.867783048531139745e-01 -3.468944753142637616e-01 -6.763328864196074264e-01 1.023227361733871188e+00
-4.185260351227380049e-01 -3.492156016278074038e-01 3.519457712872955391e-01 3.218154852167465219e-02 2.566160562962171987e-01 1.389478203684316737e-01 3.218154852167465219e-02 2.566160562962171987e-01 1.389478203684316737e-01 1.227748496586611449e+00 4.370280713483453150e-01 -1.664776567934956653e+00
-7.889237499494783368e-02 -4.259508391056832100e-02 2.013802946333462796e-01 2.419395254560767761e-01 -1.989920569200936962e-01 -2.273677189274919686e-01 2.419395254560767761e-01 -1.989920569200936962e-01 -2.273677189274919686e-01 3.591370816941036326e-01 1.808466320417007056e-01 -5.399837137358043382e-01
-7.352521149860402616e-02 -3.052097144007426266e-02 -4.420241866272329734e-01 -2.008876553391644171e-01 4.254023314479093987e-02 1.415826775618767019e-02 -2.008876553391644171e-01 4.254023314479093987e-02 1.415826775618767019e-02 -2.661354099002933848e-01 -5.511772313146509061e-01 8.173126412149442910e-01
1.918771139504733547e-01 2.582782604769962020e-01 -2.465609575002192244e-01 4.552622535381868341e-01 -3.099129495200594331e-01 3.471129160821944115e-01 4.552622535381868341e-01 -3.099129495200594331e-01 3.471129160821944115e-01 -2.907122679898458406e-01 -7.209637144358769234e-01 1.011675982425722875e+00
6.103021925570994988e-02 -5.883734103674931326e-03 -1.794353460048397908e-01 2.504535467233240942e-01 3.657481934043294025e-02 -1.261314279346578138e-01 2.504535467233240942e-01 3.657481934043294025e-02 -1.261314279346578138e-01 -2.829417531498853444e-01 -1.203186058319669627e-01 4.032603589818523071e-01
7.974521924579691667e-02 -1.251240564631406205e-01 -1.556608045499461301e-01 -2.407818743492630142e-01 3.951377108035732943e-01 -4.231677152253191521e-01 -2.407818743492630142e-01 3.951377108035732943e-01 -4.231677152253191521e-01 -4.371146838996785577e-01 1.963568311914067888e-01 2.407578527082717690e-01
-3.123683270975660120e-01 1.996231823995838761e-01 9.054652224356707357e-02 2.617298626927417882e-01 -1.565799068913277248e-01 1.668079951387616555e-01 2.617298626927417882e-01 -1.565799068913277248e-01 1.668079951387616555e-01 8.968786093805891646e-01 -5.159469659483399973e-01 -3.809316434322491673e-01
-4.400823104877883418e-01 4.857088237131877984e-01 9.963600842371678201e-02 4.029359021217099324e-01 -3.108616250611502263e-01 -1.037406327173061582e-01 4.029359021217099324e-01 -3.108616250611502263e-01 -1.037406327173061582e-01 1.319305730007221733e+00 -1.074973958602807311e+00 -2.443317714044144218e-01
-2.670257261589795705e-01 -4.238111909676788303e-01 2.600017523497488714e-01 3.301565261622992908e-01 4.894521308362529410e-01 4.543407046242111669e-01 3.301565261622992908e-01 4.894521308362529410e-01 4.543407046242111669e-01 5.241450585810030205e-01 6.650556670421620131e-01 -1.189200725623165145e+00
-2.599607343780596658e-02 2.677771921472740235e-01 -2.553659342807919064e-01 1.812041841170189960e-01 1.599697189638991102e-01 -4.656468553026837931e-02 1.812041841170189960e-01 1.599697189638991102e-01 -4.656468553026837931e-02 4.958893658508189972e-02 -9.418773021190279815e-01 8.922883655339460818e-01
-3.532441091828869562e-01 1.901598407367877108e-02 3.230030406484709626e-01 -4.118113544284899286e-01 -2.598262661689333397e-01 3.682385714408890065e-01 -4.118113544284899286e-01 -2.598262661689333397e-01 3.682385714408890065e-01 1.277308977962009706e+00 -4.869544751011134487e-02 -1.228613530451898139e+00
4.939130246104789235e-01 2.035193311050811360e-01 2.710053579546822800e-01 3.448118190062035016e-01 -3.377550005211922279e-01 -3.099504963833101812e-01 3.448118190062035016e-01 -3.377550005211922279e-01 -3.099504963833101812e-01 -5.367650044459324477e-01 4.022129526327393734e-01 1.345520518131930743e-01
-4.896357386647680610e-01 -3.473960129577281508e-01 -2.761503296724746592e-01 -2.662656398834893912e-01 5.125664893585157866e-02 -4.641208510339832616e-01 -2.662656398834893912e-01 5.125664893585157866e-02 -4.641208510339832616e-01 3.705721443861081932e-01 -6.381978532401533233e-02 -3.067523590620928609e-01
2.515278171352438585e-01 3.445269432294789658e-01 3.483223251981149016e-02 -2.690100513302960961e-01 -2.294480062025335831e-01 -2.550491448851656129e-01 -2.690100513302960961e-01 -2.294480062025335831e-01 -2.550491448851656129e-01 -1.060192569228814996e-01 -4.518146419831238214e-01 5.578338989060053210e-01
1.944001577277451043e-01 1.736984238986316598e-01 -2.605537630953196349e-01 2.661883652028217417e-01 3.811683184289046400e-01 4.871830820663743955e-01 2.661883652028217417e-01 3.811683184289046400e-01 4.871830820663743955e-01 -3.864402976054173156e-01 -5.228906462973776925e-01 9.093309439027950081e-01
-1.552633473167065459e-01 4.488362882802195974e-01 -4.173602914787633011e-03 -1.046495262053096509e-01 4.299930889635013020e-01 4.428079850752847380e-01 -1.046495262053096509e-01 4.299930889635013020e-01 4.428079850752847380e-01 6.165347211842951980e-01 -1.026473431659504776e+00 4.099387104752094668e-01
1.297175070215644821e-01 3.964166024568469560e-01 -3.021672153520806869e-01 3.364907608373091108e-02 -4.951279520463939265e-01 -3.968452802509433441e-01 3.364907608373091108e-02 -4.951279520463939265e-01 -3.968452802509433441e-01 -1.166192803396038924e-01 -1.244999384504511308e+00 1.361618664844115312e+00
4.747403708550822499e-01 -2.153761189930578634e-01 -4.710338138221015214e-01 -3.114223965005321615e-01 -1.632789102549451199e-01 2.778206109003843460e-01 -3.114223965005321615e-01 -1.632789102549451199e-01 2.778206109003843460e-01 -1.605569016807115279e+00 7.026371644186941712e-01 9.029318523884212189e-01
2.642593390552128163e-02 -1.214194067493977736e-01 2.965585875367110491e-01 -3.784190330864289908e-02 2.613352159920956375e-01 -4.937897328094839056e-01 -3.784190330864289908e-02 2.613352159920956375e-01 -4.937897328094839056e-01 1.508046530760027704e-01 5.009568644095163670e-01 -6.517615174855191373e-01
3.589640591551157556e-02 6.052999053605878643e-02 3.448725182357390562e-01 -2.391088199789515034e-02 -2.222872675265757936e-01 -8.129132494283408672e-02 -2.391088199789515034e-02 -2.222872675265757936e-01 -8.129132494283408672e-02 3.863624883217962047e-01 2.231585006272912564e-01 -6.095209889490874611e-01
-1.099922858587537577e-01 2.844574187919231001e-01 -4.777284884671958443e-01 4.897069537867417832e-01 -1.314231302347240726e-01 -3.621407997358928599e-01 4.897069537867417832e-01 -1.314231302347240726e-01 -3.621407997358928599e-01 1.824892021624258120e-02 -1.468904542015437187e+00 1.450655621799194606e+00
3.958862181960668414e-01 -1.229174007926658874e-01 3.794835234293169046e-01 4.275809425975434230e-01 -1.027722337662382301e-01 4.998757875742624313e-01 4.275809425975434230e-01 -1.027722337662382301e-01 4.998757875742624313e-01 -6.962854101271552798e-01 1.074940334728628599e+00 -3.786549246014732084e-01
-4.158293211139474366e-04 -4.423451927587436217e-01 1.962700831011029434e-01 4.088080323000569116e-01 3.512376625014974607e-01 1.571650423635170268e-01 4.088080323000569116e-01 3.512376625014974607e-01 1.571650423635170268e-01 -3.383442243504672930e-01 1.027682762483543177e+00 -6.893385381330758843e-01
3.443299485657131953e-01 1.938554113738997220e-01 4.477640661016069057e-01 3.013307032031925514e-01 3.631112601663349926e-01 -2.230769435310072657e-01 3.013307032031925514e-01 3.631112601663349926e-01 -2.230769435310072657e-01 -5.341297801976652160e-02 3.866230460603959918e-01 -3.332100680406294702e-01
-3.758266848800888571e-01 -4.198963561939507150e-01 4.041029859138048907e-01 4.424988742262074837e-01 -4.813189940036246561e-01 1.822206404739505903e-01 4.424988742262074837e-01 -4.813189940036246561e-01 1.822206404739505903e-01 1.136263686962144970e+00 6.063814274704293350e-01 -1.742645114432574305e+00
-4.076614052312022007e-01 -3.252798498910774994e-01 4.517756930338516774e-01 1.837103358216378712e-01 -3.135073117273147192e-01 -4.849805782465759219e-01 1.837103358216378712e-01 -3.135073117273147192e-01 -4.849805782465759219e-01 1.440910331261006094e+00 4.611627522829445103e-01 -1.902073083543950549e+00
-4.654287801283657489e-01 -3.133416233874797285e-02 -4.265333456398766598e-01 2.259588458488149820e-01 -4.929532761899243498e-01 -8.543712030760508558e-02 2.259588458488149820e-01 -4.929532761899243498e-01 -8.543712030760508558e-02 3.918108108418757451e-01 -8.368289305518753496e-01 4.450181197099996044e-01
2.852960282216189247e-01 1.070154607890388965e-01 4.905344385051968459e-02 2.668623763265419724e-01 1.115736081214105946e-01 -2.272317633352118893e-01 2.668623763265419724e-01 1.115736081214105946e-01 -2.272317633352118893e-01 -4.055714886181266410e-01 1.354858520842636693e-01 2.700856365338629717e-01
-3.390285631843912295e-01 -1.580471636975475658e-01 1.605983559285987239e-01 2.418561456866119563e-02 -2.206796643836681504e-01 -1.032525500039960242e-03 2.418561456866119563e-02 -2.206796643836681504e-01 -1.032525500039960242e-03 8.136553992679679270e-01 1.073176216695495011e-01 -9.209730209375174281e-01
3.844059259454368771e-02 1.715983809063899024e-01 -2.231935373994133887e-01 2.571159134140965641e-02 4.310031937645028011e-01 -4.579752399138855568e-01 2.571159134140965641e-02 4.310031937645028011e-01 -4.579752399138855568e-01 -1.055343486270714504e-01 -6.087483850292993992e-01 7.142827336563708496e-01
-3.311997723669368732e-02 -3.554022791619032562e-01 -4.103693010725379953e-01 1.575214077031100723e-01 4.158787230673001156e-01 3.274440914110758882e-01 1.575214077031100723e-01 4.158787230673001156e-01 3.274440914110758882e-01 -6.945292950890461503e-01 3.237686025165680270e-01 3.707606925724781233e-01
3.583138364290423539e-01 -9.351713102291370205e-02 3.180690542887054661e-03 4.007831147069159661e-01 1.535310326636594169e-01 3.587151157269452550e-01 4.007831147069159661e-01 1.535310326636594169e-01 3.587151157269452550e-01 -8.701062534351591271e-01 6.633560530735347349e-01 2.067502003616243922e-01
5.868982844575165725e-02 -1.245651668321422489e-01 -1.355925682960523737e-02 3.077788623150764513e-01 -4.672428002540228720e-01 -4.627597443892151885e-01 3.077788623150764513e-01 -4.672428002540228720e-01 -4.627597443892151885e-01 -2.708215059967866711e-01 3.061871892734858713e-01 -3.536568327669920020e-02
-3.736704805603626722e-01 -1.944375171992529516e-03 8.340631460822789389e-02 4.639158886845510255e-01 2.461601407734210767e-01 4.488370667619456800e-02 4.639158886845510255e-01 2.461601407734210767e-01 4.488370667619456800e-02 8.899070949383381945e-01 -2.286471492083628210e-01 -6.612599457299753736e-01
7.785721528453548590e-02 -8.454849983064671726e-03 1.383553207411729602e-01 -8.343327098525255003e-02 3.893155330763431454e-02 4.309898653459719453e-01 -8.343327098525255003e-02 3.893155330763431454e-02 4.309898653459719453e-01 -2.778088720862115224e-02 2.266886006370997242e-01 -1.989077134284785719e-01
-6.640767272683545386e-02 -1.139959889774044832e-01 4.639177674239978177e-01 9.898378143109010097e-03 2.522566048040931763e-01 3.421791188670099126e-01 9.898378143109010097e-03 2.522566048040931763e-01 3.421791188670099126e-01 6.507464816714847444e-01 4.876711474610857522e-01 -1.138417629132570497e+00
4.155937888737326613e-02 -4.520074359511326856e-01 -2.186987274631886358e-01 4.052027659330403875e-01 3.425182098415588960e-01 -2.160565621537532399e-01 4.052027659330403875e-01 3.425182098415588960e-01 -2.160565621537532399e-01 -8.672961871528845901e-01 8.462397185916200604e-01 2.105646856126452970e-02
-5.809571925157663852e-02 -1.175325427290824232e-01 1.052128951232128573e-01 -7.427558801488376439e-02 1.382781332668242547e-01 -1.744597024010104969e-01 -7.427558801488376439e-02 1.382781332668242547e-01 -1.744597024010104969e-01 1.161612826982896252e-01 2.609201593145136222e-01 -3.770814420128032474e-01
-2.142811482658524280e-01 3.227300054219355285e-01 -2.024252846861247512e-01 2.131639731598145016e-01 3.542582098426465542e-01 -4.669181565924843680e-01 2.131639731598145016e-01 3.542582098426465542e-01 -4.669181565924843680e-01 4.274338200636361718e-01 -1.106228777461886192e+00 6.787949573982501317e-01
-3.757290380278353048e-01 2.316064712415087934e-01 1.724726505249298825e-01 -4.334291968676207141e-01 1.211491896936460755e-01 -3.194239473331430545e-01 -4.334291968676207141e-01 1.211491896936460755e-01 -3.194239473331430545e-01 1.185338337143961862e+00 -5.161166510360635229e-01 -6.692216861078983392e-01
2.331425252875111154e-01 -3.156155576322332568e-01 -1.655806073027273895e-01 -3.910049660703562857e-01 2.664921446562297236e-01 7.313220468394188156e-02 -3.910049660703562857e-01 2.664921446562297236e-01 7.313220468394188156e-02 -1.059925294904433990e+00 8.704239025119403506e-01 1.895013923924935284e-01
-4.814237978225904824e-01 -4.962063275906574145e-01 1.830743663365641538e-01 4.344454925295846426e-01 2.541750254551593535e-01 3.173517292840132287e-01 4.344454925295846426e-01 2.541750254551593535e-01 3.173517292840132287e-01 9.286226193651636596e-01 5.079107956060752160e-01 -1.436533414971238987e+00
1.070941619724604665e-01 -3.065836009850816390e-01 -2.344879825276141583e-01 -7.963043119721491259e-02 -2.260819067704450402e-01 2.020694642288483056e-01 -7.963043119721491259e-02 -2.260819067704450402e-01 2.020694642288483056e-01 -8.017246171782272945e-01 5.819277826787271346e-01 2.197968344995001599e-01
1.394608808799401301e-01 -2.132883503935694147e-01 -3.277202985228745424e-01 4.308549677599680106e-01 -1.332680183390583251e-01 2.955027102986651499e-01 4.308549677599680106e-01 -1.332680183390583251e-01 2.955027102986651499e-01 -7.962077383043913992e-01 3.017379250072282915e-01 4.944698132971631077e-01
2.501724132979927795e-01 3.891310891074828415e-01 2.685187589183435364e-02 2.039994982798885026e-01 2.454983307481646282e-01 -1.150908701460171546e-01 2.039994982798885026e-01 2.454983307481646282e-01 -1.150908701460171546e-01 -7.040556701480371604e-02 -5.663360130033711082e-01 6.367415800181748242e-01
3.781425034294131349e-01 2.300912110901043306e-01 -4.350884146608706704e-01 -3.215051670225117508e-01 -7.570762567418798383e-02 -4.530691567737673564e-01 -3.215051670225117508e-01 -7.570762567418798383e-02 -4.530691567737673564e-01 -7.161492863673843967e-01 -7.852674612615637706e-01 1.501416747628948167e+00
1.726759850112979944e-02 2.517077209192668530e-01 3.214467402262972673e-01 1.792129501957185900e-01 -3.540710819283965360e-01 -3.945802535606828254e-01 1.792129501957185900e-01 -3.540710819283965360e-01 -3.945802535606828254e-01 5.644982666194645615e-01 -1.416235919922890218e-01 -4.228746746271755397e-01
1.229269227836138345e-02 7.154209272533229580e-02 1.449416725122117944e-01 -1.562118965631555945e-01 1.177542796100679023e-01 -7.538728990539722563e-02 -1.562118965631555945e-01 1.177542796100679023e-01 -7.538728990539722563e-02 1.993774293829310151e-01 1.324223245726685594e-02 -2.126196618401978711e-01
4.261814267064536477e-01 -6.701849303235185573e-02 -1.447906106603562559e-01 2.230933996660097174e-01 -1.810139935298109570e-01 -4.642495682916203403e-02 2.230933996660097174e-01 -1.810139935298109570e-01 -4.642495682916203403e-02 -1.072571872883560706e+00 5.566715488648605881e-01 5.159003240187001182e-01
4.511937854902045020e-01 1.517892760100904015e-01 -9.804687755768259905e-03 -3.489254815285680600e-01 -2.690582916778758715e-01 4.607973060206447258e-01 -3.489254815285680600e-01 -2.690582916778758715e-01 4.607973060206447258e-01 -7.184015784911160774e-01 1.736723223684524253e-01 5.447292561226636520e-01
-2.601522408524138408e-01 -9.677952789415078527e-02 3.944324184275723733e-01 3.106291034469015333e-01 -2.435615394932533206e-03 -2.796330988463051614e-01 3.106291034469015333e-01 -2.435615394932533206e-03 -2.796330988463051614e-01 1.075068499552669365e+00 2.373902201578019788e-01 -1.312458719710471344e+00
4.294372337437613041e-01 -9.579809422485274784e-02 -1.283454232758175495e-01 3.542379729163827040e-01 -3.097165173209562861e-01 -1.168241495689067433e-01 3.542379729163827040e-01 -3.097165173209562861e-01 -1.168241495689067433e-01 -1.118379671936347464e+00 6.577739206229660240e-01 4.606057513133815506e-01
-4.125177904464091272e-01 2.677889776581729997e-01 -3.195044513352718329e-02 1.279619269819026739e-01 -7.850898957190188820e-02 9.840123939405254205e-04 1.279619269819026739e-01 -7.850898957190188820e-02 9.840123939405254205e-04 9.566528428605747258e-01 -8.430455086937029829e-01 -1.136073341668717429e-01
-4.012565981796516468e-01 4.482991740726650631e-01 3.960434915750019602e-01 4.803328851373277475e-01 5.763348986431826582e-03 2.925592686771694151e-02 4.803328851373277475e-01 5.763348986431826582e-03 2.925592686771694151e-02 1.791935428300135635e+00 -6.260402629883892178e-01 -1.165895165311746418e+00
3.594893208655858263e-01 -1.605832759823905276e-01 -7.277398833966719494e-03 9.878891790921040528e-02 -1.558806630240024971e-01 3.388448341981827872e-01 9.878891790921040528e-02 -1.558806630240024971e-01 3.388448341981827872e-01 -9.891784812977154617e-01 8.242824843582878813e-01 1.648959969394275804e-01
3.118586977205397570e-01 4.384818918567340296e-01 -2.368609760761257732e-01 8.098407267501950280e-02 3.339046774992332489e-01 2.988260890560822114e-01 8.098407267501950280e-02 3.339046774992332489e-01 2.988260890560822114e-01 -3.033766333209327870e-01 -1.083640894612136751e+00 1.387017527933069427e+00
-2.026686184927277701e-01 5.640691567092526171e-02 4.573949263266687826e-01 4.062603959616818416e-01 -4.573703182034201120e-01 -3.899234921529820541e-01 4.062603959616818416e-01 -4.573703182034201120e-01 -3.899234921529820541e-01 1.163150558098967391e+00 1.021066364877205590e-01 -1.265257194586688172e+00
3.541154438365387014e-01 4.865727795868814987e-01 3.329681438370704072e-01 1.028653375383973279e-01 -3.140390302036610848e-01 -3.914412943912823906e-01 1.028653375383973279e-01 -3.140390302036610848e-01 -3.914412943912823906e-01 1.031344315943296674e-01 -2.900894844955567153e-01 1.869550529012270479e-01
4.058094960083018510e-01 -4.602712933169151865e-01 2.025230339614009223e-01 -2.457676453426476115e-01 4.591120175192022757e-01 3.529698498496928183e-01 -2.457676453426476115e-01 4.591120175192022757e-01 3.529698498496928183e-01 -1.561529912652306784e+00 1.862165256144174386e+00 -3.006353434918674905e-01
1.901162746405582471e-02 8.534845893825104834e-02 -2.820310699388320907e-01 4.378749166382522873e-02 -2.125018979588123580e-01 7.243081692707264985e-02 4.378749166382522873e-02 -2.125018979588123580e-01 7.243081692707264985e-02 -1.957694250286955429e-01 -5.081302352236710673e-01 7.038996602523666102e-01
3.271154711707324747e-01 1.786004817232189623e-02 -2.965661756299093899e-01 -1.993677114762518743e-01 2.165931341327187454e-02 -1.122948682185901381e-01 -1.993677114762518743e-01 2.165931341327187454e-02 -1.122948682185901381e-01 -8.264427594957983736e-01 -7.062997301256368488e-03 8.335057567970547421e-01
-3.429012140801912523e-02 4.218683054838153756e-01 9.882089062342191976e-02 4.138438752466081505e-01 1.250155931933211173e-01 -4.089591309540178132e-01 4.138438752466081505e-01 1.250155931933211173e-01 -4.089591309540178132e-01 5.086633769662517457e-01 -7.476174130661049633e-01 2.389540360998532176e-01
-3.554544598753401896e-01 -2.381195958964797965e-01 -2.227998952174015113e-01 1.180113243466446304e-01 -3.841732532937509603e-01 6.965355668407391398e-02 1.180113243466446304e-01 -3.841732532937509603e-01 6.965355668407391398e-02 2.525681399571260144e-01 -9.550969598820957529e-02 -1.570584439689164391e-01
-2.144237183043060657e-01 2.918210395041538341e-01 1.724110989339258104e-01 3.084113566061418288e-01 4.721390871214521390e-01 -3.350277321010475262e-01 3.084113566061418288e-01 4.721390871214521390e-01 -3.350277321010475262e-01 8.695584459154918067e-01 -5.240769331737710202e-01 -3.454815127417207865e-01
3.031633421141696205e-01 -2.097020029381317929e-01 1.296079567189131199e-01 -4.480343114946390148e-01 -2.983682409433656701e-01 4.676088975125461955e-01 -4.480343114946390148e-01 -2.983682409433656701e-01 4.676088975125461955e-01 -8.293990825551565971e-01 9.578080290588082413e-01 -1.284089465036516442e-01
-3.137397886223290966e-01 7.071585154625636971e-02 -4.490876164831127948e-01 -3.795991231422766177e-01 2.433905124020390165e-01 -3.942557848699478340e-01 -3.795991231422766177e-01 2.433905124020390165e-01 -3.942557848699478340e-01 1.925909147636762908e-01 -1.000875962937456398e+00 8.082850481737801074e-01
-4.759517325354845063e-02 -1.007813946475462075e-01 1.910273415567041999e-01 1.065443482504676576e-01 -1.358297013464742076e-01 4.720206217903173407e-01 1.065443482504676576e-01 -1.358297013464742076e-01 4.720206217903173407e-01 2.148732082045861080e-01 3.077146413438001105e-01 -5.225878495483862185e-01
1.852195003967594955e-01 4.015625846693212653e-01 -4.183760172849319003e-01 -1.615486158817499573e-01 -3.254988124272559791e-01 -3.812695948874064156e-01 -1.615486158817499573e-01 -3.254988124272559791e-01 -3.812695948874064156e-01 -2.586169968245924933e-01 -1.464901523380593762e+00 1.723518520205186144e+00
-1.051495195393605808e-01 -3.563930021257907255e-01 -3.346815095197601675e-01 7.100876193707306161e-02 -1.821824496494022227e-01 4.811085630636269261e-01 7.100876193707306161e-02 -1.821824496494022227e-01 4.811085630636269261e-01 -4.907175338385184604e-01 3.071005677483280571e-01 1.836169660901904033e-01
-5.008786652005947637e-02 -2.923743381961856347e-01 -4.639316854301400728e-01 -1.889869321151584902e-01 -2.021367326711653867e-03 -3.057100179138132479e-01 -1.889869321151584902e-01 -2.021367326711653867e-03 -3.057100179138132479e-01 -6.130549558691703593e-01 8.700693036988571549e-02 5.260480254992846438e-01
4.401074823333671615e-01 1.243367024026759138e-01 -1.365113167150947548e-01 4.553899892571746655e-01 1.253311549032550820e-01 3.027325501575511835e-01 4.553899892571746655e-01 1.253311549032550820e-01 3.027325501575511835e-01 -8.095211868849616632e-01 7.328551183466092134e-02 7.362356750503007419e-01
1.337867606119178543e-01 2.268937533445626320e-01 -1.181576032442388513e-01 1.682889887508017823e-01 -2.383892073170782444e-01 3.767770399379611890e-01 1.682889887508017823e-01 -2.383892073170782444e-01 3.767770399379611890e-01 -1.338080322568572234e-01 -5.009664220866399953e-01 6.347744543434972186e-01
1.541373469707443267e-01 -1.575593588651894583e-01 -4.946834670388967625e-01 3.967919516127438317e-02 -7.350705414378155833e-02 -4.117698489999042089e-01 3.967919516127438317e-02 -7.350705414378155833e-02 -4.117698489999042089e-01 -8.430786801949925469e-01 -3.517250858170628547e-02 8.782511887766988323e-01
2.959669419422693570e-01 -1.789736858326841373e-01 -2.216718691530980001e-01 4.435093839110807457e-01 3.307513669044257476e-01 1.460907214959391576e-01 4.435093839110807457e-01 3.307513669044257476e-01 1.460907214959391576e-01 -1.011992747052933961e+00 5.642958644145001923e-01 4.476968826384336575e-01
