-2.285092267113193465e-01 -4.777015164910372036e-01 -1.677131830163460791e-01 1.825936011764378586e-01 -1.750442221534258547e-01 3.392536965389209014e-01 1.825936011764378586e-01 -1.750442221534258547e-01 3.392536965389209014e-01 -2.203065636113641368e-01 5.495332019175482863e-01 -3.292266383061841495e-01
3.055704296024673861e-01 -4.119580506142201948e-01 -1.042609349163327037e-01 -3.563351880388928583e-01 6.213189203313795872e-02 3.125231040908348357e-01 -3.563351880388928583e-01 6.213189203313795872e-02 3.125231040908348357e-01 -1.385599733261840605e+00 1.314223961778547611e+00 7.137577148329288246e-02
1.255582747280126199e-01 1.924463957980355744e-01 2.886042600408608161e-01 -4.271433347346542675e-01 -9.248330639709034795e-02 3.739778371330335638e-01 -4.271433347346542675e-01 -9.248330639709034795e-02 3.739778371330335638e-01 2.417909815050948152e-01 2.697922242426031847e-02 -2.687702039293551337e-01
1.861240443411342760e-01 -2.629784038091234066e-01 -3.228925866786774845e-01 -1.471636865535810301e-01 -3.626280258304469539e-01 3.750671123139258656e-01 -1.471636865535810301e-01 -3.626280258304469539e-01 3.750671123139258656e-01 -9.658187975373827561e-01 5.051597488239585321e-01 4.606590487134242240e-01
-2.581287504170803881e-01 3.178046363862541135e-03 -2.462874061349407118e-01 -1.200296806320896303e-01 3.768725494762973360e-01 -3.550651177189084740e-01 -1.200296806320896303e-01 3.768725494762973360e-01 -3.550651177189084740e-01 2.418670943917703431e-01 -5.132945913705929675e-01 2.714274969788226244e-01
-4.376087811413298390e-03 -1.980838273844294228e-01 2.482634481422395512e-01 -6.093381950800524915e-02 4.901286645257852959e-01 1.090671517648381661e-01 -6.093381950800524915e-02 4.901286645257852959e-01 1.090671517648381661e-01 7.367762237266650693e-02 5.737800120010992933e-01 -6.474576343737658002e-01
-3.124456981602770078e-01 3.963613983683578201e-02 3.443771846177013929e-01 4.672282285847751959e-01 -2.363219373700705672e-01 -1.896702583493329319e-01 4.672282285847751959e-01 -2.363219373700705672e-01 -1.896702583493329319e-01 1.225432457695660560e+00 -3.409171175886449578e-02 -1.191340745936796175e+00
-3.110413415770623136e-01 5.522386402983636700e-03 1.434913363756854521e-01 -2.184214028503992377e-01 -2.730309983394041407e-02 -2.137726231282418565e-01 -2.184214028503992377e-01 -2.730309983394041407e-02 -2.137726231282418565e-01 8.467883997668655960e-01 -1.424771650255707289e-01 -7.043112347412948671e-01
-2.243543924340727358e-01 -3.819718066929421729e-01 4.381746378780720930e-01 -3.396840618409716628e-01 -2.789588695671892937e-01 -4.752768073977579055e-01 -3.396840618409716628e-01 -2.789588695671892937e-01 -4.752768073977579055e-01 7.689734666201899493e-01 7.303510485192163948e-01 -1.499324515139406344e+00
2.800433424910275804e-01 -1.139215136352712543e-01 3.921404634530600841e-02 2.597346718754074413e-01 -4.602866457438223868e-01 1.848960829775569970e-01 2.597346718754074413e-01 -4.602866457438223868e-01 1.848960829775569970e-01 -6.968726506877972460e-01 6.248350330735774616e-01 7.203761761421978438e-02
-1.597660471626051182e-01 -2.916711243121278274e-01 1.602029534856689308e-01 1.715821450553149941e-01 -7.341057218061197709e-02 -1.509193200288477810e-01 1.715821450553149941e-01 -7.341057218061197709e-02 -1.509193200288477810e-01 2.360850677760988336e-01 5.045657012647202233e-01 -7.406507690408190570e-01
3.356340021718371425e-01 1.299256269784713202e-01 1.454588417219341290e-01 3.301029416224141588e-01 4.092765861822287299e-01 1.065411314172148849e-01 3.301029416224141588e-01 4.092765861822287299e-01 1.065411314172148849e-01 -4.015806252296812984e-01 2.438081179138650301e-01 1.577725073158162683e-01
-2.183538068657174813e-01 -4.319599091083781151e-02 6.768265709814003106e-02 1.629210636249470712e-01 4.284341724978710797e-01 -9.505038724227177216e-02 1.629210636249470712e-01 4.284341724978710797e-01 -9.505038724227177216e-02 4.918164415333554640e-01 -5.572280660684347797e-02 -4.360936349265119860e-01
7.752566414232042735e-02 -4.227272565943253069e-01 1.173292773840216574e-01 4.329100547843962588e-01 -3.712701416752062222e-02 -2.949680697889836001e-01 4.329100547843962588e-01 -3.712701416752062222e-02 -2.949680697889836001e-01 -6.085319264283275409e-01 1.066423011008176491e+00 -4.578910845798490614e-01
4.945628123735194004e-01 -4.233364881312579042e-01 2.145545052417623388e-01 3.126426757699165560e-01 -1.528268833618785516e-01 3.565590646736971348e-01 3.126426757699165560e-01 -1.528268833618785516e-01 3.565590646736971348e-01 -1.748247194591102893e+00 1.975618996918899972e+00 -2.273718023277971900e-01
2.229452492471409863e-01 -4.433068636166535015e-01 -1.358155783320691423e-01 -2.458090225652316274e-01 -2.748219473223988407e-01 3.227386299751020537e-01 -2.458090225652316274e-01 -2.748219473223988407e-01 3.227386299751020537e-01 -1.248385364629517991e+00 1.211637492484961998e+00 3.674787214455588202e-02
4.392161324283785362e-01 -4.188137367484081608e-01 -2.563471810045216959e-01 -1.214803857502959605e-01 4.790914203071859889e-01 -3.585644272211447880e-01 -1.214803857502959605e-01 4.790914203071859889e-01 -3.585644272211447880e-01 -1.859716149363461302e+00 1.508465022320215621e+00 3.512511270432455701e-01
1.564274588300781366e-01 2.261336748699394050e-01 7.753314312494119509e-02 -4.670385097097374816e-01 2.446647573094719030e-01 4.059315042499056503e-01 -4.670385097097374816e-01 2.446647573094719030e-01 4.059315042499056503e-01 -8.530196382217414275e-03 -2.275416472945530622e-01 2.360718436767704764e-01
3.950293914384569449e-01 -4.790405463915210493e-01 -4.077187763193264036e-01 2.350409735113356824e-02 3.062723204405148891e-02 -4.104333837952179875e-01 2.350409735113356824e-02 3.062723204405148891e-02 -4.104333837952179875e-01 -1.948549400062304704e+00 1.465483004234267028e+00 4.830663958280376757e-01
-1.862993704936477535e-02 -3.215492189059265815e-02 -4.636381329597907275e-01 -4.953301319541831838e-01 1.493300626132798570e-02 2.295297558251943038e-01 -4.953301319541831838e-01 1.493300626132798570e-02 2.295297558251943038e-01 -3.727978372747035030e-01 -5.259224314875430295e-01 8.987202687622465325e-01
6.698745187238019927e-02 6.064049693733764013e-02 1.866869604320007259e-01 4.473636958052836787e-01 -3.803141853295101127e-01 1.793108563073132489e-01 4.473636958052836787e-01 -3.803141853295101127e-01 1.793108563073132489e-01 1.207909597905454380e-01 1.247932547061885167e-01 -2.455842144967339546e-01
3.794481192339471676e-02 -3.863357879836031294e-01 4.829073526475244904e-01 -3.707699521951220989e-01 7.073652764505666823e-03 3.499349845994254027e-01 -3.707699521951220989e-01 7.073652764505666823e-03 3.499349845994254027e-01 3.194131420700152546e-02 1.109221671209394744e+00 -1.141162985416396269e+00
-3.735741905738598767e-01 -2.803318113387328614e-01 -2.578443388573700146e-01 -2.403913276220459583e-01 -4.726428719991538907e-01 -1.187263209720083035e-01 -2.403913276220459583e-01 -4.726428719991538907e-01 -1.187263209720083035e-01 2.117198650249099146e-01 -6.679081339132464379e-02 -1.449290516335852708e-01
2.836412077261643017e-01 4.596182044461127880e-02 -2.117564845394704909e-01 1.462426419051890969e-01 -2.459816922141151441e-01 -1.696075551891939037e-01 1.462426419051890969e-01 -2.459816922141151441e-01 -1.696075551891939037e-01 -6.589739598622802452e-01 -2.567176745792321135e-02 6.846457273202034566e-01
-4.005120286120094075e-01 1.050638925756399722e-01 1.016738223472913871e-01 4.461153714034571394e-02 1.577760580814903113e-01 3.641959650621969802e-01 4.461153714034571394e-02 1.577760580814903113e-01 3.641959650621969802e-01 1.049170967444996494e+00 -4.002377191683579305e-01 -6.489332482766385635e-01
-4.082304608600432205e-01 1.779434169403979471e-01 4.193723696849278593e-01 -3.871164977966696785e-01 3.502584466951419451e-02 -6.845328538269546126e-02 -3.871164977966696785e-01 3.502584466951419451e-02 -6.845328538269546126e-02 1.731375579254089025e+00 -2.290523384519672634e-01 -1.502323240802121873e+00
2.062172484423576702e-01 -2.599134962989056996e-01 2.881385096047798244e-01 -2.177556155570870011e-01 4.985706014170315781e-01 -4.318232271395550104e-02 -2.177556155570870011e-01 4.985706014170315781e-01 -4.318232271395550104e-02 -5.084450230390322734e-01 1.015740568118222775e+00 -5.072955450791905019e-01
-2.601118554485857270e-01 2.625078554159632205e-01 -2.845060299258281855e-01 -4.724734344713050760e-01 -3.655430237535413074e-01 -4.636921454005937804e-01 -4.724734344713050760e-01 -3.655430237535413074e-01 -4.636921454005937804e-01 3.829358443688682945e-01 -1.135119931229227719e+00 7.521840868603594243e-01
2.078346668752248938e-01 -4.477729798830930585e-01 -2.388028964895817507e-01 3.521374311652296640e-01 -1.786253178626218130e-02 3.521148929787689674e-01 3.521374311652296640e-01 -1.786253178626218130e-02 3.521148929787689674e-01 -1.286536935045549335e+00 1.114893169274456142e+00 1.716437657710933040e-01
-1.502439917915687762e-01 3.168576112852772297e-02 4.745367172130591227e-01 -2.078767100624289155e-01 -2.443705572927858949e-01 -2.725350823633259090e-01 -2.078767100624289155e-01 -2.443705572927858949e-01 -2.725350823633259090e-01 1.034176412301426762e+00 1.914569841401598804e-01 -1.225633396441586864e+00
1.597158344078475345e-01 -1.338756312654650893e-01 9.605627919529924341e-02 -1.980523006047746337e-01 -4.764126406396104185e-01 -2.540449148636831911e-01 -1.980523006047746337e-01 -4.764126406396104185e-01 -2.540449148636831911e-01 -4.029114580319188565e-01 5.466481470680656374e-01 -1.437366890361467808e-01
-4.558899095438319060e-01 1.064021606745405579e-01 2.710919928611775775e-01 -4.244306488441601521e-01 -3.854862825996344666e-01 -7.144742448693341963e-02 -4.244306488441601521e-01 -3.854862825996344666e-01 -7.144742448693341963e-02 1.498925941379120719e+00 -2.782554223463880039e-01 -1.220670519032732715e+00
-5.664903798673515123e-02 3.186285809917138723e-01 3.233653075982100278e-01 -1.306032075001919424e-01 1.840981627354296712e-01 -1.478461947345024452e-01 -1.306032075001919424e-01 1.840981627354296712e-01 -1.478461947345024452e-01 7.752070661859566947e-01 -3.081759732647483263e-01 -4.670310929212083684e-01
3.114014153748365654e-01 3.044312203854411258e-01 4.426390752177176147e-01 2.993247671781147368e-01 -5.816762825952304095e-02 2.129318925562916354e-01 2.993247671781147368e-01 -5.816762825952304095e-02 2.129318925562916354e-01 1.332441947357565493e-01 1.360768948471861028e-01 -2.693210895829426521e-01
2.272918902179080769e-01 -2.167708128026255565e-01 -4.007884880473799871e-02 -3.406745943606912519e-01 4.168105147833351953e-01 -9.084709412441382970e-02 -3.406745943606912519e-01 4.168105147833351953e-01 -9.084709412441382970e-02 -7.936389791442435282e-01 7.209903477274174355e-01 7.264863141682609271e-02
2.992513625667735377e-01 1.027018228878795458e-01 -1.119084089325376175e-01 -3.375659475441196156e-01 3.457796788604416971e-02 -1.562857833270582253e-01 -3.375659475441196156e-01 3.457796788604416971e-02 -1.562857833270582253e-01 -5.543146052185176087e-01 -2.218311355402713403e-02 5.764977187725447427e-01
-3.626428586007949262e-01 1.548222882314003179e-01 2.461009172690735713e-01 -4.610048757087259474e-03 3.706593744185429085e-01 1.116293766688940536e-01 -4.610048757087259474e-03 3.706593744185429085e-01 1.116293766688940536e-01 1.242091374112695767e+00 -3.167338711709068999e-01 -9.253575029417888675e-01
2.733226619848896366e-01 -2.041021379093542754e-01 -4.818509762950093922e-01 -6.771215825998211368e-02 5.717413468359788808e-02 1.710614140298100105e-01 -6.771215825998211368e-02 5.717413468359788808e-02 1.710614140298100105e-01 -1.141989031268069166e+00 2.917634578388341726e-01 8.502255734292349931e-01
-2.181622421767109854e-01 4.451130061374869440e-01 4.005097318889834224e-01 -1.842774816301242513e-01 -9.435039682475854228e-02 -2.786652809554196475e-01 -1.842774816301242513e-01 -9.435039682475854228e-02 -2.786652809554196475e-01 1.341299688520468436e+00 -5.304516688240995537e-01 -8.108480196963687714e-01
-1.392711646522273305e-01 3.983878267675359242e-01 7.365488361117245031e-02 -2.376879243875851255e-02 -9.466582056407479850e-02 7.838754869833575167e-02 -2.376879243875851255e-02 -9.466582056407479850e-02 7.838754869833575167e-02 6.531790787797596698e-01 -7.995470113711377058e-01 1.463679325913780360e-01
7.050937339642593393e-02 -1.576242002596081049e-01 -1.089372410092387389e-01 -1.531275543907367753e-01 2.119786808603021377e-01 3.543468985436830643e-01 -1.531275543907367753e-01 2.119786808603021377e-01 3.543468985436830643e-01 -4.205205507155563849e-01 3.037738686952792255e-01 1.167466820202771594e-01
3.270782950717198156e-01 -1.667120078774895209e-01 2.518850747889330721e-01 -7.974970852015028644e-02 2.261609635713468514e-02 -2.474489755148444603e-01 -7.974970852015028644e-02 2.261609635713468514e-02 -2.474489755148444603e-01 -7.109506882301426245e-01 9.805456839347627129e-01 -2.695949957046200884e-01
-2.718820408841526870e-03 -2.482182921346511861e-01 1.997075316662042521e-01 4.156735102423197992e-01 2.841293409774625633e-02 2.487375937534012094e-01 4.156735102423197992e-01 2.841293409774625633e-02 2.487375937534012094e-01 -5.388969882091476649e-02 6.393075310083373708e-01 -5.854178321874226043e-01
-4.522418988951041330e-01 -3.188918158964439975e-01 4.518760817269651398e-03 4.425491265887366854e-01 9.356675679889014940e-02 -2.831928595053108122e-01 4.425491265887366854e-01 9.356675679889014940e-02 -2.831928595053108122e-01 7.037922721458630404e-01 1.514819917305830765e-01 -8.552742638764461169e-01
-4.600176402117379659e-01 -1.212846893822697725e-01 4.417492612113631534e-01 2.054162201844378366e-01 7.227189465060313012e-02 -2.666655778605991900e-01 2.054162201844378366e-01 7.227189465060313012e-02 -2.666655778605991900e-01 1.751280086680095049e+00 1.431940722815112643e-01 -1.894474158961606314e+00
3.247004549771352888e-01 -1.614143714662986673e-01 1.472919641709651284e-01 6.711371889270001390e-02 -2.841233628889684448e-01 4.402627451559570915e-01 6.711371889270001390e-02 -2.841233628889684448e-01 4.402627451559570915e-01 -7.885490626893725263e-01 8.915902873464850442e-01 -1.030412246571125179e-01
-8.187279965142113536e-02 -4.614408559429569179e-01 4.490550522825431656e-01 4.109358451906244269e-01 -4.999697524265769299e-01 -4.715171673076743453e-01 4.109358451906244269e-01 -4.999697524265769299e-01 -4.715171673076743453e-01 2.388562965869120980e-01 1.059328442752165200e+00 -1.298184739339077298e+00
-4.320418477593267470e-01 1.932752411005922433e-02 1.136937403124914647e-01 -4.466929501403887892e-01 -7.590628505451524344e-02 -2.173633397259933098e-02 -4.466929501403887892e-01 -7.590628505451524344e-02 -2.173633397259933098e-02 1.089121851300924426e+00 -2.731938638493771609e-01 -8.159279874515471542e-01
2.700516779415595980e-02 1.125318508975681198e-03 4.925241919908542876e-01 1.457256925908008149e-01 2.132121958480480695e-01 -4.927429101927797150e-01 1.457256925908008149e-01 2.132121958480480695e-01 -4.927429101927797150e-01 5.666230569602179745e-01 4.144476337868082672e-01 -9.810706907470262417e-01
1.111918483353071530e-01 -2.806334507016805535e-02 3.045618003967542897e-02 4.955381321546299400e-01 -4.014797756386471184e-01 -9.074831382125914114e-02 4.955381321546299400e-01 -4.014797756386471184e-01 -9.074831382125914114e-02 -2.269798976216964581e-01 2.062575613960699883e-01 2.072233622562646982e-02
3.283600667431183506e-01 6.431523830088159421e-03 4.577262396870773742e-01 5.240291972044863744e-02 1.032395851209199078e-01 2.970081669087537568e-01 5.240291972044863744e-02 1.032395851209199078e-01 2.970081669087537568e-01 -2.416793851442842200e-01 7.429830383966300467e-01 -5.013036532523458266e-01
-3.351621149511966324e-01 2.217093393412561397e-01 -3.966055743916596654e-01 2.533251700457220812e-01 2.420776711425353112e-01 3.570649234440912423e-01 2.533251700457220812e-01 2.420776711425353112e-01 3.570649234440912423e-01 3.674071994535790253e-01 -1.282799309606748039e+00 9.153921101531689031e-01
4.808483321775538499e-01 -3.886350799685647228e-01 2.849742892868768473e-01 -1.602256442511882373e-01 -3.258620718891922508e-01 4.350224109674168949e-01 -1.602256442511882373e-01 -3.258620718891922508e-01 4.350224109674168949e-01 -1.563562343319261139e+00 1.875813161078139668e+00 -3.122508177588784184e-01
3.469467681708594542e-01 -2.945682413065885408e-01 -1.122877439063992844e-01 3.094828814273259399e-01 1.206912512702857931e-01 -1.360103897029329989e-01 3.094828814273259399e-01 1.206912512702857931e-01 -1.360103897029329989e-01 -1.267589172845039469e+00 1.065988693165561108e+00 2.016004796794783616e-01
-2.769190583087112190e-01 4.068239576359360399e-01 -1.677961728017637322e-01 -4.137042527453353991e-01 7.510174463974972348e-02 -9.596925316196491806e-02 -4.137042527453353991e-01 7.510174463974972348e-02 -9.596925316196491806e-02 6.105751346961929560e-01 -1.271731315966849518e+00 6.611561812706565622e-01
-2.919152568915300838e-01 3.464620803117280934e-01 1.598380333021854893e-01 -4.086361851513615751e-01 -4.384849245378708016e-01 -4.921024843052804743e-01 -4.086361851513615751e-01 -4.384849245378708016e-01 -4.921024843052804743e-01 1.042915567383917663e+00 -6.770253746503658299e-01 -3.658901927335518334e-01
4.471140536069475591e-01 3.170203784560899907e-01 -1.583084733652807552e-01 -8.154707169848041115e-02 9.254776364188554982e-02 1.829343298923278294e-01 -8.154707169848041115e-02 9.254776364188554982e-02 1.829343298923278294e-01 -5.930913240381978646e-01 -4.696080145990906285e-01 1.062699338637288493e+00
-2.542488971848726464e-01 6.920185430882486166e-02 -6.527482688325481064e-04 3.931868210335858205e-01 7.033382361970053065e-02 -2.199165104022260397e-02 3.931868210335858205e-01 7.033382361970053065e-02 -2.199165104022260397e-02 5.650036803442802791e-01 -3.487046570573061333e-01 -2.162990232869741458e-01
-4.584058403816401173e-01 3.677734819537112898e-01 1.582791214540627545e-01 3.333500833975604483e-01 4.091746911970952638e-01 -3.450807507794207973e-01 3.333500833975604483e-01 4.091746911970952638e-01 -3.450807507794207973e-01 1.415057350710458017e+00 -7.953359445010644846e-01 -6.197214062093934217e-01
-4.035770373755928064e-01 2.421365277594976773e-01 4.660804688728631406e-01 -3.858419458134749735e-01 -4.332571412421368784e-01 -3.867245869731691377e-01 -3.858419458134749735e-01 -4.332571412421368784e-01 -3.867245869731691377e-01 1.861805196700473175e+00 -2.750716495921845528e-01 -1.586733547108288622e+00
-1.200035116049654738e-01 -9.012846300634325125e-02 7.498768782116904674e-02 2.596799307455902595e-01 -1.136550502884110525e-01 4.153624365513752803e-01 2.596799307455902595e-01 -1.136550502884110525e-01 4.153624365513752803e-01 2.447334914487745428e-01 1.227715734021176397e-01 -3.675050648508921824e-01
-3.573591195984826552e-02 -3.270465804650171115e-01 -6.200882982242583719e-02 -1.270589447455350296e-02 -4.672383081606207300e-01 1.764912627206082218e-01 -1.270589447455350296e-02 -4.672383081606207300e-01 1.764912627206082218e-01 -3.641110373957822111e-01 5.710032618324913933e-01 -2.068922244367091823e-01
5.221690154378400006e-02 -1.600472545383384571e-01 3.836418704482191799e-02 3.089636164680088504e-01 7.596907392805463122e-02 -3.282521725413420910e-01 3.089636164680088504e-01 7.596907392805463122e-02 -3.282521725413420910e-01 -2.502316713627982248e-01 4.164420758978063519e-01 -1.662104045350081272e-01
-1.844541583410607144e-01 -4.929622377526343691e-02 3.012463377624496896e-02 -1.455714112163122298e-01 4.150517016965862283e-01 -1.491581211032522170e-01 -1.455714112163122298e-01 4.150517016965862283e-01 -1.491581211032522170e-01 3.657618346908767526e-01 -5.007318444597497198e-02 -3.156886502449017806e-01
-1.764044432800284667e-01 -1.413333866358602586e-01 2.212346919238724618e-01 -3.823632075094217653e-01 -1.239378416234464542e-01 -3.827274543789602745e-01 -3.823632075094217653e-01 -1.239378416234464542e-01 -3.827274543789602745e-01 5.227700494247764507e-01 2.696498689291506601e-01 -7.924199183539271107e-01
3.742484574273727826e-01 3.918309633626515520e-01 5.735864752372732411e-02 4.502433428647145686e-01 4.949219948551127901e-01 3.596812631812238426e-01 4.502433428647145686e-01 4.949219948551127901e-01 3.596812631812238426e-01 -2.541601499842000011e-01 -4.146317444496852023e-01 6.687918944338852034e-01
-2.663640300635796709e-01 2.915651958168297142e-02 -1.427925134392556972e-01 2.636609528321181006e-01 4.471940293523191112e-02 6.217469450170676204e-02 2.636609528321181006e-01 4.471940293523191112e-02 6.217469450170676204e-02 3.873868022522886090e-01 -4.434731797369502182e-01 5.608637748466160922e-02
-1.362428614375346125e-01 -1.123616815239425470e-03 -4.335927835862911639e-01 3.517196582598131060e-01 -2.798970131299449715e-01 -1.627036986112173622e-02 3.517196582598131060e-01 -2.798970131299449715e-01 -1.627036986112173622e-02 -1.308276816853011226e-01 -6.674462267915753921e-01 7.982739084768765148e-01
1.701963631462054538e-01 -1.920770545639450821e-01 3.152155718983518096e-01 2.293554022882503540e-01 3.136879620133599111e-01 -1.844391457312191118e-01 2.293554022882503540e-01 3.136879620133599111e-01 -1.844391457312191118e-01 -2.805299013155386767e-01 8.344681304574035341e-01 -5.539382291418648574e-01
4.611975481021515222e-01 -1.928151620225537766e-02 4.066194441130194237e-01 -2.645726799885756986e-01 -3.303729037152747239e-01 4.519347017790860122e-01 -2.645726799885756986e-01 -3.303729037152747239e-01 4.519347017790860122e-01 -6.699642407195124383e-01 9.636677614679547421e-01 -2.937035207484423038e-01
6.786495459499464200e-02 -3.979390897413530581e-01 9.017208216055982994e-02 4.980711184429482685e-01 2.608336891390761192e-01 3.194909577193090211e-01 4.980711184429482685e-01 2.608336891390761192e-01 3.194909577193090211e-01 -5.707369616924022893e-01 9.795101199808363690e-01 -4.087731582884340797e-01
3.360653337460622891e-01 -1.518428928502357778e-01 2.681098329512688894e-01 8.249756171623268131e-04 4.583463543839427778e-01 -2.186064000581017241e-01 8.249756171623268131e-04 4.583463543839427778e-01 -2.186064000581017241e-01 -6.946033045734475442e-01 9.718274710131570293e-01 -2.772241664397094851e-01
1.585747763718441394e-01 1.434448391968319303e-01 -1.933202191605664089e-01 2.873809911791811444e-01 3.819729400182824142e-01 -3.299933035572909512e-01 2.873809911791811444e-01 3.819729400182824142e-01 -3.299933035572909512e-01 -3.118910007010283758e-01 -3.851650363482759243e-01 6.970560370493043001e-01
1.528537122935329506e-01 -2.299768263337689245e-01 2.568948624598010877e-01 2.299250653342321815e-02 1.233239546513920093e-02 -2.568860101993739598e-01 2.299250653342321815e-02 1.233239546513920093e-02 -2.568860101993739598e-01 -3.567833897560690470e-01 8.518836248449624948e-01 -4.951002350888934478e-01
2.904487662157868577e-01 -2.863018566348581873e-01 1.134005354921653330e-01 4.490799267674578932e-01 1.793658804034921062e-01 -1.504273319575653023e-01 4.490799267674578932e-01 1.793658804034921062e-01 -1.504273319575653023e-01 -9.425049582091672429e-01 1.109724768734353884e+00 -1.672198105251867517e-01
-4.465260995646636033e-01 2.742337879996253891e-01 -1.704745424967252232e-01 3.125543101052792316e-01 -4.761700484889797025e-02 4.805651946927274043e-01 3.125543101052792316e-01 -4.761700484889797025e-02 4.805651946927274043e-01 8.315332906800482204e-01 -1.073652595331004100e+00 2.421193046509559910e-01
3.147208033904697055e-01 9.437651931520907311e-05 2.818792344512740522e-01 -2.842096451462559070e-01 4.983677162647142111e-01 3.216949532197381778e-01 -2.842096451462559070e-01 4.983677162647142111e-01 3.216949532197381778e-01 -4.020556546086853089e-01 6.153115365106288648e-01 -2.132558819019435559e-01
1.984641963412033805e-01 4.723310049609661387e-01 2.170858190004182342e-01 -5.213595987332764192e-02 -1.532726616495730942e-01 2.548744124991737525e-01 -5.213595987332764192e-02 -1.532726616495730942e-01 2.548744124991737525e-01 2.583627346401965452e-01 -5.303447110530715713e-01 2.719819764128750261e-01
2.132450774411425165e-01 -3.000994187781325095e-01 1.744943322217999970e-01 -4.386418134156847559e-01 1.170292517062043736e-02 7.072812986634369192e-02 -4.386418134156847559e-01 1.170292517062043736e-02 7.072812986634369192e-02 -7.088796191429139748e-01 1.048732331157889774e+00 -3.398527120149759106e-01
7.342576323867655574e-02 2.758804472514558848e-01 2.271633371478105623e-01 -1.391324662357743547e-01 -4.317387481295724694e-01 -7.316113821899672409e-03 -1.391324662357743547e-01 -4.317387481295724694e-01 -7.316113821899672409e-03 3.494613169072255943e-01 -2.331998036418456710e-01 -1.162615132653799233e-01
4.079088670856311216e-01 -1.493240912103211970e-01 -7.153884890476169822e-02 -2.760850637716198985e-01 4.266352081873145963e-01 -1.975674381736747254e-02 -2.760850637716198985e-01 4.266352081873145963e-01 -1.975674381736747254e-02 -1.126709781963509460e+00 8.206719212268207553e-01 3.060378607366887049e-01
3.841918446136750598e-01 4.634056589727679754e-01 2.313256239988134011e-01 -1.869176926046826059e-01 1.708062240340860738e-01 3.702031743805166419e-01 -1.869176926046826059e-01 1.708062240340860738e-01 3.702031743805166419e-01 -6.559784300410231861e-02 -3.373782939908672729e-01 4.029761369949695915e-01
1.233867039137070964e-02 5.875751472299373113e-02 -1.925290096847472876e-01 3.153078037797253375e-01 -2.685701372772916207e-01 -1.381118929239143478e-01 3.153078037797253375e-01 -2.685701372772916207e-01 -1.381118929239143478e-01 -1.398869144241952078e-01 -3.310363777679971031e-01 4.709232921921923110e-01
2.371688453522967643e-01 -2.467701440434983962e-01 1.231255159212585326e-01 4.780983358358373847e-01 -2.758131515645585452e-01 -1.839204034075230254e-01 4.780983358358373847e-01 -2.758131515645585452e-01 -1.839204034075230254e-01 -7.302333601253434558e-01 9.316462501739063429e-01 -2.014128900485628870e-01
-1.311720911815759116e-01 -3.489325585418837639e-01 -9.272374899597157771e-02 1.516720654893268794e-01 -1.036823010133139933e-01 3.637508937659434949e-01 1.516720654893268794e-01 -1.036823010133139933e-01 3.637508937659434949e-01 -2.040921792758145781e-01 4.693088861642286114e-01 -2.652167068884140333e-01
-1.849033488328659658e-01 4.542305470117904420e-01 -2.567976318000227964e-01 4.357699556646329464e-01 -4.884051836956226911e-02 -1.392595353300034589e-01 4.357699556646329464e-01 -4.884051836956226911e-02 -1.392595353300034589e-01 4.028799619461871373e-01 -1.508334328819172621e+00 1.105454366872985483e+00
-1.888112715805890796e-01 6.333723213015474141e-02 -1.370972989595489189e-01 -6.976296873303045043e-02 -1.369360750652635073e-01 3.632789073830409166e-01 -6.976296873303045043e-02 -1.369360750652635073e-01 3.632789073830409166e-01 2.759451683845871584e-01 -4.448042880481214434e-01 1.688591196635342850e-01
-1.454413432496181047e-01 1.606069962778613469e-01 3.591782669574326015e-01 2.814231973329816006e-01 -4.218411500356348265e-01 3.705415558257364461e-01 2.814231973329816006e-01 -4.218411500356348265e-01 3.705415558257364461e-01 9.200043162112986339e-01 -8.355030999754986532e-02 -8.364540062137487686e-01
3.403580131688043187e-01 -4.095528585819334655e-01 -4.560660589802342235e-01 -3.217782988872204264e-01 8.895119017730657163e-02 2.685625361441573711e-01 -3.217782988872204264e-01 8.895119017730657163e-02 2.685625361441573711e-01 -1.665872732170996517e+00 1.069199432644106551e+00 5.966732995268899664e-01
-2.993841914302018958e-01 3.341872197225380647e-01 -3.076400109316546061e-01 -1.466842896185553968e-01 -4.302367038942023214e-02 4.780267545059668777e-02 -1.466842896185553968e-01 -4.302367038942023214e-02 4.780267545059668777e-02 4.610850769182592845e-01 -1.369256265923167515e+00 9.081711890049083413e-01
-4.287171954644543037e-01 4.477493602833599873e-01 -2.756603073901782164e-01 4.871284019579261715e-01 -2.870754617430576472e-01 1.716078370674670728e-01 4.871284019579261715e-01 -2.870754617430576472e-01 1.716078370674670728e-01 7.491401575634906163e-01 -1.645198984624760552e+00 8.960588270612699358e-01
-4.581425780979569984e-01 3.781996519339534402e-01 -3.649008934036389595e-01 1.626654376416781789e-01 1.660260157908639567e-01 -2.970863064384438035e-01 1.626654376416781789e-01 1.660260157908639567e-01 -2.970863064384438035e-01 6.644344942976269097e-01 -1.669151629786457924e+00 1.004717135488830904e+00
3.406308082454442276e-01 -1.963770360475178833e-01 1.694330084009808557e-01 -2.713848851751632374e-03 -2.069471494889655316e-01 2.509038758230121013e-01 -2.713848851751632374e-03 -2.069471494889655316e-01 2.509038758230121013e-01 -8.682250965220685845e-01 1.017245428074573077e+00 -1.490203315525044925e-01
-4.402314738344226264e-01 7.050948406285928449e-02 3.191848568865490732e-01 1.938869507169529438e-01 -2.710294395168612036e-01 -9.328446762194542163e-02 1.938869507169529438e-01 -2.710294395168612036e-01 -9.328446762194542163e-02 1.536977736837302988e+00 -1.797822856399964309e-01 -1.357195451197306557e+00
1.887261618213564862e-01 1.978270927774716803e-01 -3.867389489401984459e-02 -9.407165016937935054e-02 3.031553595254800060e-01 -3.351810400951338309e-03 -9.407165016937935054e-02 3.031553595254800060e-01 -3.351810400951338309e-03 -1.943383246248272522e-01 -2.758684496428313038e-01 4.702067742676585560e-01
-5.012104539547168613e-02 4.346727712411951883e-01 3.589646341455668965e-01 2.177925534194801171e-01 4.924681036960415481e-01 1.245622681894694717e-01 2.177925534194801171e-01 4.924681036960415481e-01 1.245622681894694717e-01 8.896165440571449645e-01 -4.628235545862228184e-01 -4.267929894709221461e-01
-4.220076606100129357e-01 4.012242152934898387e-01 -7.986515742254929329e-02 3.821622510843569742e-02 2.251086502145411838e-01 6.133809404944579047e-02 3.821622510843569742e-02 2.251086502145411838e-01 6.133809404944579047e-02 9.689503904003198276e-01 -1.178825337088529768e+00 2.098749466882099401e-01
2.035461135923767317e-01 2.146330434067937887e-01 2.827575149451341252e-01 -4.740287655364909813e-01 -4.588271817154970789e-01 -7.234603720458621101e-02 -4.740287655364909813e-01 -4.588271817154970789e-01 -7.234603720458621101e-02 9.345882202596689226e-02 5.483011170995910621e-02 -1.482889337359259985e-01
4.775395164399521830e-01 -9.579381359284100395e-02 2.785062037520442679e-01 -3.055477726613589073e-01 4.289570879160077288e-01 -4.916860275246406342e-01 -3.055477726613589073e-01 4.289570879160077288e-01 -4.916860275246406342e-01 -9.546485113351228513e-01 1.086400565930968565e+00 -1.317520545958457134e-01
-3.089740445349472564e-01 -3.615170555006355091e-01 4.548998094314834484e-01 -3.705431514495952650e-01 -3.899867269485143284e-01 -2.991720997309794683e-01 -3.705431514495952650e-01 -3.899867269485143284e-01 -2.991720997309794683e-01 1.092627762914925249e+00 6.119352811086402610e-01 -1.704563044023565510e+00
-1.719157948243230649e-01 -4.740145496222579746e-01 3.957837994168015294e-01 -3.155970240539297533e-01 2.640368034344268144e-01 2.616462259881155994e-01 -3.155970240539297533e-01 2.640368034344268144e-01 2.616462259881155994e-01 4.115091896407532257e-01 9.336587654671298919e-01 -1.345167955107883007e+00
3.365955506049752577e-01 -1.855853630302025659e-01 2.131599264164538710e-01 -2.643875505939263792e-01 -1.380648601407197251e-01 1.945630799709954228e-01 -2.643875505939263792e-01 -1.380648601407197251e-01 1.945630799709954228e-01 -8.018214700185435362e-01 1.014538378295193111e+00 -2.127169082766495745e-01
3.394949978424275372e-01 4.311899254200270981e-01 2.097870132465060600e-01 1.831335802636512300e-01 1.340367029737155047e-02 -4.746977919944194158e-01 1.831335802636512300e-01 1.340367029737155047e-02 -4.746977919944194158e-01 -3.403156436610332847e-02 -3.354426434949855373e-01 3.694742078610888658e-01
