8.396454350096671515e-02 -9.553803087523293769e-03 8.354445665487042483e-03 4.319170949080046729e-01 1.873136341858594456e-02 -4.224234672960479609e-01 4.319170949080046729e-01 1.873136341858594456e-02 -4.224234672960479609e-01 -1.708531036121887503e-01 1.157795972828420394e-01 5.507350632934671086e-02
-3.121455281030021123e-01 -4.193848457014293096e-01 -3.942957378713438654e-01 -1.404793914391873066e-01 1.890720119205950844e-01 2.158789330111162696e-01 -1.404793914391873066e-01 1.890720119205950844e-01 2.158789330111162696e-01 -1.920670460637001753e-01 1.379776229549742883e-01 5.408942310872588699e-02
2.765942549387567784e-01 -4.534592063701674558e-01 -1.363273861907741136e-01 1.807587288216468968e-01 4.491135241344883511e-01 2.903417381272367370e-01 1.807587288216468968e-01 4.491135241344883511e-01 2.903417381272367370e-01 -1.413477415196634723e+00 1.346956794402424107e+00 6.652062079421050544e-02
4.030514393073972856e-01 -3.437257526966329690e-01 -2.556828047966857032e-01 -4.807105711760764066e-01 2.885549877745774427e-01 2.229932748410641263e-01 -4.807105711760764066e-01 2.885549877745774427e-01 2.229932748410641263e-01 -1.592682358007794896e+00 1.194466766770386990e+00 3.982155912374080176e-01
4.971032627797785652e-01 -5.560848536008111687e-02 3.302670472960479442e-01 2.029262019509381343e-02 -3.781219586424527934e-01 -4.301335935639616359e-02 2.029262019509381343e-02 -3.781219586424527934e-01 -4.301335935639616359e-02 -8.916213250028737214e-01 1.058104401906643899e+00 -1.664830769037701774e-01
1.309292421381573757e-01 -4.648224831789448119e-01 2.423423003217383132e-01 -7.317315889647801885e-02 -4.052481169135202510e-01 -1.409887039348156623e-01 -7.317315889647801885e-02 -4.052481169135202510e-01 -1.409887039348156623e-01 -6.965378073127783676e-01 1.321354265514746551e+00 -6.248164582019681834e-01
1.476363959130116976e-01 -4.944771888818587646e-01 -2.668209369946262788e-01 -3.610259917774576444e-01 3.027639849164224239e-01 8.592976859171674864e-02 -3.610259917774576444e-01 3.027639849164224239e-01 8.592976859171674864e-02 -1.239794768565780192e+00 1.104095518370643791e+00 1.356992501951361785e-01
3.971031932720414659e-03 -2.960394220678124189e-01 2.515666895067287800e-01 4.536059996818303519e-01 -1.693307718817438356e-02 -9.440635253403406590e-02 4.536059996818303519e-01 -1.693307718817438356e-02 -9.440635253403406590e-02 -6.893103075761364273e-02 7.715403007372206856e-01 -7.026092699796070429e-01
-2.537563435803213974e-02 4.753971548028012029e-01 3.513017040233543664e-01 -3.069763264417975090e-01 -1.636014613027750864e-01 1.918556719906576724e-01 -3.069763264417975090e-01 -1.636014613027750864e-01 1.918556719906576724e-01 8.513718550329657520e-01 -5.260618074959452217e-01 -3.253100475370205302e-01
-2.101791659000599166e-01 3.748790789887398445e-01 -5.422411507498114958e-02 -4.806085251887680654e-01 -2.314941947600338557e-01 -3.490038530444401488e-01 -4.806085251887680654e-01 -2.314941947600338557e-01 -3.490038530444401488e-01 6.117002523089946076e-01 -9.788061056807036975e-01 3.671058533717090899e-01
1.053775013126169169e-01 2.607188416718863033e-01 3.327906127608446507e-01 1.818751953904796936e-01 9.163282962091123807e-03 2.204574017463517555e-01 1.818751953904796936e-01 9.163282962091123807e-03 2.204574017463517555e-01 3.992254613089276649e-01 -7.434121468664522947e-02 -3.248842466222824354e-01
-8.859896092260000078e-02 -3.706810481588244111e-01 -4.144281290992494204e-01 3.528940049781873478e-01 -6.529682953744142537e-02 3.865037608228668597e-01 3.528940049781873478e-01 -6.529682953744142537e-02 3.865037608228668597e-01 -6.039590487036463617e-01 2.811694616107425215e-01 3.227895870929038402e-01
-4.043716386991135225e-01 -1.614093029579248828e-01 -3.080492748670675685e-01 1.497484975121692319e-01 1.662399579027092900e-01 3.658277105410596697e-01 1.497484975121692319e-01 1.662399579027092900e-01 3.658277105410596697e-01 3.168129127716173832e-01 -3.736359447949325618e-01 5.682303202331517866e-02
-1.319031514705096830e-01 -1.529589617264628387e-01 -4.776525751199397485e-01 -3.907513184950242024e-01 2.187200434824074780e-01 -3.941336222714010296e-01 -3.907513184950242024e-01 2.187200434824074780e-01 -3.941336222714010296e-01 -3.135892526749031184e-01 -3.623276145904661405e-01 6.759168672653692589e-01
1.341751566721078870e-01 1.357565624246261926e-01 1.403020353252391050e-01 1.085162340487360044e-01 2.262472169664678789e-01 -2.176446577613169175e-01 1.085162340487360044e-01 2.262472169664678789e-01 -2.176446577613169175e-01 7.725842354705969584e-03 2.955001884155872283e-03 -1.068084423886184187e-02
-6.850636911963925435e-02 -1.659395992301159195e-01 1.747126226762929502e-01 8.703387359301317794e-03 -2.517927532252327572e-01 -4.763758390711853030e-01 8.703387359301317794e-03 -2.517927532252327572e-01 -4.763758390711853030e-01 1.730100481326120043e-01 3.910315942064360728e-01 -5.640416423390480771e-01
-3.212429843321323863e-01 -7.145125133578289489e-02 6.118036332261611587e-02 2.721321216338382643e-01 1.997961552343191505e-01 3.755670823589924989e-01 2.721321216338382643e-01 1.997961552343191505e-01 3.755670823589924989e-01 6.868695120830601297e-01 -9.682466155837898825e-02 -5.900448505246811415e-01
-4.689263726069642368e-01 -3.671223639263255789e-01 3.112542685171406642e-01 4.353812021037872793e-02 9.929205068084145935e-02 2.801073857635778541e-01 4.353812021037872793e-02 9.929205068084145935e-02 2.801073857635778541e-01 1.278659809727514363e+00 3.957664691016523628e-01 -1.674426278829166836e+00
-3.370478013385926896e-01 4.645995744541487893e-01 -4.616975298491954316e-01 1.847626109478683887e-02 2.181130126020324189e-01 -6.762613970135500363e-02 1.847626109478683887e-02 2.181130126020324189e-01 -6.762613970135500363e-02 4.342167104030754676e-01 -2.076552149115486579e+00 1.642335438712410944e+00
-1.525299757158530278e-01 2.717537011492010546e-02 -4.327433433327781964e-01 4.329063958907081178e-01 2.929241964344493354e-01 1.436978311535085373e-01 4.329063958907081178e-01 2.929241964344493354e-01 1.436978311535085373e-01 -7.989386464210390670e-02 -7.484288627903086244e-01 8.283227274324125311e-01
-6.518377161641120132e-02 4.941781261207796039e-01 -2.132601228974650986e-01 -4.860501237170312683e-01 3.298216533872961875e-01 2.524481195325340988e-01 -4.860501237170312683e-01 3.298216533872961875e-01 2.524481195325340988e-01 2.907915997746989278e-01 -1.457213677990000900e+00 1.166422078215302083e+00
2.776419452478613437e-01 3.026913580003992577e-01 -4.297940216307518657e-01 2.077514612639583813e-01 2.379020417371605634e-01 -1.485528414515908668e-01 2.077514612639583813e-01 2.379020417371605634e-01 -1.485528414515908668e-01 -4.823553135224991628e-01 -1.104982664593253450e+00 1.587337978115752612e+00
-1.370061492120344671e-01 -2.648381966357414852e-01 2.515570486165707997e-02 6.043549054098162898e-02 4.735747887064297723e-01 -1.734159809594196799e-01 6.043549054098162898e-02 4.735747887064297723e-01 -1.734159809594196799e-01 3.968844277258520847e-02 3.880940008414551778e-01 -4.277824436140403863e-01
3.192827337531707332e-01 -1.998721259514772974e-01 4.452743369363185710e-01 -4.734935038680259112e-01 2.669329412752694530e-01 3.117684866395296073e-01 -4.734935038680259112e-01 2.669329412752694530e-01 3.117684866395296073e-01 -5.463340569259691470e-01 1.156020996746705443e+00 -6.096869398207362956e-01
2.835706727666782445e-01 6.081190382087486856e-02 4.636655912101782517e-01 -4.662855314712419652e-01 -1.670473062848105705e-01 1.737491534238793101e-01 -4.662855314712419652e-01 -1.670473062848105705e-01 1.737491534238793101e-01 -5.218810803975282298e-02 5.811092255982168719e-01 -5.289211175584640490e-01
-8.744670015790745321e-02 -2.112847555341218486e-01 2.541841715762984677e-01 1.229064147697246367e-01 2.422987585453526549e-01 -2.451051363928182791e-01 1.229064147697246367e-01 2.422987585453526549e-01 -2.451051363928182791e-01 2.754081873345093356e-01 5.039919372980256052e-01 -7.794001246325349408e-01
4.840406473734805148e-01 -4.624134932093122430e-01 -2.402426513899957872e-02 -3.813087040000932015e-01 -1.731786727830012529e-01 -1.364046070585139825e-01 -3.813087040000932015e-01 -1.731786727830012529e-01 -1.364046070585139825e-01 -1.974898617076312757e+00 1.931482679567233518e+00 4.341593750907912774e-02
-4.951752593681278958e-01 -4.259819651613552249e-01 1.850528169279954671e-01 2.050668322447180003e-01 -2.622480522059992269e-01 -1.522250074808640941e-01 2.050668322447180003e-01 -2.622480522059992269e-01 -1.522250074808640941e-01 1.041181687423318625e+00 3.903573807429541187e-01 -1.431539068166272743e+00
1.865324672428712027e-01 2.388874005666246081e-01 -3.071781446395257520e-01 1.824587902077147161e-01 2.835791886802736528e-01 -4.091464755976526035e-02 1.824587902077147161e-01 2.835791886802736528e-01 -4.091464755976526035e-02 -3.386345904715857280e-01 -7.774550317843196279e-01 1.116089622255905356e+00
-4.811105071618718698e-01 -3.812020347625312278e-01 3.095686175146429298e-01 3.047708898891778873e-01 -9.007624858059692929e-02 -3.991029532376886291e-01 3.047708898891778873e-01 -9.007624858059692929e-02 -3.991029532376886291e-01 1.299973075946805112e+00 4.037305621917324228e-01 -1.703703638138537535e+00
-1.483152637298799092e-01 1.656633143025861843e-01 4.265913555323699313e-01 -1.787514722814190771e-01 2.653960284720153773e-01 -1.961476134241754155e-01 -1.787514722814190771e-01 2.653960284720153773e-01 -1.961476134241754155e-01 1.046429907420423078e+00 -3.980167259515765554e-02 -1.006628234825265533e+00
-1.625842484898498697e-03 -4.015284280845987652e-01 -7.507338028657972728e-02 -3.028547280189305413e-01 -1.440459997318922492e-01 -2.487662090367770418e-01 -3.028547280189305413e-01 -1.440459997318922492e-01 -2.487662090367770418e-01 -5.624944879162415701e-01 7.702025732203511277e-01 -2.077080853041095576e-01
4.388039133107717316e-01 4.370862454288305665e-01 3.490757017000689633e-01 1.642858466118694016e-01 -4.535847527871590401e-01 -2.775725174892520464e-01 1.642858466118694016e-01 -4.535847527871590401e-01 -2.775725174892520464e-01 -8.753952900379124991e-02 -9.028049179705566196e-02 1.778200208008469119e-01
3.778930732614956822e-01 -3.079978748283141998e-01 3.556710819698671866e-02 5.074192407659228188e-02 2.276089931783233933e-01 -6.663837091096835863e-02 5.074192407659228188e-02 2.276089931783233933e-01 -6.663837091096835863e-02 -1.275423367101066408e+00 1.276302669590596572e+00 -8.793024895300538546e-04
1.207320313953527124e-01 1.851917780127232405e-02 -1.291914311885677957e-01 2.770816516537946139e-01 1.447405467788196454e-01 2.760554074355686671e-01 2.770816516537946139e-01 1.447405467788196454e-01 2.760554074355686671e-01 -3.287588146154767355e-01 -5.155818493525798907e-02 3.803169995507347245e-01
3.510584823299549573e-01 3.756508111233913816e-02 3.157171483717987615e-01 2.083668432975328555e-01 -3.659489442711704177e-01 3.639060962711027081e-02 2.083668432975328555e-01 -3.659489442711704177e-01 3.639060962711027081e-02 -4.029205557182699016e-01 6.110147640838036187e-01 -2.080942083655337171e-01
3.654240312144623193e-01 1.033300064753612801e-01 4.953701497673248522e-01 -2.357087436386590129e-01 9.352225779799738792e-02 1.869409636770813510e-01 -2.357087436386590129e-01 9.352225779799738792e-02 1.869409636770813510e-01 -1.608817125616128774e-01 6.239717463004651465e-01 -4.630900337388522692e-01
-2.593497481409215988e-01 -1.194639766323782881e-01 -1.373105790487516575e-01 -4.073366736907690910e-02 -1.436910660100088055e-01 3.341402307848577724e-01 -4.073366736907690910e-02 -1.436910660100088055e-01 3.341402307848577724e-01 2.603408075389720411e-01 -1.485492580774246951e-01 -1.117915494615473460e-01
-1.147339412117419633e-01 -3.888822790708819088e-01 -4.920113113144612971e-01 4.101484301967656121e-01 2.335338999003511162e-02 3.945285037272928674e-01 4.101484301967656121e-01 2.335338999003511162e-02 3.945285037272928674e-01 -6.296840651906850939e-01 2.067754634198659680e-01 4.229086017708191259e-01
-2.672716720227092946e-01 -4.423711088370205768e-01 4.101074350793245671e-01 1.293130766229996231e-01 1.499811539080340150e-01 4.594962213395330508e-01 1.293130766229996231e-01 1.499811539080340150e-01 4.594962213395330508e-01 7.773465073126997193e-01 7.650077992018901041e-01 -1.542354306514589712e+00
-1.745771998353027321e-01 7.597595338079432548e-02 -5.556515546464158017e-02 -4.453672615769423970e-01 5.117478872543390622e-02 3.090135862010250367e-01 -4.453672615769423970e-01 5.117478872543390622e-02 3.090135862010250367e-01 3.480133787471260121e-01 -3.622146888429413902e-01 1.420131009581537818e-02
3.157811184723946507e-01 4.059997795645866603e-01 -1.217890603523704707e-01 -4.539355350836475900e-01 -2.386706879814538551e-01 -2.989380768538579813e-01 -4.539355350836475900e-01 -2.386706879814538551e-01 -2.989380768538579813e-01 -2.681281487642325212e-01 -7.814484815617370739e-01 1.049576630325969706e+00
-1.688357196106823332e-01 4.007952388462205917e-01 1.289905519571317161e-01 3.404610964798034933e-01 -2.855279916685147246e-01 2.581133350596750420e-01 3.404610964798034933e-01 -2.855279916685147246e-01 2.581133350596750420e-01 7.811935883080379783e-01 -7.465964812999202893e-01 -3.459710700811768902e-02
1.058045525327033776e-02 4.695934490892916813e-02 -2.239744812752332281e-01 3.304932248871206291e-02 -4.456881417051516969e-01 1.874184374772154271e-01 3.304932248871206291e-02 -4.456881417051516969e-01 1.874184374772154271e-01 -1.733520883404789936e-01 -3.469134306941654700e-01 5.202655190346444636e-01
4.600426255523176744e-01 3.593716531904720402e-01 1.081800344330248187e-01 1.449121088352156583e-03 3.631797615019153325e-01 9.867364798742173093e-03 1.449121088352156583e-03 3.631797615019153325e-01 9.867364798742173093e-03 -4.025359404981606604e-01 -1.796436914022661036e-01 5.821796319004267639e-01
1.322237729028609143e-01 -1.380052292136753067e-01 -2.602869962436145101e-01 3.869404431618383988e-02 -2.842844956240792031e-01 4.450700499581494718e-02 3.869404431618383988e-02 -2.842844956240792031e-01 4.450700499581494718e-02 -6.349053964435937836e-01 1.801919956267898915e-01 4.547134008168038921e-01
-3.876647605973940758e-01 4.309043435713575398e-01 4.974129602792045635e-01 1.657409275677547145e-01 -3.751223490069676147e-01 -4.399612075669752098e-01 1.657409275677547145e-01 -3.751223490069676147e-01 -4.399612075669752098e-01 1.982110397851444716e+00 -4.945925361338304738e-01 -1.487517861717614132e+00
1.702153883440082893e-01 -2.837147764680858497e-02 -1.985152044950000416e-02 -4.689048238449381456e-01 3.580625861562598544e-01 -1.399277013959971949e-01 -4.689048238449381456e-01 3.580625861562598544e-01 -1.399277013959971949e-01 -3.927741663917326820e-01 2.281617365678028087e-01 1.646124298239298733e-01
-4.321035964346308100e-01 -2.145549351836916196e-01 2.552376792784039061e-02 2.504328383011004133e-01 4.824698564961504843e-01 3.909141601980239411e-01 2.504328383011004133e-01 4.824698564961504843e-01 3.909141601980239411e-01 7.758315532212798349e-01 1.792250311020637810e-02 -7.937540563314862130e-01
3.768501280835176992e-01 2.463804314117105099e-01 3.876890408530160315e-01 -3.858245740746300001e-01 2.882536005003092372e-01 3.275533695410708379e-01 -3.858245740746300001e-01 2.882536005003092372e-01 3.275533695410708379e-01 -1.284655462765669220e-01 2.711420838174706249e-01 -1.426765375409037029e-01
1.076761307177875882e-01 2.553021617727033732e-01 -8.547896151686595889e-02 9.073341696026282488e-02 4.144715473942123252e-01 -2.805721026113302541e-01 9.073341696026282488e-02 4.144715473942123252e-01 -2.805721026113302541e-01 -3.839958440784241311e-02 -5.432917588652230734e-01 5.816913432730654865e-01
-1.747954870285927109e-01 3.369959109683958731e-01 -2.561917975932104241e-01 4.595043362603682402e-01 -3.902175912852899886e-01 -2.121478262549558735e-02 4.595043362603682402e-01 -3.902175912852899886e-01 -2.121478262549558735e-02 3.224074735660178437e-01 -1.210327364875610989e+00 8.879198913095932566e-01
1.180779974824545109e-01 4.070602173521389311e-01 -9.515477405077965578e-02 -9.293426107118130108e-02 -1.902988960884047787e-01 4.873752085138479684e-01 -9.293426107118130108e-02 -1.902988960884047787e-01 4.873752085138479684e-01 5.894252030994839853e-02 -9.033516985400243948e-01 8.444091782300759963e-01
1.378408620215795244e-01 -4.654502936272232327e-01 -1.208453491138821168e-01 -1.559157043236691909e-02 -2.679475758261090634e-01 1.765420056236698398e-01 -1.559157043236691909e-02 -2.679475758261090634e-01 1.765420056236698398e-01 -1.056060305619421102e+00 1.119625361058261159e+00 -6.356505543884016785e-02
-4.886011957225701030e-01 -2.859747660759837107e-02 3.816126715202339259e-02 -3.582252496916571438e-02 -4.763146607340615901e-01 3.773531594528160005e-01 -3.582252496916571438e-02 -4.763146607340615901e-01 3.773531594528160005e-01 1.062159548704045164e+00 -3.041395525387441401e-01 -7.580199961653011353e-01
3.273510551834774018e-01 -7.564517755984323522e-03 -3.854482928736575609e-01 1.007221355789565953e-01 -4.835502266426305873e-01 -1.044697759331428832e-01 1.007221355789565953e-01 -4.835502266426305873e-01 -1.044697759331428832e-01 -9.075525274233606776e-01 -6.137097223880294550e-02 9.689234996621636231e-01
-3.111003877606471901e-01 -1.864653035033440043e-01 2.882903516923461806e-01 4.466348346690129922e-03 -1.243752794102009895e-01 3.200117404884921246e-01 4.466348346690129922e-03 -1.243752794102009895e-01 3.200117404884921246e-01 9.381899950460408366e-01 2.607819689489760950e-01 -1.198971963995016932e+00
-4.168903837601680706e-01 1.376272442963188958e-01 8.726924321031181986e-02 3.705816319131606251e-01 -4.518862180888583158e-01 -4.951653260101063214e-01 3.705816319131606251e-01 -4.518862180888583158e-01 -4.951653260101063214e-01 1.081244375111231282e+00 -4.772982755983515846e-01 -6.039460995128798082e-01
-1.421481090159086857e-01 1.608817214813924590e-01 2.755692007196154369e-01 5.570641559110556251e-02 -1.069608934897021690e-01 4.139177169679150170e-01 5.570641559110556251e-02 -1.069608934897021690e-01 4.139177169679150170e-01 7.799142870799546934e-01 -1.530676939464505892e-01 -6.268465931335041041e-01
-4.708531739020761497e-01 4.061529745858065699e-01 -3.133446864967545098e-01 -4.334198797440560469e-01 -3.395903726598639150e-01 -1.822751846608907655e-01 -4.334198797440560469e-01 -3.395903726598639150e-01 -1.822751846608907655e-01 7.545641223517516316e-01 -1.637374877192390166e+00 8.828107548406385341e-01
4.403703396854395935e-01 2.090878069882572410e-01 -3.860021043837014165e-01 -2.945233322467633030e-01 -2.712125614706076826e-01 -1.485643652252114366e-01 -2.945233322467633030e-01 -2.712125614706076826e-01 -1.485643652252114366e-01 -8.225812891767061430e-01 -5.529787232214442572e-01 1.375560012398150400e+00
4.738552412004461978e-01 -1.516136508477907707e-01 -3.666159775483098793e-01 7.149068781309841913e-02 1.407567966555488548e-01 3.767499809101241270e-01 7.149068781309841913e-02 1.407567966555488548e-01 3.767499809101241270e-01 -1.437615027255050304e+00 6.292573867572268664e-01 8.083576404978233265e-01
2.783445107689045406e-01 4.933046142816267521e-01 3.751139059801812392e-01 1.284251271635993286e-01 3.791671643612543052e-01 6.456053475265943753e-02 1.284251271635993286e-01 3.791671643612543052e-01 6.456053475265943753e-02 2.950326896482354799e-01 -3.188851062346639287e-01 2.385241658642844875e-02
2.183735146215615153e-03 -3.346992855033449343e-01 2.796703923195787977e-01 2.542399332480050900e-01 -2.965227636205389761e-01 2.168132556217644558e-01 2.542399332480050900e-01 -2.965227636205389761e-01 2.168132556217644558e-01 -8.076670672618013747e-02 8.595934350983429617e-01 -7.788267283721628242e-01
-3.135909414030645381e-01 -2.466737420225800781e-01 4.915982242535164026e-01 -2.399432307157565170e-01 -1.530556397642338640e-01 -5.660733403065387748e-02 -2.399432307157565170e-01 -1.530556397642338640e-01 -5.660733403065387748e-02 1.301847005718133499e+00 4.573335420619628056e-01 -1.759180547780096138e+00
3.081912920617538854e-01 -2.694874630192911624e-03 -4.178580154054045703e-02 2.604540717745943423e-01 -1.815839182143770270e-01 3.236687510571889526e-02 2.604540717745943423e-01 -1.815839182143770270e-01 3.236687510571889526e-02 -6.599296397872348452e-01 3.247688404903734671e-01 3.351607992968613781e-01
4.328501164099995968e-01 -3.244098911048716172e-01 -2.429952673349966563e-01 -2.976465280665339108e-01 -1.871731811820311897e-01 -2.229553801976225103e-02 -2.976465280665339108e-01 -1.871731811820311897e-01 -2.229553801976225103e-02 -1.623699209077844152e+00 1.210613971735603256e+00 4.130852373422407853e-01
3.666791945821435972e-01 1.244979612498555710e-01 -3.394551039589381869e-01 2.255419427047297143e-01 -3.243702959707912559e-01 8.937111696242072689e-02 2.255419427047297143e-01 -3.243702959707912559e-01 8.937111696242072689e-02 -7.804766423335702807e-01 -3.163232583188271274e-01 1.096799900652397408e+00
-1.408910852067197794e-01 3.151044634317388127e-01 -3.831491941508745613e-01 -2.770198909779029162e-01 1.984263860465450557e-01 -4.323519680612898375e-01 -2.770198909779029162e-01 1.984263860465450557e-01 -4.323519680612898375e-01 1.510369152394327452e-01 -1.376422416155954842e+00 1.225385500916522208e+00
4.351378963822822854e-01 -2.999390988369869948e-01 2.262073424456433335e-01 3.595635366986006387e-01 2.459725559819821994e-01 -2.538171047533011038e-01 3.595635366986006387e-01 2.459725559819821994e-01 -2.538171047533011038e-01 -1.274190985025142719e+00 1.494765001353723033e+00 -2.205740163285802025e-01
-2.960064499916885694e-01 2.061540037626332644e-01 -4.235354538739399821e-01 -1.922094786466828076e-01 -1.534796978550956315e-01 1.716699775544894280e-03 -1.922094786466828076e-01 -1.534796978550956315e-01 1.716699775544894280e-03 2.750461915157331738e-01 -1.271805899401077244e+00 9.967597078853439596e-01
-1.758372077098184771e-01 -3.959494033570543081e-02 -4.574783814746794519e-01 2.609460082090966360e-01 3.266796524423657422e-01 3.811718788110761702e-01 2.609460082090966360e-01 3.266796524423657422e-01 3.811718788110761702e-01 -1.180868105250350020e-01 -6.461124442468958451e-01 7.641992547719308471e-01
-3.291490246082832138e-01 1.852707975847257549e-01 -3.468278842163083908e-01 -3.529274023148106787e-01 1.464013499965006737e-01 2.635869004434749918e-01 -3.529274023148106787e-01 1.464013499965006737e-01 2.635869004434749918e-01 3.846291428047575733e-01 -1.104654219215202016e+00 7.200250764104444423e-01
2.493853878408158753e-02 8.702931447484985039e-02 4.297482505146191789e-01 2.934053378257613920e-01 -1.717738782120681318e-02 -4.882236039448251130e-01 2.934053378257613920e-01 -1.717738782120681318e-02 -4.882236039448251130e-01 5.592196553763939537e-01 2.299598788265716509e-01 -7.891795342029656046e-01
4.847494372852713118e-01 -3.589153676116672020e-01 3.280176953974981435e-01 -2.619185963199334166e-01 -1.695474628043907028e-01 -4.909153519633252527e-01 -2.619185963199334166e-01 -1.695474628043907028e-01 -4.909153519633252527e-01 -1.469938213294415430e+00 1.821754851548092358e+00 -3.518166382536770387e-01
1.023045990363207203e-01 -1.098814809654939939e-01 -4.913099763333867998e-01 4.406258639492578455e-01 -2.382555985716505731e-02 -8.086085485909810799e-02 4.406258639492578455e-01 -2.382555985716505731e-02 -8.086085485909810799e-02 -6.840506850705654340e-01 -2.279970199938825548e-01 9.120477050644479888e-01
1.791332192952086455e-01 -1.808454537563453091e-02 -4.612365263458839681e-01 5.417783305120693615e-02 1.951769811635383212e-01 1.092733196999484679e-02 5.417783305120693615e-02 1.951769811635383212e-01 1.092733196999484679e-02 -6.909117552050011435e-01 -3.395997920755688959e-01 1.030511547280569928e+00
-2.399690644272806095e-01 3.642739218917026012e-01 2.134274972181188224e-01 3.536770300076039764e-01 -4.764304382035946528e-01 4.145689596344236394e-01 3.536770300076039764e-01 -4.764304382035946528e-01 4.145689596344236394e-01 1.027160142317594005e+00 -6.163300952442145597e-01 -4.108300470733794452e-01
6.263106093106984851e-03 3.150758053518654123e-01 -2.652712511270266527e-01 -2.775535044516451721e-01 -3.103707271534242862e-01 -3.528435562074769827e-01 -2.775535044516451721e-01 -3.103707271534242862e-01 -3.528435562074769827e-01 2.789080012487965554e-02 -1.052340099026411790e+00 1.024449298901532135e+00
-2.294264779880849092e-01 1.718430747285799587e-01 9.338023343092238804e-02 3.224482932491207210e-01 4.618676194246043032e-01 3.646565017217623383e-01 3.224482932491207210e-01 4.618676194246043032e-01 3.646565017217623383e-01 7.115288145161602351e-01 -4.121535833318603625e-01 -2.993752311842998726e-01
1.568532942055742563e-01 -2.167263144157570709e-01 2.698075661208828580e-01 -2.772636615061730980e-01 1.642671982135716080e-01 4.993393018110513504e-01 -2.772636615061730980e-01 1.642671982135716080e-01 4.993393018110513504e-01 -3.333454888979254793e-01 8.381727096427828982e-01 -5.048272207448574189e-01
-1.418313827379770187e-01 -2.162124506280539427e-01 4.333708535075281310e-01 1.741889411022522482e-01 4.595206218831252576e-01 -1.009906822669262016e-01 1.741889411022522482e-01 4.595206218831252576e-01 -1.009906822669262016e-01 7.002727432773236949e-01 5.549538637802242658e-01 -1.255226607057547961e+00
-1.842380232338558521e-02 -1.701252879568406762e-01 -1.206934656766814884e-01 -4.706429018799278552e-01 2.216540155672905854e-01 -8.952190487085565085e-02 -4.706429018799278552e-01 2.216540155672905854e-01 -8.952190487085565085e-02 -2.610266992187617596e-01 2.120427243050433397e-01 4.898397491371841994e-02
1.687010516724644082e-01 1.799532058019762681e-01 -1.877728379503328382e-01 -1.080512256938404025e-02 -2.308701503732312199e-01 4.081163938185322637e-01 -1.080512256938404025e-02 -2.308701503732312199e-01 4.081163938185322637e-01 -2.886701624120699972e-01 -4.556353551024195925e-01 7.443055175144895896e-01
-3.155678214171969698e-01 6.176117808970138512e-02 2.110647431257864914e-01 -4.578922750387512952e-01 2.751169145311982422e-01 1.376981260091288961e-01 -4.578922750387512952e-01 2.751169145311982422e-01 1.376981260091288961e-01 1.007530440580961972e+00 -1.756171673691566681e-01 -8.319132732118051932e-01
1.842239682340508500e-01 -3.348997573947645190e-01 -4.447694525670103927e-01 -4.555345889645904256e-01 4.137726079091552656e-02 4.646451154526443084e-01 -4.555345889645904256e-01 4.137726079091552656e-02 4.646451154526443084e-01 -1.147426210830085891e+00 5.644217540538085665e-01 5.830044567762773244e-01
-3.167743900556030390e-02 -2.658478760103084593e-01 8.148067558104288288e-02 4.719458108535938834e-01 4.339481041018113938e-01 4.690806226326604822e-01 4.719458108535938834e-01 4.339481041018113938e-01 4.690806226326604822e-01 -1.440509052597265249e-01 5.572867379581462055e-01 -4.132358326984196806e-01
2.876666877281190970e-01 -1.536021839782887310e-01 -1.937208813973757549e-01 -3.272791903010928705e-01 3.247233052908745643e-01 -2.354189469367476972e-01 -3.272791903010928705e-01 3.247233052908745643e-01 -2.354189469367476972e-01 -9.367532727673002491e-01 5.137443321775210237e-01 4.230089405897792254e-01
1.312191816977066328e-01 -3.239644515239561429e-01 -3.031597314322986847e-01 3.879652580846493226e-02 3.760628643939352145e-01 2.949872979516837690e-01 3.879652580846493226e-02 3.760628643939352145e-01 2.949872979516837690e-01 -9.287960478762063987e-01 5.970526423758308887e-01 3.317434055003755100e-01
-3.108502135453680149e-01 3.089634813124420010e-02 -3.750950530492376256e-01 7.923390206605440689e-02 2.144111467949267880e-01 2.787946138669099572e-01 7.923390206605440689e-02 2.144111467949267880e-01 2.787946138669099572e-01 2.272471099824164842e-01 -7.902613904009135881e-01 5.630142804184971039e-01
2.037528074280633428e-01 -3.487410207692642761e-02 1.665075642125268818e-02 -3.134928962760229476e-01 -1.172302072168164289e-01 -1.932396538319629542e-01 -3.134928962760229476e-01 -1.172302072168164289e-01 -1.932396538319629542e-01 -4.401457129043246930e-01 3.197247684769163323e-01 1.204209444274083607e-01
4.721791107298494161e-01 1.425864062397809162e-01 -1.803962611778483494e-01 1.813449244602832744e-01 -1.939548039950547142e-01 9.553586699323546316e-02 1.813449244602832744e-01 -1.939548039950547142e-01 9.553586699323546316e-02 -8.696986642558937053e-01 9.160298530895616409e-03 8.605383657249980889e-01
-4.636340399878244867e-01 2.847788445757889475e-01 -4.188748616363711097e-01 4.884776797646084301e-01 -2.900776169199917875e-01 -3.020771211097268427e-01 4.884776797646084301e-01 -2.900776169199917875e-01 -3.020771211097268427e-01 5.726591358510744190e-01 -1.548006977764404102e+00 9.753478419133296828e-01
3.959828118067932889e-01 3.246842296949982165e-01 -3.882012744081070332e-01 3.238298191015573924e-01 -1.746832062125088791e-01 2.345078096125176037e-01 3.238298191015573924e-01 -1.746832062125088791e-01 2.345078096125176037e-01 -6.174098178760780709e-01 -9.659669986831282973e-01 1.583376816559206368e+00
-6.953118170750949290e-02 4.177487359855984739e-01 -2.903422184838407860e-01 -4.355235115178682781e-01 -2.459696528041543928e-02 -3.098670657902959924e-01 -4.355235115178682781e-01 -2.459696528041543928e-02 -3.098670657902959924e-01 1.875731327519815084e-01 -1.415816923941458194e+00 1.228243791189476575e+00
2.669540514384631802e-01 1.154586310533649574e-01 4.716566666028099153e-02 -3.550846737861471647e-01 -2.061599600944630239e-01 -1.231247202597354207e-01 -3.550846737861471647e-01 -2.061599600944630239e-01 -1.231247202597354207e-01 -3.608843319553590723e-01 9.289403974138044084e-02 2.679902922139786314e-01
4.338601754254034493e-02 1.384901892241859889e-01 2.889194253627275222e-01 5.797331917683323788e-02 -2.318229174960927397e-01 4.852316317320891637e-01 5.797331917683323788e-02 -2.318229174960927397e-01 4.852316317320891637e-01 3.690247796994376994e-01 4.893959975887574032e-02 -4.179643794583134397e-01
4.788777962169427083e-01 4.743046815770382008e-01 2.637234691918560747e-01 -4.339161504738585640e-01 4.263284030204216313e-01 3.955027780122148950e-01 -4.339161504738585640e-01 4.263284030204216313e-01 3.955027780122148950e-01 -1.981666086463869103e-01 -2.298117100511729571e-01 4.279783186975598674e-01
6.228338396163346502e-02 4.178501082011500944e-01 -1.083396490831373127e-01 -4.937398728944453197e-01 -2.249788682829034769e-02 -3.623891561609138279e-02 -4.937398728944453197e-01 -2.249788682829034769e-02 -3.623891561609138279e-02 1.423631654445918215e-01 -9.916950972224494176e-01 8.493319317778575961e-01
-2.499832314043242132e-01 -8.117291609423216148e-02 -3.062829944755292022e-01 -3.438780158067723525e-01 -4.943747024848387239e-01 -9.262488005138269642e-02 -3.438780158067723525e-01 -4.943747024848387239e-01 -9.262488005138269642e-02 1.005866316636203628e-01 -4.077914684476640073e-01 3.072048367840436445e-01
4.291271120490336433e-01 5.842885196866831610e-02 -2.242016301698288583e-01 2.228805884166673579e-02 1.039245236244257242e-02 3.880118919509062403e-01 2.228805884166673579e-02 1.039245236244257242e-02 3.880118919509062403e-01 -9.284349529600089967e-01 1.221309996194075431e-01 8.063039533406014536e-01
-2.206376317712667179e-01 2.447911570524001768e-01 -1.034095668357198905e-01 3.782165670386287148e-01 -1.407597340557552590e-01 2.428603857415125855e-01 3.782165670386287148e-01 -1.407597340557552590e-01 2.428603857415125855e-01 4.965100055398513623e-01 -7.886507243026913416e-01 2.921407187628399793e-01
-1.844110767018136698e-02 -1.716627312707693642e-01 9.231001581054087968e-02 2.722166117416519038e-01 -1.112518123653518654e-01 2.234020493101889215e-01 2.722166117416519038e-01 -1.112518123653518654e-01 2.234020493101889215e-01 -4.846642297922176823e-02 3.975888016188497964e-01 -3.491223786396280282e-01
