-2.743993620467690686e-01 1.640970080947997678e-01 -2.573686991059427331e-01 -7.682802842306379887e-03 -1.839278772999910494e-01 -2.556592633213412569e-01 -7.682802842306379887e-03 -1.839278772999910494e-01 -2.556592633213412569e-01 3.721709695775426985e-01 -8.791883993494452598e-01 5.070174297719025613e-01
-4.673628809273810969e-02 -2.880620985831655601e-01 8.912672285997313981e-02 1.813882883110436994e-01 1.920645145916689556e-01 -1.572087353791179476e-01 1.813882883110436994e-01 1.920645145916689556e-01 -1.572087353791179476e-01 -1.274107450855828105e-01 5.871491330988142243e-01 -4.597383880132314138e-01
-3.930054752146658892e-01 -1.288236050301216906e-02 4.124113557632548277e-01 -8.507678187209510856e-02 1.188076906310369107e-01 4.110355453052298991e-01 -8.507678187209510856e-02 1.188076906310369107e-01 4.110355453052298991e-01 1.553851796552086384e+00 3.019943048774709204e-02 -1.584051227039833476e+00
-4.780225047225579171e-01 -3.855622833377398972e-01 -4.915823075194211134e-01 5.811338972886459509e-02 -3.487273346604365942e-01 -3.500378197354880871e-02 5.811338972886459509e-02 -3.487273346604365942e-01 -3.500378197354880871e-02 7.484624136882744860e-02 -2.001586642238031288e-01 1.253124228549756802e-01
9.293929017685065297e-02 -6.441841196345854392e-02 -6.708817790707510831e-02 -4.883567592804088919e-01 -2.358835185857978134e-01 -4.483624611184456876e-01 -4.883567592804088919e-01 -2.358835185857978134e-01 -4.483624611184456876e-01 -3.182938161654680354e-01 1.677408657536760828e-01 1.505529504117919526e-01
3.750947273085697420e-01 2.789624314275837014e-01 -2.766526087119132171e-01 -3.361256133797901891e-01 -1.263532491824765902e-01 1.528418118997959541e-01 -3.361256133797901891e-01 -1.263532491824765902e-01 1.528418118997959541e-01 -5.797703156597283636e-01 -6.421079784163377102e-01 1.221878294076065963e+00
-1.654540945772563498e-01 3.251744090029282663e-01 5.488484117188552336e-02 6.181761208721048284e-02 -3.607292985954696496e-01 -1.717107701639426498e-01 6.181761208721048284e-02 -3.607292985954696496e-01 -1.717107701639426498e-01 6.342576648428374098e-01 -6.981023519473877892e-01 6.384468710455037943e-02
-1.144271664924508825e-01 -3.200605061423326125e-01 3.102211029680242982e-01 3.590862996173391775e-01 -3.704175761608939910e-01 2.063528162275827249e-01 3.590862996173391775e-01 -3.704175761608939910e-01 2.063528162275827249e-01 3.007497591029786310e-01 6.958609120820092864e-01 -9.966106711849879174e-01
1.440695670111259430e-01 4.498971506618043570e-03 -1.830848168862704295e-01 -4.037446754999526322e-01 -4.285502613861041921e-01 2.919079316623834908e-01 -4.037446754999526322e-01 -4.285502613861041921e-01 2.919079316623834908e-01 -4.288075442493810563e-01 -5.655134959907481829e-02 4.853588938484558746e-01
-1.168877674059052296e-01 2.673978637394536229e-02 2.529774325259325218e-01 -2.751065995369842421e-01 1.831033915116083710e-01 8.496709609597274948e-02 -2.751065995369842421e-01 1.831033915116083710e-01 8.496709609597274948e-02 5.813291683496077944e-01 6.868175518932306822e-02 -6.500109235389308626e-01
4.888830721392805057e-01 -2.487330772748554963e-01 4.122653165393966868e-01 -4.150497693435898361e-01 -3.963447740306942357e-01 -3.878969452009172203e-01 -4.150497693435898361e-01 -3.963447740306942357e-01 -3.878969452009172203e-01 -1.164701230524872511e+00 1.574609497165974314e+00 -4.099082666411018039e-01
1.000669347339557813e-01 8.678264856949680084e-02 -3.714822981148437897e-01 2.599412491865374930e-01 3.619836500215721786e-01 -3.791084834243715340e-01 2.599412491865374930e-01 3.619836500215721786e-01 -3.791084834243715340e-01 -3.893381704210623351e-01 -5.679550008392950655e-01 9.572931712603574006e-01
-2.436467457548520121e-01 3.343943796776247535e-01 -1.072538238809858102e-01 1.435966982757244104e-01 1.454628322485670422e-01 1.108602116326946607e-01 1.435966982757244104e-01 1.454628322485670422e-01 1.108602116326946607e-01 5.851359333665558937e-01 -9.942722941004126236e-01 4.091363607338567299e-01
-7.029998893693933937e-04 -7.134533109675189610e-02 -2.227447818915505584e-01 -2.501663199521559910e-01 -1.469039554958198046e-01 3.357614707825944400e-01 -2.501663199521559910e-01 -1.469039554958198046e-01 3.357614707825944400e-01 -2.723154068430888586e-01 -9.026400278868118576e-02 3.625794096317700443e-01
1.464785183643090294e-01 7.685715949113225420e-02 4.431413118307273580e-01 -1.579762215504362244e-01 1.839535288998060958e-01 2.679009903657004754e-01 -1.579762215504362244e-01 1.839535288998060958e-01 2.679009903657004754e-01 2.732593958221740671e-01 3.787963936592868563e-01 -6.520557894814609234e-01
-2.390222572375203525e-01 -4.208194453279665570e-01 -4.332017100906462304e-01 -4.805193367838151985e-01 4.695286928040742769e-02 2.261817078874749365e-01 -4.805193367838151985e-01 4.695286928040742769e-02 2.261817078874749365e-01 -3.758608127353546546e-01 1.869116801104466763e-01 1.889491326249079783e-01
-1.228158088714853546e-01 -2.747671476448094730e-01 2.323812967741415436e-01 -4.449891868521492766e-01 2.015785360854409625e-01 -3.766356857508252887e-01 -4.449891868521492766e-01 2.015785360854409625e-01 -3.766356857508252887e-01 2.623582019007013599e-01 5.618932192659186198e-01 -8.242514211666199797e-01
-1.755371750364862482e-01 -5.446875318473409777e-02 -2.008811240303116641e-01 -4.730258539133169737e-02 -1.187991279052612592e-01 1.270635424386454826e-01 -4.730258539133169737e-02 -1.187991279052612592e-01 1.270635424386454826e-01 8.900117526623052555e-02 -2.717001428427247012e-01 1.826989675764941756e-01
-3.119606103755434567e-02 -3.974594410121834454e-01 -1.141638573371108745e-01 4.627337718323468740e-01 3.153364779350920077e-01 -2.028450833248374163e-01 4.627337718323468740e-01 3.153364779350920077e-01 -2.028450833248374163e-01 -5.219542883976225900e-01 6.890379821818974904e-01 -1.670836937842749004e-01
-3.150644640945637898e-01 -3.682919910196789104e-01 1.730139708571469814e-01 -4.864490890309025595e-01 -1.943863596984354292e-01 3.667061923395760203e-01 -4.864490890309025595e-01 -1.943863596984354292e-01 3.667061923395760203e-01 5.745130462727519038e-01 4.726818814439258665e-01 -1.047194927716677881e+00
-6.974071863353270562e-02 -4.839608713572495224e-01 -2.163838884598511259e-01 -4.532603133020249864e-01 9.562696918679947089e-02 -2.528914621306521671e-01 -4.532603133020249864e-01 9.562696918679947089e-02 -2.528914621306521671e-01 -6.495881414427473466e-01 7.479588045426933673e-01 -9.837066309994602076e-02
-6.515466235658562422e-02 1.212184476936276623e-01 3.131169500306666409e-01 1.045661876418041425e-01 -3.659306570560750815e-01 -4.682315635494888051e-01 1.045661876418041425e-01 -3.659306570560750815e-01 -4.682315635494888051e-01 6.297955084207690346e-01 4.573229882418705650e-03 -6.343687383031877403e-01
-1.844343080440359328e-01 -2.714271296553880664e-01 -3.706084903705890721e-01 -8.898558332562944706e-02 3.340502515006175122e-01 -4.186806964691466293e-01 -8.898558332562944706e-02 3.340502515006175122e-01 -4.186806964691466293e-01 -2.607598602762549733e-01 -1.337770310496799731e-02 2.741375633812229706e-01
-1.940438315787414991e-01 -2.995237046938103997e-01 1.996032734515371665e-01 -3.553370252242770144e-01 4.845997799693124719e-02 -1.260816915484397338e-02 -3.553370252242770144e-01 4.845997799693124719e-02 -1.260816915484397338e-02 3.711335944331546344e-01 5.041833329826873600e-01 -8.753169274158419944e-01
3.193906507419828067e-01 4.354420027769262402e-01 -4.293922963930429937e-02 -3.821836343157818394e-01 -9.859172048417519374e-02 -2.453351913542626273e-01 -3.821836343157818394e-01 -9.859172048417519374e-02 -2.453351913542626273e-01 -1.943767809270620095e-01 -7.230309728263738522e-01 9.174077537534358617e-01
8.771237411915289162e-02 1.460687358695940130e-01 -1.647417463486353650e-01 -4.261359588428652589e-01 4.175532985839182087e-01 1.391373850899602083e-03 -4.261359588428652589e-01 4.175532985839182087e-01 1.391373850899602083e-03 -1.664218711448258725e-01 -4.212168672669824865e-01 5.876387384118083590e-01
-2.397352483382864108e-02 3.922330589553957303e-02 -3.664586552079434068e-01 -3.428831253696441594e-01 1.070807684916134095e-01 -1.093890784698988705e-01 -3.428831253696441594e-01 1.070807684916134095e-01 -1.093890784698988705e-01 -2.287550021515002419e-01 -5.615666358168335259e-01 7.903216379683337678e-01
3.404888359518348784e-01 4.185746092682545161e-01 -2.626982843643647092e-01 -4.715095584165636122e-01 3.655273741153651779e-01 3.843951976307932172e-01 -4.715095584165636122e-01 3.655273741153651779e-01 3.843951976307932172e-01 -3.778198009176610972e-01 -1.051506775722354847e+00 1.429326576640015833e+00
-4.661713559442135502e-01 2.842311132677921570e-02 -4.569674226768496439e-01 4.298954802331768077e-01 -2.042860999110494014e-01 -4.490980589242392629e-01 4.298954802331768077e-01 -2.042860999110494014e-01 -4.490980589242392629e-01 3.994282613278948846e-01 -1.014991269905462623e+00 6.155630085775678495e-01
9.344330746014162248e-02 -3.150091799360456024e-01 -4.711826101029803482e-02 -1.791989888689310417e-01 3.507720659820589004e-01 -2.432925244656664043e-01 -1.791989888689310417e-01 3.507720659820589004e-01 -2.432925244656664043e-01 -6.356176006497727959e-01 7.394965463122480376e-01 -1.038789456624752416e-01
-2.060640252982115506e-01 4.488193055080739180e-01 -2.262944378389066813e-01 -3.119372403768730928e-01 -3.748864537685668852e-01 -1.250153909821170028e-01 -3.119372403768730928e-01 -3.748864537685668852e-01 -1.250153909821170028e-01 4.604701802483441853e-01 -1.444753715350428402e+00 9.842835351020842172e-01
2.799666801210118905e-01 -4.075379877797208339e-01 -5.774018176717854445e-02 -3.964492600946889489e-02 -3.040782679697937585e-01 2.311919395312382886e-01 -3.964492600946889489e-02 -3.040782679697937585e-01 2.311919395312382886e-01 -1.275342369569308687e+00 1.283916165013918365e+00 -8.573795444609566552e-03
5.253368885221254558e-02 3.353177037281115380e-01 9.349884558125332035e-02 -1.245201261554925720e-01 4.356605915448195088e-01 2.208040901366045139e-01 -1.245201261554925720e-01 4.356605915448195088e-01 2.208040901366045139e-01 2.881332501411266733e-01 -5.198809217708642016e-01 2.317476716297375283e-01
-8.478311314939668275e-02 -1.148536880066525212e-01 2.636366927866743426e-01 3.580174731380618702e-01 2.158666292749997773e-01 5.630889021012575046e-02 3.580174731380618702e-01 2.158666292749997773e-01 5.630889021012575046e-02 3.862996565575942398e-01 3.456327015357653076e-01 -7.319323580933595474e-01
-1.655134960696450497e-01 1.155100531866269931e-01 -3.804729901835616213e-01 2.471108293663423217e-01 -8.617035702300657185e-02 -2.234303869273762677e-01 2.471108293663423217e-01 -8.617035702300657185e-02 -2.234303869273762677e-01 5.156355518089172918e-02 -8.871011575684047967e-01 8.355376023875130675e-01
2.805498434611418679e-01 -6.816604457556674213e-02 -2.319295468281235006e-02 -3.046492049255737911e-01 4.886177832225330198e-01 -1.809659045040905578e-01 -3.046492049255737911e-01 4.886177832225330198e-01 -1.809659045040905578e-01 -6.791958064150671603e-01 4.612232682838743880e-01 2.179725381311927723e-01
-1.735892103278253717e-01 3.076412574520070997e-02 2.670516824371564901e-01 1.825008080471576255e-01 3.892058303615713033e-01 -3.792532599331852605e-01 1.825008080471576255e-01 3.892058303615713033e-01 -3.792532599331852605e-01 7.385283664710511342e-01 2.562068994839006297e-02 -7.641490564194411972e-01
3.159876824365778214e-01 4.347700258120139605e-01 -3.817368761786760212e-01 1.577695744617257922e-02 3.589561561881491336e-01 3.135675079608999383e-01 1.577695744617257922e-02 3.589561561881491336e-01 3.135675079608999383e-01 -3.902845179556371780e-01 -1.374581535929899623e+00 1.764866053885536967e+00
-2.288823169381704048e-01 -1.426289367776213401e-01 -4.601542421833761942e-01 -4.703782154182657438e-01 8.780792457579711385e-02 1.169326670028103532e-01 -4.703782154182657438e-01 8.780792457579711385e-02 1.169326670028103532e-01 -1.238381029199785432e-01 -4.563622465694036068e-01 5.802003494893821500e-01
3.522330686745971384e-01 4.551672818756085093e-01 1.584811793437140848e-01 -4.484776682824808125e-01 1.410760874339863635e-01 3.715642692543777992e-01 -4.484776682824808125e-01 1.410760874339863635e-01 3.715642692543777992e-01 -7.832403554342082241e-02 -4.432065942492223742e-01 5.215306297926431967e-01
-4.504684635461455589e-01 -1.254705454113224095e-01 -1.256678653147824676e-01 -1.351539512292984080e-01 -1.501475321433926036e-01 -4.787998088845790701e-01 -1.351539512292984080e-01 -1.501475321433926036e-01 -4.787998088845790701e-01 6.612258374873579703e-01 -2.776684815241378113e-01 -3.835573559632201590e-01
7.823501376401975627e-03 -6.940729368459352955e-02 8.474139682893866432e-02 -1.358210619374923267e-01 -1.685071519201586376e-01 3.312422274302406766e-01 -1.358210619374923267e-01 -1.685071519201586376e-01 3.312422274302406766e-01 -3.379698697236754867e-04 2.231468112660631720e-01 -2.228088413963394965e-01
-2.977813242957969564e-01 1.439952811214579853e-01 -2.271726313841953004e-01 3.869381429249988402e-01 3.644714539742954784e-02 -4.104110024683882418e-02 3.869381429249988402e-01 3.644714539742954784e-02 -4.104110024683882418e-02 4.302679698264237906e-01 -8.065331914967632798e-01 3.762652216703394892e-01
-2.433429471358972140e-02 -2.305740859576722590e-01 -6.535958233089722569e-03 -2.431834877283600704e-03 -2.657404143070626334e-01 4.064248345338739021e-01 -2.431834877283600704e-03 -2.657404143070626334e-01 4.064248345338739021e-01 -2.110902128215750295e-01 4.297632247010975126e-01 -2.186730118795224831e-01
2.311408218765726996e-01 -5.251270491212156610e-02 4.869222814280771416e-02 -1.975961729294944957e-01 -3.873266545717211073e-01 -4.504027198563417267e-01 -1.975961729294944957e-01 -3.873266545717211073e-01 -4.504027198563417267e-01 -4.947452681141908393e-01 4.242249379468812087e-01 7.052033016730963055e-02
2.003345441403044935e-01 -1.887509099681935476e-01 -3.353186773425286260e-01 1.941619683156180498e-01 -4.862209470358288543e-01 8.699666013108797724e-02 1.941619683156180498e-01 -4.862209470358288543e-01 8.699666013108797724e-02 -8.903438013391131722e-01 3.177772518024513104e-01 5.725665495366618618e-01
-1.493520485308197365e-02 1.286141568883817365e-01 4.288460118819217293e-01 3.151905265525966060e-01 -6.541195946476718870e-02 -2.950485727815177484e-01 3.151905265525966060e-01 -6.541195946476718870e-02 -2.950485727815177484e-01 6.923114168883279795e-01 1.256315599509003622e-01 -8.179429768392283417e-01
4.597466231741630383e-01 -4.240263308016252175e-01 1.516708326035125509e-01 -2.733267182120392436e-01 2.600060384207919517e-01 4.027014638770887167e-02 -2.733267182120392436e-01 2.600060384207919517e-01 4.027014638770887167e-02 -1.685153480980434049e+00 1.857700393168473685e+00 -1.725469121880395251e-01
1.715220877352954254e-01 2.575246360207341656e-01 7.791816470831025576e-02 1.194516160055753007e-01 -3.967610510558574610e-01 2.104965195170739323e-01 1.194516160055753007e-01 -3.967610510558574610e-01 2.104965195170739323e-01 -6.948517238661522377e-03 -2.791544235043164068e-01 2.861029407429779292e-01
-3.843628783337068588e-01 4.110209989855222457e-01 4.828486473476223395e-01 3.420716760532627188e-02 5.763859972621243610e-02 4.703559612222472097e-01 3.420716760532627188e-02 5.763859972621243610e-02 4.703559612222472097e-01 1.928856368710314406e+00 -4.792833717593901754e-01 -1.449572996950924120e+00
2.872700131278834723e-01 3.158369145631206854e-01 1.734887715904787076e-01 1.338703826666277630e-01 4.741818832031746700e-01 -4.677250107079283792e-01 1.338703826666277630e-01 4.741818832031746700e-01 -4.677250107079283792e-01 -7.938410845046761644e-02 -1.811407051911891886e-01 2.605248136416568050e-01
2.937104445315417145e-01 -2.312008638258445936e-01 -4.005783792433117441e-01 4.842319823773563181e-01 4.759505721241577003e-01 -2.983850415098675546e-01 4.842319823773563181e-01 4.759505721241577003e-01 -2.983850415098675546e-01 -1.190879421349718914e+00 5.057416785332933262e-01 6.851377428164255878e-01
1.240676693414095588e-01 -1.394959408820451996e-01 1.706690947632938382e-02 -3.324651691577782398e-01 5.056635419968891210e-02 1.291873941547561078e-01 -3.324651691577782398e-01 5.056635419968891210e-02 1.291873941547561078e-01 -4.030350946040280880e-01 4.464823107668246527e-01 -4.344721616279656473e-02
-2.752742066503699458e-02 -7.465404542315345893e-02 -3.422621910087662034e-01 -4.113669274795558328e-01 3.353253531575683954e-02 3.950480665819159354e-01 -4.113669274795558328e-01 3.353253531575683954e-02 3.950480665819159354e-01 -3.182722740858471289e-01 -2.585802149467837374e-01 5.768524890326308663e-01
2.501362861060106857e-01 -4.359106485536086151e-01 3.191124571015644396e-01 5.267282302667930516e-03 -4.736227802841371792e-01 -4.714292851273110818e-01 5.267282302667930516e-03 -4.736227802841371792e-01 -4.714292851273110818e-01 -9.144391243922787016e-01 1.515850047633815256e+00 -6.014109232415365547e-01
3.483646934294372111e-01 -2.379402886706926123e-01 -4.248787355102991992e-01 3.061020770919581357e-01 -1.814991938097795243e-01 -3.371237129147586220e-02 3.061020770919581357e-01 -1.814991938097795243e-01 -3.371237129147586220e-02 -1.335821194721675154e+00 5.917818686622933200e-01 7.440393260593818336e-01
-1.456554043015751976e-01 -3.864155305702952070e-01 -1.195830436817424403e-01 4.750089396669268105e-01 2.212924993068399182e-01 2.022051603508741024e-01 4.750089396669268105e-01 2.212924993068399182e-01 2.022051603508741024e-01 -2.458006097187939165e-01 5.064144850593177427e-01 -2.606138753405238262e-01
4.176283908153610724e-02 3.674020855192376978e-01 -4.688805328527023697e-02 -1.158853033873963323e-01 5.838906917066422064e-02 4.038123622520606304e-01 -1.158853033873963323e-01 5.838906917066422064e-02 4.038123622520606304e-01 1.930993807037817422e-01 -7.912305009262831090e-01 5.981311202225013668e-01
1.018939294902158066e-01 -7.044789481830560085e-02 -1.397746460035929061e-01 -3.985700756046689497e-01 -4.277718950833682143e-01 4.630724722373383839e-01 -3.985700756046689497e-01 -4.277718950833682143e-01 4.630724722373383839e-01 -4.027674722336062052e-01 1.162975203597917950e-01 2.864699518738144102e-01
3.209599793387457600e-01 3.429219073455728184e-01 3.580620042520443747e-02 1.565756768531656462e-02 4.670474026090862818e-01 -3.428177197760527983e-01 1.565756768531656462e-02 4.670474026090862818e-01 -3.428177197760527983e-01 -2.263788600400081785e-01 -3.812207830132308128e-01 6.075996430532389914e-01
-1.751707176263183063e-01 -2.655708251917433538e-01 3.188142412558984118e-01 -4.462368395853485437e-01 2.454958911124552889e-01 3.376687638913131728e-01 -4.462368395853485437e-01 2.454958911124552889e-01 3.376687638913131728e-01 5.442217520077750059e-01 5.371636084533941702e-01 -1.081385360461169176e+00
3.616260560016462122e-01 -3.908713248445528921e-01 8.746867499362276366e-02 1.887357231308806060e-02 1.549348505638176166e-01 -1.573382181099853838e-01 1.887357231308806060e-02 1.549348505638176166e-01 -1.573382181099853838e-01 -1.362081156326952147e+00 1.502482153806610210e+00 -1.404009974796581739e-01
-8.829830454053189115e-02 4.732334713444632524e-01 -1.818841348656854429e-01 -9.053455393587983568e-02 2.034231623565179170e-01 2.492951255871611593e-02 -9.053455393587983568e-02 2.034231623565179170e-01 2.492951255871611593e-02 3.403250824784952444e-01 -1.355034170043809549e+00 1.014709087565314194e+00
7.998682909346510606e-02 -1.271930524968039045e-01 -4.157813108241847910e-01 4.793027605607769193e-02 -2.097638992237010891e-01 -2.048152809514031114e-01 4.793027605607769193e-02 -2.097638992237010891e-01 -2.048152809514031114e-01 -6.211009915634483347e-01 -1.043382858789565493e-01 7.254392774424048840e-01
1.097826311770289109e-01 -2.507272473776545052e-02 3.927292816769963890e-01 -5.470453460984003868e-02 2.335707490559677524e-01 -3.369646491134844490e-01 -5.470453460984003868e-02 2.335707490559677524e-01 -3.369646491134844490e-01 1.826631174613038144e-01 4.858786530194787456e-01 -6.685417704807825601e-01
2.895030440369678049e-01 -2.117284146880603624e-01 2.546911451500789569e-01 -1.185528482933984051e-02 -1.866171597794151760e-01 -1.994894889745564281e-01 -1.185528482933984051e-02 -1.866171597794151760e-01 -1.994894889745564281e-01 -6.849657887477390572e-01 1.023508791127251794e+00 -3.385430023795126253e-01
-3.552470918188300741e-01 6.870714666965371809e-02 -2.553095252449297803e-01 1.764190184434699660e-01 -3.235666818136471168e-01 1.157108234565741300e-01 1.764190184434699660e-01 -3.235666818136471168e-01 1.157108234565741300e-01 4.506480906026052446e-01 -7.282165286693421669e-01 2.775684380667369222e-01
-1.351491286817853021e-01 -1.238886788951341078e-01 -2.372046626457692264e-01 1.171371386562047867e-02 3.647419723232391275e-01 2.254312889447260826e-01 1.171371386562047867e-02 3.647419723232391275e-01 2.254312889447260826e-01 -8.582330752913358562e-02 -1.311830625673449102e-01 2.170063700964784958e-01
8.402037547598040224e-02 3.185606346657322563e-01 9.077226103014901515e-02 2.337205363064891461e-01 -3.872415977952807786e-01 2.719349751155397676e-03 2.337205363064891461e-01 -3.872415977952807786e-01 2.719349751155397676e-03 2.158403400482558077e-01 -4.648851419142110419e-01 2.490448018659552343e-01
1.683882900872170074e-01 -3.697885042395909760e-02 -1.376888163409969446e-01 -4.108341237937042090e-01 -2.913612686133573160e-01 -1.532457030809011300e-01 -4.108341237937042090e-01 -2.913612686133573160e-01 -1.532457030809011300e-01 -4.916459803804195117e-01 1.220199915260125056e-01 3.696259888544070060e-01
2.661186313720085295e-01 -3.385315341255530353e-01 2.303022185450677162e-01 -3.264894628645625962e-01 1.707038994047005431e-01 6.617851907718097504e-02 -3.264894628645625962e-01 1.707038994047005431e-01 6.617851907718097504e-02 -8.657942804006651949e-01 1.264426319748992000e+00 -3.986320393483266944e-01
1.863935151665401246e-01 8.034322394941295631e-02 -1.145802291845559040e-01 -2.872372213368858951e-01 3.219990493566516898e-01 -3.233047756551161722e-01 -2.872372213368858951e-01 3.219990493566516898e-01 -3.233047756551161722e-01 -3.717805885640037555e-01 -1.033401690149151619e-01 4.751207575789189175e-01
1.162079626100697149e-01 -7.978446251733484207e-02 -2.741669537693898206e-01 -3.342462241271925150e-01 -3.992704876817931847e-02 4.751691811234565188e-01 -3.342462241271925150e-01 -3.992704876817931847e-02 4.751691811234565188e-01 -5.397146079684242981e-01 1.956937347085352386e-03 5.377576706213389457e-01
1.602484928465340852e-01 3.489565402644130288e-01 3.592436010118563727e-01 -1.135102603173184788e-01 4.352484217961896107e-01 -1.618845465934871664e-01 -1.135102603173184788e-01 4.352484217961896107e-01 -1.618845465934871664e-01 3.921477806010426059e-01 -1.617374537069777851e-01 -2.304103268940648208e-01
3.075263238494785334e-01 4.166105236756099117e-01 4.287380602174706290e-01 3.414153951966979461e-01 3.462657258552038764e-01 -1.719467017413792709e-01 3.414153951966979461e-01 3.462657258552038764e-01 -1.719467017413792709e-01 2.322089924766782554e-01 -9.129078951635372086e-02 -1.409182029603245345e-01
4.524733770638478259e-01 5.703897500275056931e-02 -8.088194960694627955e-02 -4.369847127210035875e-01 -5.493767951615435852e-02 1.226897010528962273e-01 -4.369847127210035875e-01 -5.493767951615435852e-02 1.226897010528962273e-01 -8.983958332050265838e-01 3.371443733001782128e-01 5.612514599048483710e-01
-1.589691028554147678e-01 -3.123863471269536785e-01 1.640689949173760320e-01 -1.523248689211285090e-01 4.601797661940297823e-01 -3.242493854960157851e-01 -1.523248689211285090e-01 4.601797661940297823e-01 -3.242493854960157851e-01 2.155066694754310674e-01 5.448306463072530859e-01 -7.603373157826841533e-01
2.387476060147065704e-01 -6.429671428772432140e-02 -3.838761412615061541e-01 -7.035959381509726551e-02 1.656613737163314948e-01 -4.758256870928352367e-01 -7.035959381509726551e-02 1.656613737163314948e-01 -4.758256870928352367e-01 -8.174396143289860417e-01 -2.257423165130068021e-02 8.400138459802867219e-01
9.831632007252921746e-02 6.097582216702168711e-02 4.343717373645071822e-01 -1.484674202647562335e-01 -3.292567207107280902e-01 2.367881632246471302e-02 -1.484674202647562335e-01 -3.292567207107280902e-01 2.367881632246471302e-02 3.613701612394282225e-01 3.496537795206842159e-01 -7.110239407601124384e-01
2.411111854408418687e-01 8.313015701870218876e-02 -4.568961900297018319e-01 -3.945782179230002962e-01 1.598780198997185042e-02 4.519000984166949841e-01 -3.945782179230002962e-01 1.598780198997185042e-02 4.519000984166949841e-01 -6.735681776849140601e-01 -5.449080984485397128e-01 1.218476276133453773e+00
-4.444370568938482702e-02 -7.933459229931250078e-02 -2.483041925128403049e-01 2.484030526560163654e-01 -7.418694492295141441e-02 1.889179065062549512e-01 2.484030526560163654e-01 -7.418694492295141441e-02 1.889179065062549512e-01 -2.199305681175831584e-01 -1.485774274846820564e-01 3.685079956022652148e-01
-1.366413229191792977e-01 -4.607853413418726563e-01 1.772006050190455539e-02 -4.400599307772702362e-01 3.230620053254571467e-01 9.957064866722986629e-02 -4.400599307772702362e-01 3.230620053254571467e-01 9.957064866722986629e-02 -2.159339347178179658e-01 7.631375323498659213e-01 -5.472035976320479556e-01
-4.652161516414132780e-02 -9.871824857241329187e-02 2.502137564284000470e-01 -4.348043496461933000e-01 -3.722489307453966667e-01 -4.096070657828556616e-01 -4.348043496461933000e-01 -3.722489307453966667e-01 -4.096070657828556616e-01 2.918763138656541578e-01 3.481417966354287685e-01 -6.400181105010829263e-01
-1.504282606642515230e-02 -4.495099097420158785e-01 -9.661917521056917479e-02 1.750778295189218126e-01 3.294667057307033575e-01 3.552938310780072717e-01 1.750778295189218126e-01 3.294667057307033575e-01 3.552938310780072717e-01 -6.224776032254842884e-01 8.414859772646167135e-01 -2.190083740391324252e-01
-4.597951668765881683e-01 4.548348281553071804e-02 4.741956551640947870e-01 1.260608345455178636e-01 -5.487503983367048033e-02 -1.079181317182237310e-01 1.260608345455178636e-01 -5.487503983367048033e-02 -1.079181317182237310e-01 1.941306730503920441e+00 -4.800994577746764413e-02 -1.893296784726453019e+00
-3.342465669495474634e-01 2.258292893332165541e-01 2.252140911566107295e-01 -2.963144583872523441e-01 -4.523179621383743854e-02 -3.526329577811488925e-01 -2.963144583872523441e-01 -4.523179621383743854e-02 -3.526329577811488925e-01 1.178562808158877040e+00 -4.294496517538882729e-01 -7.491131564049886560e-01
4.873030550062367183e-01 4.279353169399827683e-01 -2.706850320194444937e-01 1.917249650073721279e-01 3.379824707094175595e-01 2.112532591819099581e-01 1.917249650073721279e-01 3.379824707094175595e-01 2.112532591819099581e-01 -5.925571216039280387e-01 -9.498109471870723741e-01 1.542368068791000413e+00
-4.697306398036366071e-01 1.070021660935691621e-01 3.844825510104783461e-01 -4.628255130613996293e-01 1.393892258623721236e-01 2.650431859819128988e-01 -4.628255130613996293e-01 1.393892258623721236e-01 2.650431859819128988e-01 1.787794370455538129e+00 -1.959597718203325289e-01 -1.591834598635205822e+00
2.204005668230598625e-01 -3.875045431132354556e-01 -2.318300467198107784e-01 3.457340299467543954e-01 -3.136256342235551609e-01 -4.407101527203616254e-02 3.457340299467543954e-01 -3.136256342235551609e-01 -4.407101527203616254e-02 -1.200372498183023939e+00 9.807422096362955477e-01 2.196302885467283916e-01
-2.727792691321131446e-01 -3.280757445063136046e-01 3.548752037649167690e-01 2.275080496882460057e-01 -3.518972688684961492e-01 8.554546241833183018e-02 2.275080496882460057e-01 -3.518972688684961492e-01 8.554546241833183018e-02 8.163578541730920346e-01 5.517297038936441744e-01 -1.368087558066736209e+00
1.435794974552895287e-02 -8.716849710395346840e-02 -1.601995352122539407e-01 1.061343563682906055e-01 -2.166908412632473357e-02 3.089688519759707930e-01 1.061343563682906055e-01 -2.166908412632473357e-02 3.089688519759707930e-01 -2.670306156119011121e-01 3.109526486949598656e-02 2.359353507424051255e-01
-3.233835820751028711e-01 -2.197505852349297406e-01 3.500173762868363792e-01 -4.407712782273587315e-03 6.230564086106793464e-02 3.179394268343561647e-01 -4.407712782273587315e-03 6.230564086106793464e-02 3.179394268343561647e-01 1.059338804422301994e+00 3.358994330667294248e-01 -1.395238237489031308e+00
3.365713195979591621e-01 3.889876822652605926e-01 3.853673023968848810e-01 1.930215639431592800e-01 -4.422812050717545018e-01 4.409590183329890056e-01 1.930215639431592800e-01 -4.422812050717545018e-01 4.409590183329890056e-01 1.010724255596020527e-01 -5.469325734040442200e-02 -4.637916821919763066e-02
2.627310981944072088e-01 1.489413458420685288e-03 6.028900394236447191e-02 6.869163222714902428e-02 1.360639199612269090e-01 -2.264813686167610474e-02 6.869163222714902428e-02 1.360639199612269090e-01 -2.264813686167610474e-02 -4.818076903540711164e-01 3.556457496658562700e-01 1.261619406882148464e-01
1.661016674853226238e-01 -1.909224297211911114e-01 -2.654636368702376625e-01 1.934415552508036429e-01 -8.834050712791396975e-02 -9.215656306263142472e-02 1.934415552508036429e-01 -8.834050712791396975e-02 -9.215656306263142472e-02 -7.795786595214437842e-01 3.516805672741600830e-01 4.278980922472837012e-01
2.921257514016162293e-01 -2.359949533463667759e-01 4.644341051076564808e-01 1.475400745466922681e-01 1.460695301005171531e-01 3.539226240427006953e-01 1.475400745466922681e-01 1.460695301005171531e-01 3.539226240427006953e-01 -5.076983968770665268e-01 1.199370226051007293e+00 -6.916718291739407665e-01
3.473123874866261840e-01 3.484585301279653491e-01 4.166234271403139733e-01 -4.716813151014348504e-01 -3.149527179183830849e-01 2.624079571912769637e-01 -4.716813151014348504e-01 -3.149527179183830849e-01 2.624079571912769637e-01 7.291500620029434110e-02 6.474808441185586627e-02 -1.376630906121502074e-01
-1.400860710703751844e-01 4.052749882292924211e-01 2.411482531866593337e-02 -3.835175112944160247e-01 2.005667467730877229e-01 -2.016583035747986363e-01 -3.835175112944160247e-01 2.005667467730877229e-01 -2.016583035747986363e-01 5.988185740094387199e-01 -8.843495983994966725e-01 2.855310243900579525e-01
-4.524949049372786192e-01 -3.694937316668001070e-01 -3.216941566520231666e-01 -4.258153405493941834e-01 -2.759821474248493889e-01 -1.676243984853779123e-01 -4.258153405493941834e-01 -2.759821474248493889e-01 -1.676243984853779123e-01 2.193905960044507664e-01 -3.297477064782239342e-02 -1.864158253566283729e-01
-4.339051979840439222e-01 3.878087020662585038e-01 2.583698863035450710e-01 -3.596401246559042253e-01 2.966976792630729998e-01 1.832603070099255715e-01 -3.596401246559042253e-01 2.966976792630729998e-01 1.832603070099255715e-01 1.558579122610639800e+00 -6.985120249022021000e-01 -8.600670977084377000e-01
-3.489974978955371343e-01 -2.459227223363172898e-01 4.901783009889160159e-02 2.512792052121648467e-02 -3.778562607254217776e-01 -4.175916719321159931e-03 2.512792052121648467e-02 -3.778562607254217776e-01 -4.175916719321159931e-03 5.868073321205806714e-01 1.574836695832809719e-01 -7.442910017038616433e-01
4.261995528696606028e-01 1.373905137859321446e-01 1.551243985348389476e-01 -4.567549262386982889e-01 2.850199878144431542e-01 -1.209293896789839229e-01 -4.567549262386982889e-01 2.850199878144431542e-01 -1.209293896789839229e-01 -5.722776179067525781e-01 3.524143673618127526e-01 2.198632505449398256e-01
3.416043541342337342e-01 -4.470477140965940510e-01 -4.013628644760417474e-01 3.895455195370289836e-01 3.387649460327857298e-01 2.597033805994732880e-01 3.895455195370289836e-01 3.387649460327857298e-01 2.597033805994732880e-01 -1.724728086507973712e+00 1.245085407551661971e+00 4.796426789563117965e-01
