-4.175414466882915177e-01 -3.001622721733555599e-01 -3.077923041578777275e-01 -4.999449603341266091e-02 -2.138711176679185533e-01 4.982760745238287159e-01 -4.999449603341266091e-02 -2.138711176679185533e-01 4.982760745238287159e-01 2.267501298166957335e-01 -1.184112657828991777e-01 -1.083388640337965558e-01
2.938510558157122476e-01 1.305329283258616080e-01 4.803685416606306990e-02 -4.398290083935575412e-01 2.723278764836053467e-01 -5.302917390093875305e-02 -4.398290083935575412e-01 2.723278764836053467e-01 -5.302917390093875305e-02 -3.953436787012079012e-01 9.141678699321964530e-02 3.039268917079882559e-01
3.009341902380651135e-01 -1.823364275647021415e-02 3.341849941901836596e-01 -7.525039040641723354e-03 1.438868076640225091e-01 8.537481374370936571e-02 -7.525039040641723354e-03 1.438868076640225091e-01 8.537481374370936571e-02 -3.421724504372420927e-01 6.729964761955607999e-01 -3.308240257583187072e-01
3.434105854744221586e-01 -2.330623170356443952e-01 4.971048493244067945e-01 2.787833910366251944e-01 6.365001969147465744e-02 -7.852698313099315541e-03 2.787833910366251944e-01 6.365001969147465744e-02 -7.852698313099315541e-03 -6.136156927064935207e-01 1.297921557713803242e+00 -6.843058650073097215e-01
-7.424880163422276080e-02 -2.382156908208494794e-01 -1.721664476607831507e-02 -4.420772747549301940e-01 2.694888022696151353e-02 -1.762402617121487935e-01 -4.420772747549301940e-01 2.694888022696151353e-02 -1.762402617121487935e-01 -1.194854501060975682e-01 3.764578590199055830e-01 -2.569724089138080148e-01
4.644330161070074903e-01 4.306081615600149126e-01 -1.692190895206122647e-01 2.150910206582840045e-01 -3.268024353780953906e-01 -4.187987939723685216e-01 2.150910206582840045e-01 -3.268024353780953906e-01 -4.187987939723685216e-01 -5.037531528111379719e-01 -7.874006387172201027e-01 1.291153791528357964e+00
-2.119814115649590880e-01 -4.251628178599555774e-01 1.127397434639266782e-01 4.483446867874826269e-01 -2.491990879118777258e-01 -1.497226922244739855e-01 4.483446867874826269e-01 -2.491990879118777258e-01 -1.497226922244739855e-01 1.460356288275912462e-01 6.536373271490304449e-01 -7.996729559766216910e-01
-3.794517729824529173e-01 -2.011359233018649162e-01 -4.412440014235896601e-01 -5.301356665001955015e-02 3.065583129403689489e-01 1.250108218964017803e-01 -5.301356665001955015e-02 3.065583129403689489e-01 1.250108218964017803e-01 1.034000707775845074e-01 -4.347084347323788567e-01 3.313083639547943493e-01
4.353508011543965051e-01 6.764159015963577826e-02 7.856633737362561654e-02 -1.618528533168569483e-01 3.991925527682471664e-01 3.281451653572763361e-01 -1.618528533168569483e-01 3.991925527682471664e-01 3.281451653572763361e-01 -7.444986155668429362e-01 4.552872447579072723e-01 2.892113708089356638e-01
-4.431200443776051046e-02 -1.006813898830360987e-01 -3.439108457019113274e-03 -4.745325261637506342e-01 1.664322082360139010e-01 9.142465531499099907e-02 -4.745325261637506342e-01 1.664322082360139010e-01 9.142465531499099907e-02 -1.626872671828416550e-02 1.506522682844391170e-01 -1.343835415661549515e-01
3.168674964457434129e-01 -3.629536346491673005e-01 9.105105244997890868e-02 9.138990560886472991e-02 3.830398134176147273e-01 2.237319934614052652e-01 9.138990560886472991e-02 3.830398134176147273e-01 2.237319934614052652e-01 -1.175660157403601414e+00 1.338444941898859764e+00 -1.627847844952581280e-01
3.514950269822718631e-01 -2.026563948116881786e-01 3.979033741261548407e-01 -3.523120159449590894e-01 2.020091084869226616e-01 3.099764177948736155e-01 -3.523120159449590894e-01 2.020091084869226616e-01 3.099764177948736155e-01 -6.929613705011559155e-01 1.191958924259547858e+00 -4.989975537583919429e-01
6.127513219160130031e-02 -8.896326582665614602e-02 -3.948477224082880266e-01 -4.994240790275029651e-01 -3.986392710903985392e-01 -7.032153810197672161e-02 -4.994240790275029651e-01 -3.986392710903985392e-01 -7.032153810197672161e-02 -5.283752797913886523e-01 -1.957141549669474401e-01 7.240894347583360924e-01
4.816813887375006598e-01 4.298655110286183634e-01 4.251458115373275559e-01 9.469741415713583965e-02 -3.362825257120102274e-01 -1.324294248972929244e-01 9.469741415713583965e-02 -3.362825257120102274e-01 -1.324294248972929244e-01 -1.081489481386578300e-01 4.845095559644785332e-02 5.969799254220997664e-02
3.674132881310577803e-01 2.537972804061306986e-01 1.738545692107781315e-01 -4.481956409264337138e-01 7.798741796243624513e-03 -4.256705091913710604e-01 -4.481956409264337138e-01 7.798741796243624513e-03 -4.256705091913710604e-01 -2.963003982181122709e-01 3.709683811143338339e-02 2.592035601066788875e-01
2.418836875490091298e-01 1.969436883259886306e-01 -9.244978248238810981e-02 1.466829559157678542e-02 -1.000674814306975469e-01 4.258023771618013598e-01 1.466829559157678542e-02 -1.000674814306975469e-01 4.258023771618013598e-01 -3.301500597482995847e-01 -2.896520522054724101e-01 6.198021119537719947e-01
-3.829669644653581617e-01 -3.710093861797779669e-01 1.777208057298999000e-01 4.175723625144603934e-01 -1.587713247090830615e-01 4.763116496922830123e-01 4.175723625144603934e-01 -1.587713247090830615e-01 4.763116496922830123e-01 7.637633453697814101e-01 4.104307381921123987e-01 -1.174194083561893809e+00
3.024430049042982072e-01 3.329081205343464855e-01 3.709076478206752014e-01 1.763923631175222662e-01 4.613913672601618332e-01 4.218726225666833418e-01 1.763923631175222662e-01 4.613913672601618332e-01 4.218726225666833418e-01 1.008684925814521405e-01 7.280873137074150847e-03 -1.081493657185262913e-01
-3.587629366551864374e-01 -3.848854505854507613e-01 -3.939058446839356353e-01 -3.100028774475491744e-01 -1.488773260767501938e-01 1.254717156730681404e-01 -3.100028774475491744e-01 -1.488773260767501938e-01 1.254717156730681404e-01 -6.099926388901422136e-02 1.740549678213665352e-02 4.359376710687756784e-02
1.429903579097956401e-01 1.592964329067135809e-01 4.762868289812604017e-01 -1.292894793887068294e-01 1.894450961806705136e-01 -4.805279460656165513e-01 -1.292894793887068294e-01 1.894450961806705136e-01 -4.805279460656165513e-01 4.117348312220046047e-01 2.554883993880218140e-01 -6.672232306100264188e-01
-9.584334532727190048e-02 -3.230469880168599373e-01 -2.397203330145041278e-01 -4.144427194384938673e-01 2.512865915381872206e-01 -2.655552531039723219e-01 -4.144427194384938673e-01 2.512865915381872206e-01 -2.655552531039723219e-01 -3.890911614251632011e-01 3.350348718794869951e-01 5.405628954567620603e-02
4.099187123849237224e-01 4.666673309768876177e-02 4.826741634972173678e-01 5.503359332438984008e-02 4.548044243890778660e-01 4.192514221005907427e-01 5.503359332438984008e-02 4.548044243890778660e-01 4.192514221005907427e-01 -3.625306589720813655e-01 7.913852380192246683e-01 -4.288545790471433028e-01
2.253456535848412656e-01 -1.721252288382866258e-01 3.218802317175435412e-01 2.915137960097160530e-01 -1.321557127163079937e-01 4.633199292506280376e-01 2.915137960097160530e-01 -1.321557127163079937e-01 4.633199292506280376e-01 -3.867088017064601591e-01 8.778790135639495951e-01 -4.911702118574894360e-01
3.592736902127691145e-01 -3.145813642737451676e-01 -2.224169829409189392e-01 2.183838691042720992e-01 -4.604272573304354355e-01 -6.641182390205357944e-02 2.183838691042720992e-01 -4.604272573304354355e-01 -6.641182390205357944e-02 -1.402832990882711961e+00 1.049830323252792574e+00 3.530026676299193866e-01
8.707442100081275171e-02 -1.449691852334182851e-01 7.856553232036211920e-02 3.484786494761255016e-01 1.681313875812929792e-01 -3.718263036209195072e-01 3.484786494761255016e-01 1.681313875812929792e-01 -3.718263036209195072e-01 -2.696475132543734166e-01 4.614875945048727557e-01 -1.918400812504993391e-01
2.171773909182960205e-01 -3.596175475431463431e-01 -2.928014474156204194e-01 3.126732192090420082e-02 -1.629662832396440164e-01 -5.582376976276925973e-02 3.126732192090420082e-02 -1.629662832396440164e-01 -5.582376976276925973e-02 -1.179814944910953844e+00 8.449560319148302634e-01 3.348589129961235811e-01
-3.743416583333759595e-01 -3.280274062827761572e-01 -4.293815931074128622e-01 -2.515542076822768758e-01 2.064683397240568707e-01 4.144029600398816404e-01 -2.515542076822768758e-01 2.064683397240568707e-01 4.144029600398816404e-01 -8.294534410341003472e-03 -1.519266543247754786e-01 1.602211887351164821e-01
-3.359394906246023771e-01 3.846185403986100981e-01 1.935823042648874281e-01 2.560350876976016377e-01 -1.292223489579735762e-02 -1.286876382602070157e-01 2.560350876976016377e-01 -1.292223489579735762e-02 -1.286876382602070157e-01 1.211639355857802691e+00 -7.240226063731588502e-01 -4.876167494846439521e-01
2.767581808503110086e-01 1.120843819413364084e-02 -4.055168442008142415e-01 3.682285774869793471e-01 4.679232310869818612e-01 -5.475959041745281919e-02 3.682285774869793471e-01 4.679232310869818612e-01 -5.475959041745281919e-02 -7.986819882991007535e-01 -2.128379886238656038e-01 1.011519976922966357e+00
3.951742725416745872e-01 -2.490939356786918690e-01 -2.728684198267445904e-01 4.868160288785038370e-01 -1.734355111268381933e-01 1.338482966742263747e-01 4.868160288785038370e-01 -1.734355111268381933e-01 1.338482966742263747e-01 -1.391881624131482198e+00 8.805334036223257943e-01 5.113482205091565147e-01
4.942074384219375949e-01 -3.455294756469480255e-01 -2.303150751538546315e-01 4.760125546035477440e-01 -3.524920156822565209e-01 -2.790920601652349120e-01 4.760125546035477440e-01 -3.524920156822565209e-01 -2.790920601652349120e-01 -1.831201770791812899e+00 1.424582598322369886e+00 4.066191724694430132e-01
-2.901114453210806854e-01 -1.652178633280558806e-01 -3.526929898926545182e-01 -2.172976373881019274e-02 3.254207453983433140e-01 2.750853260971152237e-01 -2.172976373881019274e-02 3.254207453983433140e-01 2.750853260971152237e-01 5.674564075762000837e-02 -3.236094255605749259e-01 2.668637848029549176e-01
9.900591313911655256e-02 -3.216295683646671622e-01 4.970112678863569666e-02 1.322514036972688434e-02 1.890334106013822346e-01 3.658757098201979030e-01 1.322514036972688434e-02 1.890334106013822346e-01 3.658757098201979030e-01 -5.710380793050104931e-01 8.331132563148578862e-01 -2.620751770098473932e-01
-3.196823684966557666e-01 -2.981104122312625559e-01 -8.509538993099585724e-03 -1.418718548775077526e-02 -2.586248516863279834e-01 -2.839389269433885143e-01 -1.418718548775077526e-02 -2.586248516863279834e-01 -2.839389269433885143e-01 3.863660631292009651e-01 2.300967750836143688e-01 -6.164628382128153339e-01
3.644364849323109556e-01 1.907339157039765754e-01 1.693650083971939280e-01 -3.261364621689432086e-01 2.617927535314295007e-01 -1.093616484893717988e-01 -3.261364621689432086e-01 2.617927535314295007e-01 -1.093616484893717988e-01 -3.669258125215238975e-01 1.681028018958943271e-01 1.988230106256295704e-01
-2.788407125671621412e-01 -2.101539361360291736e-01 -1.974210311681787733e-01 1.639321652789147432e-01 -2.696319406788444395e-01 2.874094998391325539e-01 1.639321652789147432e-01 -2.696319406788444395e-01 2.874094998391325539e-01 1.512070165909638053e-01 -5.372874972085983636e-02 -9.747826687010396896e-02
4.730725048792661092e-01 -2.073137083780096646e-05 -8.657542635784309937e-02 2.467951923453226559e-01 3.934292208909621058e-01 -6.540665171672199740e-02 2.467951923453226559e-01 3.934292208909621058e-01 -6.540665171672199740e-02 -1.033540811492051681e+00 5.145400095122405482e-01 5.190008019798111327e-01
-9.925152577168383505e-02 -2.975829006787834574e-01 -2.504672114665462690e-02 2.534086901623193722e-01 2.531763129259827494e-01 -2.808070167473484258e-01 2.534086901623193722e-01 2.531763129259827494e-01 -2.808070167473484258e-01 -1.423390312106820321e-01 4.579205143845960224e-01 -3.155814831739139903e-01
2.408424171063430208e-01 3.123942448131967753e-01 -1.528182199634157135e-01 -2.744246653621519316e-01 -3.016334668000619779e-01 -4.944982113701326121e-01 -2.744246653621519316e-01 -3.016334668000619779e-01 -4.944982113701326121e-01 -2.563650815979460207e-01 -6.614044443183693112e-01 9.177695259163153318e-01
-3.923433200640320528e-01 1.139946359618442262e-01 -4.464027959636225340e-01 3.190232034639099989e-01 -1.558471046469543930e-01 -1.020380922054202610e-01 3.190232034639099989e-01 -1.558471046469543930e-01 -1.020380922054202610e-01 3.446771073601172519e-01 -1.148669760277776009e+00 8.039926529176587566e-01
-3.936004888001612967e-01 4.423487077332656225e-01 -3.467325521493299645e-01 4.129723204177111473e-01 -3.651784137612916759e-01 -3.929689663778477282e-01 4.129723204177111473e-01 -3.651784137612916759e-01 -3.929689663778477282e-01 6.145207550441307287e-01 -1.767910162532773999e+00 1.153389407488643270e+00
-4.973762480718898482e-01 2.600866565919889295e-01 -2.994743553189267438e-01 -1.926302161288603321e-01 2.748142382911876735e-01 1.909779669377305034e-01 -1.926302161288603321e-01 2.748142382911876735e-01 1.909779669377305034e-01 7.499883628986181439e-01 -1.281049696838016505e+00 5.310613339393983612e-01
-4.748153332553030070e-01 1.778956492411005730e-01 3.426041632550632654e-01 -2.223194139362726363e-01 -1.573432873904161422e-01 -1.225935471401587984e-01 -2.223194139362726363e-01 -1.573432873904161422e-01 -1.225935471401587984e-01 1.744015921473376363e+00 -3.275084528101182002e-01 -1.416507468663258162e+00
3.369085929071825580e-01 1.845416199730627316e-01 -1.728348826648447023e-01 -2.130206204284549321e-01 1.138093634587655778e-02 -4.124092105719785462e-01 -2.130206204284549321e-01 1.138093634587655778e-02 -4.124092105719785462e-01 -5.639378897711257999e-01 -2.649864767995215864e-01 8.289243665706473863e-01
-2.830312115971016507e-01 -1.028582585583113218e-01 -1.937893196624111969e-01 2.921382600814005359e-01 3.065572275406388547e-01 3.926400618246765895e-01 2.921382600814005359e-01 3.065572275406388547e-01 3.926400618246765895e-01 2.582193343207552783e-01 -2.600677398432482690e-01 1.848405522492990727e-03
4.052586309138748177e-01 -1.307964552948525094e-01 1.714758013602694087e-01 3.129062873922238142e-01 2.495951132457779886e-01 4.352815856770537728e-01 3.129062873922238142e-01 2.495951132457779886e-01 4.352815856770537728e-01 -9.177170030953960556e-01 9.701138954729227049e-01 -5.239689237752664930e-02
8.301111427520446728e-02 -2.966646015721068341e-01 -2.539535811957127631e-01 -4.374900786944647679e-01 1.093077551916854517e-01 -3.905200469825443887e-01 -4.374900786944647679e-01 1.093077551916854517e-01 -3.905200469825443887e-01 -7.478764260308805589e-01 5.036222236528671292e-01 2.442542023780134297e-01
3.961400203846054957e-01 2.919198876562469902e-01 -3.851179678679715890e-01 1.307465458340244524e-01 3.028482212526852901e-01 2.337319403446626032e-01 1.307465458340244524e-01 3.028482212526852901e-01 2.337319403446626032e-01 -6.520150366801353847e-01 -8.581947311857207605e-01 1.510209767865856145e+00
-2.389112672665583137e-02 4.534081378010608177e-01 2.001684769515148510e-01 2.309607940102921253e-01 -3.764041152982942062e-01 -2.469460398610526797e-01 2.309607940102921253e-01 -3.764041152982942062e-01 -2.469460398610526797e-01 6.306887692956962832e-01 -6.677351482347139155e-01 3.704637893901763235e-02
-3.203603691597782799e-01 2.147378696793013075e-01 -2.123722355107062754e-01 3.847495122881964269e-01 1.242985070166360284e-01 -2.861382397592600046e-01 3.847495122881964269e-01 1.242985070166360284e-01 -2.861382397592600046e-01 5.284227682837430162e-01 -9.472096665275240301e-01 4.187868982437810139e-01
-1.587034087800790472e-01 3.809640200007836652e-01 3.294123634658551181e-01 -1.992653494822625992e-01 4.607740738275434289e-01 3.739242099302301225e-01 -1.992653494822625992e-01 4.607740738275434289e-01 3.739242099302301225e-01 1.046301370327674896e+00 -4.699614843362972527e-01 -5.763398859913775318e-01
8.246074024183691620e-02 -4.450298241812228328e-01 4.233550840466384635e-01 2.947502255073344291e-01 4.198502137922364152e-01 3.124437382052043244e-01 2.947502255073344291e-01 4.198502137922364152e-01 3.124437382052043244e-01 -2.884696335047356452e-01 1.275045551119723397e+00 -9.865759176149877518e-01
-2.338831711294500071e-01 1.379845263966391622e-01 2.173884221678920037e-01 2.819897983191196333e-01 -1.657299372081685318e-01 2.259101758361535817e-01 2.819897983191196333e-01 -1.657299372081685318e-01 2.259101758361535817e-01 8.808622574024120855e-01 -2.342213321577490959e-01 -6.466409252446629896e-01
-3.756643167994563326e-01 2.169492978982745512e-02 2.450178433298244585e-02 -3.900044577543708701e-01 -1.256681471778253734e-02 1.996346035270365471e-01 -3.900044577543708701e-01 -1.256681471778253734e-02 1.996346035270365471e-01 8.199799766865267792e-01 -3.251045456830662372e-01 -4.948754310034605419e-01
9.505206420624023878e-02 -3.262830009727368807e-01 -4.462014262378654061e-01 9.616963871175765455e-02 -4.651935664896383882e-01 1.415879398331226779e-01 9.616963871175765455e-02 -4.651935664896383882e-01 1.415879398331226779e-01 -9.419765898352261413e-01 3.965899503965339967e-01 5.453866394386921446e-01
-7.123523755777660948e-02 -3.609489489784537541e-01 1.908742783120849218e-01 2.464803056581293950e-01 -2.755460611212005029e-01 3.483286902334937762e-01 2.464803056581293950e-01 -2.755460611212005029e-01 3.483286902334937762e-01 -3.637606985844765717e-02 7.601460807663966701e-01 -7.237700109079490129e-01
4.847472944513141480e-01 -1.206766415610924792e-01 -4.997903426311932629e-01 4.324501413206374156e-01 2.107108455071312614e-01 2.360527501331053379e-01 4.324501413206374156e-01 2.107108455071312614e-01 2.360527501331053379e-01 -1.458416775915988728e+00 3.710395648972015792e-01 1.087377211018787149e+00
4.223193499622098779e-01 -2.207618202522132478e-01 3.599585654366487253e-01 8.875401931096205121e-02 3.196111542634706426e-01 2.848580003306111497e-01 8.875401931096205121e-02 3.196111542634706426e-01 2.848580003306111497e-01 -9.627894184277371314e-01 1.342838102139015888e+00 -3.800486837112788674e-01
7.301626885235568132e-02 3.080412824547543726e-01 -2.085041516214334312e-01 2.270362586121181803e-01 4.810357994361214029e-01 1.155595776045700296e-01 2.270362586121181803e-01 4.810357994361214029e-01 1.155595776045700296e-01 -3.591556934777451193e-02 -8.856759245793061064e-01 9.215914939270806183e-01
-2.666305469636041092e-01 6.358607939371130335e-02 2.201652345790257037e-01 -3.914212641807364168e-01 -1.084602930427198686e-01 3.401629041236969853e-01 -3.914212641807364168e-01 -1.084602930427198686e-01 3.401629041236969853e-01 9.083262802910767597e-01 -1.362958198184124337e-01 -7.720304604726643261e-01
6.347263980701289832e-02 -2.336251707270389222e-01 4.761908192864050537e-01 4.038990366058481385e-02 -1.075169623433734900e-01 -1.984308982883694616e-01 4.038990366058481385e-02 -1.075169623433734900e-01 -1.984308982883694616e-01 1.649722171048382258e-01 8.542122675720250635e-01 -1.019184484676863178e+00
-8.679906518381919067e-02 8.434761099429566311e-02 -1.758190738838046885e-01 1.752837663890456366e-01 -3.239847000125848364e-01 2.912775459966263636e-01 1.752837663890456366e-01 -3.239847000125848364e-01 2.912775459966263636e-01 7.212930819682727979e-02 -4.544483226268908327e-01 3.823190144300635529e-01
-4.595077178954556363e-01 4.762647099236695380e-01 -1.875982132267220992e-01 1.450987879150308357e-01 -2.358608020440652320e-01 -1.063780057712103710e-01 1.450987879150308357e-01 -2.358608020440652320e-01 -1.063780057712103710e-01 9.201854853155172487e-01 -1.549998004388276396e+00 6.298125190727590361e-01
3.293857531324988486e-01 3.076806678220460611e-01 -2.413565254509845159e-01 2.877268675687908450e-01 -3.506125674987329299e-01 3.057842669497008448e-01 2.877268675687908450e-01 -3.506125674987329299e-01 3.057842669497008448e-01 -4.568365371770602978e-01 -7.096426790920928873e-01 1.166479216269153074e+00
3.457685535303015589e-01 3.576694270182315671e-01 1.362746020216010212e-01 3.289330938643471036e-01 -3.997232952898522873e-01 9.986155151705977673e-02 3.289330938643471036e-01 -3.997232952898522873e-01 9.986155151705977673e-02 -1.771751171073855380e-01 -2.596463404476555548e-01 4.368214575550410927e-01
-2.919849552141274840e-01 -4.065065494678887781e-03 3.374672883754040731e-01 4.400719592555475401e-01 -8.449053120047300691e-02 -8.539345466250791716e-02 4.400719592555475401e-01 -8.449053120047300691e-02 -8.539345466250791716e-02 1.126760729401704353e+00 3.914118427229495989e-02 -1.165901913673999424e+00
-1.617938829957712432e-01 -9.253068265963437788e-02 -2.369499515305544257e-01 3.506199290478221320e-01 -1.106951425660183119e-01 -1.528482865127432921e-01 3.506199290478221320e-01 -1.106951425660183119e-01 -1.528482865127432921e-01 -5.482354447171600142e-03 -2.222873564945033742e-01 2.277697109416749743e-01
4.237684651434702188e-01 -3.880743473147636458e-01 4.584179688557655785e-01 -2.472178590794830155e-01 1.401259445986361429e-01 8.844409290293941961e-02 -2.472178590794830155e-01 1.401259445986361429e-01 8.844409290293941961e-02 -1.216797487224748009e+00 1.823137477870445666e+00 -6.063399906456976574e-01
5.004118571510496327e-02 3.750482689617645748e-01 -1.422363774451058660e-01 -2.338123695484795039e-02 -1.696198583438168761e-01 4.274213040852647971e-01 -2.338123695484795039e-02 -1.696198583438168761e-01 4.274213040852647971e-01 1.025555896768057806e-01 -9.549443093640386238e-01 8.523887196872328431e-01
2.384472518792136730e-01 -2.575542141097908466e-01 4.458459243789422155e-01 -1.189282165706914141e-01 -1.977903998116326001e-02 -4.600520014357822873e-02 -1.189282165706914141e-01 -1.977903998116326001e-02 -4.600520014357822873e-02 -4.116689354121787492e-01 1.147242252945671392e+00 -7.355733175334926432e-01
-4.510609119342464668e-01 6.844568624783342603e-02 -2.855835706299501009e-01 -6.257609777226891268e-03 -5.841403748932716411e-02 3.579784652949787871e-01 -6.257609777226891268e-03 -5.841403748932716411e-02 3.579784652949787871e-01 5.851422682795914820e-01 -8.299829131101370550e-01 2.448406448305455729e-01
5.298646535120343781e-02 -6.696153944492999610e-02 -2.711025824853239286e-01 -2.122276070477063792e-01 2.379070659666993048e-01 -1.973609043049265876e-01 -2.122276070477063792e-01 2.379070659666993048e-01 -1.973609043049265876e-01 -4.042523872968689647e-01 -9.903289779944990379e-02 5.032852850963188684e-01
-4.028696086296793544e-01 2.070927597038058066e-01 -3.865855462149351274e-01 3.075492638763988040e-02 3.867572295745347333e-01 4.157050279122393999e-01 3.075492638763988040e-02 3.867572295745347333e-01 4.157050279122393999e-01 4.730460537165543933e-01 -1.267264938905125149e+00 7.942188851885707557e-01
4.577732917946212288e-01 -3.733875230633499909e-01 -2.271662963309882821e-01 1.712760463138418565e-02 -4.528045796557134128e-01 1.780258752876993089e-01 1.712760463138418565e-02 -4.528045796557134128e-01 1.780258752876993089e-01 -1.791861720912980793e+00 1.432015854898668561e+00 3.598458660143121213e-01
-2.830488396764399006e-01 1.341937853738366382e-01 1.609093568247607076e-01 3.609371097850174737e-01 4.968600770441428116e-01 1.040649736138941073e-01 3.609371097850174737e-01 4.968600770441428116e-01 1.040649736138941073e-01 9.000042738793716524e-01 -3.147770882700092754e-01 -5.852271856093623770e-01
-4.576255637401507315e-01 -2.325703306248767532e-01 2.211334112264304874e-01 -1.371219545848827437e-01 3.213457539996202872e-01 4.536783421726895416e-01 -1.371219545848827437e-01 3.213457539996202872e-01 4.536783421726895416e-01 1.172957504511346061e+00 1.632012058852589931e-01 -1.336158710396605054e+00
7.425399468541604708e-02 -7.517595023086320882e-02 3.903604961925373207e-01 1.973934452307277709e-01 3.634226997448970486e-01 4.912893769656994092e-01 1.973934452307277709e-01 3.634226997448970486e-01 4.912893769656994092e-01 2.106042221423005678e-01 5.333738872287561161e-01 -7.439781093710566839e-01
7.016714605702101260e-02 -2.154747484399547330e-01 1.625348801171735413e-01 -7.403958367091967308e-02 4.185808045041272685e-01 -7.243994961788513542e-03 -7.403958367091967308e-02 4.185808045041272685e-01 -7.243994961788513542e-03 -2.338478021510606020e-01 6.453919661415821185e-01 -4.115441639905215165e-01
-7.611506322877603647e-02 -6.191868647451836960e-02 1.636912754913331103e-01 -4.430751200171235693e-01 3.349076640290173934e-01 -3.864403356086523189e-01 -4.430751200171235693e-01 3.349076640290173934e-01 -3.864403356086523189e-01 2.850990657809154838e-01 1.878746138883049532e-01 -4.729736796692204370e-01
-2.338019548058405395e-01 -4.830280331796756865e-01 4.474177739731303172e-01 -4.060720167697948746e-01 -2.223693668353500241e-01 3.223002291903581673e-01 -4.060720167697948746e-01 -2.223693668353500241e-01 3.223002291903581673e-01 6.932547305239658009e-01 8.886542113794384523e-01 -1.581908941903404253e+00
2.832566713374955469e-01 2.965823902199709039e-01 -1.092779341144165528e-01 -4.054932910998688689e-01 -4.364096377439612429e-01 -3.735487553991604370e-01 -4.054932910998688689e-01 -4.364096377439612429e-01 -3.735487553991604370e-01 -3.114197000351437428e-01 -5.138302660671779654e-01 8.252499661023217081e-01
3.932254890164316175e-01 2.051137213384778279e-01 -2.330152099443698610e-01 -2.952667856454443962e-01 2.995691692108368720e-01 2.668828954803409426e-01 -2.952667856454443962e-01 2.995691692108368720e-01 2.668828954803409426e-01 -6.723706658438856065e-01 -3.428363049809737273e-01 1.015206970824859223e+00
3.173946012193051835e-01 -4.464269659625107467e-01 -1.509515899924858129e-01 1.897193243235199001e-01 4.237284173653950159e-01 7.348193136412406457e-02 1.897193243235199001e-01 4.237284173653950159e-01 7.348193136412406457e-02 -1.520426663015802315e+00 1.402285681578052223e+00 1.181409814377500922e-01
-1.635259049649185892e-01 -3.705879630868755825e-01 3.065760177909576667e-01 -2.842148926563325961e-01 -3.811426898298433397e-01 -3.877726151406570843e-01 -2.842148926563325961e-01 -3.811426898298433397e-01 -3.877726151406570843e-01 3.700983727880626795e-01 7.220030974254242340e-01 -1.092101470213486802e+00
-1.027840200372991397e-01 3.530013809515862855e-01 -2.687198864502724494e-01 2.037993728026388229e-02 -1.518429338608434653e-01 3.059674671885352915e-01 2.037993728026388229e-02 -1.518429338608434653e-01 3.059674671885352915e-01 2.131506925281173581e-01 -1.228180641931342798e+00 1.015029949403225551e+00
2.723546273649747329e-01 6.006113119756628649e-03 4.378061102165711205e-01 1.567889730831765194e-01 -8.817621208385240106e-02 2.077175346804788214e-01 1.567889730831765194e-01 -8.817621208385240106e-02 2.077175346804788214e-01 -1.252641419885929253e-01 6.558506232576134520e-01 -5.305864812690205268e-01
2.731830457519313082e-02 8.625144970763587438e-02 -1.517713201895301012e-01 -1.402932063471784563e-01 4.563701872055726527e-01 4.767128267508247141e-01 -1.402932063471784563e-01 4.563701872055726527e-01 4.767128267508247141e-01 -1.067388288396230456e-01 -3.259682857315676641e-01 4.327071145711907096e-01
2.268484761855706910e-01 9.150514256231490062e-02 -4.077482968001426844e-01 -1.497614031945265767e-01 4.444541093543438182e-01 -3.769003276187168350e-01 -1.497614031945265767e-01 4.444541093543438182e-01 -3.769003276187168350e-01 -6.147805940682760095e-01 -5.025610498645276536e-01 1.117341643932803663e+00
-2.211650949449149861e-01 -4.016768954789290413e-01 -1.719070791822335798e-01 1.986736866433025384e-02 -1.906266696115238579e-01 -2.774004780981342844e-01 1.986736866433025384e-02 -1.906266696115238579e-01 -2.774004780981342844e-01 -1.473388973282512282e-01 4.031137441927997722e-01 -2.557748468645485440e-01
3.160858319603274680e-01 -1.072327925822745831e-01 1.398281136652679280e-01 -1.789258368395281185e-01 4.375501084769559679e-01 1.417927395144019664e-01 -1.789258368395281185e-01 4.375501084769559679e-01 1.417927395144019664e-01 -6.886188807668310874e-01 7.459276461228575572e-01 -5.730876535602646982e-02
-3.474586169716433748e-01 -4.232746487135606861e-01 -4.064705027175967711e-01 -4.551299484143891405e-01 -3.775727188863944317e-01 9.845488276794400750e-02 -4.551299484143891405e-01 -3.775727188863944317e-01 9.845488276794400750e-02 -1.360685330987161379e-01 9.542784142981663997e-02 4.064069166889949791e-02
-4.613424225312704463e-01 -6.424104282219067485e-03 1.608751669810352114e-01 4.888190278477085871e-01 -3.417238129237715194e-01 2.813465497589018316e-01 4.888190278477085871e-01 -3.417238129237715194e-01 2.813465497589018316e-01 1.228555162499234577e+00 -2.114466131152853423e-01 -1.017108549383949345e+00
1.149501149592423443e-01 1.803286579980633020e-01 1.318130981579676009e-01 -9.829670054998018713e-02 -2.821268076609501074e-01 -2.559934359588599273e-01 -9.829670054998018713e-02 -2.821268076609501074e-01 -2.559934359588599273e-01 8.029315573182183030e-02 -1.129988948973026375e-01 3.270573916548080717e-02
7.503148382401780836e-02 -3.090218776251780763e-01 -3.684868143927769735e-01 9.057207315946391724e-03 -3.788086872728793075e-01 1.712801461689793525e-01 9.057207315946391724e-03 -3.788086872728793075e-01 1.712801461689793525e-01 -8.264492958425779801e-01 4.069552373192724115e-01 4.194940585233055685e-01
2.981736219282160594e-02 -1.986400884747753226e-01 4.745817720453021638e-01 -8.574343428165542846e-03 1.320059033606891807e-01 3.660955238368648335e-01 -8.574343428165542846e-03 1.320059033606891807e-01 3.660955238368648335e-01 3.034625490715794349e-01 7.465974768098883052e-01 -1.050060025881467851e+00
3.182832997280956588e-01 4.365293268329153431e-01 1.802119758396876215e-01 7.435808807240418261e-02 -3.979396695979879883e-01 -3.574593508577512679e-01 7.435808807240418261e-02 -3.979396695979879883e-01 -3.574593508577512679e-01 -1.744087237606850582e-02 -4.036852958134644620e-01 4.211261681895329678e-01
2.358821063486902236e-01 2.256760677631201029e-01 -3.630495475536629213e-01 -2.872790186293394665e-02 -2.743504101544463891e-01 1.405884485727075806e-01 -2.872790186293394665e-02 -2.743504101544463891e-01 1.405884485727075806e-01 -4.608600276605874235e-01 -7.914326066271928362e-01 1.252292634287780260e+00
-3.479450231088802026e-01 -6.658643042737077966e-02 -2.066487083307594341e-01 6.124401619116692785e-02 -4.479988855930040481e-01 2.764484985954406282e-01 6.124401619116692785e-02 -4.479988855930040481e-01 2.764484985954406282e-01 3.970082462947481794e-01 -3.955878013454483533e-01 -1.420444949299826121e-03
-2.954767421548671891e-01 1.719723853329816476e-01 2.921115455931305727e-01 -1.197739012771099620e-01 -4.349965061754328399e-01 -2.764402183447463024e-01 -1.197739012771099620e-01 -4.349965061754328399e-01 -2.764402183447463024e-01 1.173044351989946721e+00 -2.601984166774787832e-01 -9.128459353124679376e-01
-3.573277664941387766e-02 1.056286063412505971e-01 -2.479231639025137879e-01 -5.373147803736633144e-02 8.869109212096104589e-02 8.864963412935311649e-02 -5.373147803736633144e-02 8.869109212096104589e-02 8.864963412935311649e-02 -5.936481547701355499e-02 -5.559412007749425788e-01 6.153060162519561338e-01
2.089873799772214991e-01 2.508926511918163627e-02 -4.546389064788280976e-01 4.051241667204497077e-04 -2.142183910287094317e-01 1.145604437174116974e-01 4.051241667204497077e-04 -2.142183910287094317e-01 1.145604437174116974e-01 -6.869128841029863430e-01 -4.137418051895296323e-01 1.100654689292515975e+00
4.381683194805112702e-01 -1.254695587390675104e-01 5.499590905184292833e-02 1.616815929507560146e-01 4.244865818882354036e-01 3.793773465500142050e-01 1.616815929507560146e-01 4.244865818882354036e-01 3.793773465500142050e-01 -1.075357474288248572e+00 9.221713215509369510e-01 1.531861527373116205e-01
-4.363303174147769026e-01 1.360482206126293336e-01 1.794671625752090049e-01 -2.717725330456510768e-01 -4.213771124218480546e-01 4.557779079917789744e-02 -2.717725330456510768e-01 -4.213771124218480546e-01 4.557779079917789744e-02 1.286950338623703560e+00 -3.933282514556482035e-01 -8.936220871680553568e-01
