-3.660543324242070407e-01 3.459350253802692121e-01 -4.360430990750685520e-01 3.002337341843338558e-01 -3.990661747356376576e-01 -3.832823879703157743e-01 3.002337341843338558e-01 -3.990661747356376576e-01 -3.832823879703157743e-01 4.417371804232774757e-01 -1.695124646528734846e+00 1.253387466105457371e+00
3.883164668571938982e-01 -4.676694058200012716e-01 -8.941436023810633849e-02 1.957414312983516425e-01 2.051161600550224229e-01 4.434281963725168474e-01 1.957414312983516425e-01 2.051161600550224229e-01 4.434281963725168474e-01 -1.733504566788080403e+00 1.668637921470667029e+00 6.486664531741348494e-02
3.373142701482578776e-01 2.159303711937332615e-01 -2.914092539953117011e-01 4.458878262348651145e-01 9.784716443399521513e-02 2.925413293792129554e-01 4.458878262348651145e-01 9.784716443399521513e-02 2.925413293792129554e-01 -5.957861978024313609e-01 -5.318085106336751799e-01 1.127594708436106430e+00
1.147630611906694797e-01 -2.741472791679038234e-01 -4.143633189509505765e-01 3.970735286825552990e-01 2.237405499530409347e-01 -8.566902234577633557e-02 3.970735286825552990e-01 2.237405499530409347e-01 -8.566902234577633557e-02 -8.862528527054444050e-01 3.248499334499801439e-01 5.614029192554642611e-01
4.073449791708838585e-02 -2.690802181529483583e-02 -1.109071341991632043e-01 2.469641586215943763e-01 -4.575662709314065602e-01 6.891915317890884296e-02 2.469641586215943763e-01 -4.575662709314065602e-01 6.891915317890884296e-02 -2.106865726669173711e-01 -1.764518602646281131e-02 2.283317586933801824e-01
3.788945969180179674e-02 4.244426707062910475e-01 -3.436914113577941299e-01 -1.460003152492675982e-01 7.859422384769687575e-02 -3.199383526173124048e-01 -1.460003152492675982e-01 7.859422384769687575e-02 -3.199383526173124048e-01 3.386593457388786810e-03 -1.476345491493698203e+00 1.472958898036309527e+00
-4.662176938920095104e-01 -4.050195103218817705e-01 -2.612965697668508946e-01 4.876983176679656751e-01 -6.282303212482642785e-02 -1.822557277333207715e-01 4.876983176679656751e-01 -6.282303212482642785e-02 -1.822557277333207715e-01 2.867914441256527169e-01 7.450911886773303738e-02 -3.613005629933857543e-01
-3.101162621292784527e-01 1.257970842277678081e-01 2.386656926749405327e-01 8.622147471837049437e-02 2.189015225434103318e-01 -1.013717167001826347e-01 8.622147471837049437e-02 2.189015225434103318e-01 -1.013717167001826347e-01 1.084469362445931395e+00 -2.465942601333154238e-01 -8.378751023126160824e-01
-4.186625220143236348e-03 -7.004369446811398170e-02 1.780089403685894967e-01 -4.568757198427159105e-01 3.516839921265736413e-01 2.808542838520620144e-01 -4.568757198427159105e-01 3.516839921265736413e-01 2.808542838520620144e-01 1.317747744486443828e-01 2.877551753881639751e-01 -4.195299498368083579e-01
-3.288056527189089362e-01 1.399421941117375834e-01 4.660580457755978401e-01 3.816680142334364367e-01 -1.362057349458285493e-01 1.325287082717763187e-02 3.816680142334364367e-01 -1.362057349458285493e-01 1.325287082717763187e-02 1.588353828706509763e+00 -9.593621291848186683e-02 -1.492417615788027785e+00
-3.362676915098322672e-01 2.923770821835265377e-01 1.818746083322245743e-01 2.111401577928493367e-01 -1.760555272844044339e-02 3.029015884478278853e-01 2.111401577928493367e-01 -1.760555272844044339e-02 3.029015884478278853e-01 1.145591774516014461e+00 -5.835250392059905256e-01 -5.620667353100239350e-01
-1.397969232240682258e-01 1.931799625492608419e-01 2.190914894955167114e-01 1.870025408575204384e-01 4.928828161908900274e-01 2.207470924441734539e-02 1.870025408575204384e-01 4.928828161908900274e-01 2.207470924441734539e-02 7.149502670802819759e-01 -2.576345338869917567e-01 -4.573157331932902192e-01
-6.897661413473366032e-03 1.383805601214482817e-02 -1.050395233715650800e-01 -4.092902715506024913e-01 -2.586199508884403642e-01 4.950380284497031269e-01 -4.092902715506024913e-01 -2.586199508884403642e-01 4.950380284497031269e-01 -7.295749539045104370e-02 -1.467542465505622395e-01 2.197117419410132833e-01
2.917093180964536181e-01 4.768254743105253546e-01 -2.787397877782784583e-01 -1.705127283795806470e-01 2.962042276141075847e-01 -1.909871352670752254e-01 -1.705127283795806470e-01 2.962042276141075847e-01 -1.909871352670752254e-01 -2.657362366052338221e-01 -1.297806769930194726e+00 1.563543006535428326e+00
-3.759398742990948117e-01 2.880407532891519073e-01 2.109754479866620125e-01 4.026777462277622011e-01 4.216999622033006379e-01 1.101283542844189167e-01 4.026777462277622011e-01 4.216999622033006379e-01 1.101283542844189167e-01 1.283634235166615678e+00 -5.653145799305548946e-01 -7.183196552360606724e-01
2.681904394283122217e-01 4.027634795060545114e-01 -2.843630211242632599e-01 -7.212099725091858371e-02 1.214884549181716178e-02 1.194418904871531462e-01 -7.212099725091858371e-02 1.214884549181716178e-02 1.194418904871531462e-01 -2.986105619123066157e-01 -1.113905783075856526e+00 1.412516344988163031e+00
1.568058019753992838e-02 1.264219403260078423e-01 -9.712074704779061207e-02 2.674100123771216975e-01 2.417812209346179575e-01 -1.106185519840622300e-01 2.674100123771216975e-01 2.417812209346179575e-01 -1.106185519840622300e-01 -1.842123262064232492e-03 -3.553287739482895446e-01 3.571708972103537771e-01
-2.244481319796979291e-01 -4.429803968831277361e-01 -3.756201194896738871e-01 2.300172901773219758e-01 2.800298183405336427e-02 2.828706176492334912e-03 2.300172901773219758e-01 2.800298183405336427e-02 2.828706176492334912e-03 -3.845493332477213366e-01 3.093908292245115543e-01 7.515850402320978230e-02
-2.896039258702656216e-01 3.322218330116355478e-01 4.927286816929407065e-01 -3.416045957314373105e-02 -1.128030099179032630e-01 -3.552142886495743834e-01 -3.416045957314373105e-02 -1.128030099179032630e-01 -3.552142886495743834e-01 1.649603546774270679e+00 -3.147488136428450156e-01 -1.334854733131425775e+00
-1.982472281040229545e-01 1.632398816809991215e-01 4.470187250834078974e-02 4.512903124716227676e-02 4.214051636417607272e-01 3.596843302539213250e-01 4.512903124716227676e-02 4.214051636417607272e-01 3.596843302539213250e-01 5.783641497064456738e-01 -4.292100900515637418e-01 -1.491540596548819320e-01
2.955946473535243646e-01 2.959891111682018128e-01 4.978893401547824782e-01 -1.873467783023108346e-01 -3.475807968619537558e-02 4.749664571193848994e-01 -1.873467783023108346e-01 -3.475807968619537558e-02 4.749664571193848994e-01 2.246031064802934685e-01 1.824291595777660646e-01 -4.070322660580595331e-01
-1.030932283941617955e-01 -1.432963240767094470e-01 -4.882107934960949747e-01 -1.433329531801308399e-03 -3.082459592656942027e-01 4.763570633313898295e-01 -1.433329531801308399e-03 -3.082459592656942027e-01 4.763570633313898295e-01 -3.606515361755957549e-01 -3.708469766805175816e-01 7.314985128561133365e-01
2.786572200824151135e-01 -5.999797969189402114e-02 2.580249583773869260e-01 -3.636387938913369089e-01 4.561560744963316649e-01 -2.905795817573220141e-02 -3.636387938913369089e-01 4.561560744963316649e-01 -2.905795817573220141e-02 -4.234803594719943609e-01 6.754733877697672861e-01 -2.519930282977729252e-01
-2.831523275525587025e-01 -1.586103097054447630e-01 -2.457845813283843217e-02 -1.978590654403145077e-02 -2.568074926802313973e-01 -4.376137196573788302e-01 -1.978590654403145077e-02 -2.568074926802313973e-01 -4.376137196573788302e-01 4.121806502806495409e-01 8.338955002882064704e-03 -4.205196052835316056e-01
2.945282929965258312e-01 -1.378133587266621163e-01 -2.873615418183883552e-01 -1.896167743055799937e-01 -5.258463167107874092e-03 -3.743936447352194108e-01 -1.896167743055799937e-01 -5.258463167107874092e-03 -3.743936447352194108e-01 -9.820202128746521320e-01 3.795520382737391785e-01 6.024681746009129535e-01
1.018941719036245974e-01 -4.592578958612486550e-01 -1.902370692758381665e-02 2.861584651165353099e-01 -7.182683950893020697e-02 -4.951818462942388921e-01 2.861584651165353099e-01 -7.182683950893020697e-02 -4.951818462942388921e-01 -8.665838311707729780e-01 1.108804943355755412e+00 -2.422211121849825455e-01
1.470533387561590022e-02 -7.810795152026650534e-03 -1.604609919708224197e-01 6.533688384607660993e-03 1.137987341983102141e-01 -2.473416879862228024e-01 6.533688384607660993e-03 1.137987341983102141e-01 -2.473416879862228024e-01 -1.834541213611712296e-01 -1.421458855038599811e-01 3.256000068650312107e-01
5.306582896392730841e-02 -3.723103601943743568e-01 9.703646914616836927e-02 -4.940480149587311853e-01 3.268901074311791888e-01 4.158773874300665252e-01 -4.940480149587311853e-01 3.268901074311791888e-01 4.158773874300665252e-01 -4.852142683946509827e-01 9.047553084635509002e-01 -4.195410400688999175e-01
-1.578515776362351408e-01 3.649330099646941328e-01 -4.946110878422608215e-01 -1.455750728040463571e-01 4.919795567378342227e-01 4.818177576855807720e-01 -1.455750728040463571e-01 4.919795567378342227e-01 4.818177576855807720e-01 1.212131921181103245e-01 -1.769216212892734896e+00 1.648003020774624572e+00
2.015245041107150969e-01 -3.632897056716251072e-01 -1.073252117158620678e-01 3.163352110959658514e-01 6.021004659507578349e-02 3.077889935689877010e-01 3.163352110959658514e-01 6.021004659507578349e-02 3.077889935689877010e-01 -1.024829810832031729e+00 9.849514689005192114e-01 3.987834193151251760e-02
3.313639223105210307e-01 -1.783046500064027207e-01 -3.057122032726674599e-01 -9.692400023434266654e-02 -2.587539733997840097e-01 1.109739040304829061e-01 -9.692400023434266654e-02 -2.587539733997840097e-01 1.109739040304829061e-01 -1.135902945802117481e+00 5.288595077901145913e-01 6.070434380120028894e-01
-4.434483089856642302e-01 7.185064272038543809e-02 -2.407039746098388333e-01 2.389461517922946143e-01 -4.407796506708775430e-01 7.818064093402155024e-02 2.389461517922946143e-01 -4.407796506708775430e-01 7.818064093402155024e-02 6.274373018718119033e-01 -7.695905987583061547e-01 1.421532968864942514e-01
4.499857393072037581e-02 2.485881662136779635e-02 -4.301087736297434239e-01 1.207635172807511870e-01 -4.736923967079508246e-01 -4.074049302726161503e-01 1.207635172807511870e-01 -4.736923967079508246e-01 -4.074049302726161503e-01 -3.985256283805027611e-01 -5.557783698933926875e-01 9.543039982738954485e-01
3.141789859746344504e-01 -4.500489101377955770e-01 2.419687578297583519e-01 -7.802754930316124771e-02 2.546226318362978525e-01 -1.196023604559279807e-01 -7.802754930316124771e-02 2.546226318362978525e-01 -1.196023604559279807e-01 -1.217000475546250016e+00 1.646770692768861677e+00 -4.297702172226115502e-01
-2.950913542061298633e-01 -1.384415958555947901e-01 -1.074360759634466200e-01 -4.647237276517297566e-01 -5.054459389673304770e-02 1.665870455825793073e-01 -4.647237276517297566e-01 -5.054459389673304770e-02 1.665870455825793073e-01 3.514141010709367352e-01 -1.144667574840841917e-01 -2.369473435868525435e-01
3.180664434058865231e-01 -1.934534473827129730e-01 -1.278288738892939813e-01 2.582991521979864924e-01 2.932640770273775566e-01 -4.174299421768804530e-01 2.582991521979864924e-01 2.932640770273775566e-01 -4.174299421768804530e-01 -1.027573388397908349e+00 7.313418015247652448e-01 2.962315868731429935e-01
-1.393915774957962261e-01 -7.707810133827319721e-02 -8.015997018584430922e-02 4.064567853065634839e-01 8.963813064299053224e-02 -4.042173606428026700e-01 4.064567853065634839e-01 8.963813064299053224e-02 -4.042173606428026700e-01 1.214326504030828202e-01 -6.349832059741566948e-02 -5.793432980566715074e-02
4.533026918410357764e-01 2.328196283491662522e-01 -2.844615592031982665e-01 1.536010275750988585e-01 3.085843397060027415e-01 -3.382384921766504737e-01 1.536010275750988585e-01 3.085843397060027415e-01 -3.382384921766504737e-01 -7.684969943805519677e-01 -4.307819329084667803e-01 1.199278927289018748e+00
-2.254223596779668659e-01 2.758379445370880978e-01 -3.403205228864486509e-01 -4.116402053718706266e-01 -1.370719243950299093e-01 -6.270349150342358069e-02 -4.116402053718706266e-01 -1.370719243950299093e-01 -6.270349150342358069e-02 2.856901943373159058e-01 -1.246033880056004461e+00 9.603436857186885556e-01
2.869854599999133171e-01 2.575614603156000104e-01 1.452684341734723494e-01 2.831256272678847052e-01 -3.930074521862458869e-02 -5.965995973320592505e-02 2.831256272678847052e-01 -3.930074521862458869e-02 -5.965995973320592505e-02 -1.619943570897466323e-01 -8.897949945431182783e-02 2.509738565440584601e-01
-3.101835762633096127e-01 -4.466887328862580997e-01 2.018799279451061190e-01 2.283106904067759846e-01 3.813059897202853987e-01 4.247567708434919487e-01 2.283106904067759846e-01 3.813059897202853987e-01 4.247567708434919487e-01 5.224702896258881513e-01 6.234672522449685728e-01 -1.145937541870856613e+00
-2.599652382436506981e-01 2.083953725612638364e-01 -2.899602591323491296e-02 -2.112994818201030522e-02 3.050937627773177008e-01 -4.171983606818512325e-01 -2.112994818201030522e-02 3.050937627773177008e-01 -4.171983606818512325e-01 6.337927213318694797e-01 -6.419095588049030798e-01 8.116837473033600148e-03
2.098663774109555957e-01 2.815997984155578227e-01 3.545345961009661595e-01 -1.893404005706648130e-01 7.696465378546157865e-02 -2.858355426044781877e-01 -1.893404005706648130e-01 7.696465378546157865e-02 -2.858355426044781877e-01 2.248770926963808980e-01 1.117544741702447553e-03 -2.259946374380833456e-01
-3.025562224863247440e-01 4.645324380183465385e-01 -3.618049624647857732e-01 6.859349631302924521e-02 -4.576791470173493526e-01 1.289729889355253345e-01 6.859349631302924521e-02 -4.576791470173493526e-01 1.289729889355253345e-01 4.781092887814357151e-01 -1.820571574733865772e+00 1.342462285952430001e+00
1.126150992442608301e-01 -3.211625125047560259e-01 2.968304963236275684e-01 -3.795156946331720293e-01 -3.812417180199496602e-01 -2.750363855631299259e-02 -3.795156946331720293e-01 -3.812417180199496602e-01 -2.750363855631299259e-02 -3.408009063768620006e-01 1.004050496576453622e+00 -6.632495901995915100e-01
-9.977598971070045231e-02 -1.597297671329838131e-01 3.918405415046197771e-01 -7.762830790707020423e-02 7.367290451179042687e-02 -2.733485369308319424e-02 -7.762830790707020423e-02 7.367290451179042687e-02 -2.733485369308319424e-02 5.731695771330080902e-01 4.857429347783926987e-01 -1.058912511911400678e+00
-3.026498726338142653e-01 -4.612239893231211418e-01 4.832031244345935672e-01 3.564842640382337446e-02 3.878503054397612893e-01 -3.357564773307291084e-01 3.564842640382337446e-02 3.878503054397612893e-01 -3.357564773307291084e-01 1.022439081438304198e+00 7.829364699421585971e-01 -1.805375551380462795e+00
-1.038921655866777982e-01 3.225240363733182791e-01 1.784017359428430316e-01 4.935872063171973245e-01 9.223972612855202424e-02 -4.375819308563790866e-01 4.935872063171973245e-01 9.223972612855202424e-02 -4.375819308563790866e-01 6.733238552662731413e-01 -5.021807896070479282e-01 -1.711430656592252131e-01
-4.843038070490562896e-01 -2.671535707297493234e-01 3.088257978791245639e-01 -3.101171026751796678e-01 -1.638743230704677867e-01 2.615263284529112386e-02 -3.101171026751796678e-01 -1.638743230704677867e-01 2.615263284529112386e-02 1.405493939665821701e+00 2.426550055755580804e-01 -1.648148945241379781e+00
3.311018280041693185e-01 4.878164497309608327e-01 -6.221292858335114584e-02 3.006029613886677110e-01 -1.595822867410062740e-01 2.626304006115305345e-01 3.006029613886677110e-01 -1.595822867410062740e-01 2.626304006115305345e-01 -1.801316963175965125e-01 -8.783559310740370885e-01 1.058487627391633712e+00
-1.232267053145164049e-02 1.558302734766259245e-02 -2.443042088851800075e-01 -4.973502608452973206e-01 1.408040627497108011e-01 3.888730728299188977e-01 -4.973502608452973206e-01 1.408040627497108011e-01 3.888730728299188977e-01 -1.795193068777118928e-01 -3.243037787784471826e-01 5.038230856561590754e-01
4.036848115635170986e-01 -1.702438037291772455e-01 -2.059993710560537039e-03 -2.139230865560132200e-01 1.453566485106910777e-01 -4.270584734231989144e-01 -2.139230865560132200e-01 1.453566485106910777e-01 -4.270584734231989144e-01 -1.108747328069800808e+00 9.300290915732889463e-01 1.787182364965119730e-01
-4.630694568715800763e-01 -4.790531693860964335e-01 1.355373595695708033e-02 4.293237340947698710e-01 1.074980998370430596e-01 -5.383932581100492332e-02 4.293237340947698710e-01 1.074980998370430596e-01 -5.383932581100492332e-02 5.945142987479916652e-01 4.050807203124390243e-01 -9.995950190604306895e-01
1.439261219721383878e-01 -8.990581383922635617e-02 1.505704422073935733e-01 -8.649551045157455320e-02 -1.057146724729940424e-02 -9.646103301997233093e-02 -8.649551045157455320e-02 -1.057146724729940424e-02 -9.646103301997233093e-02 -2.567656939665967641e-01 4.771788226781364939e-01 -2.204131287115397297e-01
1.563335217758554663e-01 -4.848103370657330657e-03 -3.014322683660042301e-02 1.405029568918187977e-01 -1.971486956686466785e-01 3.821822689898658476e-01 1.405029568918187977e-01 -1.971486956686466785e-01 3.821822689898658476e-01 -3.450204829809856433e-01 1.492805807874346691e-01 1.957399021935509742e-01
1.198924671818559773e-01 -2.541631669781170277e-01 -3.076348630411925855e-01 -2.917284978474391499e-01 4.518342411169296025e-01 2.680087886980290213e-01 -2.917284978474391499e-01 4.518342411169296025e-01 2.680087886980290213e-01 -8.014984398456780346e-01 3.986908862707101431e-01 4.028075535749678915e-01
-1.666839888549448423e-01 4.838503723981686377e-01 2.728132861973923129e-01 -4.887192708508225625e-01 -3.593680026849487286e-01 1.807961250465481839e-01 -4.887192708508225625e-01 -3.593680026849487286e-01 1.807961250465481839e-01 1.030159939787715029e+00 -7.131912638729130949e-01 -3.169686759148018229e-01
-2.091719723943852305e-02 6.235903237320339354e-02 2.028555396301844338e-01 1.492530996158751844e-01 -4.136559190397852692e-01 4.731224248586030079e-01 1.492530996158751844e-01 -4.136559190397852692e-01 4.731224248586030079e-01 3.306897753290205522e-01 5.117025422354370967e-02 -3.818600295525642618e-01
-4.625603848616819391e-01 4.972834332434890037e-01 1.631444519267554183e-01 3.823178234942390397e-01 2.377011394998126415e-01 -4.907134222379573307e-01 3.823178234942390397e-01 2.377011394998126415e-01 -4.907134222379573307e-01 1.486610538507735058e+00 -1.013784558886063003e+00 -4.728259796216720545e-01
-1.410215843974561567e-01 -1.771960137284366299e-01 -4.186882889369339944e-01 -9.476669277119253998e-02 -2.920262679886526103e-01 -3.505550486057473769e-01 -9.476669277119253998e-02 -2.920262679886526103e-01 -3.505550486057473769e-01 -2.792874182736614364e-01 -2.363109346315888093e-01 5.155983529052502456e-01
4.428522424740098939e-01 -4.617452606529584003e-01 -3.946426943949113975e-01 4.389531800711019560e-01 -4.109405122228924068e-01 1.206932658442863016e-01 4.389531800711019560e-01 -4.109405122228924068e-01 1.206932658442863016e-01 -2.038143837150474980e+00 1.535837891609017181e+00 5.023059455414577990e-01
9.751325323905102316e-02 -2.766066055311154903e-01 -3.691366005055946031e-01 -4.284523075779345103e-01 3.364013701228285580e-02 3.997848800166285965e-01 -4.284523075779345103e-01 3.364013701228285580e-02 3.997848800166285965e-01 -8.266117515117842318e-01 3.567653361379214960e-01 4.698464153738627358e-01
1.607324791665454278e-02 4.445094801811496632e-01 5.853835273285934448e-02 2.214734127993462920e-01 -4.062830657974021431e-01 2.806797871950839074e-01 2.214734127993462920e-01 -4.062830657974021431e-01 2.806797871950839074e-01 3.918525111742696687e-01 -8.195150618200663928e-01 4.276625506457967241e-01
3.179250966229230091e-01 3.433907043352216748e-01 3.145808350990312308e-01 -2.473189558396886589e-01 -1.013514239653654503e-01 -3.959058095661349697e-01 -2.473189558396886589e-01 -1.013514239653654503e-01 -3.959058095661349697e-01 2.180541837614868861e-02 -5.437298188223149698e-02 3.256756350608280837e-02
-6.804018312468718133e-02 -3.856196333513145502e-01 3.209096689690517090e-01 2.956871722107877742e-01 -3.748049885983366636e-01 2.792365039565691820e-01 2.956871722107877742e-01 -3.748049885983366636e-01 2.792365039565691820e-01 1.016321706015228532e-01 8.804448787482298533e-01 -9.820770493497527065e-01
-1.837048750683815124e-01 2.288759489318236140e-01 1.619472344498900096e-01 -1.129307011865823274e-01 -6.907738669717933266e-02 -1.206278976807080294e-01 -1.129307011865823274e-01 -6.907738669717933266e-02 -1.206278976807080294e-01 7.509712981066098969e-01 -4.072795616945350528e-01 -3.436917364120748442e-01
-3.992348275038736238e-01 4.570965387898786592e-01 -2.999958870642208675e-01 -4.760732866481048875e-01 5.140859691774357643e-03 4.542530367153255755e-01 -4.760732866481048875e-01 5.140859691774357643e-03 4.542530367153255755e-01 6.796127770413056268e-01 -1.707350693443702605e+00 1.027737916402396978e+00
-1.020578370004172619e-01 -9.259632961916119953e-02 -4.691365334428576617e-01 -1.257931479913736439e-01 2.513121780081694068e-01 -4.257702278482538016e-01 -1.257931479913736439e-01 2.513121780081694068e-01 -4.257702278482538016e-01 -2.978279863117918591e-01 -4.666510127832543819e-01 7.644789990950462411e-01
4.666301542725804774e-01 -1.640442533802554115e-01 3.571433443851651512e-01 3.722394380341627063e-01 -1.084545101002574174e-01 -3.567829070783568035e-02 3.722394380341627063e-01 -1.084545101002574174e-01 -3.567829070783568035e-02 -9.825832947940741358e-01 1.285062365514338723e+00 -3.024790707202644757e-01
4.003776665621042730e-01 1.374233081942832779e-02 2.733415593416533840e-01 2.311560365787541649e-01 3.010855621594743514e-02 3.759683019922531733e-01 2.311560365787541649e-01 3.010855621594743514e-02 3.759683019922531733e-01 -5.913177281258783502e-01 7.006589372346548883e-01 -1.093412091087765381e-01
4.561882720451140294e-01 -2.666756711147507675e-01 4.315469833301612823e-01 3.764698823475929323e-01 1.012031094226473193e-02 4.745463885956057171e-01 3.764698823475929323e-01 1.012031094226473193e-02 4.745463885956057171e-01 -1.084665594583516413e+00 1.562856731755042805e+00 -4.781911371715264480e-01
8.466099376130764576e-02 2.294179475861979345e-01 -1.556712955261360110e-01 3.644361679908658669e-02 -4.162791565601889898e-01 2.926666242520007399e-01 3.644361679908658669e-02 -4.162791565601889898e-01 2.926666242520007399e-01 -7.886604254306961437e-02 -6.045129212279491959e-01 6.833789637710188103e-01
-9.133709868427530854e-02 4.315811622145603321e-01 4.845372789797122159e-01 4.957313767500780566e-01 3.663331494128894139e-01 1.767094546244851738e-02 4.957313767500780566e-01 3.663331494128894139e-01 1.767094546244851738e-02 1.185896978708656846e+00 -3.556335203957432523e-01 -8.302634583129134827e-01
4.509063075044134061e-01 -2.217365801340890341e-01 1.643722927758867192e-01 -4.598242106893657422e-01 2.086808919317785227e-01 -2.300905841870313218e-01 -4.598242106893657422e-01 2.086808919317785227e-01 -2.300905841870313218e-01 -1.208547443596805326e+00 1.279712460228455306e+00 -7.116501663164986891e-02
-2.076826454958614621e-01 -4.270115149936400956e-01 2.156398171571191069e-01 1.006556295873817231e-02 1.567803217614861522e-01 1.136643518192372859e-01 1.006556295873817231e-02 1.567803217614861522e-01 1.136643518192372859e-01 2.817858945909508250e-01 7.193444826822135152e-01 -1.001130377273164340e+00
-3.989906821794292346e-01 3.960505980660157244e-01 2.410546990705995096e-01 -4.492583325107443182e-01 -4.013617383344858514e-01 -2.147772130884039177e-01 -4.492583325107443182e-01 -4.013617383344858514e-01 -2.147772130884039177e-01 1.445004352007669191e+00 -7.160905786211618773e-01 -7.289137733865072022e-01
-4.434858628948837866e-01 -3.691602713601269681e-01 -2.058588331639744640e-01 2.185632425279305791e-01 4.708886487704759816e-01 -3.443556231521344158e-01 2.185632425279305791e-01 4.708886487704759816e-01 -3.443556231521344158e-01 3.398667148299123753e-01 7.903424764357946941e-02 -4.189009624734918447e-01
4.580848088622251346e-01 4.612456604425443363e-01 -4.186495383902931744e-01 -3.512430557946539800e-01 2.061273793690385769e-01 -8.368334419993406215e-02 -3.512430557946539800e-01 2.061273793690385769e-01 -8.368334419993406215e-02 -5.807044758819301933e-01 -1.413802915901543500e+00 1.994507391783473693e+00
-4.351865115153064067e-03 -2.342137208340244747e-01 6.905844909278391341e-02 1.887783198835697451e-01 4.602401459945363316e-01 1.347651728947790728e-01 1.887783198835697451e-01 4.602401459945363316e-01 1.347651728947790728e-01 -1.822541385407032699e-01 5.200280542823794150e-01 -3.377739157416761451e-01
4.464385541545519143e-01 1.832848503668211837e-01 6.509540270263092232e-02 -2.611020516568581806e-01 3.139680310066427227e-01 -4.595970495802599309e-01 -2.611020516568581806e-01 3.139680310066427227e-01 -4.595970495802599309e-01 -6.180831799586654629e-01 1.755693698824163373e-01 4.425138100762491256e-01
2.095948133050073992e-02 2.986400795064015901e-01 1.380416884370065933e-01 -1.216213112712363209e-01 -3.586380774494110080e-01 -3.738943972178038200e-01 -1.216213112712363209e-01 -3.586380774494110080e-01 -3.738943972178038200e-01 3.666731019613285181e-01 -4.166745574259820284e-01 5.000145546465351032e-02
-4.866078197797920613e-01 2.922045916593910553e-01 -9.011291344943461734e-02 2.738860325924299399e-01 -5.172121949627206394e-02 -4.000019686329818747e-01 2.738860325924299399e-01 -5.172121949627206394e-02 -4.000019686329818747e-01 1.027654133252704050e+00 -1.006726638888238767e+00 -2.092749436446528222e-02
-3.137735609640733836e-01 -2.050642165940010919e-01 1.530749790883123573e-02 -3.593388300186350914e-02 1.151859873668501510e-01 -4.218688427834493826e-02 -3.593388300186350914e-02 1.151859873668501510e-01 -4.218688427834493826e-02 4.926994026431769091e-01 9.477054960219022384e-02 -5.874699522453671330e-01
1.553202310456194279e-01 -4.260459148169093435e-01 9.630734494471415719e-02 2.308730196037522830e-01 -4.311275518890441694e-01 2.409527943471266864e-01 2.308730196037522830e-01 -4.311275518890441694e-01 2.409527943471266864e-01 -8.457854657914301022e-01 1.195356955638273710e+00 -3.495714898468434972e-01
2.954432990464872510e-01 -1.551312911213754697e-01 3.527023927271343284e-01 -4.921581714520172346e-01 -2.943928178799116724e-01 2.111571285787233743e-01 -4.921581714520172346e-01 -2.943928178799116724e-01 2.111571285787233743e-01 -5.102834442312860208e-01 9.674157290517150232e-01 -4.571322848204290024e-01
9.969904564050158235e-02 3.420306594782305254e-01 -4.841695468752347242e-01 4.097488551874904905e-01 7.985521721218358238e-02 -4.294261893941727637e-01 4.097488551874904905e-01 7.985521721218358238e-02 -4.294261893941727637e-01 -2.270593529615021477e-01 -1.499825252078054838e+00 1.726884605039557208e+00
-9.940196879671114871e-02 6.217193997804526528e-02 1.127970750492472973e-01 -4.926500807235445478e-02 -3.110229951491627620e-01 3.678792189727804196e-01 -4.926500807235445478e-02 -3.110229951491627620e-01 3.678792189727804196e-01 3.855903099100542741e-01 -9.983131616885598802e-02 -2.857589937411982861e-01
-9.023269676450884624e-02 9.659038327799174262e-02 -3.711873054263984395e-01 1.824872152368653966e-01 -2.623763969408229313e-01 -3.698911742919334111e-01 1.824872152368653966e-01 -2.623763969408229313e-01 -3.698911742919334111e-01 -7.452788651333308589e-02 -7.668519615255888766e-01 8.413798480389219625e-01
1.630193925484045847e-01 -3.084809805546551154e-01 2.807140557597994635e-01 4.730156602144787170e-01 -5.165159660151097398e-02 -7.906147130697072090e-02 4.730156602144787170e-01 -5.165159660151097398e-02 -7.906147130697072090e-02 -4.774959978677359995e-01 1.047622905550356087e+00 -5.701269076826199766e-01
3.705912992132012196e-01 1.512218020986813016e-01 6.137104189634146056e-02 -3.408756220630331235e-01 6.929568158361842922e-02 -1.623359392382904831e-01 -3.408756220630331235e-01 6.929568158361842922e-02 -1.623359392382904831e-01 -5.112722440928135770e-01 1.512803216991274180e-01 3.599919223936861590e-01
-3.447118659390082662e-01 3.326520510869637182e-01 4.074828009470348178e-01 2.380188373764560161e-01 -2.304714146572528488e-01 -4.449800446658553899e-01 2.380188373764560161e-01 -2.304714146572528488e-01 -4.449800446658553899e-01 1.613696989945231142e+00 -4.199462817669531445e-01 -1.193750708178277886e+00
-9.581776578685263779e-02 1.314118544150620904e-01 8.959857218325817385e-02 1.397430226130603748e-01 1.211292905028259481e-01 4.528938831103155316e-01 1.397430226130603748e-01 1.211292905028259481e-01 4.528938831103155316e-01 4.069816757598622159e-01 -2.459619558129938488e-01 -1.610197199468683671e-01
4.770320661194685785e-01 -3.869975086319965563e-01 -9.421385656409630993e-02 4.685472619580122178e-01 1.133612813516142737e-01 -2.425787715402405453e-02 4.685472619580122178e-01 1.133612813516142737e-01 -2.425787715402405453e-02 -1.807881161561439853e+00 1.626518879540460594e+00 1.813622820209793707e-01
-1.305221626402081059e-01 -2.950072710191876668e-01 -8.063406162342112715e-02 -8.413357696837264754e-02 8.096679629570169290e-02 1.992907461038005978e-01 -8.413357696837264754e-02 8.096679629570169290e-02 1.992907461038005978e-01 -1.276325485956006922e-01 3.717388841476950700e-01 -2.441063355520943778e-01
1.375208960436358208e-01 3.303094844049070389e-02 -1.509002285868633608e-01 3.115782447767202479e-01 -4.724265260992058790e-01 -2.718299468624718607e-01 3.115782447767202479e-01 -4.724265260992058790e-01 -2.718299468624718607e-01 -3.606983185599097474e-01 -9.178886544114028823e-02 4.524871840010500357e-01
2.797235362656130819e-01 9.929078872212127038e-02 2.963175107195836766e-01 -2.437944962092042367e-01 4.186470283224537070e-01 -3.081014922634082165e-01 -2.437944962092042367e-01 4.186470283224537070e-01 -3.081014922634082165e-01 -1.810031489419690054e-01 3.765668783607807324e-01 -1.955637294188117270e-01
-4.399553196846146541e-01 -2.391176354065499554e-01 4.585090636006887710e-01 -3.412409647667672408e-01 7.250822697106518167e-02 1.753283910487080099e-02 -3.412409647667672408e-01 7.250822697106518167e-02 1.753283910487080099e-02 1.637783799666335582e+00 3.202799525601904285e-01 -1.958063752226526066e+00
-3.972314582083721346e-01 -3.340385218643138199e-02 1.128618815569448763e-02 -2.166888674306199913e-02 4.200092610771366530e-02 -2.543110556771261965e-01 -2.166888674306199913e-02 4.200092610771366530e-02 -2.543110556771261965e-01 8.095748028656587492e-01 -2.612828482871093483e-01 -5.482919545785494009e-01
4.880066615714263589e-01 8.604033062637816975e-02 -3.127622418658226877e-02 -4.624101226597877590e-01 -4.481785219995360059e-01 -4.129884171703913642e-01 -4.624101226597877590e-01 -4.481785219995360059e-01 -4.129884171703913642e-01 -8.998139646126068758e-01 3.702856732038128929e-01 5.295282914087939830e-01
4.258170930262266118e-01 1.693704041424575202e-01 -4.247357454191398318e-01 4.959406496455421864e-01 -6.867824868004401839e-02 9.665744209202586923e-02 4.959406496455421864e-01 -6.867824868004401839e-02 9.665744209202586923e-02 -8.651511625697001495e-01 -5.190812221014455830e-01 1.384232384671145732e+00
4.460382242876840264e-01 -5.110346932968123923e-02 -9.560007610990706173e-02 3.699792291600193517e-01 -4.702236328660700515e-01 -4.248608918851609628e-01 3.699792291600193517e-01 -4.702236328660700515e-01 -4.248608918851609628e-01 -1.062221131403364494e+00 5.985140196249438826e-01 4.637071117784206109e-01
2.874584000566249298e-01 2.945705480777651708e-01 1.157932774044221347e-01 -3.830258374968280588e-01 -1.427031005352917825e-01 -4.973994804525337932e-01 -3.830258374968280588e-01 -1.427031005352917825e-01 -4.973994804525337932e-01 -1.506519033143572939e-01 -2.028413014854687502e-01 3.534932047998260440e-01
-1.809925514230261712e-01 -4.471649466062205258e-01 -4.263368625082497587e-01 3.375340733973403173e-01 4.995736954495725302e-01 -2.323150583530229074e-01 3.375340733973403173e-01 4.995736954495725302e-01 -2.323150583530229074e-01 -5.225249173335000386e-01 3.255726857636191962e-01 1.969522315698808423e-01
