2.765591849971003047e-01 -1.936767744976399808e-01 3.506564028121215149e-01 4.502818537195284465e-01 -6.396922473954069766e-03 4.984606184545326002e-02 4.502818537195284465e-01 -6.396922473954069766e-03 4.984606184545326002e-02 -5.234602761937985349e-01 1.020143207643193550e+00 -4.966829314493950154e-01
1.445261893744573811e-01 -1.779723281302177940e-01 -4.890195597243998105e-01 3.872643692201960253e-02 3.607868139360151938e-01 -1.421149167415558523e-02 3.872643692201960253e-02 3.607868139360151938e-01 -1.421149167415558523e-02 -8.498661360486409189e-01 1.571916028614284144e-02 8.341469757624980774e-01
3.522629265975512070e-01 2.167954018596761623e-01 4.971353677713836738e-01 -1.565231763512833218e-01 -3.709574339493161288e-01 1.856334057486423994e-01 -1.565231763512833218e-01 -3.709574339493161288e-01 1.856334057486423994e-01 1.082010790516862997e-02 3.895451642993732477e-01 -4.003652722045418777e-01
-2.942063230499279980e-01 1.344379466773086840e-01 4.205250328911311897e-01 5.102360570352626468e-05 2.938805238202909509e-01 -4.855884823857139487e-01 5.102360570352626468e-05 2.938805238202909509e-01 -4.855884823857139487e-01 1.392245989723157606e+00 -9.980558649344695166e-02 -1.292440403229710766e+00
3.418676325919995929e-01 -1.044265085262373605e-01 -4.481767529014052398e-01 2.482493142584655255e-01 -3.130931111549275503e-01 8.885763559587167570e-02 2.482493142584655255e-01 -3.130931111549275503e-01 8.885763559587167570e-02 -1.108686346074808426e+00 1.522846181290664624e-01 9.564017279457419640e-01
-7.463270809461353128e-02 -1.547844676358249849e-01 3.560139082083413342e-02 2.738573841342412107e-01 -1.190040474328915021e-01 -4.613743536561261127e-01 2.738573841342412107e-01 -1.190040474328915021e-01 -4.613743536561261127e-01 3.308794123564484657e-02 2.568113729766200448e-01 -2.898993142122648914e-01
3.034141641594489958e-01 3.651444888780643883e-01 8.694970458421646953e-02 -1.500271352514014334e-01 -3.194248239715595794e-01 -4.247122477187004197e-01 -1.500271352514014334e-01 -3.194248239715595794e-01 -4.247122477187004197e-01 -1.347752268608384263e-01 -3.806070480799097489e-01 5.153822749407481751e-01
-4.747985763292510430e-01 -2.929133483064875199e-01 1.749891840730818382e-01 2.474872140008014254e-01 2.187030378414203113e-01 2.004780014976298430e-01 2.474872140008014254e-01 2.187030378414203113e-01 2.004780014976298430e-01 1.081437298559003946e+00 2.073824539072888218e-01 -1.288819752466292545e+00
2.131919606020560298e-01 -2.746882196136303245e-01 4.140586072444267796e-01 -4.690464285953039880e-01 -6.071230691635098875e-02 -3.699413076214658203e-01 -4.690464285953039880e-01 -6.071230691635098875e-02 -3.699413076214658203e-01 -4.063979270898991913e-01 1.126654643928023836e+00 -7.202567168381246443e-01
1.619677904397076595e-01 -4.313124448966143554e-01 3.772470709191594329e-01 3.725367841163385041e-01 3.594571991197921257e-01 -3.981646540433829706e-01 3.725367841163385041e-01 3.594571991197921257e-01 -3.981646540433829706e-01 -5.697074234233936441e-01 1.364416298979798103e+00 -7.947088755564045703e-01
-3.232878384155739582e-01 -5.634301599414281991e-02 -7.723568500567667972e-02 -3.193310784944572989e-01 2.800415981330210968e-01 1.425333077289174799e-01 -3.193310784944572989e-01 2.800415981330210968e-01 1.425333077289174799e-01 5.132509536377093395e-01 -2.553971281302566121e-01 -2.578538255074527275e-01
-1.692529738305952325e-01 -2.467490602554458512e-01 3.760246867964563977e-01 2.057995760597429724e-01 3.948372698735717057e-01 2.796437558260066458e-01 2.057995760597429724e-01 3.948372698735717057e-01 2.796437558260066458e-01 6.445093011801019678e-01 5.441236202580251868e-01 -1.188632921438127266e+00
-2.362214707199802310e-01 -4.469237556872568407e-01 -1.379487449249049424e-01 -7.688922858985480779e-03 4.818206618326289492e-01 4.623253720068764006e-01 -7.688922858985480779e-03 4.818206618326289492e-01 4.623253720068764006e-01 -1.312811252779488846e-01 5.003456409382874837e-01 -3.690645156603385990e-01
-4.687524377347384030e-01 -3.946101358561565631e-01 -4.214884648174430648e-01 3.626527979401670265e-01 -3.264740360265616648e-02 -4.669948318508116980e-01 3.626527979401670265e-01 -3.264740360265616648e-02 -4.669948318508116980e-01 1.198591699078082051e-01 -9.870325794303180800e-02 -2.115591196477639713e-02
-4.565103020637225617e-01 3.812946924485224320e-01 1.864102624377016459e-01 3.718519388402702353e-01 2.300351123536755749e-01 4.064813140654331969e-01 3.718519388402702353e-01 2.300351123536755749e-01 4.064813140654331969e-01 1.469368598962382144e+00 -7.825113699682340052e-01 -6.868572289941481390e-01
-4.543210347545999506e-01 -3.784384007483122536e-01 -1.955833706842642350e-01 -9.598584624487627170e-02 -4.384084907255250130e-01 7.359034787198304173e-02 -9.598584624487627170e-02 -4.384084907255250130e-01 7.359034787198304173e-02 3.683689684602593495e-01 9.403609881348728994e-02 -4.624050672737466394e-01
-1.867414715702864214e-01 1.427787092719934314e-01 -1.585830813370154857e-01 -6.201575761166744361e-02 3.897119344961099685e-01 2.546830638961484761e-01 -6.201575761166744361e-02 3.897119344961099685e-01 2.546830638961484761e-01 3.092898155713527109e-01 -6.324295152477771298e-01 3.231396996764244189e-01
3.166839194553539016e-02 1.688397353653747768e-01 4.957276970397561655e-02 -2.335623239389212902e-01 -3.778704298719598453e-01 2.963882461497910903e-01 -2.335623239389212902e-01 -3.778704298719598453e-01 2.963882461497910903e-01 1.462447894476807120e-01 -2.548498279499741281e-01 1.086050385022934162e-01
-3.293144739659739084e-01 -1.584303466807551741e-01 -3.962261289092328109e-01 -3.613388925710487865e-01 -1.277240616395456385e-01 2.424166295812392180e-01 -3.613388925710487865e-01 -1.277240616395456385e-01 2.424166295812392180e-01 9.235858570583987959e-02 -4.255308871610362642e-01 3.331723014551963846e-01
-4.849438657516299545e-01 -2.778385227805465485e-01 -4.144229471484399685e-01 -4.068849158702243507e-01 -1.424666042398371468e-01 -4.819710872803329993e-01 -4.068849158702243507e-01 -1.424666042398371468e-01 -4.819710872803329993e-01 2.601330076660126611e-01 -3.334176451113033401e-01 7.328463744529067903e-02
-1.433757188772410984e-01 1.478406511531121792e-01 -2.374431237642243842e-01 -2.523068216181911794e-01 -3.732122099642354307e-03 2.117464459676003941e-01 -2.523068216181911794e-01 -3.732122099642354307e-03 2.117464459676003941e-01 1.628674512771766114e-01 -7.226774647772961080e-01 5.598100135001194966e-01
2.731865694302109127e-01 -4.509556531355908282e-01 -3.050806214938797112e-01 -3.577277413030991449e-01 4.274735059357497313e-01 2.085124533748493603e-01 -3.577277413030991449e-01 4.274735059357497313e-01 2.085124533748493603e-01 -1.502091374994860562e+00 1.198695077298018052e+00 3.033962976968425096e-01
1.418117636288316330e-01 7.333575903778011273e-02 4.351169796032695603e-01 1.807822665882159452e-01 4.442813024876678396e-01 -1.100212650295278038e-01 1.807822665882159452e-01 4.442813024876678396e-01 -1.100212650295278038e-01 2.699770488653290279e-01 3.744402117915739403e-01 -6.444172606569029682e-01
-2.123647417841120211e-01 -4.804612568285587804e-01 4.966047711983431201e-01 1.031759448191332806e-01 -4.431175520953010150e-01 -1.758591069088975001e-01 1.031759448191332806e-01 -4.431175520953010150e-01 -1.758591069088975001e-01 7.244230118697363441e-01 9.310594567190115800e-01 -1.655482468588747924e+00
2.988855115046296085e-01 -2.088838815535438709e-01 -4.760209178557582854e-01 2.153339275316557000e-02 -3.791742555296584438e-02 -4.666127603292125059e-01 2.153339275316557000e-02 -3.791742555296584438e-02 -4.666127603292125059e-01 -1.200833833321798494e+00 3.553612911375698680e-01 8.454725421842286259e-01
4.512937542798095558e-01 2.495037790514453846e-02 3.463532341233976908e-01 3.607330527295919964e-01 9.934031437375123730e-02 -2.467136317140156132e-01 3.607330527295919964e-01 9.934031437375123730e-02 -2.467136317140156132e-01 -6.312685407690176165e-01 8.065155475293879217e-01 -1.752470067603703052e-01
3.689166264320787869e-01 -3.903921255527847967e-01 3.776288618963510313e-01 3.269786359470492343e-01 -4.777072380369656868e-01 -2.544309702131076767e-01 3.269786359470492343e-01 -4.777072380369656868e-01 -2.544309702131076767e-01 -1.128048354603211845e+00 1.672868367769323239e+00 -5.448200131661113943e-01
4.585140665956837225e-01 -5.425671533435538763e-04 3.428253374360226147e-01 -4.826093406157295762e-01 4.069022295171417225e-01 3.210539657839031058e-01 -4.826093406157295762e-01 4.069022295171417225e-01 3.210539657839031058e-01 -6.918278822898352720e-01 8.732031472761000446e-01 -1.813752649862647726e-01
3.802989561574967592e-01 1.221852462457631017e-01 6.560845405711712708e-02 -2.467095240736382200e-01 -2.505149580439580692e-02 4.582519694053291959e-01 -2.467095240736382200e-01 -2.505149580439580692e-02 4.582519694053291959e-01 -5.644712287959677832e-01 2.362781323664098210e-01 3.281930964295579622e-01
3.284088749584657130e-02 2.079093872875372728e-01 3.976681706338911493e-01 4.046599743246585001e-01 -3.609264720140594740e-01 4.795645669234276376e-01 4.046599743246585001e-01 -3.609264720140594740e-01 4.795645669234276376e-01 6.008657084673932891e-01 1.224088578877224887e-02 -6.131065942561655380e-01
-2.982567737350346748e-01 2.001977471477516257e-01 3.402487318957161389e-01 -2.736574911664976240e-01 -1.818672439460462531e-01 -2.453177094670522251e-01 -2.736574911664976240e-01 -1.818672439460462531e-01 -2.453177094670522251e-01 1.286179951257076182e+00 -2.618451476127489075e-01 -1.024334803644327163e+00
4.134954904132798204e-01 4.834619799393520267e-01 -3.013376779158022378e-01 1.492270930842607424e-01 1.031515019932971455e-01 6.258900013334189882e-02 1.492270930842607424e-01 1.031515019932971455e-01 6.258900013334189882e-02 -4.431513340463475448e-01 -1.259542687831424868e+00 1.702694021877772190e+00
5.236720018549134714e-03 2.021622659497585017e-01 4.698639990799069466e-01 -2.845444409877876391e-01 -1.417582820532888865e-01 -3.824113361372349917e-02 -2.845444409877876391e-01 -1.417582820532888865e-01 -3.824113361372349917e-02 7.701691458598556306e-01 5.611581479257954364e-02 -8.262849606524351742e-01
-2.850756158693047437e-01 -1.565417221958279592e-01 -2.088330096538619784e-01 -3.120891288947676978e-01 1.234618901398882862e-01 -3.714631814573987612e-03 -3.120891288947676978e-01 1.234618901398882862e-01 -3.714631814573987612e-03 1.998406125718397153e-01 -1.742988659813085039e-01 -2.554174659053121133e-02
-4.575708081174538755e-01 2.048748572055500983e-01 -4.599122272515854259e-02 -2.081757799466303904e-01 -2.337570504557705542e-01 1.174620199037539336e-01 -2.081757799466303904e-01 -2.337570504557705542e-01 1.174620199037539336e-01 9.936109797258056986e-01 -7.695491334784410054e-01 -2.240618462473646932e-01
-4.388462314066693404e-01 -2.889792905341195262e-01 -3.473109594250377574e-01 3.737518169775079224e-01 -7.991591712514278800e-02 7.741230989669500850e-02 3.737518169775079224e-01 -7.991591712514278800e-02 7.741230989669500850e-02 2.350329199063980745e-01 -1.992440194035969281e-01 -3.578890050280114643e-02
3.701458933690014996e-01 -3.051507435094514831e-01 -3.168808874453898916e-02 -3.930875436118520527e-01 3.703888379723530022e-02 3.000175981921084922e-01 -3.930875436118520527e-01 3.703888379723530022e-02 3.000175981921084922e-01 -1.295523849321027265e+00 1.203874921133193165e+00 9.164892818783421102e-02
4.949682108840802730e-02 8.937964446353419135e-02 1.734649174318737552e-01 -2.127537175643284817e-01 3.922645321193130030e-03 4.779040032926973325e-01 -2.127537175643284817e-01 3.922645321193130030e-03 4.779040032926973325e-01 1.710777283174683694e-01 4.154917100681743136e-02 -2.126268993242858008e-01
4.411824956874714765e-01 -1.013754841150772412e-01 3.233710978025708949e-01 -2.920706611383657725e-01 1.483905092111409418e-01 -2.964437440649326794e-01 -2.920706611383657725e-01 1.483905092111409418e-01 -2.964437440649326794e-01 -8.315383136328723390e-01 1.066466508799830404e+00 -2.349281951669581758e-01
-7.963219791251097135e-02 -7.635106356170673347e-02 9.431700834188272431e-02 1.116596414747387245e-01 3.930222706669278532e-01 -4.588783382736437710e-01 1.116596414747387245e-01 3.930222706669278532e-01 -4.588783382736437710e-01 1.932708772878701797e-01 1.536228666212546834e-01 -3.468937439091248631e-01
-4.671460617715523789e-01 4.055896325372565503e-02 1.605040628359643007e-01 -2.520624937965196821e-01 1.141701971990380926e-01 3.610910361753986164e-01 -2.520624937965196821e-01 1.141701971990380926e-01 3.610910361753986164e-01 1.271328324585039748e+00 -2.850938466296609741e-01 -9.862344779553787744e-01
2.443608893284423544e-01 3.521833762914617916e-01 -1.379903957906840617e-01 1.170811024326482430e-01 3.415261370811117914e-02 -1.495465583526539577e-01 1.170811024326482430e-01 3.415261370811117914e-02 -1.495465583526539577e-01 -2.155316062197513149e-01 -7.348129444158713053e-01 9.503445506356226202e-01
-4.370984598191589576e-01 -5.165635951106228863e-02 -1.936551092851078737e-01 -9.744914166439466729e-02 -8.365659226736943399e-02 -1.130092869028088698e-01 -9.744914166439466729e-02 -8.365659226736943399e-02 -1.130092869028088698e-01 5.954841765491565297e-01 -4.724253322998357429e-01 -1.230588442493207868e-01
2.649598604516815170e-01 4.982795301717684033e-01 -4.924452237230901863e-01 -6.531119470557356088e-02 -4.676402847857591416e-01 -4.857325056020467269e-02 -6.531119470557356088e-02 -4.676402847857591416e-01 -4.857325056020467269e-02 -3.230188285618185717e-01 -1.901285275512343720e+00 2.224304104074162236e+00
-4.568709636466372626e-01 -3.196094243747252817e-01 4.150484707247769078e-01 9.831628259107016987e-02 2.630890935066729774e-01 -3.663158050373159780e-01 9.831628259107016987e-02 2.630890935066729774e-01 -3.663158050373159780e-01 1.519754570540839067e+00 3.920726732889680544e-01 -1.911827243829807177e+00
-1.681262874601241464e-01 -2.137797916494392769e-01 -1.852819205174259798e-01 3.940159536300797960e-01 -2.062395983396589916e-01 1.008776669164342943e-01 3.940159536300797960e-01 -2.062395983396589916e-01 1.008776669164342943e-01 -6.372098002477555312e-02 7.480730370832200382e-02 -1.108632368354645070e-02
-1.936353284099927574e-01 -2.301511811708205624e-01 -2.567458577926072794e-01 -4.152997092326515816e-02 1.475267232563769459e-01 3.541187727000184582e-01 -4.152997092326515816e-02 1.475267232563769459e-01 3.541187727000184582e-01 -9.835104764237356800e-02 1.023927526904189200e-02 8.811177237333167600e-02
-7.145971853979071753e-02 1.559472667421736292e-01 -3.587508606742345618e-01 -2.452027840096406841e-01 4.499256541860834346e-01 -3.099462239971573219e-02 -2.452027840096406841e-01 4.499256541860834346e-01 -3.099462239971573219e-02 -4.630325819628100525e-02 -8.765368392165007183e-01 9.228400974127817236e-01
2.406687530036422107e-02 1.995866830533631342e-01 4.413232987251292094e-02 -4.313915021799095140e-01 -4.956742285136581661e-01 1.670392335904751224e-01 -4.313915021799095140e-01 -4.956742285136581661e-01 1.670392335904751224e-01 1.812473411619057728e-01 -3.291678328634082273e-01 1.479204917015024545e-01
-8.216375599728420465e-02 4.384310263601531865e-01 -4.748255734275722562e-01 -3.072705607807597605e-01 4.738104958983149206e-01 -4.937192741436147170e-01 -3.072705607807597605e-01 4.738104958983149206e-01 -4.937192741436147170e-01 8.109002637075624076e-02 -1.898259122824399681e+00 1.817169096453643551e+00
-8.509416262531277475e-02 -1.163708454568085360e-01 4.857320408866141470e-01 2.613339044061830929e-01 -3.594241658512067339e-01 2.557781413690249916e-01 2.613339044061830929e-01 -3.594241658512067339e-01 2.557781413690249916e-01 7.379576658663862254e-01 4.841121774941833378e-01 -1.222069843360569674e+00
-1.219975913514445010e-01 3.069426929025779183e-01 -2.642281663099801392e-01 4.652324125286794176e-01 -3.615446964967636845e-01 1.843448966205870621e-01 4.652324125286794176e-01 -3.615446964967636845e-01 1.843448966205870621e-01 2.162224129693770536e-01 -1.119139840900013061e+00 9.029174279306360074e-01
1.636412576192515234e-01 -1.394772999348238285e-01 4.644957051464699838e-01 -2.124034566723951301e-01 -6.868913295116385598e-02 -4.646581417983797202e-02 -2.124034566723951301e-01 -6.868913295116385598e-02 -4.646581417983797202e-02 -3.062306755782007173e-03 8.074394603681045446e-01 -8.043771536123225374e-01
-2.048276947802575298e-01 -1.841078553150913288e-01 4.220077491054213814e-01 -1.555827726161479463e-01 1.882195269724011855e-01 2.122212997218742014e-02 -1.555827726161479463e-01 1.882195269724011855e-01 2.122212997218742014e-02 8.921848253908341020e-01 4.340277782273987972e-01 -1.326212603618232899e+00
-1.696651789961258761e-01 -3.592586445829830666e-01 -4.923163179558155411e-01 -4.403796212725873405e-01 -3.424724414437009257e-01 8.294022097237052638e-02 -4.403796212725873405e-01 -3.424724414437009257e-01 8.294022097237052638e-02 -4.845316312943667159e-01 6.644221835402541743e-02 4.180894129403412984e-01
1.110893003188685446e-01 6.113169716415289834e-02 -4.616091946489082609e-01 4.092961633886360584e-02 2.227378967756498129e-01 -4.215324612847224373e-01 4.092961633886360584e-02 2.227378967756498129e-01 -4.215324612847224373e-01 -4.872250984018089426e-01 -6.354177026530585248e-01 1.122642801054867467e+00
-4.303394095875545666e-01 -9.426573348107125661e-02 1.452426690832229195e-01 -2.272774311315364226e-01 -4.105579572791855369e-01 3.607938817743341353e-01 -2.272774311315364226e-01 -4.105579572791855369e-01 3.607938817743341353e-01 1.063594800699601217e+00 -7.244420326537470700e-02 -9.911505974342265102e-01
4.424206123971431426e-01 -3.300634653809073615e-01 -3.475793852581533505e-01 -1.017505275476520143e-01 3.625899909013855504e-01 7.521284277201889523e-02 -1.017505275476520143e-01 3.625899909013855504e-01 7.521284277201889523e-02 -1.711293153888895135e+00 1.147467727028550044e+00 5.638254268603450914e-01
-2.086622815670177156e-01 4.204465606015443946e-01 -2.613083022166451386e-02 4.642809775128533545e-01 2.377445357755270106e-01 -6.913539623339604034e-02 4.642809775128533545e-01 2.377445357755270106e-01 -6.913539623339604034e-02 6.671852639906422633e-01 -1.029887005238188102e+00 3.627017412475459501e-01
-1.287288283321036397e-01 4.449057917484059432e-01 -2.631789846794411192e-01 -2.566300744486285090e-01 1.966999673030683793e-01 1.115135049861836203e-01 -2.566300744486285090e-01 1.966999673030683793e-01 1.115135049861836203e-01 3.107227514459572904e-01 -1.466625739195958067e+00 1.155902987750000666e+00
-4.126208212102036033e-01 4.105218912042584156e-01 2.108316575255864134e-02 3.134694494396496056e-01 9.902050488943958673e-02 -2.709635586107093097e-01 3.134694494396496056e-01 9.902050488943958673e-02 -2.709635586107093097e-01 1.103912386429254155e+00 -1.037102357563436605e+00 -6.681002886581732803e-02
-5.763162618072192878e-03 -4.860961748153159734e-01 -3.136524698636284914e-01 2.290490214224940591e-01 -1.133309503589265965e-01 8.389777401844800142e-02 2.290490214224940591e-01 -1.133309503589265965e-01 8.389777401844800142e-02 -8.816159919869411832e-01 7.750069985895964297e-01 1.066089933973447534e-01
-1.533699850097359763e-01 3.700257768707971850e-01 3.319938239888063913e-01 -2.373689812795093390e-01 -4.371477862667817460e-01 -4.872481237644308294e-01 -2.373689812795093390e-01 -4.371477862667817460e-01 -4.872481237644308294e-01 1.032260884179311944e+00 -4.462593022184390135e-01 -5.860015819608728194e-01
2.816594256660813755e-01 -3.112002381339129542e-03 -1.307074184956618090e-01 4.867975625149333352e-01 6.427138776530394448e-02 4.910463185859301749e-01 4.867975625149333352e-01 6.427138776530394448e-02 4.910463185859301749e-01 -6.673767657335457626e-01 1.933648518778736669e-01 4.740119138556720957e-01
-6.487738125482789275e-02 -4.440665592722344845e-01 -8.773315132376091618e-02 -2.824738296614811572e-01 -1.651044470127148722e-01 -2.784919069253736224e-01 -2.824738296614811572e-01 -1.651044470127148722e-01 -2.784919069253736224e-01 -4.836959730518916034e-01 7.608603014667459918e-01 -2.771643284148543884e-01
-1.672400423830507910e-01 -2.661404345166851204e-02 4.519059159905053358e-01 3.650251424395553057e-01 -3.340396406323249412e-01 -2.172312875145033795e-01 3.650251424395553057e-01 -3.340396406323249412e-01 -2.172312875145033795e-01 9.885269292875014102e-01 2.491142939909353204e-01 -1.237641223278436620e+00
-1.734116987827605261e-01 -1.747318876993836367e-01 2.725713841805680326e-01 -1.708301996593092342e-01 -2.499677665945292393e-01 2.318754635438711187e-01 -1.708301996593092342e-01 -2.499677665945292393e-01 2.318754635438711187e-01 5.607039807256892772e-01 3.619710787505239225e-01 -9.226750594762131996e-01
-2.713897481669010903e-01 -3.144733392528964444e-02 -3.130951237680477117e-01 4.846293854259615674e-01 2.450016052509746967e-01 1.250419935906197377e-01 4.846293854259615674e-01 2.450016052509746967e-01 1.250419935906197377e-01 1.724791676930921280e-01 -5.386386885456478923e-01 3.661595208525557643e-01
-1.073383300514085814e-02 -4.473704314981983288e-01 -2.442422280012718216e-01 3.525772561204257860e-01 -4.700944380138136758e-01 2.795934602025835769e-01 3.525772561204257860e-01 -4.700944380138136758e-01 2.795934602025835769e-01 -7.557426643851808956e-01 7.313200149428373820e-01 2.442264944234351365e-02
-3.352213767757036278e-01 -8.525691580620975429e-02 5.159485048389766959e-02 4.587950376218176141e-01 1.916095544118323613e-01 -2.475629357935397179e-01 4.587950376218176141e-01 1.916095544118323613e-01 -2.475629357935397179e-01 6.934574390076974071e-01 -9.327102970610068322e-02 -6.001864093015967239e-01
4.536599623823226457e-01 3.759929350330687425e-01 -1.550546609838361345e-01 -1.706494146147218283e-01 -3.402142611271509187e-01 1.045617609790819857e-01 -1.706494146147218283e-01 -3.402142611271509187e-01 1.045617609790819857e-01 -5.367130056802109639e-01 -6.199503015981544518e-01 1.156663307278365416e+00
4.240151916739524074e-01 -3.356955276570152691e-01 -2.554746804069355504e-01 9.724954632489513084e-02 7.301931995834720635e-02 -3.842312242241271436e-01 9.724954632489513084e-02 7.301931995834720635e-02 -3.842312242241271436e-01 -1.630782250214064533e+00 1.214745246791375077e+00 4.160370034226894553e-01
2.157470842863542515e-01 -4.044823944533730842e-01 -1.439316707432011233e-01 -1.683266734052436542e-01 9.257458291378806159e-02 6.718582220157687246e-02 -1.683266734052436542e-01 9.257458291378806159e-02 6.718582220157687246e-02 -1.161454188175254476e+00 1.088727608939704883e+00 7.272657923554948223e-02
1.942391189527604700e-01 -3.418047598618756400e-01 -1.843192384510168313e-01 -2.941570430342878018e-01 -2.434511890318658001e-02 4.548801714285299891e-01 -2.941570430342878018e-01 -2.434511890318658001e-02 4.548801714285299891e-01 -1.024383537976412795e+00 8.549423594928019510e-01 1.694411784836108437e-01
-1.501737149967007356e-01 -4.964265665349308909e-01 3.819086975363026326e-01 -3.594796217354092605e-01 -4.344887590648035536e-01 2.634782940457549572e-01 -3.594796217354092605e-01 -4.344887590648035536e-01 2.634782940457549572e-01 2.887138307405097137e-01 9.982860512594160518e-01 -1.286999881999925766e+00
2.709779736613111556e-01 -3.473290378992143212e-01 2.824911556829052817e-01 -1.041841665487164281e-02 2.120600888516228633e-01 -1.488677602625646523e-01 -1.041841665487164281e-02 2.120600888516228633e-01 -1.488677602625646523e-01 -8.442038469105177523e-01 1.323095987657075367e+00 -4.788921407465576152e-01
4.126771525142096664e-01 -3.259636702274518738e-01 -1.964288836319945108e-01 -3.841181694543791547e-01 4.195183502075539028e-01 -1.283829127745457210e-01 -3.841181694543791547e-01 4.195183502075539028e-01 -1.283829127745457210e-01 -1.549251879416654099e+00 1.214584673987498586e+00 3.346672054291554010e-01
3.423330461034712613e-01 -4.528703227709646173e-01 -9.642098350429451070e-02 4.361149318791763818e-01 4.328887313023934702e-01 8.120835436992279721e-02 4.361149318791763818e-01 4.328887313023934702e-01 8.120835436992279721e-02 -1.570052019455936865e+00 1.514733449887727179e+00 5.531856956820957461e-02
6.410781188396608155e-02 6.788995861181779112e-02 -7.399536066172152093e-02 3.829095670569337972e-01 -2.412919693724552284e-01 3.004331430434198369e-01 3.829095670569337972e-01 -2.412919693724552284e-01 3.004331430434198369e-01 -1.252161736682623205e-01 -1.562194812079468198e-01 2.814356548762091403e-01
3.762664517041590662e-01 2.013419421870022985e-01 -3.913466541690884259e-01 -4.727846639539978746e-02 2.381018416436796459e-01 1.390056238116951226e-01 -4.727846639539978746e-02 2.381018416436796459e-01 1.390056238116951226e-01 -7.270367407661790793e-01 -6.176888457811902100e-01 1.344725586547369289e+00
4.184586465896005247e-01 4.759589849721856947e-02 -6.079280767470640612e-02 2.152912432014287836e-01 3.636341707984581673e-01 3.767696138636186243e-01 2.152912432014287836e-01 3.636341707984581673e-01 3.767696138636186243e-01 -8.297374310173917245e-01 3.345033171006805972e-01 4.952341139167111272e-01
-2.334101594427221427e-01 4.232690293671901305e-01 -4.582287098443248441e-01 -1.234061250451726766e-01 4.027876041570886967e-01 -2.706091923128940424e-01 -1.234061250451726766e-01 4.027876041570886967e-01 -2.706091923128940424e-01 2.800905691452021395e-01 -1.895942757678249935e+00 1.615852188533047684e+00
1.892518747775440158e-01 1.446103481083067521e-01 2.233035087725629975e-01 -1.008378433653832618e-01 4.895274235156162890e-01 3.414083345968683680e-01 -1.008378433653832618e-01 4.895274235156162890e-01 3.414083345968683680e-01 -1.101492617489174819e-02 1.213294542730932735e-01 -1.103145280982015253e-01
2.624305583027201072e-01 4.900202824416985958e-01 -3.924067047751704784e-01 -3.650168797263741993e-02 -6.634935223086901868e-02 -1.096670475577199433e-01 -3.650168797263741993e-02 -6.634935223086901868e-02 -1.096670475577199433e-01 -2.769243555469482754e-01 -1.620307077939846074e+00 1.897231433486794350e+00
-4.708506821524882646e-01 1.972293949846017913e-01 -3.474226736718613040e-01 4.218161432468443550e-01 -1.181429886911993243e-01 -3.949929421956832609e-01 4.218161432468443550e-01 -1.181429886911993243e-01 -3.949929421956832609e-01 6.186765901756129393e-01 -1.211316478946558917e+00 5.926398887709460883e-01
7.281228776535675351e-02 4.956570373048324596e-01 -4.602591986537259983e-01 -4.384005354660022169e-01 5.078994992277263698e-03 3.908136186164200554e-01 -4.384005354660022169e-01 5.078994992277263698e-03 3.908136186164200554e-01 -6.838049114079713942e-02 -1.945872327195800722e+00 2.014252818336597972e+00
-3.828949643034104122e-01 -4.977909600531598144e-01 -3.389157399783992997e-01 7.373894625815313741e-02 1.642618488712774827e-01 -4.747558621262669698e-01 7.373894625815313741e-02 1.642618488712774827e-01 -4.747558621262669698e-01 -7.679611913337480722e-02 2.686539616016661025e-01 -1.918578424682912953e-01
-6.589065311453401463e-02 -9.875122026747118475e-02 3.691194927537582160e-01 -2.908958057239952044e-02 -4.373181073547646180e-01 -3.327484877511681649e-01 -2.908958057239952044e-02 -4.373181073547646180e-01 -3.327484877511681649e-01 5.115722956291044454e-01 4.070719430757129276e-01 -9.186442387048173730e-01
3.931661865670433853e-01 -2.208999213561109176e-01 5.902553534200150054e-02 -4.918465610925606413e-01 -1.143018450699058164e-01 -1.467196118934659399e-01 -4.918465610925606413e-01 -1.143018450699058164e-01 -1.467196118934659399e-01 -1.131976950789190806e+00 1.092089944085951947e+00 3.988700670323896968e-02
6.914053205563541749e-02 2.944712764953967277e-01 1.033656921993163502e-01 -2.917713753999495729e-01 4.409528498498967997e-01 -2.155013040999798068e-02 -2.917713753999495729e-01 4.409528498498967997e-01 -2.155013040999798068e-02 2.365654225432565205e-01 -4.123351067071008291e-01 1.757696841638443086e-01
-3.655074384642753582e-02 -2.519718675808165775e-01 2.061384693927250655e-01 -4.719810220089190045e-01 1.712507702598439208e-01 3.072466967771572133e-01 -4.719810220089190045e-01 1.712507702598439208e-01 3.072466967771572133e-01 3.428826904750748028e-02 6.079064555119808588e-01 -6.421947245594883391e-01
-2.973509486522761813e-01 5.786100881632383341e-02 -4.350140524870484970e-01 -1.424281054643201649e-01 2.036102288276164796e-01 -2.258557358527534253e-01 -1.424281054643201649e-01 2.036102288276164796e-01 -2.258557358527534253e-01 1.703673709847253193e-01 -9.359911419590105641e-01 7.656237709742852449e-01
-3.011009081705008361e-01 -4.050880326861971970e-02 2.548741134227135996e-01 -4.696413736908379155e-01 2.631639903391741475e-01 2.494725991046841118e-01 -4.696413736908379155e-01 2.631639903391741475e-01 2.494725991046841118e-01 9.730450656063707182e-01 2.634862904371459980e-02 -9.993936946500853180e-01
1.433284592958725678e-01 -4.156298820960231399e-01 3.894453606733478956e-01 9.448724320159873624e-02 -2.990743865930480805e-01 1.726573178153093524e-01 9.448724320159873624e-02 -2.990743865930480805e-01 1.726573178153093524e-01 -4.698007592698649759e-01 1.301795558981254208e+00 -8.319947997113892324e-01
-2.953513659621574972e-01 -1.940828491032461356e-01 4.648979116352258689e-01 2.452351465154096744e-01 -2.869149802197167309e-01 -4.522649749898532967e-02 2.452351465154096744e-01 -2.869149802197167309e-01 -4.522649749898532967e-02 1.235118967084976482e+00 3.863119459910848708e-01 -1.621430913076061575e+00
6.342603610163721761e-02 2.136553301853338915e-02 -4.728290722126957668e-01 -4.043785092344680532e-01 5.731733967539343055e-02 -1.824518658199791865e-02 -4.043785092344680532e-01 5.731733967539343055e-02 -1.824518658199791865e-02 -4.580229061330873819e-01 -5.962199432867736348e-01 1.054242849419861017e+00
2.914209427703906563e-02 1.931732530029771633e-01 4.327334720570601423e-01 1.542397332597086335e-01 3.633065198080331903e-01 -3.488975550244128865e-01 1.542397332597086335e-01 3.633065198080331903e-01 -3.488975550244128865e-01 6.484764594408004568e-01 6.174169547984986739e-02 -7.102181549206503242e-01
-4.014499905965491777e-01 -1.801240620222200883e-01 3.939828050969088613e-01 -5.550861808575757728e-02 4.523804156674530175e-01 -1.618564482690928452e-01 -5.550861808575757728e-02 4.523804156674530175e-01 -1.618564482690928452e-01 1.413944184262740045e+00 2.382477569685633734e-01 -1.652191941231303307e+00
2.383997586209003483e-01 -7.516376433057281314e-02 6.978260730024266056e-02 1.792185680801535730e-01 2.213335855457587709e-02 -3.293310445799911834e-01 1.792185680801535730e-01 2.213335855457587709e-02 -3.293310445799911834e-01 -5.234600935681102962e-01 5.032236938819923955e-01 2.023639968611790074e-02
-3.928125957684200920e-01 -2.844317628826310562e-01 2.436668469623151090e-01 -6.219798632572171027e-02 9.492850520449980234e-02 -4.579788483346020067e-01 -6.219798632572171027e-02 9.492850520449980234e-02 -4.579788483346020067e-01 9.925301333706612050e-01 3.075606133725720115e-01 -1.300090746743233217e+00
-3.459338791004901159e-01 9.892466791937670756e-03 -2.256717569495927389e-01 -2.217395968503835801e-01 2.413620545396143457e-01 1.275584942764074192e-02 -2.217395968503835801e-01 2.413620545396143457e-01 1.275584942764074192e-02 4.271981614714176478e-01 -5.650283909245660263e-01 1.378302294531483785e-01
-1.550200403228088053e-01 -2.975755565150008941e-01 -2.168939088274363103e-01 -1.469384568556677539e-01 3.986593913615231743e-01 4.124717720632153917e-02 -1.469384568556677539e-01 3.986593913615231743e-01 4.124717720632153917e-02 -2.132156583007479567e-01 2.307297807274228951e-01 -1.751412242667493846e-02
4.681392312157550695e-02 -1.034795386012830054e-01 -1.350105694909916609e-01 -8.908105425299983615e-02 -1.452427740162655079e-01 -2.729639635525558106e-01 -8.908105425299983615e-02 -1.452427740162655079e-01 -2.729639635525558106e-01 -3.284275901916317020e-01 1.301418466267989515e-01 1.982857435648327504e-01
